# Time-series
# t	r	v	r_1_P	v_1_P	r_1_L	v_1_L	r_1	v_1	...
300	3.9107	86.941	0.45113	133	0	0	0.45113	133	1.3953	86	0.65934	91	2.0532	87.667	2.7907	86	6.5854	82	9.3715	83.231
301	2.6868	96.769	0	0	0	0	0	0	3	100	0	0	3	100	1.0435	115	4.0909	88	5.066	94.75
302	2.3225	94.727	0.52632	114	0	0	0.52632	114	2.3762	101	0	0	2.3762	101	1.2	100	2.963	81	4.1221	87.333
303	4.1459	86.833	0.54545	110	0	0	0.54545	110	2.5263	95	1.3333	90	3.8571	93.333	2.8235	85	5.3165	79	8.1299	81.182
304	3.0177	92.786	1.2	100	0	0	1.2	100	3.0612	98	0	0	3.0612	98	1.978	91	2.8571	84	4.8276	87
305	4.7598	88.238	3.5644	101	0	0	3.5644	101	1.4458	83	2.0225	89	3.4642	86.6	1.519	79	5.8537	82	7.371	81.4
306	2.3256	86	0	0	0	0	0	0	0.63158	95	0	0	0.63158	95	2.0225	89	4.3373	83	6.3529	85
307	3.3432	89.733	0.43796	137	0	0	0.43796	137	2.6374	91	1.3333	90	3.9706	90.667	0.61224	98	5.1852	81	5.7744	83.125
308	2.9013	89.615	0	0	0	0	0	0	3.3708	89	1.25	96	4.6154	91	0	0	4.0909	88	4.0909	88
309	3.8028	94.667	2.0339	118	0	0	2.0339	118	2.4242	99	1.3793	87	3.7895	95	1.4634	82	4.3373	83	5.8006	82.75
310	2.0346	98.3	0	0	0	0	0	0	2.8037	107	0	0	2.8037	107	1.3043	92	2.0455	88	3.3482	89.6
311	3.443	87.133	1.9355	93	0	0	1.9355	93	1.4286	84	1.3333	90	2.7586	87	0	0	5.6471	85	5.6471	85
312	2.6691	89.917	0	0	0	0	0	0	4.4681	94	0.67416	89	5.1406	93.375	0.77922	77	2.1176	85	2.8916	83
313	6.1274	91.393	2.2222	108	0	0	2.2222	108	6.8041	97	2.7586	87	9.5406	94.333	1.4458	83	5.3846	78	6.8258	79.111
314	3.7075	91.706	0	0	0	0	0	0	3.3645	107	0.70588	85	4.044	103.86	2.093	86	5.122	82	7.2115	83.2
315	2.7457	94.692	0.5	120	0	0	0.5	120	2.449	98	0.56604	106	3.012	99.6	1.2121	99	3.6145	83	4.7961	87.571
316	4.684	89.667	1.2245	98	0	0	1.2245	98	3.0303	99	2.7586	87	5.7651	93.667	1.3953	86	5.7143	84	7.109	84.4
317	3.8321	93.944	0	0	0.5042	119	0.5042	119	4.8485	99	0	0	4.8485	99	1.3483	89	4.8837	86	6.2308	86.667
318	2.9833	93.857	0.96	125	0	0	0.96	125	2.4742	97	0	0	2.4742	97	2.8235	85	2.8571	84	5.6805	84.5
319	2.9833	93.857	0.96	125	0	0	0.96	125	2.4742	97	0	0	2.4742	97	2.8235	85	2.8571	84	5.6805	84.5
320	4.9612	96.75	1	120	0.56604	106	1.5607	115.33	5.9406	101	1.25	96	7.188	100.17	0	0	6.2791	86	6.2791	86
321	5.1246	93.667	0.4878	123	0	0	0.4878	123	4.6154	104	2.0225	89	6.606	99.909	3.3708	89	5.0602	83	8.4211	85.5
322	4.9439	84.952	0.74074	81	0	0	0.74074	81	5.1064	94	0.68966	87	5.7926	93.222	1.3333	90	7.1053	76	8.4028	78.545
323	4.0268	94.368	0.54054	111	0	0	0.54054	111	6.0606	99	0	0	6.0606	99	0.57692	104	5	84	5.5491	86.5
324	3.4455	92.875	1.8	100	0	0	1.8	100	3	100	0	0	3	100	1.3187	91	4.2857	84	5.5977	85.75
325	5.7605	90.269	3.5644	101	0	0	3.5644	101	3.913	92	2	90	5.9124	91.333	2.1176	85	5.7831	83	7.8999	83.545
326	5.3186	90.25	1.6667	108	0	0	1.6667	108	7.1739	92	0	0	7.1739	92	1.3793	87	5.8537	82	7.2289	83
327	4.8619	90.5	2.1053	114	0	0	2.1053	114	3.4091	88	0.68966	87	4.0987	87.833	4.186	86	4.3902	82	8.5714	84
328	5.5615	93.5	2.8037	107	0	0	2.8037	107	6.0606	99	0	0	6.0606	99	1.2903	93	6.75	80	8.0132	82.364
329	4.9794	88.364	1.8182	99	0	0	1.8182	99	5.4545	88	1.3483	89	6.8027	88.2	2.069	87	4.2857	84	6.3529	85
330	5	92	1.1881	101	0	0	1.1881	101	6.3158	95	0	0	6.3158	95	4.0449	89	3.4884	86	7.5311	87.636
331	6.0826	88.778	2.8037	107	0	0	2.8037	107	6.6667	90	2.8571	84	9.5146	88.286	2.1951	82	3.9474	76	6.1342	78.25
332	7.7636	87.588	5.2747	91	0	0	5.2747	91	5.3933	89	3.3708	89	8.764	89	2.2222	81	7.0588	85	9.2772	84.077
333	5.8672	92.037	4.1176	102	0	0	4.1176	102	5.2174	92	0.68182	88	5.8981	91.556	1.3187	91	6.3529	85	7.6663	86.091
334	8.4289	92.538	5.7143	105	0.55046	109	6.264	105.36	7.7419	93	2.7273	88	10.463	91.75	0.75	80	8.0488	82	8.7984	81.833
335	6.8153	93.906	3.8182	110	0.51282	117	4.3292	110.88	6.4516	93	2.093	86	8.5354	91.385	1.3793	87	6.4286	84	7.8065	84.545
336	5.8617	95.536	3.9623	106	0	0	3.9623	106	4.7059	102	2.7273	88	7.3973	97.333	0.55046	109	5.8537	82	6.3529	85
337	5.4915	98.333	1.0084	119	0	0	1.0084	119	6.3462	104	1.9355	93	8.2642	101.64	1.0909	110	6.2791	86	7.3038	90.364
338	5.7499	97.393	4.2478	113	0.53571	112	4.7835	112.89	5.1064	94	2.6374	91	7.7419	93	1.4118	85	3.5294	85	4.9412	85
339	5.2895	98.308	2.1818	110	0	0	2.1818	110	6.4706	102	0	0	6.4706	102	3.0612	98	4.2857	84	7.3038	90.364
340	4.9682	100.64	2.5424	118	0	0	2.5424	118	5.1429	105	0.60606	99	5.7471	104.4	2.6667	90	4.1379	87	6.8027	88.2
341	3.9526	101.2	1.44	125	0	0	1.44	125	5.1923	104	0	0	5.1923	104	1.978	91	3.4091	88	5.3857	89.125
342	3.8445	98.842	0.58252	103	0	0	0.58252	103	3.8532	109	0.65934	91	4.4965	106.75	1.7308	104	4.8276	87	6.5147	92.1
343	4.8393	103.32	3.1034	116	0	0	3.1034	116	5.0467	107	0.65934	91	5.6926	105.4	3.0928	97	2.7586	87	5.8343	92.556
344	7.7149	101.1	5.8929	112	0	0	5.8929	112	8.0769	104	1.2903	93	9.3544	102.62	3.0303	99	5.122	82	8.0823	89.083
345	5.0958	98.12	2.1622	111	0	0	2.1622	111	5.7692	104	0.6383	94	6.4021	103.09	3.3333	90	3.5294	85	6.8571	87.5
346	5.9157	104.81	4.0678	118	0	0	4.0678	118	6.8571	105	0.63158	95	7.4834	104.23	2.9412	102	3.4091	88	6.3158	95
347	3.2282	99.125	0	0	0	0	0	0	4.4037	109	0	0	4.4037	109	1.2121	99	4.186	86	5.3782	89.25
348	7.7951	89.8	5.2941	102	0	0	5.2941	102	3.0612	98	4.9412	85	7.9631	90.417	3	80	7.3171	82	10.316	81.429
349	4.111	97.3	2.0168	119	0	0	2.0168	119	2.9126	103	2.0225	89	4.9105	97.75	1.2632	95	4.3373	83	5.5814	86
350	4.8464	99.042	2.3529	102	0	0	2.3529	102	5.1429	105	0.60606	99	5.7471	104.4	2.9412	102	3.6145	83	6.4865	92.5
351	7.388	100.16	6.4286	112	0	0	6.4286	112	7.3469	98	0	0	7.3469	98	1.6071	112	7.0588	85	8.5497	91.231
352	5.002	99.96	2.6087	115	0	0	2.6087	115	6.5347	101	0.61856	97	7.1523	100.67	1.9565	92	3.4091	88	5.3631	89.5
353	9.0299	97.455	7.5676	111	0	0	7.5676	111	8.75	96	2.6667	90	11.408	94.667	3.4483	87	4.9412	85	8.3883	85.833
354	10.24	93.75	7.7778	108	0	0	7.7778	108	9.5745	94	3.4483	87	13.008	92.25	2.1429	84	8.1481	81	10.289	81.643
355	7.1952	91.727	2.087	115	0	0	2.087	115	7.5789	95	1.3187	91	8.8956	94.429	2.1687	83	8.6747	83	10.843	83
356	9.7444	94.413	7.2897	107	0	0	7.2897	107	10.851	94	0	0	10.851	94	2.1687	83	9.1765	85	11.344	84.625
357	8.1549	98.1	5.0943	106	0	0	5.0943	106	10.693	101	0.68182	88	11.364	100.32	2.6087	92	5.5172	87	8.1203	88.667
358	9.9396	96.583	7.027	111	0	0	7.027	111	12.371	97	0.59406	101	12.964	97.19	4.2857	84	5.9259	81	10.208	82.286
359	9.0404	97.341	6	110	0	0	6	110	10.2	100	0	0	10.2	100	3.2609	92	7.9518	83	11.187	85.812
360	7.7745	102.9	6.9643	112	0	0	6.9643	112	8.0769	104	1.9149	94	9.977	102.24	2.3301	103	4.2353	85	6.5076	92.2
361	10.096	93.106	8.2569	109	0	0	8.2569	109	8.3871	93	4	75	12.273	88	2.1176	85	8.0488	82	10.164	82.643
362	10.595	94.38	10.099	101	0.54054	111	10.635	101.56	9.4737	95	1.978	91	11.449	94.333	2.093	86	7.7647	85	9.8575	85.214
363	7.0552	96.382	4.0385	104	0	0	4.0385	104	8.2353	102	0	0	8.2353	102	4.7191	89	4.3373	83	9.0455	86.231
364	8.3156	98.61	8.1818	110	0	0	8.1818	110	7.8788	99	2.069	87	9.9225	96.75	3.3333	90	3.7975	79	7.1006	84.5
365	12.635	91.81	12.6	100	0.63158	95	13.23	99.773	13.333	90	2.7273	88	16.059	89.667	2.093	86	6.75	80	8.8344	81.5
366	9.9415	94.553	9.8077	104	0	0	9.8077	104	9.6774	93	1.8947	95	11.571	93.333	2.25	80	6.4286	84	8.6747	83
367	11.069	97.574	9.5327	107	0.57692	104	10.109	106.83	13.895	95	1.25	96	15.145	95.083	3.2967	91	4.8276	87	8.1203	88.667
368	9.9112	98.878	10.654	107	1.1429	105	11.797	106.81	7.0588	102	1.9149	94	8.9641	100.4	3.4091	88	5.8537	82	9.2518	84.308
369	13.079	94.806	14.118	102	1.1538	104	15.271	102.15	12.391	92	1.3043	92	13.696	92	3.4091	88	7.0588	85	10.465	86
370	18.184	87.988	19.592	98	0	0	19.592	98	14.824	85	5	84	19.823	84.75	7.5949	79	8.1081	74	15.686	76.5
371	10.182	96.245	9.2308	104	0	0	9.2308	104	11.25	96	1.8	100	13.047	96.571	5.3333	90	3.1579	76	8.4375	85.333
372	14.337	89.281	15.464	97	0.67416	89	16.134	96.692	10.909	88	4.0909	88	15	88	3.038	79	9.1139	79	12.152	79
373	13.909	90.587	17.5	96	0	0	17.5	96	11.087	92	0.67416	89	11.76	91.833	4.4444	81	8.25	80	12.694	80.353
374	18.653	85.775	23.333	90	1.4118	85	24.741	89.73	13.636	88	2.0455	88	15.682	88	7.013	77	8.8	75	15.81	75.9
375	16.791	89.333	19.579	95	1.2903	93	20.869	94.879	15.506	89	2.0225	89	17.528	89	5.3165	79	6.9231	78	12.239	78.438
376	14.295	88.143	15.789	95	0	0	15.789	95	12.273	88	2.6374	91	14.908	88.545	4.8	75	7.6923	78	12.488	76.875
377	15.93	84.119	15	92	0	0	15	92	15.181	83	4.6154	78	19.783	81.889	3.8961	77	9.3506	77	13.247	77
378	12.526	86.222	13.846	91	0	0	13.846	91	11.724	87	0.74074	81	12.462	86.667	7.5949	79	3.7975	79	11.392	79
379	13.271	84.393	14.483	87	0.61224	98	15.086	87.5	13.412	85	1.5789	76	14.975	84.143	1.3636	88	8.4615	78	9.8066	79.538
380	16.6	83.13	19.31	87	0	0	19.31	87	16.429	84	0	0	16.429	84	6.3158	76	7.8947	76	14.211	76
381	17.022	83.423	17.528	89	0	0	17.528	89	21.951	82	0	0	21.951	82	7.013	77	4.7368	76	11.749	76.6
382	20.377	74.592	17.442	86	0.72289	83	18.164	85.885	25.833	72	2.6471	68	28.473	71.647	2.6087	69	12.787	61	15.36	62.5
383	24.369	71.402	26.494	77	0	0	26.494	77	26.197	71	0.84507	71	27.042	71	4.5455	66	15.484	62	20.015	62.952
384	24.627	70.655	28.378	74	0	0	28.378	74	25	72	2.4658	73	27.465	72.091	4.8387	62	13.548	62	18.387	62
385	17.469	77.853	17.857	84	0.59406	101	18.428	84.654	15.949	79	3.1169	77	19.065	78.68	2.5	72	12.923	65	15.4	66.235
386	19.138	80.468	21.176	85	0	0	21.176	85	21.75	80	0.77922	77	22.528	79.9	3.8961	77	10	72	13.883	73.471
387	21.551	78.882	23.721	86	0	0	23.721	86	25.263	76	0	0	25.263	76	6.7606	71	9.2958	71	16.056	71
388	25.319	73.462	26.154	78	0	0	26.154	78	26.757	74	0.77922	77	27.535	74.088	12.727	66	9.8507	67	22.577	66.44
389	26.431	71.128	24.935	77	0.6383	94	25.543	77.515	27.429	70	0.75	80	28.164	70.303	11.25	64	14.769	65	26.018	64.571
390	25.956	67.807	27.5	72	0	0	27.5	72	28.657	67	0.85714	70	29.512	67.091	8.7097	62	12.381	63	21.089	62.591
391	24.768	70.253	27.568	74	0	0	27.568	74	27.826	69	0.88235	68	28.708	68.97	9.2308	65	8.9552	67	18.182	66
392	22.947	69.725	22.895	76	0	0	22.895	76	22.609	69	0.83333	72	23.441	69.111	13.548	62	9.375	64	22.918	62.833
393	21.088	69.233	25	72	0.85714	70	25.857	71.935	20	69	0.89552	67	20.895	68.917	7.9412	68	8.7097	62	16.615	65
394	24.177	69.488	23.836	73	0	0	23.836	73	28.286	70	1.7647	68	30.049	69.886	5.7143	63	13.125	64	18.838	63.7
395	30.044	62.574	31.343	67	0	0	31.343	67	35.593	59	0	0	35.593	59	15.738	61	7.7419	62	23.478	61.333
396	26.717	65.126	30.435	69	0	0	30.435	69	26.25	64	0.89552	67	27.144	64.103	11	60	11.803	61	22.802	60.522
397	24.951	66.53	25.352	71	0	0	25.352	71	28.615	65	1.1111	54	29.696	64.656	13.333	63	6.6667	63	20	63
398	24.626	66.598	29.565	69	0	0	29.565	69	24.545	66	0	0	24.545	66	10.476	63	9.375	64	19.85	63.476
399	24.986	67.238	24.658	73	0	0	24.658	73	25.846	65	3.6364	66	29.482	65.125	11.613	62	9.5238	63	21.135	62.455
400	26.575	67.733	30.833	72	0	0	30.833	72	28.615	65	1.6438	73	30.236	65.485	10.312	64	8.5714	63	18.883	63.55
401	24.832	61.211	25.217	69	0	0	25.217	69	26.441	59	1.875	64	28.303	59.357	11.321	53	10.588	51	21.901	52.053
402	28.971	49.014	31.765	51	0	0	31.765	51	26.4	50	1.1538	52	27.552	50.087	18.14	43	9.7959	49	27.823	45.286
403	24.324	53.446	20	63	0.72289	83	20.654	63.909	27.778	54	1.7647	68	29.435	55.037	8.5714	35	17.838	37	26.392	36.375
404	25.466	45.552	33.462	52	0	0	33.462	52	24.783	46	2.8571	42	27.62	45.619	8.1818	22	13.636	22	21.818	22
405	33.674	30.885	41.379	29	5	12	44.696	28.19	28.5	40	2.6667	45	31.129	40.476	3	20	33.75	16	36.585	16.4
406	34.394	38.379	42	40	0	0	42	40	24	40	8.5714	42	32.556	40.545	16.364	33	13.125	32	29.482	32.562
407	31.853	45.208	41.333	45	0	0	41.333	45	28.75	48	2.6087	46	31.355	47.84	5.5814	43	17.561	41	23.133	41.5
408	33.272	51.094	33.214	56	0	0	33.214	56	36.471	51	0	0	36.471	51	18.667	45	12.273	44	30.936	44.609
409	28.332	58.59	31	60	0	0	31	60	28.475	59	2.069	58	30.543	58.933	15.254	59	8.4	50	23.514	56.136
410	27.082	55.387	23.438	64	0	0	23.438	64	28.889	54	3.4615	52	32.346	53.793	8.75	48	17.872	47	26.62	47.333
411	36.132	54.245	36.842	57	0	0	36.842	57	33.333	54	2.3077	52	35.638	53.875	30	52	6.1224	49	36.105	51.516
412	27.052	63.581	25.714	70	0.81081	74	26.523	70.129	31.475	61	1	60	32.475	60.97	14.237	59	8.4211	57	22.652	58.273
413	25.988	53.101	24.59	61	0	0	24.59	61	26.038	53	3.3333	54	29.37	53.115	10.435	46	15.385	39	25.646	42.111
414	32.22	27.933	30	36	1.3333	45	31.255	36.474	38.4	25	1.7647	34	39.954	25.529	16	15	21.429	14	37.385	14.444
415	50.814	17.318	53.333	18	0	0	53.333	18	41.053	19	2.3077	26	43.077	19.5	38.571	14	20	15	58.507	14.357
416	45.343	23.377	43.846	26	2.1429	28	45.977	26.1	46.957	23	3.75	16	50.372	22.632	21	20	20	21	40.976	20.5
417	47.138	26.73	43.448	29	0	0	43.448	29	55.2	25	0	0	55.2	25	30	26	13.333	27	43.32	26.316
418	40.835	35.753	39	40	1.6667	36	40.651	39.852	45.455	33	3.2432	37	48.654	33.296	18.75	32	15.429	35	34.11	33.421
419	32.461	44.361	39.545	44	1.3636	44	40.909	44	25	48	4	45	28.986	47.609	13.171	41	14.634	41	27.805	41
420	33.792	43.797	40	48	0	0	40	48	16.744	43	11.163	43	27.907	43	13.846	39	20.526	38	34.367	38.409
421	33.368	45.553	39.184	49	0	0	39.184	49	31.304	46	3.4286	35	34.549	45.154	12	40	15	40	27	40
422	32.534	44.877	30.588	51	1.3333	45	31.904	50.778	36.818	44	4.2857	42	41.096	43.8	7.6923	39	18.333	36	25.99	36.938
423	33.898	47.2	36.735	49	0	0	36.735	49	31.837	49	1.1321	53	32.962	49.148	18.14	43	14.286	42	32.421	42.565
424	33.179	36.77	40.541	37	1.6216	37	42.162	37	33.846	39	0	0	33.846	39	6.6667	36	17.419	31	23.972	32.538
425	53.872	14.85	56.471	17	0	0	56.471	17	68.571	14	2.6087	23	70.202	14.529	20	9	20	12	39.2	10.714
426	47.372	11.821	56	15	0	0	56	15	54	10	0	0	54	10	40	6	8.5714	7	48.387	6.2
427	43.134	16.229	50	18	0	0	50	18	50	18	0	0	50	18	24	5	30	6	53.571	5.6
428	44.627	15.686	42	20	0	0	42	20	56	15	0	0	56	15	20	9	30	8	49.831	8.4286
429	40.631	25.596	54.545	22	0	0	54.545	22	33.333	27	1.5385	39	34.595	27.75	24.444	27	10	30	34.362	27.938
430	32.853	42.614	38.182	44	0	0	38.182	44	28.636	44	2.4	50	30.996	44.522	21.081	37	8.7805	41	29.794	38.263
431	29.232	48.577	31.765	51	0	0	31.765	51	30.638	47	1.1765	51	31.807	47.16	16.596	47	7.6596	47	24.255	47
432	27.003	56.289	28.525	61	0	0	28.525	61	21.429	56	3.2727	55	24.7	55.87	20	51	8.2353	51	28.235	51
433	27.632	49.942	33.462	52	0	0	33.462	52	24	50	1.3953	43	25.369	49.667	12.245	49	12	45	24.201	47.105
434	27.968	50.057	25.263	57	1.0345	58	26.297	57.04	31.25	48	2.3077	52	33.543	48.296	12.273	44	12.857	42	25.116	43
435	31.504	50.787	32.143	56	0	0	32.143	56	30	50	1.0169	59	30.985	50.346	18.261	46	13.953	43	32.179	44.75
436	22.296	58.308	22.727	66	0	0	22.727	66	21.429	56	2.2222	54	23.648	55.818	14.118	51	7.2	50	21.316	50.667
437	30.131	53.765	33.214	56	0	0	33.214	56	28.889	54	5.4545	55	34.342	54.161	10.8	50	12.245	49	23.043	49.474
438	33.904	50.141	32.542	59	0	0	32.542	59	36.25	48	2.6667	45	38.907	47.806	15	40	17.561	41	32.556	40.545
439	25.706	55.239	22.727	66	1.0345	58	23.747	65.692	28.364	55	0	0	28.364	55	10.5	40	17.143	42	27.628	41.263
440	26.164	48.922	25.091	55	0	0	25.091	55	25.2	50	3.3962	53	28.586	50.375	13.333	36	13.171	41	26.393	38.647
441	34.198	32.75	36	40	0	0	36	40	34.286	35	0	0	34.286	35	42.857	14	7.0588	17	49.655	14.5
442	27.836	41.672	28.085	47	1.1765	51	29.253	47.174	30.698	43	0	0	30.698	43	13.125	32	13.333	27	26.269	29.692
443	30.21	46.343	31.25	48	0	0	31.25	48	29.362	47	3.5294	51	32.869	47.462	8.1818	44	18.571	42	26.741	42.632
444	30.209	51.641	28	60	0	0	28	60	31.111	54	0	0	31.111	54	16.923	39	17.838	37	34.737	38
445	28.644	54.462	27.931	58	0	0	27.931	58	28.889	54	2.1818	55	31.07	54.071	16.8	50	10.385	52	27.175	50.783
446	27.646	57.152	30	62	0	0	30	62	28.966	58	0	0	28.966	58	13.75	48	11.02	49	24.768	48.45
447	21.527	61.318	18.529	68	0	0	18.529	68	26.129	62	0	0	26.129	62	10.8	50	9.8182	55	20.571	52.5
448	24.595	46.351	22.642	53	0	0	22.642	53	28	45	3.4286	35	31.271	44.13	10.5	40	10.244	41	20.741	40.5
449	38.798	22.682	45	28	0	0	45	28	33.913	23	2.8571	21	36.75	22.857	40	9	15	12	54	10
450	41.297	17.919	53.684	19	0	0	53.684	19	40	18	20	18	60	18	15	8	0	0	15	8
451	40.645	20.667	43.846	26	0	0	43.846	26	33	20	14.118	17	46.875	19.2	6.6667	9	38.182	11	44.651	10.75
452	37.426	27.788	33.333	36	1.3333	45	34.588	36.429	39.231	26	4.1379	29	43.32	26.316	33.75	16	15	12	48	15
453	40.902	17.114	36	20	0	0	36	20	37.895	19	12	15	49.451	18.2	12	10	32.727	11	44.651	10.75
454	60.98	12.135	72	10	0	0	72	10	60	12	6	10	65.844	11.846	28	15	21.429	14	49.371	14.583
455	59.956	17.346	57	20	0	0	57	20	77.143	14	0	0	77.143	14	43.333	18	6.6667	18	50	18
456	31.638	39.825	28.571	42	0	0	28.571	42	39	40	3.2432	37	42.226	39.786	15.385	39	9.0909	33	24.324	37
457	26.824	47.719	31.837	49	0	0	31.837	49	23.265	49	3.913	46	27.166	48.591	12.273	44	9.3333	45	21.603	44.438
458	28.336	50.113	27.692	52	1.1538	52	28.846	52	28.163	49	1.1321	53	29.288	49.167	13.469	49	13.469	49	26.939	49
459	22.854	57.758	25.574	61	0	0	25.574	61	21.356	59	2.0339	59	23.39	59	14.717	53	5.3333	45	19.954	51.118
460	25.862	58	25.97	67	0	0	25.97	67	23.39	59	2.6471	68	25.983	60.038	10.244	41	18.14	43	28.369	42.3
461	25.15	52.485	22.388	67	0	0	22.388	67	26.182	55	2.2222	54	28.403	54.923	19.2	25	18.261	23	37.396	24.067
462	24.165	47.175	22	60	0	0	22	60	26.939	49	1.1765	51	28.113	49.087	18	20	18	20	36	20
463	26.605	36.083	28.696	46	0	0	28.696	46	33.529	34	3	20	36.036	33.3	22.5	8	18	10	40	9
464	36.519	24.644	39.375	32	1.4286	42	40.672	32.455	37.143	21	7.0588	17	43.974	20.467	24	10	20	12	43.636	11
465	41.235	17.946	41.739	23	0	0	41.739	23	42.353	17	8.5714	14	50.69	16.571	37.5	8	10	12	45.937	9.1429
466	51.279	8.1905	60	10	0	0	60	10	60	7	8.5714	7	68.571	7	30	4	7.5	8	33.75	5.3333
467	63.178	8.2308	66.667	9	5.4545	11	71.881	9.1818	60	9	0	0	60	9	48	5	20	6	67.5	5.3333
468	60.619	13.857	78.462	13	0	0	78.462	13	60	14	4.6154	13	64.593	13.933	20	18	21.818	11	39.474	15.2
469	41.353	30.953	43.125	32	1.5789	38	44.651	32.25	53.571	28	0	0	53.571	28	11.351	37	15.484	31	26.627	33.8
470	35.159	36.406	32.093	43	0	0	32.093	43	44.118	34	0	0	44.118	34	21.29	31	10	30	31.283	30.688
471	32.873	30.42	35.676	37	0	0	35.676	37	42.222	27	0	0	42.222	27	13.636	22	11.429	21	25.052	21.556
472	41.422	29.935	43.333	36	0	0	43.333	36	44.516	31	0	0	44.516	31	28	15	21.176	17	48.986	15.923
473	36.633	25.66	48.889	27	0	0	48.889	27	40	24	1.6667	36	41.286	24.706	4.4444	27	15.652	23	20	24
474	46.667	12	60	14	0	0	60	14	49.091	11	16.364	11	65.455	11	30	2	10	6	30	4
475	44.326	11.28	60	14	0	0	60	14	46.667	9	0	0	46.667	9	36	5	7.5	8	41.739	5.75
476	61.275	8.16	52.5	8	0	0	52.5	8	75	8	0	0	75	8	30	8	26.667	9	56.471	8.5
477	68.599	11.079	90	10	0	0	90	10	55.385	13	8.5714	7	62.209	12.538	48	10	8.5714	14	55.556	10.8
478	42.044	22.833	40	27	0	0	40	27	47.368	19	5.2174	23	52.387	19.471	16.364	22	20	21	36.344	21.462
479	36.25	32	35	36	0	0	35	36	30	32	9.375	32	39.375	32	26.667	27	9.2308	26	35.888	26.75
480	37.981	33.175	36	40	0	0	36	40	44	30	0	0	44	30	23.571	28	13.333	27	36.894	27.647
481	36.972	27.588	44.444	27	0	0	44.444	27	32.143	28	5.625	32	37.674	28.667	17.778	27	11.111	27	28.889	27
482	44.356	25.25	49.286	28	0	0	49.286	28	51.818	22	7.8261	23	59.63	22.136	16.8	25	8.8889	27	25.654	25.727
483	40.674	27.536	46	30	0	0	46	30	46.667	27	2.069	29	48.725	27.091	10.909	22	17.5	24	28.359	23.273
484	43.333	18	42	20	0	0	42	20	63.75	16	0	0	63.75	16	10	12	17.143	21	25.6	18.75
485	33.495	13.136	51.429	14	0	0	51.429	14	32.308	13	3.75	16	35.888	13.375	0	0	17.143	7	17.143	7
486	54.81	12.771	60	16	0	0	60	16	46.154	13	22.5	8	65.844	11.846	50	6	8.5714	7	58.378	6.1667
487	46.915	8.9524	52.5	8	0	0	52.5	8	60	10	0	0	60	10	0	0	30	8	30	8
488	72.782	6.0455	90	6	0	0	90	6	80	6	0	0	80	6	40	6	8.5714	7	48.387	6.2
489	63.314	10.424	76.364	11	0	0	76.364	11	66	10	4.2857	14	69.677	10.333	30	10	15	8	44.545	9.4286
490	45	16	53.333	18	0	0	53.333	18	37.5	16	11.25	16	48.75	16	15	12	21.818	11	36.75	11.429
491	65.208	14.109	67.059	17	0	0	67.059	17	65	12	9.2308	13	74.176	12.133	55	12	5	12	60	12
492	39.13	15.333	45	20	0	0	45	20	54.545	11	0	0	54.545	11	18	10	12	10	30	10
493	44.227	17.184	37.5	24	0	0	37.5	24	52.5	16	4	15	56.485	15.933	50	6	22.5	8	71.111	6.75
494	40.022	21.488	43.846	26	0	0	43.846	26	39.13	23	0	0	39.13	23	24	10	33.333	9	57.176	9.4444
495	47.974	13.758	60	13	0	0	60	13	41.25	16	5.2174	23	45.676	17.077	46.667	9	0	0	46.667	9
496	51.127	12.909	56	15	0	0	56	15	38.571	14	13.333	9	50.417	13.091	34.286	7	21.818	11	53.333	9
497	44.463	22.041	47.5	24	0	0	47.5	24	49.091	22	0	0	49.091	22	12.632	19	25.263	19	37.895	19
498	44.451	24.296	45.6	25	2.6087	23	48.193	24.9	50.4	25	0	0	50.4	25	27.273	22	7.8261	23	35.087	22.231
499	45.996	21.306	52.174	23	0	0	52.174	23	53.333	18	4.8	25	57.515	18.778	19.091	22	10.435	23	29.512	22.364
500	44.898	20.936	50.4	25	0	0	50.4	25	43.333	18	5.4545	22	48.561	18.533	22.5	16	17.647	17	40.11	16.455
501	43.801	20.091	48.571	21	0	0	48.571	21	34.286	21	10	18	44.118	20.4	23.333	18	15.789	19	39.095	18.417
502	40.139	11.958	50.769	13	0	0	50.769	13	36	10	22.5	8	57.857	9.3333	6.6667	18	10	12	16	15
503	53.613	11.938	60	10	0	0	60	10	60	10	10.909	11	70.82	10.167	20	15	17.647	17	37.5	16
504	63.774	12.231	69.231	13	0	0	69.231	13	54.545	11	15	12	69.452	11.231	35	12	18.462	13	53.382	12.364
505	59.321	10.452	75	12	0	0	75	12	45	8	16.364	11	60	9	20	9	26.667	9	46.667	9
506	63.117	8.5556	72	10	0	0	72	10	45	8	25.714	7	70.435	7.6667	30	8	24	5	51.429	7
507	68.276	9.6667	81.818	11	0	0	81.818	11	46.667	9	22.5	8	68.966	8.7	37.5	8	20	9	57.313	8.375
508	76.304	8.9118	70.909	11	0	0	70.909	11	94.286	7	7.5	8	101.65	7.0833	45	8	20	9	64.8	8.3333
509	57.505	13.564	52	15	0	0	52	15	75	12	0	0	75	12	34.286	14	12.857	14	47.143	14
510	43.153	25.491	41.379	29	0	0	41.379	29	40.8	25	10	24	50.787	24.81	33	20	6.6667	27	39.07	21.5
511	30.947	40.714	27.391	46	0	0	27.391	46	30.732	41	1.3953	43	32.124	41.091	25.714	35	8.8235	34	34.532	34.75
512	28.605	40.552	30.698	43	0	0	30.698	43	28.5	40	3.3333	36	31.803	39.619	11.429	42	12.353	34	23.519	38.267
513	36.644	33.839	36	35	1.3043	46	37.183	35.5	38.182	33	6.2069	29	44.308	32.5	15.882	34	12.727	33	28.603	33.562
514	47.709	23.895	57.273	22	0	0	57.273	22	43.2	25	4.8	25	48	25	24	25	14.4	25	38.4	25
515	48.421	19	60	19	0	0	60	19	48	20	9.4737	19	57.454	19.842	15	16	13.333	18	28.235	17
516	64.281	9.6452	78	10	0	0	78	10	48	10	16.364	11	64.248	10.273	30	8	22.5	8	52.5	8
517	58.237	11.676	72	10	0	0	72	10	65.455	11	0	0	65.455	11	25	12	17.647	17	41.379	14.5
518	65.455	7.3333	100	6	0	0	100	6	53.333	9	0	0	53.333	9	15	8	34.286	7	49.091	7.3333
519	74.01	7.2963	75	8	8.5714	7	83.448	7.9091	90	6	7.5	8	96.774	6.2	15	8	30	8	45	8
520	69.143	6.3636	90	6	0	0	90	6	60	7	0	0	60	7	50	6	8.5714	7	58.378	6.1667
521	62.27	7.7083	75	8	0	0	75	8	34.286	7	30	8	64	7.5	25.714	7	22.5	8	48	7.5
522	47.84	17.977	51	20	0	0	51	20	23.333	18	21.176	17	44.474	17.538	32	15	17.647	17	49.463	15.769
523	44.765	23.679	46.364	22	7.0588	17	53.088	21.474	34.615	26	12	20	46.085	24.737	17.778	27	18.261	23	35.809	25.133
524	33.674	36.23	35.676	37	0	0	35.676	37	39.474	38	0	0	39.474	38	7.0588	34	19.355	31	26.368	31.857
525	34.098	30.5	40	33	0	0	40	33	29.032	31	4	30	33.029	30.882	20	27	10.435	23	30.269	25.769
526	50.329	16.293	69.231	13	0	0	69.231	13	42.353	17	8.5714	21	50.562	17.8	23.333	18	12	20	35.243	18.727
527	42.151	10.913	46.667	9	0	0	46.667	9	32.308	13	21.818	11	53.778	12.273	4.6154	13	24	10	28.302	10.6
528	58.894	11.886	64.615	13	0	0	64.615	13	70.909	11	5.4545	11	76.364	11	21.818	11	15	12	36.75	11.429
529	34.794	25.867	32.308	26	1.8182	33	34.005	26.467	36.923	26	6.2069	29	43.062	26.474	10	24	17.5	24	27.5	24
530	30.29	39.617	36	40	1.3953	43	37.388	40.12	25.714	42	5.8537	41	31.565	41.818	10	36	12.353	34	22.335	34.923
531	27.215	33.804	40.588	34	0	0	40.588	34	17.143	35	4.8649	37	21.996	35.462	7.2727	33	12	30	19.231	31.2
532	40.622	13.786	55	12	0	0	55	12	38.571	14	4.8	25	41.25	16	7.0588	17	21.818	11	27.692	13
533	45.37	15.429	56	15	0	0	56	15	42.353	17	0	0	42.353	17	25.714	14	12.857	14	38.571	14
534	33.595	22.027	38.4	25	0	0	38.4	25	37.143	21	9.4737	19	46.545	20.625	0	0	17.647	17	17.647	17
535	32.735	17.107	56.25	16	0	0	56.25	16	23.077	13	7.8261	23	28.657	16.75	0	0	14.286	21	14.286	21
536	36.609	12.565	45	8	0	0	45	8	26.25	16	12	15	38.217	15.7	10	6	27.692	13	35	12
537	37.441	17.094	60	13	0	0	60	13	20.87	23	9.2308	26	30	24	5	12	27.692	13	32.667	12.857
538	55.115	13.789	65.455	11	4	15	68.98	11.308	40	15	13.333	18	52.973	15.857	32.308	13	15	16	46.839	14.091
539	34.068	32.875	36	35	2.5	24	38.261	34.5	30.857	35	3.75	32	34.582	34.7	18.462	26	12	30	30.309	27.714
540	23.145	47.527	22.353	51	0	0	22.353	51	26.25	48	1.0714	56	27.293	48.364	10.244	41	10	42	20.241	41.5
541	24.53	46.474	20.816	49	2.3077	52	23.116	49.316	22.041	49	5.2174	46	27.242	48.455	15	40	8.7805	41	23.777	40.375
542	36.379	26.939	26.667	36	2.9268	41	29.544	36.556	40	24	6.3158	19	46.066	23.444	23.333	18	18.947	19	42.25	18.462
543	42.293	26.482	46	30	0	0	46	30	46.154	26	4.4444	27	50.592	26.091	13.333	18	20	21	33.151	19.909
544	32.472	36.339	32.195	41	0	0	32.195	41	38.333	36	1.6216	37	39.954	36.042	18.621	29	8.2759	29	26.897	29
545	41.345	27.089	45	28	0	0	45	28	42.857	28	4.2857	28	47.143	28	8.5714	21	24	25	32.396	24.077
546	44.351	26.155	47.586	29	0	0	47.586	29	48	25	4.1379	29	52.043	25.364	15.652	23	19.091	22	34.726	22.462
547	42.503	20.705	54.545	22	0	0	54.545	22	35.455	22	5	12	39.463	21.286	10	18	24.706	17	34.682	17.3
548	51.429	18.667	52.174	23	0	0	52.174	23	54	20	0	0	54	20	60	7	20	9	78.947	7.6
549	30.316	31.667	30	38	0	0	30	38	33.529	34	2	30	35.503	33.8	18.462	13	21.429	14	39.836	13.556
550	38.648	27.944	40	33	0	0	40	33	35.172	29	4.8	25	39.89	28.579	23.333	18	18.947	19	42.25	18.462
551	46.348	24.596	49.286	28	0	0	49.286	28	26.4	25	16.8	25	43.2	25	37.895	19	12	20	49.87	19.25
552	39.469	25.843	44.348	23	0	0	44.348	23	30	28	10.345	29	40.335	28.263	23.077	26	11.538	26	34.615	26
553	30.277	40.295	31.429	42	1.3636	44	32.789	42.087	32.857	42	1.4634	41	34.32	41.958	11.351	37	13.125	32	24.348	34.5
554	29.309	43.672	32.609	46	0	0	32.609	46	28.636	44	1.5	40	30.124	43.818	16.923	39	8.5714	42	25.463	40.059
555	31.925	40.094	34.5	40	0	0	34.5	40	30	42	5.8537	41	35.851	41.84	13.333	36	12.308	39	25.6	37.5
556	39.027	29.211	41.25	32	0	0	41.25	32	35.172	29	4.1379	29	39.31	29	23.077	26	14.4	25	37.463	25.625
557	33.395	35.933	29.333	45	0	0	29.333	45	44.118	34	0	0	44.118	34	9.6	25	22.5	24	32.089	24.308
558	40.984	26.352	42	30	2	30	44	30	45.6	25	2.5	24	48.096	24.95	10.909	22	21.818	22	32.727	22
559	42.427	18.385	39.13	23	0	0	39.13	23	50.526	19	0	0	50.526	19	30	6	30	10	56.471	8.5
560	39.869	19.564	46.957	23	0	0	46.957	23	41.053	19	2.8571	21	43.881	19.143	9.2308	13	27.273	11	36.296	11.571
561	42.828	19.146	49.091	22	0	0	49.091	22	33	20	10.588	17	43.395	19.357	20	12	21.429	14	41.186	13.111
562	44.762	21	63	20	0	0	63	20	37.5	24	4.4444	27	41.884	24.353	7.0588	17	24.706	17	31.765	17
563	34.69	31.709	42.353	34	0	0	42.353	34	26.25	32	8.2759	29	34.468	31.333	10.714	28	17.143	28	27.857	28
564	27.372	42.379	28.163	49	0	0	28.163	49	30	40	0	0	30	40	15.429	35	10	36	25.424	35.4
565	23.703	53.159	26.316	57	0	0	26.316	57	27.778	54	1.1321	53	28.909	53.962	6.8182	44	9.7674	43	16.583	43.417
566	31.363	47.827	31.765	51	1.1538	52	32.918	51.036	36.25	48	2.5532	47	38.802	47.935	7.1429	42	15.714	42	22.857	42
567	31.314	40.238	37.143	42	0	0	37.143	42	28.571	42	1.875	32	30.344	41.524	8.5714	35	18.333	36	26.9	35.688
568	43.855	20.978	37.778	27	2.6087	23	40.332	26.778	43.333	18	10.435	23	53.19	19.176	18.462	13	28	15	46.242	14.273
569	53.028	12.824	48	15	4.6154	13	52.539	14.846	55.385	13	4	15	59.298	13.154	26.667	9	26.667	9	53.333	9
570	45.914	16.553	56.25	16	0	0	56.25	16	60	13	0	0	60	13	9.6774	31	23.077	13	27.273	22
571	45.287	19.432	47.5	24	0	0	47.5	24	56	15	4	15	60	15	16	15	18.947	19	34.483	17.4
572	42.088	23.76	36.429	28	0	0	36.429	28	49.565	23	4	15	53.097	22.6	24	20	15	20	39	20
573	35.115	33.034	36.667	36	1.6216	37	38.287	36.043	30.857	35	4.1379	29	34.884	34.4	20	27	13.846	26	33.835	26.6
574	33.873	36.016	34.5	40	0	0	34.5	40	37.714	35	3.6364	33	41.34	34.833	13.125	32	13.548	31	26.667	31.5
575	33.47	41.829	35.217	46	0	0	35.217	46	22.857	42	8.1818	44	31.026	42.545	14.211	38	21.176	34	35.28	35.714
576	31.339	40.844	36.818	44	0	0	36.818	44	33	40	1.5385	39	34.538	39.957	4.8649	37	18.333	36	23.195	36.214
577	32.047	38.694	42	40	0	0	42	40	24.878	41	4.8649	37	29.703	40.4	5	36	20	33	24.968	33.643
578	35.834	22.325	40	18	5.4545	11	44.67	17.462	33.103	29	0	0	33.103	29	12.632	19	23.333	18	35.941	18.364
579	28.38	39.464	38.824	34	0	0	38.824	34	26.25	48	1.2245	49	27.474	48.045	4.6154	39	16.875	32	21.333	33.75
580	29.405	38.089	35.385	39	0	0	35.385	39	25.5	40	3	40	28.5	40	10.588	34	14.118	34	24.706	34
581	30.166	43.758	30	48	0	0	30	48	29.302	43	3	40	32.289	42.739	20	39	8.7805	41	28.765	39.632
582	31.538	39.952	32.727	44	1.1765	51	33.875	44.28	38.919	37	0	0	38.919	37	6.3158	38	16.216	37	22.529	37.286
583	30.263	41.635	33.488	43	0	0	33.488	43	28.571	42	4.3902	41	32.96	41.87	6	40	18.462	39	24.459	39.25
584	34.558	36.46	39.474	38	0	0	39.474	38	30.811	37	5.1429	35	35.941	36.727	19.412	34	9.0909	33	28.497	33.688
585	37.739	23.318	60	18	0	0	60	18	30	26	5.8065	31	35.638	26.938	7.2	25	15	28	22.14	27.1
586	37.184	27.431	43.448	29	0	0	43.448	29	46.154	26	1.5	40	47.25	26.667	2	30	19.2	25	21.13	25.556
587	45.249	22.1	57.143	21	0	0	57.143	21	50	24	2.6087	23	52.604	23.952	2	30	25.263	19	26.703	20.222
588	33.38	35.95	42.162	37	0	0	42.162	37	31.667	36	5.1429	35	36.806	35.864	1.875	32	19.412	34	21.281	33.833
589	27.882	45.19	29.388	49	0	0	29.388	49	30	46	1.25	48	31.248	46.083	8.1081	37	15.789	38	23.894	37.667
590	28.764	44.5	29.388	49	0	0	29.388	49	26.667	45	4	45	30.667	45	8.5714	42	18.857	35	27.221	37.471
591	25.228	47.567	27.778	54	0	0	27.778	54	26.809	47	1.3333	45	28.14	46.909	3.1579	38	18.333	36	21.483	36.308
592	25.804	45.729	31.837	49	0	0	31.837	49	23.75	48	1.3636	44	25.105	47.8	0	0	21.667	36	21.667	36
593	22.045	54.433	26.441	59	0	0	26.441	59	17.143	56	6.5455	55	23.687	55.727	1.3636	44	15.714	42	17.075	42.167
594	27.959	52.219	32.727	55	0	0	32.727	55	26.667	54	3.3962	53	30.062	53.889	4	45	17.727	44	21.726	44.188
595	23.311	53.194	25.846	65	0	0	25.846	65	18.889	54	3.4615	52	22.346	53.7	9.2308	26	20	30	29.109	28.857
596	30.042	47.268	38.4	50	1.1538	52	39.552	50.061	32.5	48	0	0	32.5	48	1.5789	38	17.368	38	18.947	38
597	28.64	47.485	33.6	50	1.1538	52	34.752	50.069	24	50	3.5294	51	27.528	50.13	3.0769	39	21.538	39	24.615	39
598	26.909	46.081	33.061	49	0	0	33.061	49	21.6	50	3.75	48	25.345	49.714	3.4286	35	20.571	35	24	35
599	33.166	40.403	38.049	41	0	0	38.049	41	24	45	5.1064	47	29.098	45.364	11.351	37	22.5	32	33.686	33.842
600	38.47	28.074	43.448	29	0	0	43.448	29	40.645	31	0	0	40.645	31	4.2857	28	30	20	33.75	21.333
601	24.776	47.627	24.444	54	0	0	24.444	54	28.75	48	0	0	28.75	48	3.871	31	18.947	38	22.703	37
602	16.449	66.873	15	80	0	0	15	80	13.333	72	2.5714	70	15.903	71.684	2.4	50	19.091	44	21.453	44.75
603	19.325	63.131	18.947	76	0	0	18.947	76	23.438	64	0	0	23.438	64	1.9355	31	18.333	36	20.234	35.583
604	15.167	64.612	15.75	80	0	0	15.75	80	13.433	67	0.86957	69	14.302	67.125	1.5789	38	19.412	34	20.971	34.333
605	20.224	56.368	17.391	69	0	0	17.391	69	21	60	0	0	21	60	5.1429	35	21.667	36	26.806	35.812
606	22.177	51.404	18.387	62	0	0	18.387	62	24.906	53	1.875	64	26.708	53.917	6.4286	28	19.412	34	25.677	32.714
607	29.433	42.129	28.8	50	0	0	28.8	50	33.659	41	1.7143	35	35.337	40.75	13.125	32	14	30	27.097	31
608	32.506	38.762	42.857	35	0	0	42.857	35	26.667	45	1.7143	35	28.299	44.524	4.7368	38	22.703	37	27.437	37.176
609	28.686	46.015	36.25	48	0	0	36.25	48	28.696	46	0	0	28.696	46	8.7805	41	12.558	43	21.327	42.2
610	27.847	48.838	28.889	54	0	0	28.889	54	30.612	49	2.3529	51	32.962	49.148	7.5	40	15.385	39	22.881	39.333
611	35.545	37.136	33.659	41	0	0	33.659	41	37.714	35	6	40	43.613	35.769	8.8235	34	21.176	34	30	34
612	28.711	42.492	28.696	46	0	0	28.696	46	29.302	43	1.3636	44	30.665	43.045	6.3158	38	21.081	37	27.393	37.235
613	25.216	49.968	21.356	59	1.2	50	22.529	58.591	26.939	49	3.8298	47	30.763	48.76	3	40	21	40	24	40
614	23.943	48.448	28.235	51	0	0	28.235	51	20	54	0	0	20	54	2.9268	41	22.105	38	25.016	38.375
615	22.473	59.627	25.588	68	0	0	25.588	68	19	60	2.0339	59	21.033	59.905	5.3333	45	17.333	45	22.667	45
616	20.755	61.672	22.941	68	0	0	22.941	68	20.308	65	0.88235	68	21.188	65.13	3.8298	47	16	45	19.824	45.4
617	26.316	58.519	25.075	67	0	0	25.075	67	28.929	56	1.7391	69	30.582	56.897	8.5714	49	15.918	49	24.49	49
618	13.56	67.848	11.25	80	0.60606	99	11.824	81.188	12.5	72	1.9672	61	14.426	70.706	2.6087	46	13.75	48	16.355	47.692
619	16.136	69.411	14.615	78	0	0	14.615	78	17.746	71	1.9048	63	19.629	70.304	4.2105	57	10.714	56	14.924	56.286
620	22.618	54.823	24.762	63	0	0	24.762	63	26.538	52	0	0	26.538	52	9.7674	43	8.1818	44	17.947	43.462
621	37.851	20.079	50	18	2.1429	28	51.544	18.625	35	24	1.9355	31	36.785	24.467	3	20	27.692	13	30	14
622	49.969	19.612	57	20	0	0	57	20	57.143	21	2.7273	22	59.864	21.048	7.0588	17	28	15	34.964	15.444
623	41.143	23.333	46.667	27	0	0	46.667	27	43.636	22	7.0588	17	50.363	21.444	7.0588	17	22.105	19	29.102	18.556
624	26.431	41.618	28.75	48	0	0	28.75	48	27	40	3.0769	39	30.075	39.9	5	36	17.419	31	22.326	32.25
625	28.506	43.5	32.609	46	0	0	32.609	46	35.455	44	0	0	35.455	44	3.4286	35	14.595	37	18.015	36.636
626	29.489	43.406	35.217	46	0	0	35.217	46	28.636	44	2.9268	41	31.551	43.739	4.3902	41	17.838	37	22.189	37.857
627	34.055	45.221	36.25	48	0	0	36.25	48	31.304	46	2.5	48	33.8	46.154	18	40	14.634	41	32.629	40.455
628	41.119	31.615	41.143	35	0	0	41.143	35	47.586	29	1.3636	44	48.608	29.625	13.125	32	21.429	28	34.405	29.647
629	42.415	26.877	57.5	24	0	0	57.5	24	39.31	29	2.8571	21	41.958	28.6	7.5	32	21.429	28	28.824	29.143
630	27.997	45.719	30.612	49	0	0	30.612	49	27.391	46	2.2222	54	29.553	46.696	4.5	40	20	39	24.498	39.188
631	28.451	45.692	30	50	0	0	30	50	27.273	44	5.1064	47	32.36	44.5	6	40	17.561	41	23.558	40.75
632	24.49	49	25.091	55	0	0	25.091	55	25.532	47	2.4	50	27.923	47.273	6.9767	43	14.286	42	21.26	42.333
633	31.491	44.457	36.25	48	0	0	36.25	48	26.809	47	4.186	43	30.968	46.5	9.375	32	19.459	37	28.709	35.529
634	27.36	44.59	31.765	51	0	0	31.765	51	28	45	1.3636	44	29.363	44.955	3.75	32	20.69	29	24.407	29.5
635	30.711	45.586	31.765	51	0	0	31.765	51	33.191	47	0	0	33.191	47	2.9268	41	26.471	34	29.291	34.824
636	26.203	40.453	30.638	47	1.25	48	31.888	47.04	31.5	40	1.3636	44	32.851	40.182	0	0	25.714	14	25.714	14
637	31.939	33.815	28.085	47	0	0	28.085	47	40	24	10	24	50	24	9.2308	26	18.462	26	27.692	26
638	31.195	42.955	37.826	46	0	0	37.826	46	32.727	44	2.9268	41	35.641	43.769	3.1579	38	18.182	33	21.281	33.833
639	24.892	56.243	30.938	64	0	0	30.938	64	21.818	55	2.4	50	24.2	54.545	2.6087	46	19.024	41	21.6	41.667
640	20.864	62.308	20.27	74	0	0	20.27	74	18.75	64	0.95238	63	19.702	63.952	8.9362	47	16.364	44	25.274	45.105
641	25.983	60.038	32.542	59	0	0	32.542	59	23	60	3.75	64	26.736	60.593	8.8525	61	9.8361	61	18.689	61
642	18.181	73.701	17.25	80	0.68182	88	17.925	80.333	21.667	72	1.6901	71	23.357	71.929	3.2877	73	10.312	64	13.554	66.4
643	15.056	79.7	13.043	92	0	0	13.043	92	18.701	77	0.81081	74	19.511	76.88	4.2857	70	8.9552	67	13.235	68
644	20.157	75.408	22.222	81	0	0	22.222	81	17.922	77	1.6667	72	19.582	76.6	3.6364	66	15.455	66	19.091	66
645	23.812	72.233	27.273	77	0.82192	73	28.092	76.889	26.197	71	0.86957	69	27.066	70.938	6.5625	64	10	66	16.559	65.222
646	9.4005	82.974	5.8065	93	0	0	5.8065	93	12.439	82	0.83333	72	13.261	81.444	2.093	86	7.2	75	9.2605	77.75
647	9.9483	92.478	11.176	102	0	0	11.176	102	9.7826	92	0	0	9.7826	92	1.2903	93	8	75	9.2308	78
648	15.16	85.754	13.846	91	0	0	13.846	91	17.241	87	1.4815	81	18.716	86.556	3.8462	78	9.2308	78	13.077	78
649	17.193	84.918	21.333	90	0	0	21.333	90	17.857	84	0.78947	76	18.64	83.692	0.75949	79	11.053	76	11.811	76.2
650	12.86	87.089	14.043	94	0.68966	87	14.729	93.696	9.6552	87	2.7273	88	12.382	87.222	2.3684	76	9.3506	77	11.719	76.8
651	14.179	87.452	19.121	91	0	0	19.121	91	14.157	89	0.68966	87	14.847	88.909	2.2222	81	6.5753	73	8.7787	75.182
652	19.348	73.394	21.538	78	0	0	21.538	78	16.364	77	2.4658	73	18.824	76.5	3.4783	69	14.754	61	18.186	62.684
653	25.515	61.924	27.273	66	0	0	27.273	66	26.25	64	0.92308	65	27.173	64.034	3.1579	57	19.615	52	22.749	52.75
654	20.385	77.506	22.857	84	0	0	22.857	84	21.039	77	0.85714	70	21.889	76.75	6.8571	70	10	66	16.843	67.684
655	19.126	78.427	23.704	81	0	0	23.704	81	23.077	78	0	0	23.077	78	0.81081	74	9.863	73	10.674	73.077
656	15.927	89.155	14.227	97	0	0	14.227	97	19.551	89	2.069	87	21.619	88.812	3.6585	82	8.5714	77	12.22	78.562
657	16.985	85.959	19.333	90	0	0	19.333	90	20.471	85	0	0	20.471	85	2.25	80	9	80	11.25	80
658	14.616	84.839	18	90	0.68182	88	18.681	89.929	13.171	82	2.1687	83	15.339	82.143	4.3902	82	5.6	75	9.9705	78.231
659	14.159	86.164	14	90	0	0	14	90	14.157	89	0.71429	84	14.869	88.773	6.75	80	7.013	77	13.758	78.5
660	10.608	84.844	9.1304	92	0	0	9.1304	92	12.857	84	0.68182	88	13.538	84.211	4.0541	74	5.25	80	9.2903	77.5
