# Time-series
# t	r	v	r_1_P	v_1_P	r_1_L	v_1_L	r_1	v_1	...
300	4.191	100.21	1.1009	109	0	0	1.1009	109	5.4	100	1.8947	95	7.2911	98.75
301	1.25	96	0.57692	104	0	0	0.57692	104	1.2903	93	0.6383	94	1.9286	93.333
302	2.8158	95.889	0.4878	123	0	0	0.4878	123	3.1915	94	2	90	5.1892	92.5
303	2.316	103.62	0.43478	138	0	0	0.43478	138	2.9703	101	1.2903	93	4.2547	98.714
304	3.0151	99.5	1.5789	114	0	0	1.5789	114	1.3483	89	3.1579	95	4.5023	93.286
305	4.9669	90.6	0.53097	113	0	0	0.53097	113	4.7727	88	4.6667	90	9.4382	89
306	2.5796	104.67	2.1239	113	0	0	2.1239	113	2.449	98	0.61224	98	3.0612	98
307	3.6425	98.833	2.2222	108	0	0	2.2222	108	3.8298	94	1.2632	95	5.0928	94.25
308	5.103	99.941	4.4444	108	0	0	4.4444	108	2.5263	95	3.2967	91	5.8204	92.778
309	3.9302	99.231	2.0513	117	0	0	2.0513	117	4	90	1.9149	94	5.9124	91.333
310	3.4737	95	0.46512	129	0	0	0.46512	129	1.3333	90	5.2174	92	6.5502	91.6
311	2.194	95.714	0.6383	94	0	0	0.6383	94	1.8557	97	1.8947	95	3.75	96
312	5.6909	94.889	3.4286	105	0.64516	93	4.0664	103.29	2.1687	83	5.2174	92	7.3706	89.545
313	4.1732	100.64	2.1622	111	0	0	2.1622	111	4.2857	98	1.9355	93	6.2176	96.5
314	3.8028	94.667	2.3762	101	0.52174	115	2.8902	103.8	1.8947	95	2.8916	83	4.765	88.143
315	1.843	97.667	0	0	0	0	0	0	1.1429	105	2.5532	94	3.686	97.667
316	5.0336	89.4	1.8947	95	0	0	1.8947	95	4.2857	84	3.913	92	8.1818	88
317	5.5702	96.944	2.7778	108	2.2857	105	5.0625	106.67	2.8235	85	3.3708	89	6.1911	87.222
318	5.5188	92.412	1.8	100	0.59406	101	2.394	100.25	4.6667	90	4	90	8.6667	90
319	6.4348	97.905	3.4615	104	1.1111	108	4.5714	105	4.9485	97	3.4091	88	8.3388	93.538
320	3.9765	98.077	0.6	100	0.57692	104	1.1765	102	4.3299	97	2.449	98	6.7787	97.364
321	4.6908	95.933	2.2642	106	0	0	2.2642	106	3.7895	95	3.3708	89	7.1527	92.273
322	2.697	100.11	1.6822	107	0	0	1.6822	107	2.5263	95	1.2	100	3.7241	96.667
323	3.8584	101.08	2.1818	110	0.55046	109	2.7322	109.8	3.0303	99	2	90	5.0196	95.625
324	7.0623	93.455	3.6364	99	0.56075	107	4.194	100.14	3.2258	93	6.7416	89	9.9631	90.333
325	3.7892	102.92	2.6316	114	0	0	2.6316	114	2.5	96	2.5	96	5	96
326	7.0554	93.545	5.3465	101	0	0	5.3465	101	3.3708	89	5.4545	88	8.8251	88.385
327	4.9453	97.062	2.7778	108	0	0	2.7778	108	3.0928	97	4.0909	88	7.1668	92.091
328	4.7872	94	2.8302	106	0	0	2.8302	106	2.7273	88	4.0909	88	6.8182	88
329	5.5416	97.444	2.7523	109	0.59406	101	3.3437	107.67	5.1064	94	2.6966	89	7.7978	92.333
330	4.8272	99.438	3.8182	110	0	0	3.8182	110	3.2258	93	2.6966	89	5.9196	91.222
331	5	96	2.2222	108	0	0	2.2222	108	5.8065	93	2.0225	89	7.8261	92
332	6.498	96.952	4.5714	105	0.61856	97	5.1868	104.11	4.5652	92	3.2967	91	7.8617	91.583
333	5.0702	100.59	3.6842	114	0	0	3.6842	114	4.5161	93	2.069	87	6.5789	91.2
334	7.7995	96.16	6.6	100	0	0	6.6	100	5.1064	94	3.913	92	9.0184	93.143
335	5.0593	94.875	2.9703	101	0	0	2.9703	101	4.6154	91	2.5532	94	7.1668	92.091
336	8.533	94.926	7.7228	101	0	0	7.7228	101	6	90	3.4091	88	9.408	89.286
337	9.6913	92.867	8.4848	99	0	0	8.4848	99	5.4545	88	5.5172	87	10.971	87.5
338	7.4676	96.417	6	100	1.2371	97	7.2362	99.5	4.4211	95	3.2967	91	7.7143	93.333
339	11.201	93.743	8.9109	101	0.6383	94	9.5463	100.56	8.1818	88	4.7727	88	12.955	88
340	4.8	100	2.8302	106	1.165	103	3.9946	105.14	5	96	0.625	96	5.625	96
341	7.3595	97.833	5.7692	104	1.1321	106	6.901	104.33	2.5	96	5.3933	89	7.8832	91.333
342	6.1678	102.14	4.7368	114	0	0	4.7368	114	4.5652	92	3.1579	95	7.7212	93.25
343	8.608	101.07	6.6667	108	1.1111	108	7.7778	108	7.6596	94	1.8557	97	9.5137	94.6
344	6.0843	93.684	2.9412	102	0.625	96	3.5644	101	6	90	2.6374	91	8.6371	90.308
345	6.5171	101.27	4.6154	104	0	0	4.6154	104	7.2727	99	1.1538	104	8.4241	99.714
346	4.6098	104.12	2.1429	112	0	0	2.1429	112	5.9406	101	1.1538	104	7.0936	101.5
347	8.5729	101.48	7.6364	110	0	0	7.6364	110	5.1064	94	4.5161	93	9.6222	93.533
348	6.0906	108.36	5.1724	116	0	0	5.1724	116	4.5714	105	2.5	96	7.0588	102
349	9.4277	98.645	7.5676	111	0.6	100	8.162	110.27	6.2791	86	4.6667	90	10.94	87.75
350	5.3731	100.5	4.0777	103	0	0	4.0777	103	5.2941	102	1.4118	85	6.6728	98.909
351	5.2641	96.882	2.243	107	0	0	2.243	107	6.383	94	1.9355	93	8.3183	93.769
352	9.0331	99.633	5.9459	111	0	0	5.9459	111	8.2979	94	3.956	91	12.251	93.053
353	8.6726	96.857	4.2478	113	1.7822	101	6.0149	109.73	6.0674	89	5.4545	88	11.522	88.529
354	7.6687	97.8	8.0769	104	0	0	8.0769	104	4.6154	91	2.7273	88	7.3407	89.909
355	6.682	98.773	4.4444	108	0	0	4.4444	108	6.9474	95	2.0455	88	8.984	93.5
356	10.263	99.382	8.972	107	0.70588	85	9.6494	105.71	6.1224	98	4.8837	86	10.961	93.059
357	8.085	100.19	7.3585	106	0.51282	117	7.8662	106.79	6.383	94	2	90	8.3802	93.077
358	9.61	96.774	8.4906	106	0	0	8.4906	106	6.6667	90	4.2353	85	10.894	88.125
359	7.8474	91.75	4.7525	101	0	0	4.7525	101	6.9767	86	4.0449	89	11.019	87.125
360	12.094	94.263	12.245	98	0	0	12.245	98	5.3933	89	6.5934	91	11.985	90.111
361	11.555	98.658	10.857	105	0	0	10.857	105	8.4783	92	3.871	93	12.349	92.316
362	10.882	96.486	9.6	100	0.55046	109	10.146	100.53	10.323	93	1.3333	90	11.655	92.667
363	13.821	91.167	12.121	99	0.58252	103	12.703	99.19	13.012	83	2.1429	84	15.155	83.143
364	16.017	91.776	17.053	95	0	0	17.053	95	12.273	88	2.7586	87	15.031	87.818
365	11.779	99.333	11.429	105	0	0	11.429	105	7.7419	93	4.4681	94	12.21	93.368
366	10.643	98.657	11.538	104	0.56604	106	12.104	104.1	4.6154	91	4.6667	90	9.2818	90.5
367	12.117	101.51	11.009	109	0.58252	103	11.59	108.71	12.128	94	0.64516	93	12.773	93.95
368	17.509	90.811	19.787	94	0.55046	109	20.324	94.469	11.86	86	2.9268	82	14.782	85.238
369	12.649	97.244	11.176	102	0.55556	108	11.73	102.3	10.968	93	2.6667	90	13.632	92.429
370	17.352	89.904	17.684	95	0	0	17.684	95	13.412	85	3.75	80	17.151	83.958
371	19.755	86.561	19.78	91	1.9565	92	21.737	91.091	14.815	81	3.1169	77	17.925	80.333
372	17.706	86.412	16.18	89	0.55046	109	16.704	89.8	14.634	82	4.1379	87	18.76	83.154
373	17.035	91.577	18.947	95	0	0	18.947	95	8.3721	86	6.8182	88	15.188	86.909
374	17.687	91.593	21.702	94	0.53571	112	22.219	94.514	9.6552	87	3.5714	84	13.223	86.211
375	19.972	87.121	21.333	90	1.3043	92	22.637	90.118	10.714	84	6.6667	81	17.376	82.875
376	25.75	78.06	23.415	82	0.86957	69	24.263	81.606	21.892	74	5.4545	77	27.339	74.618
377	19.961	85.667	20.899	89	0	0	20.899	89	13.171	82	5.9259	81	19.096	81.692
378	20.809	82.175	20.233	86	1.2766	94	21.499	86.516	14.026	77	6.2338	77	20.26	77
379	25.995	75.015	25.385	78	1.5584	77	26.943	77.943	20	72	5.1429	70	25.14	71.6
380	26.089	73.594	27.2	75	0.83333	72	28.032	74.914	18.333	72	5.8333	72	24.167	72
381	23.237	78.754	22.683	82	0	0	22.683	82	19.2	75	4.6753	77	23.873	75.4
382	25.223	78.5	24.146	82	0	0	24.146	82	24	75	2.4	75	26.4	75
383	20.597	80.109	22.683	82	0.70588	85	23.388	82.094	11.688	77	6.1538	78	17.841	77.348
384	20.842	80.607	21.176	85	0	0	21.176	85	14.595	74	6.0759	79	20.652	75.538
385	29.664	74.838	29.62	79	1.3333	90	30.929	79.537	20	69	8.6957	69	28.696	69
386	23.176	77.667	22.41	83	0.74074	81	23.15	82.938	15	72	8.4507	71	23.45	71.643
387	23.296	77.267	23.25	80	2.0225	89	25.249	80.794	20.548	73	0.9375	64	21.472	72.654
388	23.52	79.081	24.878	82	0.72289	83	25.601	82.029	16	75	5.5263	76	21.526	75.259
389	22.987	77	25.823	79	0.76923	78	26.592	78.971	12.329	73	7.1053	76	19.427	74.125
390	23.904	75.3	24.615	78	0.70588	85	25.316	78.212	18.592	71	4	75	22.581	71.741
391	25.727	69.967	26.301	73	0	0	26.301	73	18.806	67	6.4615	65	25.263	66.5
392	24.362	67.727	24.857	70	0	0	24.857	70	19.385	65	4.5455	66	23.929	65.192
393	25.427	69.61	25.479	73	0.77922	77	26.256	73.125	23.077	65	1.6901	71	24.754	65.444
394	28.53	65.194	30.882	68	0.86957	69	31.752	68.028	18.689	61	6.7742	62	25.461	61.269
395	30.391	62.19	29.538	65	0.96774	62	30.504	64.909	24.407	59	6	60	30.405	59.2
396	29.917	63.175	29.538	65	0.92308	65	30.462	65	24.194	62	5.2632	57	29.428	61.167
397	27.246	71.569	26.4	75	0.76923	78	27.168	75.088	24.706	68	2.7692	65	27.47	67.71
398	28.375	68.723	28.286	70	0.75	80	29.021	70.294	25.075	67	2.6866	67	27.761	67
399	30.427	66.06	36	65	0	0	36	65	20.597	67	4.2857	70	24.876	67.536
400	27.953	68.688	24.324	74	0	0	24.324	74	29.062	64	2.8125	64	31.875	64
401	28.564	63.017	29.538	65	0	0	29.538	65	21	60	6.6667	63	27.654	60.75
402	26.495	65.672	26.957	69	0.88235	68	27.839	68.969	20.323	62	5	60	25.318	61.615
403	24.87	66.345	26.471	68	0.68182	88	27.096	68.645	14.286	63	8.4375	64	22.722	63.375
404	29.88	61.246	30	62	1.9672	61	31.967	61.939	24	60	3.8095	63	27.801	60.429
405	30.1	64.785	28.235	68	1.5584	77	29.768	68.529	25.574	61	5.0847	59	30.654	60.677
406	24.304	67.891	21.667	72	1.791	67	23.45	71.643	20.625	64	4.6875	64	25.312	64
407	25.87	67.259	23.478	69	2.5714	70	26.049	69.1	18.462	65	7.2727	66	25.733	65.286
408	30.023	62.952	33.231	65	0	0	33.231	65	25	60	1.9048	63	26.9	60.222
409	32.752	59.538	32.903	62	0.98361	61	33.887	61.971	24.643	56	7.1186	59	31.746	56.7
410	34.876	56.773	38.571	56	1.0169	59	39.586	56.081	24.828	58	5.3571	56	30.179	57.655
411	30.605	62.734	29.538	65	0.8	75	30.32	65.303	24	60	7	60	31	60
412	31.459	61.985	30	66	0.9375	64	30.937	65.941	27.368	57	4.918	61	32.266	57.645
413	33.594	58.046	34.426	61	0	0	34.426	61	29.455	55	3.5294	51	32.967	54.6
414	31.55	62.758	31.385	65	1.6667	72	33.033	65.389	24.407	59	5.8065	62	30.201	59.6
415	32.701	59.631	30	64	1.791	67	31.787	64.176	30	54	4.0678	59	34.038	54.645
416	29.183	58.596	30.492	61	0	0	30.492	61	20.357	56	7.6364	55	27.992	55.731
417	33.042	59.015	30.968	62	2	60	32.966	61.882	24	55	9.3103	58	33.291	55.871
418	28.608	65.016	25.97	67	0	0	25.97	67	25.312	64	6	60	31.293	63.273
419	28.004	66.419	28.696	69	0.72289	83	29.39	69.412	20.952	63	5.8065	62	26.758	62.786
420	29.422	64.238	29.552	67	1.875	64	31.424	66.829	21.639	61	5.9016	61	27.541	61
421	32.654	60.636	32.381	63	0.96774	62	33.348	62.971	24.828	58	7.2414	58	32.069	58
422	35.468	58.362	34.426	61	0	0	34.426	61	30	56	6.6667	54	36.66	55.647
423	32.917	58.328	37.241	58	1.25	48	38.455	57.73	23.39	59	4	60	27.389	59.148
424	28.333	67.766	32.647	68	0	0	32.647	68	18.806	67	5.2174	69	24.02	67.444
425	28.652	69.106	29.577	71	0.98361	61	30.542	70.722	22.059	68	4.7619	63	26.799	67.167
426	29.701	63.635	33.871	62	0.86957	69	34.73	62.194	20.909	66	3.8095	63	24.712	65.556
427	32.834	60.303	30.492	61	1.7647	68	32.235	61.424	27.458	59	6	60	33.456	59.182
428	30.701	59.607	31.935	62	0	0	31.935	62	18.214	56	11.379	58	29.585	56.786
429	28.445	66.444	32.239	67	0	0	32.239	67	17.273	66	7.3846	65	24.656	65.704
430	29.877	66.273	31.304	69	0	0	31.304	69	20	63	8.5714	63	28.571	63
431	32.719	61.433	30.462	65	0.89552	67	31.356	65.059	28.966	58	5.3571	56	34.317	57.697
432	28.216	65.919	25.714	70	0.78947	76	26.498	70.194	25.574	61	4.6154	65	30.173	61.645
433	29.332	61.367	28.125	64	1.875	64	30	64	23.793	58	5	60	28.788	58.357
434	31.847	61.231	29.524	63	0.88235	68	30.401	63.156	27.458	59	5.9016	61	33.354	59.364
435	31.244	59.532	31.429	63	0.83333	72	32.245	63.265	21.818	55	8.7273	55	30.545	55
436	32.786	59.477	34	60	0.96774	62	34.967	60.057	27.458	59	3.1579	57	30.612	58.8
437	28.467	65.339	31.818	66	0.77922	77	32.576	66.306	18.75	64	5.625	64	24.375	64
438	34.064	60.768	32.459	61	1	60	33.459	60.971	30	60	4.6875	64	34.67	60.571
439	31.203	60.571	31.429	63	0.90909	66	32.336	63.088	27.368	57	2.8571	63	30.197	57.621
440	30.89	62.156	31.429	63	1.0169	59	32.442	62.882	24.59	61	4.7619	63	29.348	61.333
441	27.821	64.7	25.588	68	1.5789	76	27.147	68.516	23.226	62	5.5556	54	28.703	60.621
442	29.73	63.571	29.091	66	0.86957	69	29.959	66.091	23.607	61	6	60	29.605	60.8
443	32.819	63.072	32.727	66	0	0	32.727	66	32	60	1.0714	56	33.067	59.879
444	35.019	54.828	36.207	58	0	0	36.207	58	27.059	51	7.0588	51	34.118	51
445	36	55	33	60	0	0	33	60	34.8	50	4.8	50	39.6	50
446	35.035	56.515	32	60	1.9355	62	33.933	60.118	33.962	53	2.5	48	36.441	52.688
447	31.432	57.267	31.034	58	1.875	64	32.891	58.375	26.786	56	3.2143	56	30	56
448	35.924	58.457	37.627	59	1.0714	56	38.696	58.921	30	58	3.1579	57	33.157	57.906
449	31.04	63.788	31.818	66	1.7647	68	33.581	66.108	27.541	61	1.0714	56	28.605	60.828
450	30.043	64.908	32.308	65	0.86957	69	33.174	65.111	22.154	65	4.7619	63	26.912	64.655
451	30.028	64.938	27.826	69	0	0	27.826	69	28.525	61	3.9344	61	32.459	61
452	32.54	60.848	28.125	64	0.86957	69	28.989	64.161	33.103	58	3.1579	57	36.26	57.914
453	32.422	59.219	28.571	63	0	0	28.571	63	34.286	56	2.2222	54	36.505	55.882
454	34.956	55.785	30.508	59	1	60	31.508	59.032	35.094	53	3.5294	51	38.619	52.824
455	32.525	59.954	32.459	61	0	0	32.459	61	28.475	59	4.1379	58	32.611	58.875
456	28.88	59.211	28.525	61	0	0	28.525	61	24.211	57	5.0847	59	29.29	57.357
457	26.822	63.754	23.824	68	1	60	24.81	67.714	27	60	2.0339	59	29.033	59.931
458	36.667	57.271	36	60	0.89552	67	36.884	60.189	33.333	54	3.3333	54	36.667	54
459	28.194	62.78	29.538	65	0	0	29.538	65	23	60	3.9344	61	26.933	60.148
460	32.312	58.492	31.475	61	0	0	31.475	61	30	56	3.2727	55	33.272	55.903
461	30.693	56.69	26.129	62	1.0345	58	27.159	61.857	30	52	4.7059	51	34.704	51.867
462	34.252	59.559	30	64	2	60	31.993	63.765	32.727	55	4.1379	58	36.854	55.353
463	37.433	56.1	35.593	59	0.96774	62	36.559	59.083	36.226	53	2.3077	52	38.533	52.941
464	30.363	61.258	27.188	64	0	0	27.188	64	28.475	59	5.1724	58	33.646	58.848
465	38.977	54.648	38.947	57	0	0	38.947	57	35.769	52	3.3962	53	39.164	52.088
466	26.653	64.158	25.075	67	2.7273	66	27.801	66.903	22.623	61	3	60	25.622	60.885
467	29.891	64.234	29.552	67	0.85714	70	30.408	67.088	24.59	61	4.918	61	29.508	61
468	30.215	64.538	30	66	1.0345	58	31.02	65.765	26.667	63	2.7692	65	29.433	63.194
469	34.26	60.42	32.381	63	0	0	32.381	63	33.103	58	3.1579	57	36.26	57.914
470	27.761	67	27.042	71	0	0	27.042	71	24.762	63	3.9344	61	28.693	62.733
471	33.936	57.462	36	60	0	0	36	60	27.273	55	4.8	50	32.038	54.31
472	34.372	58.478	35.172	58	0.95238	63	36.118	58.143	27.458	59	5.1724	58	32.629	58.844
473	33.207	58.723	30	62	0.96774	62	30.968	62	32.727	55	2.9508	61	35.646	55.545
474	31.443	63.925	29.091	66	1.6901	71	30.772	66.294	28.525	61	3.6923	65	32.203	61.485
475	27.209	65.051	26.471	68	0.96774	62	27.431	67.806	22.258	62	4.8387	62	27.097	62
476	34.285	56.877	35.593	59	0	0	35.593	59	30	54	3.1034	58	33.088	54.4
477	26.323	63.821	26.25	64	0	0	26.25	64	21.562	64	4.8387	62	26.397	63.643
478	34.535	57.333	30.492	61	0	0	30.492	61	35.556	54	3.2727	55	38.827	54.086
479	28.687	64.839	23.478	69	1.6667	72	25.142	69.207	32.459	61	0	0	32.459	61
480	29.85	63.317	28.615	65	1.7143	70	30.32	65.303	25.574	61	3.871	62	29.444	61.133
481	31.335	62.231	30.938	64	2.0339	59	32.96	63.714	24.59	61	5.1724	58	29.752	60.5
482	35.598	61.521	33.75	64	0.92308	65	34.673	64.027	34.576	59	2.069	58	36.645	58.944
483	28.563	67.219	27.826	69	0	0	27.826	69	26.364	66	3	60	29.341	65.438
484	30.388	64.169	27.761	67	1.8462	65	29.606	66.879	27.097	62	4.2105	57	31.283	61.375
485	32.933	60.121	35.41	61	0	0	35.41	61	28.475	59	2	60	30.474	59.067
486	30.885	63.138	31.385	65	0	0	31.385	65	27.541	61	2.9032	62	30.444	61.097
487	30.414	62.143	26.769	65	1.7391	69	28.502	65.258	30.508	59	1.9672	61	32.474	59.125
488	24.888	65.093	23.824	68	0.82192	73	24.641	68.179	22.258	62	3	60	25.255	61.769
489	24.53	63.596	21.818	66	1.7143	70	23.527	66.308	22.623	61	3	60	25.622	60.885
490	32.634	59.754	30.492	61	0.9375	64	31.427	61.094	28.966	58	4.918	61	33.872	58.455
491	34.645	57.152	33.684	57	1.1538	52	34.829	56.848	29.474	57	5	60	34.462	57.455
492	30.937	63.031	30.462	65	0	0	30.462	65	29.508	61	1.9672	61	31.475	61
493	34.752	59.565	33.871	62	0	0	33.871	62	34.737	57	1.0169	59	35.753	57.059
494	28.113	66.161	27.761	67	0.59406	101	28.209	68.062	26.25	64	1.8182	66	28.067	64.133
495	36.289	55.388	38.571	56	0	0	38.571	56	28.364	55	5.6604	53	34.018	54.677
496	41.153	47.385	40	48	1.0909	55	41.069	48.212	37.021	47	4.2857	42	41.263	46.531
497	39.278	49.646	35.294	51	0.98361	61	36.241	51.323	41.25	48	1.1538	52	42.396	48.118
498	31.088	57.9	28.525	61	0	0	28.525	61	28.364	55	5.4545	55	33.818	55
499	34.181	56.172	28.475	59	1.9048	63	30.371	59.267	35.094	53	3.1034	58	38.173	53.441
500	32.56	58.969	30	62	0	0	30	62	34.286	56	1	60	35.281	56.121
501	26.375	63.696	25.455	66	0.77922	77	26.213	66.379	21.639	61	5	60	26.638	60.815
502	28.594	62.95	27.761	67	0	0	27.761	67	21	60	8.7273	55	29.682	58.621
503	28.927	63.262	28.657	67	0	0	28.657	67	27.458	59	1.9672	61	29.423	59.138
504	29.093	62.902	25.97	67	0.82192	73	26.786	67.2	27.458	59	4.2105	57	31.664	58.742
505	30.526	58.967	25.161	62	1.6901	71	26.819	62.643	32.143	56	2.3077	52	34.439	55.75
506	31.379	61.188	31.875	64	0	0	31.875	64	27.931	58	3.1034	58	31.034	58
507	30.815	61.333	28.571	63	0.90909	66	29.479	63.097	27.458	59	4.7619	63	32.201	59.625
508	31.711	62.439	29.091	66	0	0	29.091	66	33.559	59	0.96774	62	34.525	59.088
509	30.125	63.734	27.761	67	1.8462	65	29.606	66.879	27	60	3.8095	63	30.801	60.387
510	30.508	59.984	31.429	63	0	0	31.429	63	25.714	56	4.0678	59	29.772	56.429
511	26.77	66.119	23.478	69	1.5789	76	25.042	69.483	27.619	63	1.0169	59	28.632	62.867
512	30.72	62.5	32.308	65	0	0	32.308	65	26	60	3.2727	55	29.252	59.483
513	32.631	56.082	31	60	0.89552	67	31.884	60.219	30.588	51	3.2143	56	33.775	51.517
514	27.998	65.361	25.455	66	3.8961	77	29.261	67.667	21.905	63	4.918	61	26.819	62.643
515	32.551	58.984	31.935	62	0	0	31.935	62	25.714	56	7.6364	55	33.349	55.774
516	35.589	56.478	34.286	56	3.2143	56	37.5	56	33.684	57	0	0	33.684	57
517	31.008	60.952	29.062	64	0	0	29.062	64	28.966	58	4.1379	58	33.103	58
518	24.6	62.196	25.714	63	0.9375	64	26.652	63.036	18.689	61	3.871	62	22.559	61.174
519	30.831	58.383	33	60	1.0345	58	34.033	59.941	24.643	56	3.0508	59	27.686	56.346
520	33.818	60.324	30.462	65	0	0	30.462	65	34.286	56	3.2727	55	37.557	55.914
521	26.855	64.793	27.761	67	0.84507	71	28.603	67.125	24.194	62	1	60	25.193	61.923
522	32.409	60.169	34.839	62	0	0	34.839	62	26.897	58	3.1579	57	30.054	57.897
523	30.659	62.625	27.692	65	0.76923	78	28.432	65.419	30	60	3	60	33	60
524	30.244	59.517	30	62	0.83333	72	30.812	62.312	26.786	56	3.0508	59	29.829	56.321
525	36.99	51.906	34.286	56	0.92308	65	35.186	56.273	29.362	47	10	48	39.358	47.258
526	28.695	60.638	29.062	64	0.77922	77	29.811	64.406	22.5	56	5.3571	56	27.857	56
527	29.423	62.197	27.188	64	2.8125	64	30	64	26	60	2.9032	62	28.9	60.207
528	23.487	67.698	23.662	71	0.78947	76	24.448	71.172	18.75	64	3.9344	61	22.677	63.5
529	31.646	60.672	26.364	66	2.8571	63	29.215	65.719	30.545	55	4	60	34.517	55.625
530	33.646	58.848	29.524	63	1.2245	49	30.689	62.562	30.545	55	6.3158	57	36.854	55.353
531	29.384	60.237	29.032	62	0	0	29.032	62	27.931	58	1.875	64	29.787	58.414
532	28.638	63.902	25.714	70	0	0	25.714	70	30	58	2.069	58	32.069	58
533	27.245	66.067	28.235	68	0	0	28.235	68	22.5	64	3.8095	63	26.309	63.857
534	34.887	54.175	36.226	53	1.8462	65	37.985	53.706	24.444	54	7.3684	57	31.796	54.724
535	32.043	58.984	35	60	0	0	35	60	24.211	57	4.918	61	29.109	57.714
536	33.195	56.937	34.576	59	0	0	34.576	59	26.667	54	5.2632	57	31.917	54.517
537	24.031	62.42	27.188	64	1.1321	53	28.287	63.633	11.803	61	8	60	19.802	60.6
538	27.144	61.893	30.938	64	0	0	30.938	64	20.339	59	3.1034	58	23.442	58.87
539	26.977	61.164	23.636	66	0	0	23.636	66	25.263	57	5.3571	56	30.619	56.828
540	31.043	56.052	30.508	59	0.88235	68	31.371	59.29	27.692	52	3.2727	55	30.955	52.333
541	28.069	65.197	24.507	71	0	0	24.507	71	27.458	59	4.6154	65	32.033	59.938
542	28.632	62.867	28.657	67	0.96774	62	29.619	66.848	22.759	58	5.1724	58	27.931	58
543	25.763	61.717	25.312	64	1.8462	65	27.158	64.069	21.356	59	3.1034	58	24.459	58.875
544	25.297	66.411	25.714	70	0.76923	78	26.474	70.258	21.29	62	3.0508	59	24.335	61.64
545	31.98	58.161	32	60	1.0909	55	33.084	59.848	23.571	56	7.3684	57	30.938	56.241
546	29.154	60.712	29.524	63	0.98361	61	30.506	62.938	20.357	56	7.619	63	27.895	58.074
547	26.46	65.759	25.97	67	0	0	25.97	67	24.375	64	2.6087	69	26.97	64.517
548	25.804	65.107	25.588	68	0	0	25.588	68	22.258	62	3.871	62	26.129	62
549	26.203	60.679	26.667	63	1.1538	52	27.786	62.621	16.271	59	8.4211	57	24.686	58.333
550	25.677	65.429	25.217	69	1.7391	69	26.957	69	18.689	61	5.9016	61	24.59	61
551	23.915	67.741	20.548	73	1.7391	69	22.282	72.704	20	63	5.8065	62	25.805	62.778
552	24.324	62.902	25.312	64	1.7143	70	27.013	64.414	15.484	62	6.2069	58	21.672	60.909
553	24.747	63.038	22.727	66	0.8	75	23.513	66.346	19	60	7.1186	59	26.117	59.731
554	28.483	60.035	30.476	63	0	0	30.476	63	23.571	56	3.1034	58	26.671	56.24
555	24.212	60.714	24.923	65	0.96774	62	25.889	64.893	16.071	56	6.7925	53	22.85	55.143
556	30.5	59.017	26.129	62	2.8125	64	28.939	62.2	26.786	56	5.4545	55	32.239	55.833
557	24.853	62.769	24.923	65	0	0	24.923	65	22	60	2.8571	63	24.851	60.36
558	25.745	64.091	23.824	68	2.8125	64	26.627	67.6	22	60	3.0508	59	25.05	59.88
559	31.295	58.475	25.714	63	3	60	28.708	62.7	30	54	4.2105	57	34.199	54.387
560	23.906	64	29.062	64	0	0	29.062	64	15	64	3.75	64	18.75	64
561	25.472	68.31	25.352	71	0.88235	68	26.233	70.903	19.091	66	5.7143	63	24.796	65.333
562	24.08	74.75	23.377	77	0.75	80	24.126	77.097	18.333	72	5.7534	73	24.086	72.241
563	24.18	70.719	21.6	75	1.6216	74	23.221	74.931	19.701	67	5.625	64	25.318	66.357
564	21.431	75.593	22.308	78	0	0	22.308	78	16.438	73	4.1667	72	20.604	72.8
565	18.975	77.469	18.293	82	0	0	18.293	82	17.746	71	2.1176	85	19.794	72.75
566	20.444	80.709	21.429	84	0.65934	91	22.083	84.226	16	75	2.9268	82	18.906	76.167
567	22.441	73.527	25.263	76	0.75	80	26.011	76.121	13.043	69	5.9155	71	18.956	69.636
568	25.21	71.4	23.662	71	3.2877	73	26.947	71.25	18.333	72	5.1429	70	23.473	71.571
569	17.659	83.245	18.409	88	0.67416	89	19.083	88.036	11.538	78	4.8649	74	16.394	76.857
570	20.689	75.404	20.26	77	0	0	20.26	77	18.904	73	2.25	80	21.136	73.808
571	16.463	80.182	18.072	83	0.67416	89	18.743	83.231	7.6923	78	6.5753	73	14.252	75.778
572	21.026	74.192	20.769	78	0.83333	72	21.598	77.786	15.652	69	4.9315	73	20.571	70
573	23.409	71.768	24	75	1.6901	71	25.686	74.75	16.765	68	4.4776	67	21.242	67.792
574	21.788	77.107	21	80	1.3953	86	22.388	80.4	18.082	73	3.2	75	21.28	73.308
575	21.141	72.373	18.4	75	1.5	80	19.894	75.4	20.87	69	1.6	75	22.458	69.462
576	19.162	78.28	17.647	85	1.3483	89	18.993	85.296	14.783	69	4.9315	73	19.702	70.043
577	20.085	76.176	19.259	81	1.3636	88	20.613	81.5	13.714	70	6.087	69	19.8	69.696
578	22.918	69.377	23.662	71	0.86957	69	24.531	70.931	17.91	67	3.4286	70	21.333	67.5
579	27.097	62	25.455	66	0	0	25.455	66	22.759	58	6.2069	58	28.966	58
580	26.168	63.055	27.188	64	0	0	27.188	64	21.29	62	3.871	62	25.161	62
581	29.752	60.5	30.968	62	1.791	67	32.748	62.294	12.857	56	14	60	26.825	58.154
582	20.334	69.34	21.081	74	0.8	75	21.881	74.037	13.333	63	5.7143	63	19.048	63
583	23.086	66.275	22.609	69	0.75	80	23.34	69.407	17.143	63	5.8065	62	22.948	62.75
584	25.393	66.161	23.478	69	0.9375	64	24.411	68.821	20.323	62	6.1765	68	26.457	63.5
585	17.743	79.468	17.143	84	0	0	17.143	84	16	75	2.4658	73	18.464	74.739
586	21.478	69.84	17.368	76	3.1169	77	20.485	76.154	13.333	63	9.5238	63	22.857	63
587	18.733	72.067	19.2	75	0.72289	83	19.915	75.32	12.353	68	5.2941	68	17.647	68
588	20.075	73.224	18.462	78	0.71429	84	19.172	78.24	16.765	68	4.4118	68	21.176	68
589	26.566	66.627	25.588	68	3.3333	72	28.912	68.485	17.812	64	6.4615	65	24.273	64.269
590	21.536	75.222	20	78	0.71429	84	20.71	78.222	20	72	2.4324	74	22.431	72.222
591	19.916	76.824	16.5	80	2.093	86	18.583	80.72	15.833	72	5.5263	76	21.347	73.077
592	18.387	81.58	18.571	84	1.2766	94	19.831	84.714	14.615	78	2.4	75	17.012	77.591
593	17.578	76.8	14.634	82	0	0	14.634	82	18.082	73	2.5714	70	20.65	72.64
594	16.501	76.357	18.75	80	0	0	18.75	80	8.4507	71	5.9155	71	14.366	71
595	20.219	77.154	20	81	0	0	20	81	16.667	72	3.8961	77	20.548	73
596	21.353	77.273	22.025	79	0	0	22.025	79	17.027	74	3.7037	81	20.704	75.346
597	20.358	73.68	20.8	75	1.4118	85	22.189	75.714	15	72	3.5821	67	18.568	71.091
598	17.872	77.217	18.228	79	1.5385	78	19.766	78.923	13.6	75	2.4	75	16	75
599	16.585	79.591	17.561	82	0	0	17.561	82	13.247	77	2.4	75	15.645	76.7
600	19.352	75.959	20.25	80	0	0	20.25	80	14.366	71	4.2254	71	18.592	71
601	21.136	73.808	18.228	79	1.5584	77	19.785	78.846	18.529	68	4.1667	72	22.685	68.769
602	16.3	79.14	18.293	82	0	0	18.293	82	11.842	76	2.5352	71	14.368	75.167
603	18.475	74.696	20.769	78	0	0	20.769	78	8.5714	70	7.7143	70	16.286	70
604	20.984	75.774	23.377	77	0	0	23.377	77	15.405	74	3.2	75	18.605	74.174
605	23.546	73.897	27.2	75	0	0	27.2	75	13.151	73	6.7606	71	19.908	72.333
606	18.891	77.816	21.538	78	1.3953	86	22.92	78.533	8.8	75	6.0759	79	14.866	76.684
607	18.985	80.588	18.795	83	0.69767	86	19.492	83.111	14.026	77	4.5	80	18.521	77.75
608	18.038	79.833	15.862	87	0.68966	87	16.552	87	13.151	73	6.6667	72	19.817	72.667
609	17.93	78.638	15.714	84	0.67416	89	16.386	84.217	13.973	73	5.6757	74	19.648	73.292
610	17.362	77.756	20	78	0	0	20	78	13.247	77	1.4815	81	14.725	77.421
611	17.24	81.787	14	90	0.61856	97	14.615	90.318	14.595	74	5.6	75	20.194	74.28
612	18.253	83.824	17.045	88	1.3953	86	18.44	87.852	12.911	79	5.25	80	18.161	79.292
613	18.008	78.298	18.293	82	0	0	18.293	82	11.842	76	6	70	17.816	74.091
614	18.546	80.88	19.286	84	0	0	19.286	84	14.026	77	3.8462	78	17.872	77.217
615	18.419	76.553	17.25	80	0.75949	79	18.009	79.958	13.151	73	5.7534	73	18.904	73
616	18.694	80.24	17.857	84	0	0	17.857	84	18.158	76	1.4634	82	19.613	76.48
617	17.042	77.455	17.25	80	1.4815	81	18.731	80.08	8.9189	74	6.4865	74	15.405	74
618	21.462	75.481	21.266	79	0	0	21.266	79	15	72	6.7606	71	21.76	71.692
619	22.375	67.04	24.857	70	0.82192	73	25.678	70.1	10.645	62	8.5714	63	19.215	62.45
620	22.136	75.893	22.222	81	0	0	22.222	81	13.714	70	8.5714	70	22.286	70
621	18.541	80.9	17.647	85	2.0455	88	19.69	85.321	15.2	75	2.3377	77	17.536	75.273
622	17.146	85.735	15.824	91	0	0	15.824	91	12.593	81	6	80	18.592	80.68
623	13.857	86.6	15	92	0.68182	88	15.681	91.833	10.5	80	1.7143	70	12.19	78.75
624	14.433	93.533	13.939	99	0.64516	93	14.582	98.75	10.345	87	4.0449	89	14.388	87.571
625	13.359	92.073	10.408	98	0	0	10.408	98	11.724	87	4.6667	90	16.387	87.875
626	14.304	90.186	10.2	100	0	0	10.2	100	15.181	83	3.4483	87	18.623	83.769
627	13.867	97.356	15.146	103	0.56075	107	15.706	103.15	8.4783	92	3.75	80	12.18	88.667
628	18.607	85.453	20.69	87	0	0	20.69	87	12	85	4.557	79	16.54	83.435
629	12.789	91.487	12.245	98	0	0	12.245	98	8.4706	85	5	84	13.47	84.632
630	13.048	94.268	12.475	101	0	0	12.475	101	11.86	86	1.9149	94	13.761	87.2
631	16.269	92.2	15.464	97	0	0	15.464	97	13.793	87	3.3708	89	17.162	87.4
632	15.189	92.83	15.306	98	0.6	100	15.906	98.077	9.6552	87	4.9412	85	14.595	86.333
633	16.939	93.868	18.6	100	0	0	18.6	100	9.2857	84	6.2069	87	15.488	85.227
634	15.934	90.375	14.694	98	0	0	14.694	98	12.593	81	4.8276	87	17.402	82.75
635	19.819	81.741	20	87	0	0	20	87	13.6	75	6.2338	77	19.831	75.64
636	19.434	86.446	20.899	89	0.6383	94	21.535	89.156	15.904	83	1.4815	81	17.384	82.833
637	15.131	89.222	12.632	95	0.74074	81	13.357	94.333	12.558	86	4.4444	81	16.991	84.75
638	18.317	83.529	19.551	89	0.63158	95	20.179	89.2	10	72	6.75	80	16.705	75.429
639	15.978	90.125	17.684	95	0.66667	90	18.349	94.828	9.5122	82	4.2353	85	13.744	82.947
640	14.033	89.786	12.632	95	0.55556	108	13.177	95.619	7.9518	83	7.0588	85	15.009	83.952
641	16.327	84.522	16	90	0	0	16	90	13.5	80	3.3333	72	16.806	78.545
642	19.412	85	21.333	90	0	0	21.333	90	11.688	77	6	80	17.682	78.043
643	20.425	79.315	22.143	84	0	0	22.143	84	13.151	73	5.7534	73	18.904	73
644	19.575	81.226	17.857	84	2.069	87	19.924	84.321	14.615	78	4.6753	77	19.29	77.76
645	19.286	79.333	21.22	82	0	0	21.22	82	11.351	74	6.0759	79	17.41	75.818
646	21.047	79.821	21.687	83	0.61856	97	22.288	83.452	13.6	75	6.3158	76	19.915	75.32
647	20.252	81.473	19.059	85	1.3043	92	20.355	85.483	16.364	77	3.8961	77	20.26	77
648	21.778	79.897	20.69	87	0	0	20.69	87	16.667	72	6.5753	73	23.241	72.286
649	19.846	81.63	20	87	0.6383	94	20.634	87.233	12	75	7.2973	74	19.296	74.625
650	17.46	87.627	16.596	94	1.4118	85	17.995	93.357	13.5	80	3.6145	83	17.111	80.652
651	14.653	92.133	12.99	97	0.61224	98	13.602	97.045	12.414	87	3.3708	89	15.783	87.435
652	10.93	93.324	7.8	100	0.53097	113	8.3227	100.93	10.909	88	2.7273	88	13.636	88
653	16.307	93.824	14.4	100	0.61856	97	15.018	99.88	14.318	88	3.4091	88	17.727	88
654	15.641	90.149	14.227	97	0.60606	99	14.833	97.083	12	85	4.6753	77	16.644	82.913
655	15.158	93.021	14.082	98	0	0	14.082	98	11.868	91	4.5	80	16.317	88.25
656	14.953	94.298	16.2	100	0	0	16.2	100	9.4382	89	4.4444	81	13.857	86.6
657	12.745	96.512	14.257	101	0	0	14.257	101	5.8065	93	5.5172	87	11.311	90.176
658	19.282	88.684	18.511	94	0.60606	99	19.115	94.167	13.902	82	5.7143	84	19.614	82.593
659	13.653	92.286	13.469	98	0	0	13.469	98	8.3721	86	5.5814	86	13.953	86
660	15.172	92.936	15.446	101	0	0	15.446	101	11.707	82	3.4884	86	15.189	82.952
