# Time-series
# t	r	v	r_1_P	v_1_P	r_1_L	v_1_L	r_1	v_1	...
300	3.4133	93.75	1.165	103	0	0	1.165	103	2.8846	104	2.0225	89	4.8793	98.375	0.77922	77	3.4884	86	4.2604	84.5
301	3.6598	87.438	0	0	0	0	0	0	3.2609	92	1.3187	91	4.5794	91.714	1.4815	81	4.9412	85	6.4201	84.111
302	3.6835	86.875	1.3333	90	0	0	1.3333	90	4.4681	94	1.4458	83	5.8981	91.556	0.76923	78	3.1169	77	3.886	77.2
303	1.6368	97.75	0	0	0	0	0	0	3.5644	101	0.65217	92	4.212	99.714	0	0	0.71429	84	0.71429	84
304	4.2951	88.474	2.3301	103	0	0	2.3301	103	3.2609	92	0	0	3.2609	92	0.84507	71	6.5854	82	7.4166	80.9
305	4.1512	86.722	0	0	0	0	0	0	3.0612	98	1.4286	84	4.4681	94	3.4483	87	4.6154	78	8.0399	82.091
306	4.4433	94.524	3.0928	97	0	0	3.0928	97	4.8485	99	1.9565	92	6.7978	97.091	0.65217	92	2.8235	85	3.4722	86.4
307	2.915	82.333	0	0	0	0	0	0	0.71429	84	3.4884	86	4.2023	85.667	2.1176	85	2.4658	73	4.557	79
308	2.604	92.167	0.41667	144	0	0	0.41667	144	3.913	92	0	0	3.913	92	0	0	3.6585	82	3.6585	82
309	4.0602	88.667	0	0	0	0	0	0	1.2903	93	2.6374	91	3.9273	91.667	1.2903	93	6.9767	86	8.26	87.167
310	4.1281	92.053	0	0	0	0	0	0	7.2727	99	0.77922	77	8.0158	97.308	0.9375	64	3.5714	84	4.4628	80.667
311	3.089	90.643	1.165	103	0	0	1.165	103	3.2609	92	0	0	3.2609	92	1.3483	89	3.5294	85	4.8756	86.143
312	3.1587	88.643	0.58252	103	0	0	0.58252	103	1.3483	89	2	90	3.3482	89.6	0.63158	95	4.9412	85	5.5652	86.25
313	2.5608	85.909	0	0	0	0	0	0	5.5814	86	0.65934	91	6.2388	86.556	0	0	1.4458	83	1.4458	83
314	6.5333	85.714	3.2609	92	0	0	3.2609	92	6.7416	89	3.4884	86	10.227	88	1.6438	73	4.557	79	6.1935	77.5
315	4.2976	88.421	1.1881	101	0	0	1.1881	101	2.4242	99	2.1687	83	4.5581	92.143	2.1429	84	5.0602	83	7.2029	83.3
316	4.398	90.95	0	0	0.55556	108	0.55556	108	3.6735	98	1.3483	89	5.0131	95.75	4.2353	85	3.4483	87	7.6825	85.909
317	4.2621	93.85	2.3529	102	0	0	2.3529	102	2.4	100	1.9149	94	4.3109	97.429	1.3483	89	4.8276	87	6.1753	87.444
318	3.7263	96.611	0.98361	122	0	0	0.98361	122	3.4615	104	0.65934	91	4.1119	102.14	2.1429	84	4.0909	88	6.2308	86.667
319	3.1381	95.6	0	0	0	0	0	0	5.1923	104	0.75	80	5.9055	101.6	2.1951	82	1.3953	86	3.5885	83.6
320	3.1623	94.867	1.1009	109	0	0	1.1009	109	3.125	96	0	0	3.125	96	1.8	100	3.5294	85	5.2966	90.625
321	6.7605	91.71	4	105	1.165	103	5.1647	104.56	3.871	93	5.7143	84	9.561	87.857	0	0	5.7143	84	5.7143	84
322	4.111	97.3	2.3077	104	0	0	2.3077	104	3.5294	102	2.0455	88	5.5479	97.333	1.1765	102	3.3333	90	4.4954	93.429
323	5.76	83.333	1.2	100	0	0	1.2	100	3.8298	94	4.2857	84	8.0899	89	1.5385	78	6.6667	72	8.1967	73.2
324	4.6877	93.864	2.8571	105	0	0	2.8571	105	4.898	98	0	0	4.898	98	2.1951	82	4.2353	85	6.4286	84
325	3.5901	94.706	1.1429	105	0	0	1.1429	105	5.9406	101	0	0	5.9406	101	0	0	3.8462	78	3.8462	78
326	4.3836	91.25	1.1765	102	0	0	1.1765	102	5.7447	94	0	0	5.7447	94	0.63158	95	5.6471	85	6.271	86.111
327	6.2308	86.667	3.6735	98	0	0	3.6735	98	6.1364	88	2.25	80	8.3721	86	0	0	6.75	80	6.75	80
328	4.6642	90.048	3.0928	97	0	0	3.0928	97	3.956	91	0	0	3.956	91	3.5294	85	3.4483	87	6.9767	86
329	7.0548	90.719	2.9126	103	0	0	2.9126	103	6.875	96	2.6966	89	9.5609	94.133	3	80	5.8537	82	8.8525	81.333
330	3.8923	87.353	1.8947	95	0	0	1.8947	95	4.7191	89	0.70588	85	5.4237	88.5	0.65217	92	3.75	80	4.3902	82
331	5.2796	90.917	4.3299	97	0	0	4.3299	97	3.8298	94	1.4118	85	5.2316	91.75	3.5294	85	2.7907	86	6.3199	85.444
332	5.5652	86.25	3.2258	93	0	0	3.2258	93	6.8966	87	0.65934	91	7.5546	87.364	1.3187	91	4.6753	77	5.9627	80.5
333	7.8374	84.212	4.5161	93	0	0	4.5161	93	7.1429	84	1.4286	84	8.5714	84	3	80	7.5	80	10.5	80
334	6.5958	90.967	6.7347	98	0	0	6.7347	98	4.6154	91	2.093	86	6.7039	89.5	2.1951	82	4.2353	85	6.4286	84
335	8.0529	91.892	6.6667	99	0.56075	107	7.2241	99.667	5.8696	92	3.4091	88	9.2744	90.571	0.625	96	7.1429	84	7.7564	85.091
336	7.9807	85.206	5.1064	94	1.2	100	6.3025	95.2	4.9412	85	4.2857	84	9.2266	84.538	1.4815	81	7.1053	76	8.5816	76.909
337	5.2854	98.385	3.9252	107	0	0	3.9252	107	5.7692	104	1.3793	87	7.117	101.17	0	0	4.9412	85	4.9412	85
338	6.5912	94.065	2.7778	108	0.58252	103	3.3593	107.17	6.0606	99	2.1176	85	8.1446	95.769	1.3483	89	7.0588	85	8.4047	85.667
339	4.4241	99.455	3.75	112	0	0	3.75	112	4.1584	101	0.68182	88	4.8302	99.375	0	0	4.8276	87	4.8276	87
340	7.3929	94.686	5.3097	113	0	0	5.3097	113	6.4516	93	1.3793	87	7.8261	92	5	84	4.3902	82	9.3889	83.077
341	5.8727	95.357	3.1579	114	0	0	3.1579	114	6.3158	95	2	90	8.3115	93.846	1.4634	82	4.8837	86	6.3446	85.111
342	3.5333	101.89	2.6316	114	0	0	2.6316	114	4.6602	103	0.68182	88	5.3289	101.33	2.069	87	0.65934	91	2.7273	88
343	3.2262	99.188	2.2857	105	0	0	2.2857	105	3.4615	104	0.68182	88	4.1292	101.71	0.60606	99	2.6966	89	3.2967	91
344	6.6342	99.485	8.2569	109	0	0	8.2569	109	4.2857	98	1.3636	88	5.6381	95.778	2.6966	89	3.4884	86	6.1832	87.333
345	7.4932	98.757	5.9459	111	0	0	5.9459	111	6.8571	105	0.65217	92	7.5	104	4.4444	81	4.9412	85	9.3802	83.154
346	5.5395	97.481	4.3636	110	0	0	4.3636	110	5.5102	98	1.2903	93	6.7978	97.091	1.9355	93	3.7037	81	5.614	85.5
347	6.6171	102.76	4.1379	116	0	0	4.1379	116	8.5714	105	0	0	8.5714	105	2.6087	92	4.7191	89	7.3259	90.091
348	3.6102	94.176	1.1538	104	0	0	1.1538	104	4.2	100	0.68966	87	4.8793	98.375	1.3636	88	3.4884	86	4.8515	86.571
349	5.3879	92.8	3.1304	115	0	0	3.1304	115	5.9341	91	2.7273	88	8.6593	90.077	0.81081	74	3.8961	77	4.7059	76.5
350	7.1106	87.194	4.0385	104	0.67416	89	4.7001	102.12	4.8837	86	7.4074	81	12.28	83.059	1.6438	73	2.9268	82	4.557	79
351	5.7415	97.536	5.0467	107	0.5042	119	5.5453	108.2	6.8041	97	0.67416	89	7.474	96.333	0.64516	93	3.75	80	4.3813	82.167
352	7.1512	97.886	6.6667	108	0	0	6.6667	108	7.2	100	2.093	86	9.2593	97.2	0	0	5.7143	84	5.7143	84
353	5.2654	94.96	3.2727	110	0.58824	102	3.8583	108.86	6.25	96	2.069	87	8.3047	93.923	0.84507	71	3	80	3.8363	78.2
354	9.7601	94.261	9.1429	105	0	0	9.1429	105	8.4783	92	2.6966	89	11.173	91.294	4.186	86	5	84	9.1848	84.923
355	8.7735	93.463	9.0909	99	0	0	9.0909	99	8.2979	94	1.3483	89	9.6429	93.333	2.7273	88	4.9412	85	7.6663	86.091
356	6.1053	95	4.3636	110	0	0	4.3636	110	3.6735	98	2.7273	88	6.383	94	0	0	7.7647	85	7.7647	85
357	9.8213	93.674	8	105	0	0	8	105	7.2527	91	4	90	11.252	90.647	4.8837	86	5.5172	87	10.401	86.533
358	7.9989	97.513	6.3462	104	0	0	6.3462	104	9.697	99	0.63158	95	10.328	98.765	2.6374	91	4.7727	88	7.4082	89.091
359	10.79	94.529	9.4118	102	0	0	9.4118	102	11.368	95	1.3793	87	12.739	94.2	3.2258	93	7.1429	84	10.345	87
360	10.38	94.408	8.5714	105	0	0	8.5714	105	14.194	93	2.069	87	16.255	92.28	3.5714	84	2.963	81	6.5323	82.667
361	9.1484	98.378	9.5327	107	0	0	9.5327	107	6.8571	105	1.9149	94	8.7549	102.8	2.9268	82	6.5854	82	9.5122	82
362	8.5743	95.634	5.7895	114	0	0	5.7895	114	7.9592	98	2.069	87	10.007	95.938	3.8961	77	6.506	83	10.389	80.857
363	11.985	91.782	13.333	99	0	0	13.333	99	11.461	89	3.5714	84	15.023	87.864	0.68966	87	7.0588	85	7.7481	85.182
364	10.2	90.196	7.7228	101	0	0	7.7228	101	11.868	91	2.8916	83	14.741	89.545	3.9474	76	4.4444	81	8.3834	78.727
365	10.512	93.224	13.939	99	0	0	13.939	99	9.0323	93	2.069	87	11.094	91.941	1.3187	91	5.3846	78	6.6758	80.889
366	11.748	93.636	10.588	102	0.58824	102	11.176	102	12.632	95	0	0	12.632	95	5.7143	84	6	80	11.707	82
367	10.826	94.216	11.068	103	0	0	11.068	103	12.128	94	0.74074	81	12.855	93.35	2.3077	78	6.506	83	8.8073	81.75
368	11.476	94.111	13.8	100	0	0	13.8	100	10.667	90	1.978	91	12.644	90.158	4.5652	92	3.5294	85	8.0823	89.083
369	12.105	89.222	11.02	98	1.8367	98	12.857	98	9.3333	90	2.1429	84	11.468	88.941	6.1538	78	6.1538	78	12.308	78
370	14.958	92.261	14.4	100	0.60606	99	15.006	99.96	13.333	90	4.2353	85	17.558	88.846	6.0674	89	6.4286	84	12.486	86.5
371	15.95	82.758	20	90	0	0	20	90	11.294	85	4.6154	78	15.886	83.091	3.6364	66	8.9552	67	12.591	66.714
372	17.663	75.866	23.25	80	2.4324	74	25.67	79.471	14.795	73	5	72	19.794	72.75	4.4776	67	3.2	75	7.6535	70.556
373	14.493	84.18	12.766	94	1.2903	93	14.056	93.909	12.143	84	3	80	15.137	83.238	9.0411	73	5.6757	74	14.716	73.389
374	19.162	78.28	27.75	80	1.4118	85	29.157	80.256	15.385	78	4	75	19.38	77.4	1.9672	61	7.1053	76	9.0074	73.273
375	19.25	80	20.714	84	0.73171	82	21.446	83.933	15	80	4.6753	77	19.67	79.308	13.421	76	3.3333	72	16.747	75.238
376	21.434	77.446	26.25	80	0.81081	74	27.056	79.833	15.789	76	7.1053	76	22.895	76	7.3973	73	7.013	77	14.4	75
377	17.468	79	16.941	85	1.3953	86	18.336	85.077	15.789	76	1.5584	77	17.348	76.091	8.1081	74	8.8	75	16.907	74.524
378	15.027	82.516	14.483	87	0	0	14.483	87	17.561	82	0.71429	84	18.275	82.08	3.8462	78	8.5714	77	12.417	77.312
379	15.732	78.823	15.714	84	0	0	15.714	84	14.074	81	2.3377	77	16.407	80.455	7.6056	71	7.7143	70	15.319	70.5
380	14.394	83.367	16.364	88	0.64516	93	17.007	88.2	10.12	83	4.1379	87	14.252	84.2	4.557	79	7.6056	71	12.129	74.2
381	16.724	83.714	19.765	85	0	0	19.765	85	15.714	84	3	80	18.708	83.385	6.5854	82	5.122	82	11.707	82
382	16.569	79.667	20.93	86	0	0	20.93	86	14.805	77	3.2432	74	18.044	76.478	4.8	75	6.2687	67	11.034	70.692
383	15.922	75.367	17.349	83	0	0	17.349	83	21.972	71	2.4658	73	24.436	71.207	4.4776	67	1.8462	65	6.3226	66.429
384	21.663	72.937	19.024	82	0.67416	89	19.694	82.259	21.127	71	3.4286	70	24.555	70.862	8.4375	64	12.923	65	21.359	64.609
385	25.649	63.16	27.761	67	0	0	27.761	67	24.59	61	5.1724	58	29.752	60.5	5.625	64	14	60	19.608	61.2
386	30.659	59.363	33.443	61	0	0	33.443	61	27	60	3.8095	63	30.801	60.387	12.857	56	15	56	27.857	56
387	25.976	63.134	29.091	66	0	0	29.091	66	20	66	5.0847	59	25.037	64.704	10.169	59	13.929	56	24.082	57.304
388	29.992	59.348	31.935	62	0	0	31.935	62	30	56	3.2727	55	33.272	55.903	13.77	61	11.186	59	24.95	60.12
389	29.237	54.725	35.556	54	0	0	35.556	54	28.889	54	2.2642	53	31.152	53.929	14.737	57	6.3158	57	21.053	57
390	30.666	58.045	32.542	59	2	60	34.542	59.059	33.214	56	2.0339	59	35.243	56.182	6.7742	62	15.517	58	22.27	59.273
391	30.703	53.415	39.231	52	0	0	39.231	52	27.692	52	1.1321	53	28.824	52.04	13.684	57	10.526	57	24.211	57
392	32.065	54.264	32.143	56	0.8	75	32.855	56.613	33.962	53	4.5283	53	38.491	53	11.111	54	13.846	52	24.948	52.909
393	37.542	44.75	39.545	44	0	0	39.545	44	37.674	43	3.2432	37	40.858	42.586	20	48	12.5	48	32.5	48
394	38.391	39.592	50	36	0	0	50	36	36	35	2.9268	41	38.849	35.522	18.75	48	9.7959	49	28.543	48.348
395	27.597	52.904	31.636	55	1.0345	58	32.668	55.1	23.077	52	4.8	50	27.871	51.667	18.824	51	3.5294	51	22.353	51
396	31.449	50.241	38.667	45	0	0	38.667	45	24.783	46	7.8261	46	32.609	46	12.581	62	12.203	59	24.769	60.56
397	36.354	45.663	40.909	44	0	0	40.909	44	31.364	44	3.4615	52	34.726	44.923	26.25	48	7.3469	49	33.594	48.222
398	37.403	38.5	40	36	0	0	40	36	36.316	38	2.3077	26	38.4	37.5	20	42	14.286	42	34.286	42
399	41.988	25.245	34.286	28	0	0	34.286	28	40	21	9	20	48.983	20.824	27.692	26	17.143	28	44.776	26.8
400	38.107	35.164	40.588	34	0	0	40.588	34	39.31	29	7.2	25	46.39	28.455	23.182	44	7.5	40	30.633	43.091
401	46.309	29.368	46	30	0	0	46	30	47.5	24	10	24	57.5	24	32.571	35	6	30	38.464	34.318
402	41.568	35.123	42.857	35	1.6667	36	44.523	35.038	35.294	34	6.3158	38	41.538	34.667	26.667	36	12	35	38.66	35.696
403	33.301	38.438	29.333	45	0	0	29.333	45	33.846	39	3.3333	36	37.161	38.75	18.621	29	17.419	31	36	30
404	35.725	43.667	35.455	44	0	0	35.455	44	36.279	43	2.449	49	38.684	43.429	19.091	44	13.953	43	33.04	43.583
405	39.56	34.884	38.462	39	0	0	38.462	39	37.5	32	2.4	25	39.789	31.667	31.765	34	9.6774	31	41.382	33.348
406	31.091	45.029	31.915	47	0	0	31.915	47	26.809	47	4.0909	44	30.885	46.625	18.571	42	12.308	39	30.839	40.857
407	33.223	47.557	37.5	48	0	0	37.5	48	30.612	49	3.913	46	34.512	48.679	15	44	12.766	47	27.736	45.429
408	29.112	50.151	31.111	54	0	0	31.111	54	25.882	51	5.1064	47	30.962	50.385	10.244	41	15.652	46	25.816	44.158
409	36.542	23.535	35.625	32	0	0	35.625	32	18.947	19	19.091	22	37.836	20.615	35	12	18.462	13	53.382	12.364
410	49.751	20.1	60	21	0	0	60	21	40.909	22	2.8571	21	43.761	21.938	30	16	17.647	17	47.606	16.385
411	33.642	41.614	34.286	42	0	0	34.286	42	32.857	42	2.8571	42	35.714	42	18.14	43	12.973	37	30.947	40.714
412	29.865	50.227	30	52	0	0	30	52	26.538	52	3.3333	54	29.867	52.231	19.149	47	10.909	44	30.028	45.957
413	34.086	38.138	32.195	41	0	0	32.195	41	32.432	37	1.9355	31	34.319	36.714	18.947	38	17.143	35	36.03	36.636
414	42.328	28.35	44.118	34	0	0	44.118	34	42.222	27	7.2	25	49.388	26.727	21.176	17	18.261	23	38.555	20.231
415	42.132	32.279	38.333	36	0	0	38.333	36	44.516	31	3.6364	33	48.139	31.16	30.968	31	10.435	23	40.816	29.4
416	33.188	43.389	30.698	43	1.3953	43	32.093	43	31.364	44	2.6667	45	34.029	44.08	27.143	42	6.383	47	33.456	43.042
417	30.478	46.592	33.913	46	1.1111	54	34.992	46.296	22.5	48	4.898	49	27.396	48.182	16.596	47	12.558	43	29.098	45.364
418	32.508	39.375	30	46	1.5385	39	31.504	45.708	28.235	34	4.6154	39	32.769	34.789	22.941	34	12	40	34.724	36.286
419	37.565	19.167	33	20	0	0	33	20	33.333	18	6.6667	18	40	18	30	18	10.435	23	39.921	19.538
420	37.29	18.235	42.857	7	0	0	42.857	7	53.333	9	0	0	53.333	9	36	25	15.652	23	51.579	24.429
421	36.15	14.385	80	3	0	0	80	3	60	8	0	0	60	8	26.087	23	14.118	17	39.463	21.286
422	43.44	23.02	54	20	0	0	54	20	60	17	2.7273	22	62.508	17.278	16	30	9	40	24.5	34.286
423	35.374	40.708	33.846	39	1.8182	33	35.623	38.739	35.676	37	4.0909	44	39.641	37.84	18.261	46	13.333	45	31.59	45.583
424	31.614	43.652	38.182	44	0	0	38.182	44	20.455	44	10.909	44	31.364	44	5.3333	45	20	42	25.312	42.667
425	26.636	51.059	22.373	59	0.96774	62	23.338	59.13	25.2	50	1.3333	45	26.521	49.773	18.667	45	12.558	43	31.209	44.217
426	26.174	52.725	24.643	56	0	0	24.643	56	21.923	52	6	50	27.916	51.583	20	51	6.1224	49	26.115	50.545
427	27.284	50.58	31.154	52	0	0	31.154	52	22.8	50	3.4615	52	26.257	50.273	13.469	49	11.02	49	24.49	49
428	25.111	56.549	28.929	56	2.1053	57	31.033	56.069	21.724	58	1.1538	52	22.866	57.727	13.684	57	7.7778	54	21.448	55.95
429	17.497	68.583	18.857	70	0	0	18.857	70	18.529	68	0	0	18.529	68	5.9155	71	9.2308	65	15.118	67.471
430	20.851	56.593	23.793	58	0	0	23.793	58	16.071	56	3.5294	51	19.577	55.167	11.579	57	7.6364	55	19.209	56.222
431	36.997	33.516	35.172	29	0	0	35.172	29	42.857	28	0	0	42.857	28	26.341	41	10.244	41	36.585	41
432	43.983	27.738	51	20	0	0	51	20	37.241	29	3.4286	35	40.541	29.6	30.968	31	14.545	33	45.474	31.667
433	36.657	30.554	39.375	32	0	0	39.375	32	28.235	34	3.75	32	31.974	33.778	31.304	23	9.6774	31	40.232	25.353
434	45.31	18.098	51.429	14	0	0	51.429	14	46.667	18	2.7273	22	49.27	18.267	25	24	16	15	39.2	21.429
435	52.564	25.493	55.2	25	0	0	55.2	25	46.154	26	5.2174	23	51.307	25.727	39.231	26	12	25	51.217	25.773
436	37.682	35.03	38.462	39	0	0	38.462	39	31.579	38	3	40	34.571	38.182	19.2	25	24.444	27	43.581	26.158
437	29.225	45.851	30	50	1.2766	47	31.272	49.885	24.783	46	4	45	28.781	45.864	15.714	42	12.632	38	28.277	40.316
438	27.652	50.629	27.273	55	0	0	27.273	55	25.882	51	2.3529	51	28.235	51	18.261	46	9.7674	43	28	45
439	26.367	50.821	21.724	58	0	0	21.724	58	15.6	50	10.213	47	25.789	48.857	22.979	47	9.3333	45	32.3	46.44
440	32.766	43.338	30.588	51	0	0	30.588	51	28.421	38	9.2308	39	37.647	38.25	20.488	41	11.351	37	31.765	39.667
441	43.16	24.096	31.667	36	1.7143	35	33.38	35.95	74.118	17	0	0	74.118	17	21.176	17	20	15	41.017	16.091
442	35.373	32.228	34.054	37	1.5789	38	35.632	37.045	33.75	32	1.5385	39	35.22	32.368	24.444	27	13.636	22	37.74	25.438
443	35.157	15.929	25.385	26	0	0	25.385	26	60	7	3.5294	17	58.182	8.25	21.818	11	30	10	51.702	10.444
444	49.831	16.857	53.684	19	0	0	53.684	19	41.053	19	4.6154	13	45.231	18.571	38.182	11	20	12	58.08	11.364
445	53.75	16	36.667	18	3.5294	17	40.186	17.917	67.059	17	0	0	67.059	17	27.692	13	30	12	57.6	12.5
446	46.753	12.833	48	5	0	0	48	5	52	15	0	0	52	15	38.571	14	21.818	11	59.647	13.077
447	31.158	26.317	23.478	23	0	0	23.478	23	27.857	28	8.5714	28	36.429	28	23.571	28	10.909	22	34.091	26.4
448	29.448	40.75	25.532	47	0	0	25.532	47	24.286	42	7.0588	34	31.129	40.476	24	35	9.0909	33	33.069	34.474
449	26.189	44.293	27.5	48	0	0	27.5	48	26.087	46	1.3636	44	27.448	45.905	9.2308	39	15.429	35	24.59	36.6
450	28.852	35.353	27.907	43	0	0	27.907	43	25.714	35	5.2941	34	31.005	34.833	4.6154	26	27.5	24	32.089	24.308
451	39.055	23.044	37.241	29	0	0	37.241	29	42.857	21	0	0	42.857	21	28	15	15.789	19	43.2	16.667
452	43.217	28.23	38.182	33	0	0	38.182	33	51.111	27	0	0	51.111	27	32.5	24	10	24	42.5	24
453	33.56	38.141	32.727	44	0	0	32.727	44	23.077	39	8.3333	36	31.373	38.25	24.828	29	14.118	34	38.71	31
454	27.099	36.163	29.333	45	0	0	29.333	45	16.5	40	5.7143	42	22.204	40.533	24	15	25.714	14	49.655	14.5
455	30.6	32.68	21.333	45	1.3953	43	22.726	44.882	33.75	32	7.7419	31	41.486	31.818	24.706	17	18.462	13	42.456	15.545
456	34.651	27.128	30.857	35	2.069	29	32.868	34.684	27.857	28	6.4286	28	34.286	28	30	14	21.429	14	51.429	14
457	51.136	11.733	60	8	0	0	60	8	38.571	14	8.5714	14	47.143	14	30	10	25.714	14	54.179	12.182
458	47.66	11.75	33.333	9	0	0	33.333	9	45	12	15	12	60	12	35	12	17.143	14	51.857	12.727
459	39.32	8.6471	36	5	15	4	50.526	4.75	48	10	12	5	57.176	9.4444	16.364	11	6	10	22.326	10.75
460	46.99	18.727	68.571	7	0	0	68.571	7	42.5	24	4	30	46.282	24.632	36.667	18	21.176	17	57.8	17.647
461	45.005	22.22	70	12	8.5714	7	77.143	11.667	34	30	4.2857	28	38.269	29.789	26.4	25	15.789	19	41.514	23.125
462	30.821	36.339	37.5	32	0	0	37.5	32	24.878	41	1.5	40	26.377	40.944	21.667	36	7.8947	38	29.544	36.556
463	32.691	33.037	31.765	34	1.875	32	33.634	33.895	26	30	7.2727	33	33.218	30.706	20.571	35	10.909	33	31.456	34.333
464	40.938	23.939	49.565	23	0	0	49.565	23	36.429	28	0	0	36.429	28	18	20	21	20	39	20
465	49.577	17.75	45.714	21	0	0	45.714	21	56	15	5.4545	11	61.086	14.733	26.667	18	18.75	16	45.268	17.231
466	46.983	12.345	24	15	4.2857	14	28.269	14.857	60	11	4.6154	13	64.478	11.167	35	12	15	12	50	12
467	70.675	6.7917	67.5	8	5	12	71.429	8.4	60	5	10	6	69.677	5.1667	80	6	0	0	80	6
468	42.882	12.593	22.857	21	0	0	22.857	21	43.636	11	12	10	55.556	10.8	68.571	7	7.5	8	75.938	7.1111
469	47.229	17.786	54	20	0	0	54	20	40	18	6.6667	18	46.667	18	21.429	14	23.077	13	44.444	13.5
470	50.473	15.85	49.412	17	0	0	49.412	17	49.412	17	3	20	52.326	17.2	27.692	13	25	12	52.609	12.545
471	43.207	14.812	32.308	13	4	15	36.226	13.25	33	20	12.857	14	44.885	18.714	40	9	18.462	13	56.604	10.6
472	48.099	18.295	60	11	10	12	69.931	11.154	36.923	26	0	0	36.923	26	41.25	16	14.118	17	55.328	16.267
473	46.514	16.769	69.231	13	0	0	69.231	13	15	28	12	25	26.916	26.75	45	12	18	10	62.609	11.5
474	54.435	16.533	47.143	14	3.75	16	50.824	14.167	50.526	19	6.3158	19	56.842	19	41.25	16	17.143	14	58.19	15.467
475	55.018	20.357	60	17	0	0	60	17	60	20	0	0	60	20	35	24	13.043	23	48.027	23.737
476	46.919	23.019	51.818	22	0	0	51.818	22	48	25	0	0	48	25	27.273	22	14.286	21	41.538	21.667
477	51.775	18.542	60	17	3	20	62.913	17.167	49.091	22	0	0	49.091	22	18.75	16	28	15	46.703	15.417
478	48.515	14.429	55.385	13	5.4545	11	60.719	12.846	56.25	16	0	0	56.25	16	17.143	14	12.857	14	30	14
479	38.647	10.35	66	10	0	0	66	10	43.636	11	6.6667	9	50.103	10.778	0	0	0	0	0	0
480	55.279	11.939	65	12	0	0	65	12	60	11	3.5294	17	62.609	11.5	21.818	11	17.143	14	38.4	12.5
481	57.647	12.143	72	10	0	0	72	10	50	12	6	10	55.846	11.818	21.429	14	28	15	49.371	14.583
482	54.795	14.6	44.211	19	0	0	44.211	19	64.286	14	3.5294	17	67.665	14.188	60	9	6	10	65.934	9.1
483	37.385	14.444	60	16	0	0	60	16	30	14	10	12	39.836	13.556	20	6	0	0	20	6
484	50.973	9.4167	55	12	0	0	55	12	68.571	7	7.5	8	75.938	7.1111	30	6	5	12	32	7.5
485	61.176	8.5	67.5	8	0	0	67.5	8	77.143	7	6	10	82.192	7.3	32.727	11	6	10	38.684	10.857
486	57.876	13.132	54.545	11	0	0	54.545	11	69.231	13	4.2857	14	73.493	13.062	30	16	18.462	13	48	15
487	36.962	16.774	50.769	13	0	0	50.769	13	21	20	7.8261	23	28.708	20.9	13.333	18	22.5	16	35.714	16.8
488	44.295	18.512	49.091	22	0	0	49.091	22	52.5	16	10.588	17	63.055	16.176	7.5	8	18.75	16	24.545	14.667
489	53.209	16.163	49.412	17	6.3158	19	55.652	17.25	53.333	18	6.3158	19	59.632	18.111	36	10	16.364	11	52.258	10.333
490	40.53	14.31	32	15	5	12	36.818	14.667	30	14	14.286	21	42.562	16.917	24	10	24	10	48	10
491	50.865	18.087	50.526	19	0	0	50.526	19	56.25	16	8.5714	14	64.701	15.765	24	20	15	20	39	20
492	44.207	15.382	52.5	16	2.069	29	53.36	16.867	30	16	7.5	16	37.5	16	35	12	9.2308	13	44.182	12.222
493	54.444	15.429	50	12	0	0	50	12	60	17	3	20	62.913	17.167	33.75	16	20	15	53.699	15.643
494	53.261	13.143	80	6	0	0	80	6	48.75	16	16.364	11	63.734	15.062	24.706	17	18.462	13	42.456	15.545
495	52.605	14.447	60	14	0	0	60	14	49.412	17	2.7273	22	51.923	17.333	36	10	16.364	11	52.258	10.333
496	51.148	16.814	60	16	0	0	60	16	48.571	21	0	0	48.571	21	38.182	11	16.364	11	54.545	11
497	58.47	14.024	56	15	4.6154	13	60.538	14.867	55.714	14	4.2857	14	60	14	32.308	13	23.077	13	55.385	13
498	56.512	9.5556	52.5	8	0	0	52.5	8	60	10	13.333	9	73.22	9.8333	24	10	21.818	11	45.714	10.5
499	58.699	12.947	60	17	0	0	60	17	66	10	6.6667	9	72.605	9.9167	22.5	8	36	10	57.857	9.3333
500	71.176	9.2727	90	8	0	0	90	8	67.5	8	13.333	9	80.667	8.1818	30	12	20	12	50	12
501	50.702	13.412	90	8	0	0	90	8	38.824	17	3.5294	17	42.353	17	22.5	16	16	15	38.462	15.6
502	61.038	13.762	73.333	9	0	0	73.333	9	47.368	19	6	20	53.354	19.118	54.545	11	21.818	11	76.364	11
503	45.864	21.367	60	19	0	0	60	19	35.556	27	2.8571	21	38.278	26.647	18.947	19	24.706	17	43.519	17.923
504	42.725	25.278	41.538	26	0	0	41.538	26	35.556	27	5.625	32	41.023	27.789	32.727	22	14.286	21	46.992	21.706
505	40.769	26	41.379	29	2	30	43.377	29.048	38.571	28	0	0	38.571	28	26.667	18	18	20	44.545	18.857
506	35.666	26.917	30.857	35	0	0	30.857	35	45	24	3.75	32	48.387	24.8	15	16	21.176	17	36.145	16.6
507	41.071	20.452	30	28	0	0	30	28	63.75	16	3.5294	17	67.266	16.056	5.7143	21	28.235	17	33.708	17.8
508	50.988	18.043	54	20	3.5294	17	57.454	19.842	40	18	9.4737	19	49.451	18.2	22.5	16	25.714	14	48	15
509	42.533	21.63	48	25	0	0	48	25	32.727	22	9	20	41.667	21.6	22.5	16	20	15	42.456	15.545
510	62.982	11.114	55.385	13	4	15	59.298	13.154	70.909	11	0	0	70.909	11	45	8	20	9	64.8	8.3333
511	51.23	9.76	50	12	7.5	8	56.719	11.636	60	8	6.6667	9	66.575	8.1111	15	8	20	9	34.884	8.6
512	60.042	12.658	68.571	14	0	0	68.571	14	34.286	14	23.077	13	57.288	13.615	37.5	8	24	10	60.75	8.8889
513	50.591	13.441	64.615	13	0	0	64.615	13	25	12	21.429	14	46.154	13	21.429	14	20	15	41.379	14.5
514	56.443	15.591	69.231	13	2.8571	21	71.111	13.5	37.5	16	17.143	14	54.444	15.429	25.263	19	21.176	17	46.299	18.143
515	51.84	13.889	56	15	0	0	56	15	41.538	13	10.909	11	52.23	12.636	41.538	13	7.0588	17	48.079	13.727
516	51.429	16.333	51	20	0	0	51	20	68.571	14	0	0	68.571	14	21.429	14	18.462	13	39.836	13.556
517	55.873	15.75	60	15	0	0	60	15	56	15	10	18	65.682	15.529	21.176	17	21.176	17	42.353	17
518	52.153	13.806	56	15	0	0	56	15	53.333	9	8.5714	7	61.519	8.7778	26.25	16	22.5	16	48.75	16
519	53.778	12.273	48	10	0	0	48	10	64.615	13	4	15	68.528	13.133	36.923	13	10	12	46.875	12.8
520	51.127	12.909	49.091	11	0	0	49.091	11	50.769	13	8.5714	14	59.298	13.154	32	15	15	12	46.538	14.182
521	39.216	15.3	43.636	11	0	0	43.636	11	42.353	17	0	0	42.353	17	24.706	17	11.25	16	35.928	16.7
522	49.201	19.918	56.471	17	0	0	56.471	17	31.429	21	11.429	21	42.857	21	30	22	20	21	49.974	21.611
523	46.875	25.6	55	24	0	0	55	24	41.538	26	6.9231	26	48.462	26	21.429	28	16.154	26	37.532	27.176
524	45.914	22.216	57	20	0	0	57	20	22.759	29	13.333	27	36.05	28.294	41.25	16	10	24	49.632	18.133
525	52.513	12.188	38.571	14	7.5	8	44.776	13.4	54.545	11	4.2857	14	58.548	11.273	40	12	15	12	55	12
526	65.576	12.81	64.615	13	0	0	64.615	13	68.571	14	0	0	68.571	14	43.636	11	21.818	11	65.455	11
527	54.272	12.529	42	10	0	0	42	10	64.615	13	4.6154	13	69.231	13	32.308	13	21.429	14	53.665	13.417
528	57.926	11.394	73.333	9	6	10	79.266	9.0833	34.286	14	17.143	14	51.429	14	30	12	20	9	49.091	11
529	57.165	11.545	65.455	11	0	0	65.455	11	41.538	13	17.143	14	58.613	13.308	30	8	21.818	11	50.526	9.5
530	48.879	13.912	67.5	8	10	6	76.923	7.8	41.538	13	15	16	56.022	13.923	10.909	22	23.333	18	33.925	19.455
531	57.18	14.69	55.714	14	0	0	55.714	14	68	15	0	0	68	15	28	15	20	15	48	15
532	25.9	40.154	27.143	42	0	0	27.143	42	28.5	40	1.5385	39	30.038	39.95	8.7805	41	12	35	20.652	37.769
533	30.633	35.909	30	38	0	0	30	38	30	36	3.1579	19	32.474	35.105	15.882	34	13.714	35	29.59	34.471
534	42.545	18.333	33.103	29	0	0	33.103	29	43.636	11	20	9	63.13	10.455	43.636	11	20	12	63.529	11.333
535	51.944	13.861	34.286	14	9.2308	13	43.478	13.8	69.231	13	9.2308	13	78.462	13	16	15	18.75	16	34.714	15.556
536	44.446	23.849	43.333	18	7.5	16	50.752	17.733	40.8	25	6.2069	29	46.875	25.6	28.889	27	11.111	27	40	27
537	44.724	24.148	46.667	27	0	0	46.667	27	42.5	24	7.8261	23	50.314	23.85	24	20	15	20	39	20
538	34.698	28.82	36.364	33	0	0	36.364	33	20	30	12	30	32	30	22.105	19	17.5	24	39.07	21.5
539	32.509	28.915	37.5	24	0	0	37.5	24	29.091	33	2.1429	28	31.187	32.706	16	30	14.483	29	30.474	29.533
540	35.117	29.615	36.774	31	0	0	36.774	31	19.355	31	14.483	29	33.801	30.176	22.222	27	12.857	28	35.068	27.375
541	41.583	24.529	49.091	22	0	0	49.091	22	40	24	4.8	25	44.793	24.111	15.556	27	16.552	29	32.067	28.067
542	39.976	20.512	40	21	2.4	25	42.32	21.267	24	25	9.2308	26	33.22	25.286	25.714	14	25.714	14	51.429	14
543	39.976	20.512	40	21	2.4	25	42.32	21.267	24	25	9.2308	26	33.22	25.286	25.714	14	25.714	14	51.429	14
544	50.087	19.167	64.286	14	4	15	68.267	14.062	38.4	25	2.7273	22	41.09	24.824	28.421	19	21.176	17	49.451	18.2
545	45.42	24.218	51.818	22	0	0	51.818	22	41.538	26	7.5	24	49	25.714	16.154	26	20	24	36.096	24.933
546	42.538	25.389	45	24	4	30	48.78	24.6	36.923	26	8	30	44.776	26.8	17.5	24	16.8	25	34.286	24.5
547	34.96	29.176	28.235	34	4.1379	29	32.292	33.444	34	30	4	30	38	30	27.273	22	10	24	37.215	22.571
548	32.221	38.484	29.333	45	0	0	29.333	45	34.737	38	0	0	34.737	38	16	30	18.75	32	34.714	31.111
549	41.401	31.4	36	35	0	0	36	35	42	30	8.5714	28	50.539	29.68	26	30	12.414	29	38.404	29.684
550	43.516	30.333	46	30	0	0	46	30	38.824	34	1.8182	33	40.64	33.957	20.769	26	24.444	27	45.198	26.55
551	43.425	24.87	52.5	24	2.2222	27	54.689	24.136	34.286	28	6.4286	28	40.714	28	17.143	21	19.091	22	36.214	21.538
552	42.921	23.765	43.846	26	0	0	43.846	26	39.231	26	4.8	25	44.024	25.895	26.25	16	18.947	19	44.867	17.385
553	48.801	20.082	37.778	27	0	0	37.778	27	60	17	0	0	60	17	41.25	16	16	15	57.203	15.733
554	51.04	15.282	60	14	0	0	60	14	56	15	9.2308	13	65.085	14.75	6.3158	19	23.333	18	29.634	18.222
555	42.576	25.836	51.429	21	0	0	51.429	21	37.778	27	10.714	28	48.481	27.227	18	30	12.414	29	30.405	29.6
556	47.852	24.241	50.769	26	0	0	50.769	26	34.286	21	18	20	52.258	20.667	28.8	25	13.333	27	42.078	25.667
557	37.444	36.855	39.429	35	1.5	40	40.899	35.208	34.5	40	0	0	34.5	40	21.081	37	16.364	33	37.326	35.364
558	28.569	40.603	37.895	38	0	0	37.895	38	20.455	44	1.875	32	22.197	43.25	18.571	42	7.3171	41	25.885	41.722
559	35.677	31.393	34.545	33	0	0	34.545	33	40	30	2.1429	28	42.134	29.905	17.419	31	13.125	32	30.537	31.438
560	40.754	27.482	44.444	27	0	0	44.444	27	32.143	28	7.2727	33	39.239	29.053	24.444	27	14.4	25	38.792	26.294
561	44.328	23.462	40	27	0	0	40	27	51.429	21	4.8	25	56.075	21.4	28.571	21	10	24	38.431	21.857
562	51.173	17.978	49.412	17	3.1579	19	52.529	17.133	56.667	18	0	0	56.667	18	26.667	18	18	20	44.545	18.857
563	64.449	12.103	64.286	14	3.75	16	67.965	14.125	65.455	11	10	12	75.385	11.143	24	10	30	10	54	10
564	45.753	22.731	45	28	0	0	45	28	54	20	2.3077	26	56.114	20.316	22.105	19	20	15	41.538	17.333
565	46.049	23.019	45.714	21	4.6154	13	49.685	20.529	36.522	23	10	24	46.507	23.222	27.5	24	15.556	27	42.914	25.167
566	29.84	40.885	36.316	38	0	0	36.316	38	26.512	43	4.186	43	30.698	43	8.1818	44	14.634	41	22.789	42.125
567	26.257	47.226	29.412	51	0	0	29.412	51	22.667	45	3.8298	47	26.49	45.3	10.667	45	12.558	43	23.213	43.941
568	27.205	47.785	26.538	52	1.0714	56	27.604	52.167	25.714	49	1.1321	53	26.839	49.182	17.561	41	10.5	40	28.057	40.632
569	25.157	47.7	24.444	54	0	0	24.444	54	25	48	1.5	40	26.46	47.619	16.5	40	9.2308	39	25.727	39.647
570	27.757	38.189	29.302	43	0	0	29.302	43	27	40	4.6154	39	31.613	39.857	13.636	22	12.414	29	25.563	25.818
571	45	20	38.4	25	0	0	38.4	25	60	18	4.2857	14	64.083	17.789	18.947	19	20	12	37.037	16.2
572	41.601	27.404	51.111	27	0	0	51.111	27	28.966	29	5.8065	31	34.75	29.353	16.154	26	23.077	26	39.231	26
573	32.876	41.368	33.333	45	2.5532	47	35.882	45.148	24	40	10.769	39	34.765	39.696	16.923	39	11.667	36	28.546	37.833
574	32.291	40.879	28.163	49	0	0	28.163	49	42.857	35	0	0	42.857	35	18	40	10	36	27.931	38.667
575	31.291	38.35	26.809	47	1.3043	46	28.112	46.955	32.308	39	1.4634	41	33.767	39.091	19.2	25	18.462	26	37.647	25.5
576	28.978	44.862	25.385	52	0	0	25.385	52	20	51	5	48	24.986	50.429	24.375	32	16.364	33	40.729	32.409
577	23.075	49.404	20	57	3.2727	55	23.269	56.727	19.592	49	2.9268	41	22.448	48.111	15.714	42	9	40	24.701	41.294
578	38.086	32.033	35	36	0	0	35	36	29.032	31	13.846	26	42.609	29.571	16.364	33	21.429	28	37.539	30.368
579	43.055	27.407	42	30	2.3077	26	44.268	29.818	33.333	27	10.909	22	43.935	25.947	25.385	26	16.154	26	41.538	26
580	34.348	37.266	38.462	39	0	0	38.462	39	38.919	37	1.5	40	40.409	37.12	7.2727	33	17.143	35	24.398	34.429
581	42.288	29.323	44	30	0	0	44	30	40.714	28	8.5714	28	49.286	28	7.7419	31	26	30	33.735	30.235
582	32.735	34.214	26.471	34	3.3962	53	29.058	37.167	38.182	33	3.5294	34	41.708	33.087	10.909	33	16.875	32	27.778	32.4
583	30.461	44.647	28.8	50	0	0	28.8	50	39.07	43	1.4286	42	40.498	42.966	7.1429	42	15.789	38	22.881	39.333
584	27.744	44.694	29.388	49	0	0	29.388	49	24.545	44	1.3953	43	25.94	43.947	10.5	40	18	40	28.5	40
585	31.23	44.188	27.5	48	2.3077	52	29.793	48.333	32.093	43	2.6087	46	34.69	43.24	20.488	41	9.2308	39	29.703	40.4
586	27.004	45.919	26.809	47	0	0	26.809	47	26.087	46	5.1064	47	31.191	46.167	9.1304	46	13.953	43	23.059	44.235
587	25.952	50.864	23.571	56	0	0	23.571	56	25.2	50	3.3962	53	28.586	50.375	15.319	47	10.909	44	26.201	45.8
588	25.733	55.958	28	60	0	0	28	60	23.333	54	4.6154	52	27.943	53.68	11.321	53	10.189	53	21.509	53
589	22.611	60.147	23.636	66	0	0	23.636	66	22.759	58	2.1818	55	24.935	57.75	13.929	56	5.7692	52	19.676	54.889
590	18.767	61.81	19.091	66	0	0	19.091	66	23	60	0.98361	61	23.983	60.042	4.0678	59	9.3103	58	13.377	58.308
591	22.081	53.441	22.5	56	0	0	22.5	56	24.231	52	1.0909	55	25.318	52.136	7.9245	53	10.588	51	18.506	51.875
592	28.73	51.514	25.424	59	0	0	25.424	59	24.706	51	3.5294	51	28.235	51	17.333	45	16.364	44	33.693	44.52
593	28.783	51.419	30	56	0	0	30	56	30	52	2.3077	52	32.308	52	9.5455	44	15.349	43	24.891	43.389
594	23.54	54.375	22.623	61	0.96774	62	23.59	61.042	20.377	53	3.4615	52	23.838	52.857	8.9362	47	15	48	23.934	47.632
595	25.028	44.75	25.2	50	0	0	25.2	50	23.182	44	3	40	26.159	43.579	7.1429	42	17.368	38	24.459	39.25
596	32.382	33.352	36.923	39	0	0	36.923	39	23.636	33	9.375	32	33.005	32.722	7.8261	23	23.478	23	31.304	23
597	36.393	32.424	32.432	37	0	0	32.432	37	38.71	31	7.5	32	46.203	31.167	13.548	31	18.462	26	31.765	28.333
598	34.35	37.846	39.512	41	0	0	39.512	41	30	38	4	45	33.886	38.955	6.4865	37	24.828	29	30.968	31
599	26.472	49.108	27.692	52	1.3636	44	29.025	51.68	23.265	49	4	45	27.242	48.455	7.3469	49	16	45	23.309	46.333
600	24.546	47.259	26.939	49	0	0	26.939	49	23.478	46	5.2174	46	28.696	46	8.9362	47	9.1304	46	18.065	46.5
601	20.511	51.679	22.105	57	0	0	22.105	57	18.367	49	7.8261	46	26.172	48.143	5.8824	51	7.8261	46	13.672	48.273
602	23.012	53.016	24	55	0	0	24	55	18.889	54	3.6735	49	22.535	53.25	10.588	51	12	50	22.586	50.474
603	26.117	52.074	29.455	55	0	0	29.455	55	27.692	52	0	0	27.692	52	10.213	47	11.25	48	21.46	47.529
604	26.374	47.016	26.809	47	0	0	26.809	47	25.532	47	5.4545	44	30.968	46.5	12.245	49	9.1304	46	21.355	47.765
605	29.977	44.701	33.191	47	0	0	33.191	47	25.333	45	5.3333	45	30.667	45	8.3721	43	18	40	26.341	41
606	24.484	50.645	24.444	54	0	0	24.444	54	30	50	0	0	30	50	3.3333	54	16	45	19.231	46.8
607	25.92	50.154	28.846	52	1.3043	46	30.134	51.769	24.231	52	2.3529	51	26.583	51.913	10.435	46	10.909	44	21.333	45
608	22.357	52.78	23.39	59	0	0	23.39	59	16.667	54	4.4444	54	21.111	54	6.9767	43	16.744	43	23.721	43
609	22.794	56.156	23.438	64	0	0	23.438	64	24	55	1.2	50	25.19	54.783	1.3636	44	19.565	46	20.926	45.875
610	26.228	51.09	30.545	55	0	0	30.545	55	23.077	52	1.2245	49	24.298	51.857	6.383	47	18.14	43	24.484	44.111
611	21.336	57.18	22.857	63	0	0	22.857	63	20	54	4.3636	55	24.362	54.182	7.5	56	9.7959	49	17.219	52.267
612	23.562	53.476	18.689	61	0	0	18.689	61	23.529	51	5.3333	45	28.8	50	11.765	51	12	50	23.762	50.5
613	26.978	50.412	24.643	56	0	0	24.643	56	31.25	48	0	0	31.25	48	10.213	47	15.319	47	25.532	47
614	25.459	51.848	26.667	54	0	0	26.667	54	21.6	50	8.75	48	30.34	49.44	6.7925	53	12.692	52	19.483	52.353
615	26.894	52.057	18.689	61	0.98361	61	19.672	61	28.846	52	2.1429	56	30.977	52.296	12.273	44	19.091	44	31.364	44
616	23.816	54.585	25.424	59	0	0	25.424	59	20	57	3.4615	52	23.438	56.318	7.0588	51	16.364	44	23.309	46.333
617	23.024	55.594	21.639	61	0	0	21.639	61	22.909	55	2.069	58	24.972	55.261	8.2353	51	14.694	49	22.921	49.737
618	23.495	56.182	23.226	62	0	0	23.226	62	25.714	56	2.3077	52	28.011	55.692	4.6154	52	15.319	47	19.896	48.25
619	13.383	56.789	10.588	68	0	0	10.588	68	11.186	59	1	60	12.186	59.083	5.8824	51	12.857	42	18.578	45.214
620	12.036	73.114	13.077	78	0	0	13.077	78	8.9189	74	1.7391	69	10.651	73.231	9.5652	69	3	60	12.524	67.071
621	14.863	75.357	16.296	81	0	0	16.296	81	10	72	4	75	13.995	72.882	7.6056	71	6.8571	70	14.462	70.529
622	13.2	75.76	14.634	82	0	0	14.634	82	12.8	75	1.5385	78	14.336	75.333	2.6087	69	8.3077	65	10.909	66
623	18.227	66.934	19.167	72	0.86957	69	20.035	71.875	20.909	66	0	0	20.909	66	6	60	8	60	14	60
624	22.223	69.299	22.5	72	0.85714	70	23.357	71.929	20.833	72	1.7647	68	22.593	71.704	10.476	63	10.476	63	20.952	63
625	16.425	74.279	15.556	81	0	0	15.556	81	16.216	74	0.83333	72	17.049	73.905	6.3636	66	10.588	68	16.948	67.263
626	13.842	73.686	16.296	81	0	0	16.296	81	7.5	72	1.6216	74	9.1206	72.364	6.1765	68	10.312	64	16.475	65.556
627	20.406	66.647	18.082	73	0	0	18.082	73	24	65	2.8125	64	26.812	64.897	7.619	63	9	60	16.609	61.412
628	16.43	70.603	16.364	77	0	0	16.364	77	16.286	70	1.7143	70	18	70	2.8571	63	12.381	63	15.238	63
629	20.8	70.192	22.703	74	0	0	22.703	74	19.412	68	2.5	72	21.904	68.48	12.537	67	5.3731	67	17.91	67
630	22.875	65.573	25.075	67	0	0	25.075	67	20	66	1.8462	65	21.846	65.917	15.938	64	5.8065	62	21.74	63.478
631	20.459	68.429	21.37	73	0	0	21.37	73	19.412	68	4.5455	66	23.954	67.63	4.8387	62	11.429	63	16.266	62.706
632	15.639	74.172	15.19	79	0	0	15.19	79	18.333	72	3.5821	67	21.901	71.231	4.8	75	5.1429	70	9.931	72.5
633	15.936	72.793	18.701	77	0	0	18.701	77	14.595	74	1.7647	68	16.349	73.4	3.75	64	9.2308	65	12.98	64.714
634	18.603	72.03	15.904	83	0	0	15.904	83	14.571	70	5.3731	67	19.937	69.217	10.154	65	10.476	63	20.625	64
635	18.564	71.106	20.506	79	0	0	20.506	79	16.522	69	2.7692	65	19.283	68.455	5.8065	62	10.645	62	16.452	62
636	17.954	67.951	18.082	73	0	0	18.082	73	15.224	67	5.2941	68	20.517	67.261	8.7097	62	6.7742	62	15.484	62
637	23.311	60.915	27.619	63	0	0	27.619	63	24.59	61	1.0526	57	25.638	60.846	4.1379	58	12.632	57	16.769	57.25
638	19.266	68.515	21.429	70	0.88235	68	22.31	69.923	21.176	68	1.9048	63	23.072	67.615	3.4783	69	8.9552	67	12.431	67.571
639	22.824	65.72	25.479	73	0	0	25.479	73	16.364	66	4.7619	63	21.118	65.348	8.5714	56	14.182	55	22.752	55.381
640	25.398	64.573	22.4	75	0	0	22.4	75	25.161	62	3.8095	63	28.97	62.133	11.786	56	14.182	55	25.965	55.458
641	22.962	60.971	29.508	61	0	0	29.508	61	19.355	62	1.875	64	21.228	62.182	5.1724	58	13	60	18.168	59.444
642	23.677	64.197	21.972	71	0.84507	71	22.817	71	22.258	62	2.9032	62	25.161	62	8	60	15.517	58	23.511	58.696
643	24.709	67.181	24.167	72	0.96774	62	25.116	71.667	26.364	66	3.6923	65	30.055	65.879	7.3846	65	11.803	61	19.169	62.6
644	21.005	70.459	24.658	73	0	0	24.658	73	21.176	68	2.5	72	23.669	68.444	4.1667	72	10.588	68	14.745	69.176
645	18.9	73.014	17.561	82	0	0	17.561	82	18.857	70	5.0704	71	23.927	70.214	7.2727	66	8.4375	64	15.707	64.941
646	20.668	68.704	21.892	74	0	0	21.892	74	21.231	65	2.9032	62	24.128	64.654	6.3636	66	9.8507	67	16.214	66.611
647	26.659	57.766	32.069	58	0.82192	73	32.838	58.469	28.421	57	1.1111	54	29.529	56.893	5	60	12.632	57	17.622	57.882
648	13.319	79.585	11.489	94	0.74074	81	12.217	93.316	11.842	76	1.8182	66	13.632	74.824	6.087	69	8.6957	69	14.783	69
649	13.564	82.571	10.227	88	0	0	10.227	88	16.235	85	0.70588	85	16.941	85	4.8	75	8.9189	74	13.718	74.353
650	18.561	75.429	19.747	79	0	0	19.747	79	19.2	75	1.6438	73	20.843	74.846	3.2	75	12	70	15.187	71.111
651	14.693	83.033	14.667	90	0.57692	104	15.23	90.609	12.439	82	2.8235	85	15.26	82.571	2.4	75	11.507	73	13.905	73.353
652	16.56	85.746	18.462	91	0	0	18.462	91	17.857	84	0.72289	83	18.58	83.962	5.7831	83	7.013	77	12.778	79.824
653	11.421	87.56	11.613	93	0	0	11.613	93	10.667	90	0	0	10.667	90	5.7831	83	6.4	75	12.152	79
654	19.302	78.75	20.471	85	0	0	20.471	85	18.228	79	3.1169	77	21.343	78.714	4.2857	70	12.174	69	16.459	69.263
655	21.571	72.321	25.135	74	0	0	25.135	74	18.904	73	2.4658	73	21.37	73	4.3478	69	13.913	69	18.261	69
656	20.218	73.203	22.5	80	0	0	22.5	80	20	69	2.5352	71	22.533	69.231	9.7059	68	6.2687	67	15.974	67.611
657	22.447	65.932	20	72	0.81081	74	20.81	72.08	27.692	65	1.0909	55	28.758	64.677	4.918	61	13.22	59	18.134	59.556
658	21.135	63.403	20.571	70	0	0	20.571	70	20.323	62	2.9508	61	23.273	61.875	10.526	57	9.4737	57	20	57
659	26.108	57.453	27	60	0	0	27	60	23.158	57	4.0678	59	27.221	57.308	11.579	57	12.692	52	24.22	54.5
660	23.185	62.973	25.455	66	0.83333	72	26.281	66.207	23.607	61	3.0508	59	26.654	60.778	10.645	62	6.1017	59	16.737	60.941
