# Time-series
# t	r	v	r_1_P	v_1_P	r_1_L	v_1_L	r_1	v_1	...
300	3.7411	90.882	0.58824	102	0	0	0.58824	102	4.375	96	0.65934	91	5.0328	95.375	0	0	5.6471	85	5.6471	85
301	2.2936	87.2	1.875	96	0	0	1.875	96	1.4815	81	0.68182	88	2.16	83.333	1.4118	85	1.4634	82	2.8743	83.5
302	2.0174	89.222	0	0	0	0	0	0	1.1881	101	0.68182	88	1.8621	96.667	2.069	87	2.1429	84	4.2105	85.5
303	2.5414	102.31	0.47619	126	0	0	0.47619	126	2.7027	111	0	0	2.7027	111	1.3043	92	3.2258	93	4.53	92.714
304	2.1299	93.9	0.51724	116	0	0	0.51724	116	1.2245	98	0	0	1.2245	98	1.9355	93	2.7586	87	4.689	89.571
305	5.6055	96.333	2.6087	115	0	0	2.6087	115	6.0606	99	0.67416	89	6.7285	98.091	1.4634	82	6.2069	87	7.6663	86.091
306	2.6495	90.583	0.63158	95	0	0	0.63158	95	1.6981	106	0.66667	90	2.3529	102	1.5584	77	3.4884	86	5.0342	83.429
307	3.0506	91.786	0.50847	118	0	0	0.50847	118	2.5263	95	0	0	2.5263	95	0.65934	91	5.5172	87	6.1753	87.444
308	5.6664	91.769	1.9512	123	0	0	1.9512	123	3.7895	95	2.6667	90	6.4516	93	1.4634	82	7.5	80	8.9627	80.333
309	5.5983	92.885	2.7778	108	1.1111	108	3.8889	108	3.8298	94	1.3483	89	5.1752	92.75	2.8571	84	5.0602	83	7.9171	83.364
310	2.1692	92.2	0	0	0	0	0	0	1.1215	107	0.52174	115	1.6413	109.67	1.4286	84	3.5294	85	4.9578	84.714
311	3.5745	95.118	0	0	0	0	0	0	3.9623	106	0.56604	106	4.5283	106	2.7907	86	3.5294	85	6.3199	85.444
312	3.2258	93	0.96	125	0	0	0.96	125	2.6087	92	0.74074	81	3.3408	89.8	4.0909	88	1.4286	84	5.5172	87
313	2.4297	90.545	0	0	0	0	0	0	3.6	100	0.65934	91	4.2547	98.714	0.59406	101	2.6471	68	3.1475	76.25
314	2.9063	89.462	0	0	0	0	0	0	2.6966	89	0.65934	91	3.3557	89.4	2.5532	94	2.8235	85	5.3631	89.5
315	3.7284	96.556	0.92308	130	0	0	0.92308	130	3.75	96	0	0	3.75	96	1.9355	93	4.7191	89	6.6519	90.2
316	2.9571	87.923	0	0	0	0	0	0	4.7191	89	0	0	4.7191	89	1.3636	88	2.7907	86	4.1538	86.667
317	5.4701	87.75	3.8298	94	0	0	3.8298	94	4	90	0	0	4	90	4.2353	85	4.3902	82	8.6228	83.5
318	4.3924	95.619	1.8898	127	0	0	1.8898	127	5.2174	92	0.64516	93	5.8625	92.111	0.72289	83	5	84	5.7228	83.875
319	4.3431	92.1	2.4242	99	0	0	2.4242	99	2.6667	90	0.55556	108	3.2051	93.6	0.68182	88	6.7416	89	7.4233	88.909
320	5.8681	88.615	1.7476	103	0	0	1.7476	103	3.956	91	4.0449	89	8	90	0.63158	95	7.3171	82	7.9344	83.182
321	3.9526	101.2	2.9032	124	0	0	2.9032	124	3.0303	99	0	0	3.0303	99	0.61856	97	5.5814	86	6.1911	87.222
322	4.3491	96.571	1.5126	119	0	0	1.5126	119	4.8	100	0	0	4.8	100	0.61856	97	6.2791	86	6.8886	87.1
323	4.6527	103.17	4.2478	113	0	0	4.2478	113	3.9623	106	0.65217	92	4.6043	104.25	1.1429	105	4.0909	88	5.2033	92.25
324	5.3407	101.11	3.1579	114	0.53571	112	3.6935	113.71	4.486	107	1.2632	95	5.7361	104.6	3.913	92	2.8571	84	6.7568	88.8
325	4.6008	95.636	1.4754	122	0	0	1.4754	122	2.8302	106	0.65217	92	3.4727	103.67	1.4118	85	7.6744	86	9.086	85.846
326	2.3226	103.33	0.86331	139	0	0	0.86331	139	1.0169	118	0	0	1.0169	118	3.2258	93	2.069	87	5.2893	90.75
327	2.6304	98.846	0	0	0	0	0	0	2.8037	107	0.57692	104	3.3803	106.5	1.8367	98	2.7273	88	4.5511	92.286
328	3.533	96.235	1.6981	106	0	0	1.6981	106	3.6	100	0.61856	97	4.2181	99.571	0.60606	99	4.1379	87	4.7343	88.714
329	4.4343	99.227	1.5385	117	0	0	1.5385	117	5.1429	105	1.2766	94	6.4078	103	2.0455	88	3.4483	87	5.4936	87.375
330	4.398	100.05	1.4634	123	0	0	1.4634	123	5.6604	106	0	0	5.6604	106	3.4091	88	2.8916	83	6.2953	85.778
331	3.8859	97.789	1.1215	107	0	0	1.1215	107	4.7059	102	0	0	4.7059	102	2.4742	97	3.4091	88	5.8696	92
332	3.3225	96.312	0.53097	113	0	0	0.53097	113	2.3077	104	1.2632	95	3.5644	101	3.871	93	2.0455	88	5.9124	91.333
333	4.994	100.12	1.5254	118	0	0	1.5254	118	5.0467	107	1.7647	102	6.8085	105.75	2.7273	88	4.0909	88	6.8182	88
334	7.3843	102.92	6.0504	119	0	0	6.0504	119	6.055	109	1.3333	90	7.3532	106.08	1.3333	90	7.8571	84	9.1848	84.923
335	5.1613	93	1.0256	117	0	0	1.0256	117	3.0303	99	1.25	96	4.2795	98.143	2.0225	89	8.2759	87	10.297	87.4
336	4.845	103.2	1.8898	127	0	0	1.8898	127	4.3636	110	1.165	103	5.5249	108.6	1.9149	94	5.4545	88	7.3631	89.636
337	3.0364	98.8	0.51724	116	0	0	0.51724	116	3.2143	112	0	0	3.2143	112	1.2632	95	4.2857	84	5.5331	86.75
338	5.3929	96.423	2.5	120	0	0	2.5	120	3.3028	109	2.1687	83	5.3821	100.33	2.7586	87	5.8537	82	8.6056	83.667
339	5.0316	103.35	3.4146	123	0	0	3.4146	123	6.9903	103	0	0	6.9903	103	1.5	80	3.4884	86	4.9831	84.286
340	5.8852	98.552	2.4793	121	0	0	2.4793	121	5.1923	104	1.8947	95	7.0762	101.75	2.7907	86	5.5814	86	8.3721	86
341	6.806	99.912	5.9459	111	0.51724	116	6.4622	111.42	4.8	100	2.5263	95	7.322	98.333	1.3636	88	5.4545	88	6.8182	88
342	8.2538	92.079	4.0678	118	0	0	4.0678	118	5.567	97	4.5	80	9.9778	90.2	3.2	75	8.0488	82	11.231	80.133
343	5.8556	102.47	2.459	122	0	0	2.459	122	8.6538	104	0	0	8.6538	104	2.6374	91	4	90	6.6372	90.4
344	6.7285	98.091	4.1379	116	0	0	4.1379	116	4	105	1.3483	89	5.3231	101.44	2.7273	88	8.2759	87	11.003	87.25
345	5.8594	102.4	5.2632	114	0.53571	112	5.7987	113.82	5.1923	104	0	0	5.1923	104	1.3953	86	5.3933	89	6.7873	88.4
346	7.013	102.67	5.9504	121	0	0	5.9504	121	5.8824	102	1.2903	93	7.1642	100.5	4.0909	88	4.2353	85	8.3237	86.5
347	5.7426	101	1.4516	124	0	0	1.4516	124	7.3585	106	0	0	7.3585	106	4.5161	93	4.0909	88	8.6005	90.692
348	7.7054	98.632	4.8649	111	0	0	4.8649	111	8.3168	101	1.9355	93	10.242	99.588	2.5	96	5.7143	84	8.1818	88
349	4.8649	98.667	2.5	120	0	0	2.5	120	2.7778	108	0.65934	91	3.4231	105.17	2.0225	89	6.8966	87	8.9182	87.462
350	6.8455	102.26	4.6552	116	0	0	4.6552	116	7.2222	108	0.68966	87	7.8873	106.5	4.0909	88	4.186	86	8.2759	87
351	8.2233	104.58	8.3478	115	0	0	8.3478	115	8.7379	103	1.1321	106	9.8691	103.35	3.3333	90	3.3333	90	6.6667	90
352	5.1485	101	1.5126	119	0	0	1.5126	119	4.8649	111	1.3043	92	6.1369	107.55	3.8298	94	4.1379	87	7.9558	90.5
353	6.1496	97.567	3.3962	106	0	0	3.3962	106	7.0588	102	0.67416	89	7.7228	101	3.3333	90	4.0909	88	7.4233	88.909
354	6.9325	98.088	4.7368	114	0	0	4.7368	114	6.5347	101	1.3333	90	7.8544	99.308	4.7191	89	3.7975	79	8.4872	84.833
355	6.3074	101.47	4.5	120	0	0	4.5	120	6.9903	103	1.2371	97	8.2238	102.14	0.82192	73	5.7831	83	6.5943	81.889
356	6.2667	98.935	4.2478	113	0.56075	107	4.8071	112.33	4.0777	103	3.1915	94	7.2544	99.25	3.4884	86	3.4483	87	6.9364	86.5
357	6.1244	104.5	6.2609	115	0	0	6.2609	115	5.9406	101	1.1215	107	7.0588	102	2.5	96	2.6966	89	5.1892	92.5
358	10.473	95.48	8.4906	106	0	0	8.4906	106	9.2784	97	3.2967	91	12.565	95.5	4.8837	86	5.7143	84	10.597	84.933
359	10.831	97.868	11.111	108	0	0	11.111	108	9.1837	98	2.0225	89	11.192	96.5	4.186	86	6.2791	86	10.465	86
360	8.3268	96.075	5.5556	108	0.61856	97	6.1682	107	4.898	98	3.8298	94	8.724	96.286	4.6667	90	5.5814	86	10.243	87.867
361	9.136	98.511	7.8947	114	0	0	7.8947	114	7.3469	98	2.1429	84	9.4538	95.2	3.5294	85	6.8966	87	10.425	86.333
362	11.157	102.18	11.351	111	0.58824	102	11.936	110.59	9.2308	104	1.25	96	10.474	103.11	4.4211	95	6.8966	87	11.296	90.294
363	13.873	90.825	15.957	94	0	0	15.957	94	8.75	96	2.069	87	10.804	94.412	5.5814	86	9.3976	83	14.975	84.143
364	9.1401	98.467	7.5676	111	0.58824	102	8.1522	110.4	9.7959	98	0.65934	91	10.452	97.588	4.0909	88	5	84	9.086	85.846
365	6.3721	100.44	3.6207	116	0	0	3.6207	116	8.2353	102	1.3953	86	9.6	100	2.449	98	3.6585	82	6.0599	89.111
366	8.7284	96.238	6.7925	106	0	0	6.7925	106	6.5347	101	2.093	86	8.5902	97.786	5.6842	95	5.3846	78	10.964	87.562
367	10.929	93.333	10.962	104	0	0	10.962	104	6.383	94	2.7273	88	9.1022	92.286	5.7143	84	7.3171	82	13.029	82.889
368	15.87	90.736	18.125	96	1.1881	101	19.31	96.323	12.632	95	0.67416	89	13.303	94.714	8.5714	77	6.8354	79	15.404	77.9
369	13.536	88.65	17.143	91	0	0	17.143	91	11.209	91	2.1951	82	13.385	89.65	2.8235	85	7.3171	82	10.138	82.857
370	12.911	94.492	15.146	103	0.54545	110	15.689	103.26	10.323	93	2.093	86	12.405	91.895	3.8462	78	7.1429	84	10.976	82
371	8.3732	93.154	6.055	109	0	0	6.055	109	9.6774	93	0	0	9.6774	93	4.4444	81	5.3165	79	9.7594	79.923
372	17.269	90.333	16.471	102	1.2766	94	17.74	101.47	10.112	89	6	90	16.112	89.375	11.688	77	6.9231	78	18.611	77.375
373	10.487	95.36	10.385	104	0	0	10.385	104	9.2784	97	0.81081	74	10.046	95.562	6.3529	85	4.8837	86	11.236	85.438
374	13.469	95.031	14.717	106	0	0	14.717	106	10.851	94	3.2609	92	14.111	93.545	7.2973	74	4.8837	86	12.114	79.25
375	11.57	95.073	10.189	106	0	0	10.189	106	11.134	97	2.6966	89	13.815	95.545	8.1481	81	2.9268	82	11.075	81.267
376	13.953	90.302	15	100	0	0	15	100	12.955	88	4.186	86	17.139	87.52	3.8961	77	6.2338	77	10.13	77
377	17.294	90.205	23.368	95	0.65934	91	24.027	94.895	11.868	91	2.7273	88	14.593	90.455	5.25	80	8.25	80	13.5	80
378	15.86	90.792	13.398	103	0	0	13.398	103	12.667	90	5.3333	90	18	90	9.8734	79	6.8354	79	16.709	79
379	12.335	92.421	12.353	102	0	0	12.353	102	9.0323	93	2	90	11.031	92.471	10.976	82	2.963	81	13.938	81.789
380	14.235	92.727	13.846	104	0	0	13.846	104	12.903	93	4.0909	88	16.985	91.846	9.1139	79	3.3333	72	12.427	77.25
381	9.9348	94.617	8.7379	103	0.65934	91	9.3888	102.25	9.7959	98	0.68182	88	10.471	97.412	5	84	5.1852	81	10.182	82.5
382	11.816	94.786	8.9109	101	0	0	8.9109	101	15.625	96	0	0	15.625	96	5.9341	91	5.122	82	11.027	87.062
383	14.296	92.333	17.5	96	0	0	17.5	96	15.165	91	0.65934	91	15.824	91	4.0449	89	5.5814	86	9.6236	87.286
384	10.732	95.039	9.2727	110	0	0	9.2727	110	6.8041	97	3.2967	91	10.092	95.125	9.75	80	3.6145	83	13.361	80.833
385	12.728	94.283	12.692	104	0	0	12.692	104	10.105	95	0.70588	85	10.804	94.412	7.1429	84	7.8571	84	15	84
386	13.164	95.714	13.019	106	0	0	13.019	106	14.043	94	1.3483	89	15.387	93.583	6.9767	86	4.4444	81	11.412	84.125
387	15.657	93.247	17.059	102	0.65934	91	17.711	101.63	14.505	91	3.5714	84	18.059	89.704	7.6744	86	3.8462	78	11.497	83.5
388	11.935	93.839	10.485	103	0	0	10.485	103	11.489	94	2.5806	93	14.07	93.818	6.4286	84	5.0602	83	11.488	83.562
389	12.995	98.5	13.636	110	0	0	13.636	110	11.02	98	3.4091	88	14.401	95.826	6.2069	87	5.1852	81	11.378	84.375
390	13.433	90.82	12.727	99	0	0	12.727	99	14.157	89	2.6087	92	16.764	89.48	6.5854	82	4.4444	81	11.029	81.6
391	15.473	84.015	12.5	96	0	0	12.5	96	18.519	81	1.5584	77	20.073	80.704	11.2	75	3.0769	78	14.273	75.667
392	16.288	82.269	17.778	81	0.58824	102	18.328	81.84	13.793	87	0	0	13.793	87	5.9259	81	10.909	77	16.825	78.455
393	14.135	87.726	12.99	97	0	0	12.99	97	14.286	84	0	0	14.286	84	12.439	82	2.9268	82	15.366	82
394	16.716	88.541	19.375	96	0.57143	105	19.942	96.281	16.941	85	0	0	16.941	85	6.5854	82	7.013	77	13.585	79.5
395	13.867	89.419	11.176	102	0.54054	111	11.713	102.45	13.483	89	0.70588	85	14.188	88.81	13.077	78	3.1579	76	16.233	77.619
396	10.559	89.021	5.5102	98	0	0	5.5102	98	10.968	93	2.5532	94	13.521	93.19	6.6667	81	6.2338	77	12.892	79.118
397	21.131	74.772	21.687	83	0	0	21.687	83	16.154	78	1.3483	89	17.478	78.957	10.82	61	14.516	62	25.334	61.577
398	17.488	81.197	15.165	91	0	0	15.165	91	18.228	79	2.8235	85	21.038	79.857	10.141	71	6.5753	73	16.713	71.8
399	13.363	88.305	9.697	99	0.69767	86	10.383	98.235	11.724	87	1.2766	94	12.993	87.737	7.9518	83	9	80	16.946	81.435
400	16.711	84.972	16.596	94	1.2766	94	17.872	94	14.458	83	0.77922	77	15.233	82.714	8.1081	74	9.3506	77	17.452	75.636
401	18.964	83.316	14.227	97	0	0	14.227	97	20.714	84	1.4458	83	22.16	83.935	10.141	71	11.304	69	21.441	69.96
402	17.957	87.987	23.736	91	1.2766	94	25.012	91.158	11.724	87	2.7586	87	14.483	87	10.714	84	3.75	80	14.458	83
403	12.144	87.283	9.0323	93	0	0	9.0323	93	9.2308	91	2.7586	87	11.985	90.111	7.5	80	8.0488	82	15.546	81.048
404	16.491	80.045	15.484	93	0	0	15.484	93	15.385	78	2.8571	63	18.148	76.043	10	60	6.9231	78	16.636	68.526
405	14.638	86.079	13.263	95	0.73171	82	13.982	94.409	13.953	86	1.3793	87	15.333	86.091	6.9231	78	8	75	14.917	76.421
406	13.407	91	9.5327	107	0	0	9.5327	107	13.333	90	2.6667	90	16	90	5.9259	81	9.3506	77	15.267	78.6
407	19.942	81.235	16.667	90	0	0	16.667	90	25.5	80	1.4286	84	26.925	80.222	7.6056	71	9.0411	73	16.644	72.1
408	15.184	84.297	14.348	92	0	0	14.348	92	15.904	83	2.1429	84	18.046	83.12	3.7037	81	9.7297	74	13.411	76.059
409	17.537	84.392	18.876	89	0.67416	89	19.551	89	15	84	1.519	79	16.514	83.565	8.8889	81	7.7922	77	16.67	79.182
410	17.035	88.053	14.082	98	0	0	14.082	98	20.233	86	0	0	20.233	86	12.439	82	4.6753	77	17.101	80.696
411	15.376	87.149	13.404	94	0.68182	88	14.083	93.727	15.172	87	0.68966	87	15.862	87	10.5	80	5.8537	82	16.351	80.727
412	12.212	90.073	8.1553	103	0	0	8.1553	103	17.045	88	0	0	17.045	88	5.7143	84	6	80	11.707	82
413	16.841	78.379	16.627	83	0	0	16.627	83	16.098	82	3.038	79	19.132	81.538	3.6923	65	11.471	68	15.157	67.294
414	14.593	90.455	13.663	101	0	0	13.663	101	16.854	89	0	0	16.854	89	6.75	80	6.9231	78	13.671	79
415	20.28	81.855	20.426	94	0.69767	86	21.118	93.758	17.778	81	2.3377	77	20.11	80.556	5.1429	70	15.692	65	20.813	66.304
416	13.574	83.982	11.333	90	0	0	11.333	90	12	85	4.4444	81	16.437	83.957	9.2308	78	3.8462	78	13.077	78
417	14.047	86.852	15.484	93	0	0	15.484	93	13.256	86	0.75	80	14.002	85.7	7.3171	82	5.5263	76	12.825	79.529
418	11.177	91.255	6.3462	104	0	0	6.3462	104	12.527	91	0.57143	105	13.086	91.7	9.8824	85	4.4444	81	14.32	83.8
419	15.486	81.365	14.505	91	0.6383	94	15.143	91.13	16.923	78	0	0	16.923	78	4.6753	77	10.141	71	14.795	73
420	18.775	83.09	19.31	87	0	0	19.31	87	20.964	83	0	0	20.964	83	10.5	80	5.6757	74	16.154	78
421	18.238	80.055	20.964	83	0	0	20.964	83	16.296	81	0.8	75	17.092	80.739	6.4865	74	10.263	76	16.747	75.238
422	15.762	91.361	16.8	100	0.55556	108	17.352	100.28	15.333	90	1.3793	87	16.711	89.76	3	80	10.633	79	13.633	79.222
423	16.165	91.554	18.6	100	1.1765	102	19.776	100.12	8.2105	95	5.5172	87	13.703	91.952	8.8889	81	6.7606	71	15.584	77
424	12.26	99.508	10.811	111	0	0	10.811	111	12.857	98	0.56075	107	13.413	98.409	8.764	89	4.0909	88	12.855	88.684
425	20.433	87.112	22.5	96	0.59406	101	23.092	96.135	15.181	83	4.0909	88	19.26	84.111	9.3506	77	10.13	77	19.481	77
426	21.614	77.726	24.75	80	0.8	75	25.547	79.853	23.077	78	0	0	23.077	78	11.351	74	4.9315	73	16.282	73.7
427	18.944	77.068	20.8	75	0	0	20.8	75	19.747	79	0.84507	71	20.584	78.704	8.4615	78	7.013	77	15.474	77.55
428	14.238	92.712	10.485	103	0	0	10.485	103	13.263	95	2.0455	88	15.299	94.125	12.289	83	4.9412	85	17.228	83.583
429	17.054	86.784	17.053	95	0	0	17.053	95	15.349	86	1.3953	86	16.744	86	8.3544	79	9.3506	77	17.702	77.957
430	16.165	82.896	12.527	91	0	0	12.527	91	20	84	0.68966	87	20.689	84.103	7.2973	74	8.3333	72	15.628	72.947
431	12.67	86.818	7.5728	103	0	0	7.5728	103	16.047	86	0.74074	81	16.785	85.792	6.8354	79	7.2973	74	14.118	76.5
432	18.788	85.162	19.149	94	0.54054	111	19.672	94.548	18.795	83	2.25	80	21.043	82.69	11.053	76	5.1429	70	16.173	74.2
433	15.548	82.328	10	96	0	0	10	96	16.429	84	0.69767	86	17.126	84.083	9.1667	72	10.986	71	20.152	71.458
434	23.12	76.125	26.25	80	0	0	26.25	80	23.2	75	3.1579	76	26.357	75.121	8.3333	72	8.5714	70	16.901	71
435	11.671	85.68	8.0899	89	0	0	8.0899	89	13.483	89	0.6383	94	14.12	89.238	6	80	6.9231	78	12.921	78.941
436	17.126	86.419	17.143	91	0	0	17.143	91	18.837	86	0.64516	93	19.478	86.25	10.37	81	4.5	80	14.87	80.7
437	15.836	93.459	13.846	104	0.61856	97	14.462	103.72	16.957	92	0.76923	78	17.709	91.481	9.3976	83	6.2791	86	15.672	84.227
438	16.127	91.77	16.634	101	0.54545	110	17.175	101.31	16.854	89	0.75949	79	17.604	88.615	8.6747	83	5.3165	79	13.983	81.526
439	15.578	89.871	15	100	0	0	15	100	18.202	89	0.71429	84	18.914	88.821	6.75	80	6.5753	73	13.298	76.706
440	11.082	93.846	11.776	107	0	0	11.776	107	8.2105	95	2.7586	87	10.954	93.118	5.3846	78	5.8333	72	11.2	75
441	21.35	79.624	18.876	89	0	0	18.876	89	16.579	76	5.7831	83	22.327	77.931	15	72	8.3333	72	23.333	72
442	17.602	90.9	22.041	98	0	0	22.041	98	17.727	88	1.3636	88	19.091	88	7.2289	83	4.8	75	12	80
443	17.707	89.228	22.5	96	0.63158	95	23.132	95.973	15	88	3.4483	87	18.448	87.815	5.7534	73	6.2338	77	11.979	75.133
444	20.253	81.964	23.571	84	0	0	23.571	84	15	84	2.8235	85	17.823	84.16	9.6	75	9.8734	79	19.46	77.08
445	18.594	86.05	20.211	95	0	0	20.211	95	15	84	3.4884	86	18.487	84.385	7.2	75	10.4	75	17.6	75
446	15.097	94.056	21	100	0	0	21	100	13.043	92	3.125	96	16.164	92.8	3.0769	78	5.3846	78	8.4615	78
447	16.971	86.027	19.78	91	0	0	19.78	91	13.571	84	2.6966	89	16.26	84.87	6.6667	81	8.3544	79	15.019	79.9
448	13.774	95.833	16.154	104	0	0	16.154	104	10.515	97	1.3483	89	11.856	96.158	7.6744	86	6	80	13.657	83.474
449	14.553	94.826	15.577	104	0	0	15.577	104	12.903	93	1.875	96	14.777	93.391	6.506	83	7.1429	84	13.648	83.526
450	18.027	85.429	19.565	92	0	0	19.565	92	15.181	83	3.4884	86	18.665	83.577	10.5	80	5.6	75	16.085	78.333
451	14.198	92.97	16.082	97	0	0	16.082	97	14.681	94	0.65217	92	15.333	93.917	3.5294	85	7.7647	85	11.294	85
452	17.114	88.816	19.787	94	0.70588	85	20.487	93.719	14	90	2.069	87	16.067	89.625	10.12	83	4.9315	73	15	80
453	18.257	84.351	22.247	89	0	0	22.247	89	18.293	82	1.5584	77	19.846	81.63	8.25	80	4.557	79	12.806	79.647
454	12.078	97.695	10.364	110	0	0	10.364	110	12.727	99	1.4458	83	14.138	97.609	7.9518	83	4.186	86	12.134	84.059
455	15.003	90.647	13.981	103	0	0	13.981	103	13.793	87	3.4884	86	17.281	86.8	9.1139	79	5.122	82	14.231	80.105
456	20.5	88.78	22.887	97	0	0	22.887	97	22.857	84	2.1951	82	25.051	83.829	7.5	80	6.4286	84	13.92	81.895
457	17.31	86.653	18.913	92	0	0	18.913	92	18.837	86	2.2785	79	21.102	85.3	7.4074	81	4.6753	77	12.075	79.5
458	15.942	89.07	17.5	96	0	0	17.5	96	13.483	89	2.1951	82	15.666	88.087	10.244	82	4.6753	77	14.907	80.5
459	17.644	94.084	19.604	101	0	0	19.604	101	15.484	93	1.2245	98	16.705	93.385	11.294	85	5.5814	86	16.875	85.333
460	10.925	100.69	9.5575	113	0	0	9.5575	113	12.6	100	1.3636	88	13.946	98.957	6.6667	90	2.9268	82	9.5765	87.714
461	10.093	99.08	8.8073	109	0	0	8.8073	109	12.121	99	1.2371	97	13.358	98.818	2.6374	91	5.7143	84	8.3398	86.333
462	12.869	94.803	13.019	106	0	0	13.019	106	10.515	97	3.3333	90	13.835	95.409	5.3165	79	7.013	77	12.327	77.875
463	12.638	99.698	12.321	112	0	0	12.321	112	12.857	98	0	0	12.857	98	8	90	5.1852	81	13.151	86.684
464	13.892	90.698	11.881	101	0	0	11.881	101	16.047	86	2.5806	93	18.613	87.037	5.5814	86	5.8537	82	11.429	84
465	13.966	94.515	16.97	99	0	0	16.97	99	15.652	92	0	0	15.652	92	5.2174	92	4.1379	87	9.3482	89.857
466	17.771	94.536	19.806	103	0	0	19.806	103	14.348	92	2.6667	90	17.013	91.692	10.465	86	6.3529	85	16.818	85.625
467	13.563	94.375	11.881	101	0	0	11.881	101	15.319	94	0.51724	116	15.809	94.88	8.3721	86	4.7727	88	13.143	86.737
468	15.246	91.829	15.146	103	0	0	15.146	103	15.862	87	2.7586	87	18.621	87	5.7143	84	6.6667	81	12.377	82.412
469	10.803	103.68	11.282	117	0	0	11.282	117	9.3204	103	0	0	9.3204	103	5.8696	92	6.4286	84	12.273	88
470	12.507	95.95	10.755	106	0	0	10.755	106	13.263	95	3.871	93	17.133	94.556	4.8276	87	5.0602	83	9.8824	85
471	16.037	89.792	18	100	0	0	18	100	17.442	86	2.1687	83	19.608	85.679	6.2338	77	4.8	75	11.032	76.143
472	12.766	94	12.115	104	0.58824	102	12.703	103.91	15.957	94	0	0	15.957	94	3.9474	76	6.1538	78	10.1	77.231
473	14.705	92.485	17.647	102	0	0	17.647	102	8.9362	94	4.7727	88	13.696	92	3.2432	74	10.13	77	13.369	76.294
474	21.876	80.455	27.143	84	0	0	27.143	84	18.75	80	3.0769	78	21.825	79.724	8.6842	76	8.1081	74	16.789	75.048
475	17.475	78.971	18.987	79	0	0	18.987	79	13.012	83	5.1852	81	18.195	82.44	5.6	75	9.7297	74	15.329	74.368
476	10.82	99.815	10.459	109	0.54054	111	10.999	109.1	8.1553	103	2.4742	97	10.623	101.67	6.2069	87	4.9412	85	11.147	86.125
477	15.929	95.421	20.388	103	0	0	20.388	103	12.766	94	2.6966	89	15.456	93.167	7.2289	83	5.0602	83	12.289	83
478	17.82	89.787	20.625	96	0	0	20.625	96	16	90	3.3708	89	19.37	89.828	6.4	75	7.4074	81	13.787	78.333
479	13.794	95.697	13.269	104	0	0	13.269	104	14.526	95	0.57692	104	15.098	95.375	6.8966	87	6.3529	85	13.248	86.053
480	21.246	81.897	29.63	81	0	0	29.63	81	22.143	84	1.3187	91	23.453	84.424	5.3165	79	5.3846	78	10.701	78.5
481	17.426	87.224	17.609	92	0	0	17.609	92	19.535	86	0.75	80	20.281	85.793	7.6744	86	6.8354	79	14.484	82.85
482	11.789	96.702	13.269	104	0	0	13.269	104	11.875	96	1.3043	92	13.177	95.619	4.8837	86	4.2353	85	9.1187	85.538
483	13.247	96.625	17.822	101	0	0	17.822	101	12.371	97	0.65217	92	13.022	96.762	2.7586	87	6.2791	86	9.0374	86.308
484	12.723	94.317	11.538	104	0	0	11.538	104	12.258	93	1.978	91	14.235	92.727	6.2791	86	6.3529	85	12.632	85.5
485	8.6313	101.95	6.4286	112	0.53571	112	6.9643	112	10.588	102	1.3333	90	11.905	100.8	4.4681	94	2.6966	89	7.1598	92.182
486	13.972	98.768	18.462	104	0	0	18.462	104	15.464	97	0	0	15.464	97	4	90	4.1379	87	8.1356	88.5
487	14.654	92.809	16.2	100	0	0	16.2	100	16.957	92	0.77922	77	17.716	91.444	1.6438	73	8.6747	83	10.298	81.571
488	15.471	94.37	19.604	101	0	0	19.604	101	12.391	92	3.2967	91	15.688	91.792	6.3529	85	5	84	11.353	84.562
489	11.744	100.47	14.862	109	0	0	14.862	109	9.1837	98	3.1915	94	12.371	97	3.3333	90	4.9412	85	8.2679	87.083
490	10.728	98.811	10.459	109	0.55046	109	11.009	109	7.8	100	3.2258	93	11.014	98.056	4.5652	92	5.9259	81	10.449	86.133
491	10.327	100.71	10.654	107	0	0	10.654	107	12.121	99	0	0	12.121	99	4.898	98	3.4091	88	8.2843	94.154
492	9.3681	100.34	7.2414	116	0	0	7.2414	116	9.4118	102	1.3333	90	10.728	100.67	4.7727	88	5.7831	83	10.547	85.333
493	10.371	94.49	7.6364	110	0	0	7.6364	110	9.5745	94	2.1687	83	11.718	92.167	6.2069	87	5.9259	81	12.117	84.176
494	15.088	94.113	18.98	98	0	0	18.98	98	11.875	96	1.3043	92	13.177	95.619	5.3933	89	7.8571	84	13.24	86.105
495	12.618	95.1	13.398	103	0	0	13.398	103	14.043	94	0	0	14.043	94	5.5814	86	5.0602	83	10.638	84.6
496	7.8144	102.38	6.9027	113	0	0	6.9027	113	9.4118	102	0.68182	88	10.081	101.18	1.8182	99	4.8276	87	6.6225	90.6
497	11.344	102.26	13.091	110	0	0	13.091	110	12.475	101	1.25	96	13.722	100.57	4.6667	90	2.7586	87	7.4233	88.909
498	14.527	93.618	18.182	99	0	0	18.182	99	14	90	1.3333	90	15.333	90	3.913	92	6.2791	86	10.181	88.4
499	19.655	86.494	26	90	0	0	26	90	18.621	87	0	0	18.621	87	6.1538	78	8.3544	79	14.508	78.579
500	15.329	95.247	19.038	104	0	0	19.038	104	17.143	91	0	0	17.143	91	4.8837	86	5.3165	79	10.182	82.5
501	10.903	99.056	11.009	109	0.56075	107	11.57	108.9	12.245	98	0	0	12.245	98	2.6374	91	6.5854	82	9.2015	84.769
502	18.348	83.935	18.876	89	0	0	18.876	89	19.286	84	2.7273	88	22.008	84.516	8.5714	77	5.8333	72	14.389	75.056
503	12.745	102	12.632	114	0	0	12.632	114	15.758	99	0	0	15.758	99	3.3333	90	6.8966	87	10.227	88
504	10.687	102.93	9.0265	113	0.51282	117	9.5388	113.22	11.65	103	1.8	100	13.449	102.61	3.125	96	6.2069	87	9.3112	90.214
505	7.7806	105.39	7.3684	114	0	0	7.3684	114	9.7143	105	0	0	9.7143	105	2.9703	101	3.4483	87	6.383	94
506	9.0871	96.841	9.0566	106	0	0	9.0566	106	8.6598	97	2.0455	88	10.691	95.412	3.3708	89	4.3373	83	7.6988	85.727
507	12.628	98.194	14.857	105	0	0	14.857	105	12.99	97	1.3187	91	14.304	96.478	3.4483	87	5.4545	88	8.9025	87.615
508	11.73	95.482	10	102	0	0	10	102	11.287	101	0.65217	92	11.934	100.55	7.6744	86	5.8537	82	13.521	84.316
509	14.594	91.821	15.918	98	0	0	15.918	98	16.304	92	1.3333	90	17.637	91.852	6.0759	79	4.3902	82	10.463	80.286
510	12.66	101.11	10.556	108	0	0	10.556	108	14.851	101	1.875	96	16.722	100.46	5.2941	102	5.5814	86	10.797	94.471
511	9.4882	103.29	6.7826	115	0	0	6.7826	115	12	105	0	0	12	105	5.1064	94	4.8276	87	9.9192	90.733
512	12.19	100.08	12.432	111	0	0	12.432	111	11.4	100	2	90	13.382	98.636	6.7416	89	4.3902	82	11.114	86.375
513	11.06	101.27	11.351	111	0.5042	119	11.853	111.36	10.2	100	1.2245	98	11.424	99.789	2.6087	92	7.5862	87	10.189	88.333
514	12.244	101.27	14.727	110	0	0	14.727	110	13.939	99	0	0	13.939	99	2.093	86	6.2791	86	8.3721	86
515	6.4976	101.58	5.3097	113	0	0	5.3097	113	6.2857	105	1.2766	94	7.5503	103.31	2	90	4.8276	87	6.8259	87.9
516	9.5595	96.239	7.027	111	0.52174	115	7.5481	111.29	7.1287	101	2	90	9.1093	98.8	6	80	6.506	83	12.502	81.588
517	10.711	98.962	13.585	106	0.58252	103	14.167	105.88	8.4	100	1.3483	89	9.7338	98.625	0.625	96	7.8571	84	8.4706	85
518	17.967	89.05	21.474	95	0	0	21.474	95	20	87	0	0	20	87	4.5	80	8.1481	81	12.648	80.647
519	10.784	96.442	8.8889	108	0	0	8.8889	108	9.7959	98	1.3333	90	11.121	97.111	6.2069	87	6.4286	84	12.632	85.5
520	10.708	95.255	11.068	103	0.60606	99	11.673	102.8	9.1837	98	0	0	9.1837	98	1.4118	85	10.12	83	11.532	83.25
521	10.129	96.755	11.215	107	0	0	11.215	107	8.2105	95	2.7907	86	10.982	92.882	1.1881	101	7.3171	82	8.454	85.167
522	7.5334	103.54	7.1795	117	0	0	7.1795	117	8.8235	102	0	0	8.8235	102	0	0	6.8966	87	6.8966	87
523	11.424	98.036	9.9083	109	0.50847	118	10.413	109.47	13.469	98	0	0	13.469	98	4.186	86	6.5854	82	10.766	83.6
524	14.144	90.5	13.981	103	0	0	13.981	103	11.163	86	2.963	81	14.118	85	6.6667	81	8.1481	81	14.815	81
525	14.34	93.448	14.717	106	0	0	14.717	106	10.323	93	5.122	82	15.393	89.652	3.8462	78	9.6296	81	13.472	80.167
526	11.658	96.071	9.1429	105	0	0	9.1429	105	12	100	2.6374	91	14.619	98.5	5.4545	88	6.0759	79	11.497	83.5
527	15.46	90.557	19.794	97	0	0	19.794	97	12.955	88	2.8235	85	15.775	87.478	5.8537	82	5.1852	81	11.038	81.533
528	10.82	92.42	10.515	97	0	0	10.515	97	14.194	93	0	0	14.194	93	2	90	5.8537	82	7.8402	84.182
529	11.101	95.491	11.776	107	0.53571	112	12.31	107.23	8.125	96	3.5714	84	11.655	92.667	6.1538	78	3.6585	82	9.8066	79.538
530	10.742	98.679	13.714	105	0	0	13.714	105	10.408	98	0.70588	85	11.102	97.278	4.0449	89	3.5294	85	7.5704	87.182
531	11.364	95.037	11.429	105	0	0	11.429	105	9.697	99	1.3333	90	11.02	98	0.53097	113	11.688	77	12.114	79.25
532	9.6659	101.39	9.1071	112	0	0	9.1071	112	9.6	100	0	0	9.6	100	6.25	96	4.2857	84	10.492	91.5
533	11.682	95.875	11.215	107	0	0	11.215	107	10.408	98	2.6374	91	13.034	96.667	3.1169	77	8.1481	81	11.259	79.933
534	15.288	94.194	21.6	100	0	0	21.6	100	13.548	93	0.69767	86	14.242	92.682	3.7037	81	6.5854	82	10.289	81.643
535	11.695	95.768	10.189	106	1.1429	105	11.331	105.9	14.375	96	0	0	14.375	96	3.1169	77	6.6667	81	9.7782	79.769
536	9.6993	103.1	10.179	112	0	0	10.179	112	11.176	102	0	0	11.176	102	3.125	96	4.8276	87	7.9339	90.75
537	12.17	98.6	10.459	109	0.55556	108	11.014	108.95	13.333	99	0.625	96	13.958	98.87	3.2967	91	8.5714	84	11.852	86.059
538	9.0026	97.75	6	110	0.6	100	6.5954	109.17	11.753	97	0.65217	92	12.403	96.75	4.0449	89	4.1379	87	8.1818	88
539	11.878	87.558	14.348	92	0	0	14.348	92	10.345	87	2.7907	86	13.135	86.789	3	80	5.25	80	8.25	80
540	10.435	90.085	5.9406	101	1.1429	105	7.082	101.67	14	90	0	0	14	90	2.963	81	7.5	80	10.463	80.286
541	10.779	90.918	10.286	105	0	0	10.286	105	10.787	89	1.4458	83	12.226	88.333	5.6	75	4.8	75	10.4	75
542	10.695	87.894	14	90	0	0	14	90	8.0899	89	1.3793	87	9.4686	88.714	2.1429	84	6.506	83	8.6486	83.25
543	14.776	71.736	19.481	77	0	0	19.481	77	13.521	71	0.74074	81	14.248	71.588	3.4615	52	7.619	63	11	60
544	14.847	71.396	18.904	73	0	0	18.904	73	12.5	72	2.4658	73	14.965	72.167	1.7647	68	8.9552	67	10.72	67.167
545	16.598	48.2	17.5	48	0	0	17.5	48	19.615	52	1.0909	55	20.703	52.167	4.0909	44	8.1081	37	12.114	39.625
546	22.045	29.031	27.429	35	0	0	27.429	35	27.692	26	0	0	27.692	26	12	15	5	12	16.842	14.25
547	33.611	13.091	40	15	0	0	40	15	16	15	11.25	16	27.222	15.429	0	0	50	6	50	6
548	40.53	14.31	48.75	16	7.5	8	54.444	15.429	42.857	14	3.1579	19	45.66	14.455	0	0	24	10	24	10
549	25.95	40.077	30	44	0	0	30	44	26.154	39	1.4634	41	27.614	39.111	3.3333	36	17.647	34	20.971	34.333
550	18.855	54.098	22.105	57	0	0	22.105	57	20.377	53	1.25	48	21.617	52.737	6.5455	55	6.5217	46	12.964	50.909
551	18.398	60.875	20.308	65	0	0	20.308	65	20	60	1.0526	57	21.05	59.857	2.2642	53	11.786	56	14.044	55.538
552	17.236	63.818	17.015	67	0	0	17.015	67	21.29	62	0.95238	63	22.242	62.043	3.8095	63	8.7097	62	12.519	62.308
553	21.433	57.855	26	60	0	0	26	60	15.517	58	4.2105	57	19.727	57.789	7.3684	57	11.321	53	18.665	54.647
554	20.387	60.823	22.258	62	0	0	22.258	62	20.656	61	1.0169	59	21.672	60.909	8.8525	61	8.4211	57	17.254	59.118
555	10.301	83.488	7.6596	94	0	0	7.6596	94	13.571	84	0.76923	78	14.337	83.7	3.9474	76	5.2941	68	9.2132	71.636
556	15.398	83.125	16.364	88	0	0	16.364	88	16.627	83	2.2222	81	18.848	82.769	4.7368	76	6.4	75	11.136	75.429
557	8.161	90.676	6.6667	99	0	0	6.6667	99	7.9121	91	1.3953	86	9.3038	90.286	4.1379	87	4.5	80	8.6228	83.5
558	14.215	84.417	14.505	91	0	0	14.505	91	13.333	81	2.8235	85	16.151	81.727	3.8961	77	8.25	80	12.142	79.062
559	12.337	89.164	12	95	0	0	12	95	13.333	90	0	0	13.333	90	3.4884	86	8.3544	79	11.824	81.188
560	11.26	99.464	13.019	106	0	0	13.019	106	10.909	99	0.66667	90	11.571	98.526	4.4681	94	4.8837	86	9.3333	90
561	8.7522	95.976	6	110	0	0	6	110	10.213	94	0	0	10.213	94	4.0449	89	6.2069	87	10.251	87.8
562	11.311	91.942	14.082	98	0	0	14.082	98	11.461	89	2.093	86	13.552	88.55	0.65217	92	5.7831	83	6.4286	84
563	9.0578	92.738	6.3462	104	0	0	6.3462	104	13.548	93	0	0	13.548	93	2.8571	84	4.6753	77	7.5188	79.8
564	9.596	91.705	7.5728	103	0	0	7.5728	103	12.258	93	0.75	80	12.994	92.35	2.4	75	6.1538	78	8.5512	77.182
565	10.754	96.712	13.585	106	0	0	13.585	106	11.613	93	0.75949	79	12.356	92.263	2.1429	84	4.5	80	6.6393	81.333
566	11.617	86.08	12	95	0	0	12	95	12.857	84	0.8	75	13.648	83.526	3.1579	76	6.3158	76	9.4737	76
567	10.246	76.128	11.034	87	0	0	11.034	87	10.685	73	1.6901	71	12.374	72.733	0.75	80	7.2414	58	7.9012	60.75
568	16.645	58.878	18.806	67	0	0	18.806	67	12.632	57	4.4444	54	17.067	56.25	2.449	49	12.5	48	14.948	48.167
569	15.709	45.833	20.87	46	0	0	20.87	46	12.766	47	2.2222	54	14.948	48.167	2.6667	45	8.7805	41	11.429	42
570	29.452	23.088	33.6	25	0	0	33.6	25	36	25	0	0	36	25	7.5	8	18.462	13	25	12
571	49.116	7.7368	36	10	0	0	36	10	77.143	7	0	0	77.143	7	40	6	0	0	40	6
572	53.481	7.1053	85.714	7	0	0	85.714	7	51.429	7	0	0	51.429	7	8.5714	7	15	8	23.478	7.6667
573	58.132	7.913	67.5	8	0	0	67.5	8	36	10	17.143	7	51.892	9.25	40	6	20	6	60	6
574	36.328	15.966	40	18	0	0	40	18	38.824	17	0	0	38.824	17	12	10	24	10	36	10
575	24.317	39.479	22.979	47	0	0	22.979	47	30.811	37	0	0	30.811	37	15	32	6	30	20.983	31.455
576	20.268	54.273	21	60	0	0	21	60	22.222	54	0	0	22.222	54	3.6	50	14.667	45	18.233	46.071
577	18.152	60.6	20.909	66	0	0	20.909	66	15.254	59	4.4444	54	19.673	57.947	6.4286	56	7.7778	54	14.202	54.923
578	9.893	68.735	11.304	69	0	0	11.304	69	6.5753	73	2.8125	64	9.3557	70.545	1.5	80	7.619	63	9.0361	66.4
579	9.7168	84.39	9.7826	92	0	0	9.7826	92	12.439	82	0	0	12.439	82	3.038	79	4.0541	74	7.0845	76.222
580	9.6449	80.872	7.5862	87	0	0	7.5862	87	10.843	83	0.65217	92	11.488	83.562	4.0541	74	6	70	10.047	71.667
581	10.476	82.093	11.868	91	0	0	11.868	91	9	80	2.5	72	11.48	78.4	2.4658	73	5.9155	71	8.3799	71.6
582	16.588	69.931	17.368	76	0	0	17.368	76	19.13	69	1.9672	61	21.073	68.333	0.82192	73	10.82	61	11.613	62
583	9.7379	92.422	7.9245	106	0	0	7.9245	106	12.135	89	0	0	12.135	89	1.978	91	7.5	80	9.4501	82.538
584	8.6563	85.486	8.3871	93	0	0	8.3871	93	7.0588	85	3.5714	84	10.63	84.667	0	0	7.1053	76	7.1053	76
585	12.394	71	14.026	77	0	0	14.026	77	14.571	70	0	0	14.571	70	1	60	7.8689	61	8.8686	60.889
586	12.431	78.837	12.273	88	0	0	12.273	88	12.308	78	0.82192	73	13.126	77.706	3.3333	72	8.9552	67	12.276	68.429
587	10.464	72.632	7.7647	85	0	0	7.7647	85	7.3973	73	1.9355	62	9.2958	71	5.625	64	9.0909	66	14.713	65.25
588	18.438	40.135	18	50	1.7143	35	19.567	49.062	15	40	6.6667	36	21.618	38.857	15	12	8	30	18.846	22.286
589	16.964	30.654	21.818	33	0	0	21.818	33	21.29	31	0	0	21.29	31	0	0	9	20	9	20
590	24.231	17.333	22.857	21	0	0	22.857	21	20	21	3.1579	19	23.133	20.75	45	4	13.333	9	50	6
591	21.491	32.571	22.941	34	2.4	25	25.182	33.357	10.769	39	12.857	28	22.993	33.923	0	0	16.552	29	16.552	29
592	11.676	63.378	10.286	70	0	0	10.286	70	14.516	62	0	0	14.516	62	4.7619	63	5.7692	52	10.435	57.5
593	6.9891	88.71	2.9126	103	0	0	2.9126	103	8.75	96	0.68182	88	9.4274	95.467	3	80	6.087	69	9.0411	73
594	4.9416	93.087	1.7476	103	0	0	1.7476	103	6.875	96	1.2766	94	8.1511	95.692	0	0	5	84	5	84
595	6.0587	92.429	4.1176	102	0	0	4.1176	102	7.0968	93	0.53571	112	7.6123	94.583	2.7907	86	3.7975	79	6.5765	82.111
596	10.649	86.391	11.134	97	0	0	11.134	97	11.111	81	0	0	11.111	81	8.5714	77	1.4458	83	10.01	77.923
597	6.5765	82.111	1.8557	97	0	0	1.8557	97	6.9767	86	0.77922	77	7.7481	85.182	4.8	75	5.4545	77	10.253	76.077
598	11.291	83.255	14.286	84	0	0	14.286	84	12	85	0	0	12	85	4.7368	76	2.8916	83	7.6142	78.8
599	7.335	92.706	3.9623	106	0	0	3.9623	106	6.9474	95	2.7273	88	9.6636	93.133	3.5294	85	5	84	8.5291	84.417
600	8.4854	91.923	7.8	100	0	0	7.8	100	11.333	90	0.67416	89	12.007	89.944	0.65217	92	5.122	82	5.7658	83.25
601	9.0652	88.25	10.323	93	0	0	10.323	93	9.6552	87	0.63158	95	10.282	87.533	2.2785	79	4.3902	82	6.6667	81
602	12.788	78.2	15.904	83	0	0	15.904	83	11.842	76	1.7391	69	13.568	75.176	3.3333	72	5.6757	74	9.0074	73.273
603	10.898	80.75	8.0899	89	0	0	8.0899	89	14.43	79	1	60	15.375	78.05	3.3803	71	6	80	9.3506	77
604	8.7587	95.905	8	105	0	0	8	105	11.489	94	0.69767	86	12.182	93.579	2.6667	90	3.5714	84	6.2308	86.667
605	6.6766	89.867	4.4211	95	0.55046	109	4.9612	96.75	6.6667	90	0	0	6.6667	90	7.1429	84	1.3187	91	8.454	85.167
606	8.2181	87.611	7.0213	94	0	0	7.0213	94	8.4706	85	0.65934	91	9.1269	85.462	0.70588	85	7.8571	84	8.5629	84.083
607	8.4991	89.421	6.6	100	0	0	6.6	100	11.294	85	0	0	11.294	85	5.6471	85	2.093	86	7.7399	85.273
608	7.1358	95.294	6.2857	105	0	0	6.2857	105	8.9362	94	0.67416	89	9.6085	93.667	0.65217	92	5	84	5.6471	85
609	9.719	86.429	9.6552	87	0	0	9.6552	87	9.1304	92	0.73171	82	9.854	91.333	3.6585	82	6.0759	79	9.7313	80.154
610	11.538	81.468	12.857	84	0	0	12.857	84	9.8824	85	0.77922	77	10.655	84.467	5.6	75	5.6	75	11.2	75
611	11.292	90.333	10.693	101	0.65217	92	11.34	100.53	10.345	87	1.3333	90	11.677	87.353	6.5854	82	4.557	79	11.139	80.8
612	8.7479	91.45	8.9109	101	0	0	8.9109	101	7.8261	92	1.4286	84	9.2453	90.857	0.74074	81	7.5949	79	8.3352	79.182
613	10.693	82.295	8.764	89	0	0	8.764	89	12.152	79	0.60606	99	12.722	80.176	2.2222	81	8.4615	78	10.681	78.643
614	7.2914	85.032	3.871	93	0	0	3.871	93	6.3529	85	0.74074	81	7.0922	84.6	7.8571	84	3.1169	77	10.958	82.133
615	10.083	87.273	10	96	0.65934	91	10.658	95.706	11.163	86	0.72289	83	11.885	85.824	3.038	79	4.9315	73	7.9576	75.4
616	11.734	81.812	11.591	88	0	0	11.591	88	7.8571	84	2.1687	83	10.026	83.786	5.6757	74	8.1081	74	13.784	74
617	9.5135	92.5	7.156	109	0	0	7.156	109	10.345	87	2.6374	91	12.978	87.842	3.6585	82	5.122	82	8.7805	82
618	9.7163	96.745	8.7273	110	0	0	8.7273	110	10.323	93	1.8182	99	12.134	93.947	1.3953	86	7.2289	83	8.6228	83.5
619	9.7963	93.913	9.0566	106	0	0	9.0566	106	10.435	92	2.7586	87	13.187	91	2.963	81	4.5	80	7.4627	80.4
620	11.016	90.78	12.371	97	0	0	12.371	97	12.135	89	0.58252	103	12.704	89.737	5.122	82	3	80	8.1208	81.273
621	6.3043	92	2.2642	106	0	0	2.2642	106	6.7347	98	0.66667	90	7.3973	97.333	4.8837	86	4.557	79	9.4238	82.769
622	8.0949	88.944	7.2527	91	0.60606	99	7.8545	91.667	6.0674	89	1.3483	89	7.4157	89	1.4458	83	7.5862	87	9.0294	86.385
623	10.924	89.714	12.632	95	0.63158	95	13.263	95	9.4382	89	0.67416	89	10.112	89	4.3902	82	5.122	82	9.5122	82
624	11.182	85.854	5	96	0	0	5	96	16.047	86	2.2785	79	18.312	85.192	3.75	80	6.5854	82	10.334	81.286
625	7.8588	94.162	12	100	0	0	12	100	5.2747	91	0	0	5.2747	91	1.4286	84	5	84	6.4286	84
626	13.721	88.918	15.625	96	0	0	15.625	96	12.558	86	2.069	87	14.627	86.143	4.2857	84	6.8354	79	11.111	81
627	11.139	91.569	11.881	101	0	0	11.881	101	7.9121	91	1.2632	95	9.1732	91.571	0.68182	88	12	80	12.675	80.471
628	10.229	93.854	8.3333	108	0	0	8.3333	108	11.368	95	0.71429	84	12.074	94.421	0.77922	77	10	78	10.779	77.929
629	5.7373	97.607	1.5517	116	0.56075	107	2.1099	113.75	8.7379	103	0	0	8.7379	103	1.3333	90	5.3165	79	6.6303	81.444
630	8.0261	99.675	7.0909	110	0	0	7.0909	110	9	100	0	0	9	100	3.2967	91	4.8837	86	8.1741	88.083
631	9.0067	97.705	10.189	106	0	0	10.189	106	8.75	96	1.9565	92	10.704	95.294	1.978	91	4.3373	83	6.3035	85.667
632	9.5562	102.55	11.892	111	0	0	11.892	111	9.505	101	0.68966	87	10.182	100.18	1.3043	92	5.5172	87	6.8182	88
633	7.7345	95.676	7.2897	107	0	0	7.2897	107	10.213	94	0.66667	90	10.878	93.765	0.8	75	4.5	80	5.2973	79.286
634	7.8686	99.128	6.4286	112	0	0	6.4286	112	7.8788	99	1.875	96	9.7524	98.438	1.3187	91	6.3529	85	7.6663	86.091
635	6.5794	103.35	5.8929	112	0	0	5.8929	112	8.1553	103	0.63158	95	8.7833	102.47	1.8	100	3.3708	89	5.1544	93.125
636	7.7501	103.22	6.0504	119	0	0	6.0504	119	8.7379	103	0.6	100	9.3374	102.81	2.5	96	5.7143	84	8.1818	88
637	10.085	99.16	10.811	111	0	0	10.811	111	6.0606	99	3.956	91	10	96	1.4118	85	8.3721	86	9.7837	85.857
638	12.63	98.177	15.14	107	0	0	15.14	107	8.5714	98	2.6966	89	11.25	96	3.3333	90	8.4706	85	11.796	86.471
639	10.769	104	12.632	114	0	0	12.632	114	6.8571	105	2.3077	104	9.1647	104.75	2.6087	92	8.2759	87	10.878	88.25
640	6.3896	97.032	2.8037	107	0.53097	113	3.3333	108	9	100	0	0	9	100	3.6145	83	3.3708	89	6.9767	86
641	8.1642	100.44	6.3158	114	0	0	6.3158	114	9.0909	99	1.2632	95	10.352	98.529	4.4211	95	3.6585	82	8.0372	89.583
642	7.7676	97.842	8.972	107	0	0	8.972	107	6.8041	97	0.67416	89	7.474	96.333	0	0	7.0588	85	7.0588	85
643	10.429	97.804	7.6364	110	0.55556	108	8.1917	109.87	12	100	0.6	100	12.6	100	3.5714	84	7.3171	82	10.887	82.667
644	7.0301	102.42	4.1739	115	0.52632	114	4.7002	114.89	7.8505	107	0.68966	87	8.5174	105.67	2.5806	93	5.5172	87	8.0899	89
645	10	100	11.111	108	0	0	11.111	108	9.0909	99	1.3187	91	10.402	98.059	3.8298	94	4.8276	87	8.6445	90.231
646	7.2342	107.82	5.4098	122	0	0	5.4098	122	9.2727	110	0	0	9.2727	110	2.5	96	4.8276	87	7.3112	90.273
647	4.4435	103.52	3.0508	118	0	0	3.0508	118	6.4078	103	0.68182	88	7.0762	101.75	1.2766	94	2.0455	88	3.3186	90.4
648	8.1761	100.29	5.4545	110	0	0	5.4545	110	7.9245	106	3.2609	92	11.142	102.32	3.956	91	4.1379	87	8.0899	89
649	5.2999	98.115	2.7027	111	0	0	2.7027	111	7.1287	101	1.2245	98	8.3523	100.57	0	0	5	84	5	84
650	4.771	104.8	2.9508	122	0	0	2.9508	122	5.5046	109	0	0	5.5046	109	1.9565	92	4.1379	87	6.0902	88.667
651	5.7582	104.2	4.2857	112	0	0	4.2857	112	7.3585	106	0	0	7.3585	106	3.7113	97	2	90	5.7042	94.667
652	7.7444	103.3	8.8889	108	0	0	8.8889	108	5.6075	107	1.1765	102	6.7818	106.17	3	100	4.6667	90	7.646	94.167
653	7.0839	101.64	7.5	112	0	0	7.5	112	5.0943	106	2.7586	87	7.788	100.15	1.9355	93	4.2353	85	6.1597	87.667
654	6.1189	104.59	3.3871	124	0	0	3.3871	124	8.4112	107	0	0	8.4112	107	2.5532	94	4.3373	83	6.865	87.4
655	7.1721	100.39	7.4336	113	0	0	7.4336	113	6.1224	98	2	90	8.112	96.154	1.3333	90	4.8837	86	6.2148	86.889
656	6.1504	100.81	5.2174	115	0	0	5.2174	115	5.7692	104	0	0	5.7692	104	0	0	7.7647	85	7.7647	85
657	8.1695	97.925	7.156	109	0	0	7.156	109	9.8969	97	0.65217	92	10.547	96.706	1.3043	92	5.7143	84	7.0093	85.6
658	8.4579	96.951	5.5556	108	0	0	5.5556	108	10.909	99	1.3043	92	12.208	98.3	2.7586	87	5.0602	83	7.8149	84.455
659	7.3375	95.4	4.3636	110	0	0	4.3636	110	7.9592	98	0.65217	92	8.6091	97.571	4.3373	83	4.9412	85	9.2772	84.077
660	6.0285	92.893	2.9412	102	0	0	2.9412	102	4.0385	104	0.76923	78	4.7643	100.75	3.3708	89	7.1429	84	10.506	85.667
