# Time-series
# t	r	v	r_1_P	v_1_P	r_1_L	v_1_L	r_1	v_1	...
300	3.6513	93.118	0	0	0	0	0	0	3.4951	103	1.9565	92	5.4362	99.333	0.75	80	4.8276	87	5.5733	86.125
301	3.1385	89.214	0.5042	119	0	0	0.5042	119	2.5806	93	0.69767	86	3.2751	91.6	2.1429	84	3.5714	84	5.7143	84
302	2.8655	97.714	1.1881	101	0	0	1.1881	101	3.3962	106	0	0	3.3962	106	0.52174	115	3.6145	83	4.0755	88.333
303	1.592	100.5	1.1215	107	0	0	1.1215	107	2.2642	106	0	0	2.2642	106	0	0	1.4458	83	1.4458	83
304	4.2621	89.158	1.6364	110	0	0	1.6364	110	2.5806	93	1.4118	85	3.9852	90.333	1.4458	83	5.8537	82	7.2993	82.2
305	2.576	93.167	1.1321	106	0	0	1.1321	106	2.5	96	0	0	2.5	96	1.4118	85	2.7273	88	4.1379	87
306	4.2194	94.8	2.1053	114	0	0	2.1053	114	2.3762	101	2.7273	88	5.0794	94.5	0.73171	82	4.8837	86	5.614	85.5
307	1.9756	91.111	0	0	0	0	0	0	1.7476	103	0	0	1.7476	103	0.65934	91	3.5714	84	4.227	85.167
308	2.5577	93.833	0	0	0	0	0	0	2.8302	106	0.69767	86	3.5065	102.67	0	0	4.2353	85	4.2353	85
309	2.9924	93.571	0	0	0	0	0	0	3	100	1.2371	97	4.2363	99.143	0	0	4.7727	88	4.7727	88
310	3.4736	97.882	1	120	0	0	1	120	4.5714	105	0	0	4.5714	105	0.75	80	4.2857	84	5.0342	83.429
311	2.0576	97.2	0.46512	129	0	0	0.46512	129	1.8182	99	0	0	1.8182	99	1.1881	101	2.7907	86	3.956	91
312	3.1983	93.8	1.0526	114	0	0	1.0526	114	1.8182	99	1.3483	89	3.1579	95	0	0	5.4545	88	5.4545	88
313	2.819	92.231	0	0	0	0	0	0	4.3299	97	0.67416	89	5	96	1.3187	91	2.1687	83	3.4803	86.2
314	5.4715	95.038	2.9126	103	0	0	2.9126	103	5.8252	103	2.6966	89	8.4848	99	0.76923	78	4.3902	82	5.1579	81.429
315	3.2444	92.467	0	0	0	0	0	0	2.9126	103	0	0	2.9126	103	1.3043	92	5.5814	86	6.8807	87.2
316	2.7606	101.43	1.0435	115	0	0	1.0435	115	2.2018	109	0.51724	116	2.7174	110.4	1.1538	104	3.4884	86	4.6082	91.143
317	4.5394	92.524	1.8	100	0	0	1.8	100	2.3529	102	1.9565	92	4.2982	97.714	1.3636	88	6.2069	87	7.5704	87.182
318	2.893	96.786	0.45455	132	0	0	0.45455	132	3.5294	102	0	0	3.5294	102	0.63158	95	4.186	86	4.8118	87.286
319	2.604	99.846	0.5	120	0	0	0.5	120	2.7027	111	0.53097	113	3.2335	111.33	2.069	87	2.1687	83	4.2353	85
320	4.1494	91.579	1.6981	106	0	0	1.6981	106	3.7113	97	2.7586	87	6.4516	93	0	0	4.3902	82	4.3902	82
321	4.8485	99	3.2727	110	1.1538	104	4.424	108.5	2.8846	104	1.9355	93	4.806	99.875	0.6	100	4.8276	87	5.4161	88.625
322	4.4636	94.095	1.6071	112	0	0	1.6071	112	3.4951	103	2.1429	84	5.5862	96.667	1.4286	84	4.8837	86	6.3117	85.556
323	5.1635	89.087	1.7143	105	0	0	1.7143	105	5.1613	93	1.3333	90	6.4935	92.4	0	0	7.4074	81	7.4074	81
324	3.7156	96.889	1.165	103	0	0	1.165	103	5.2427	103	0	0	5.2427	103	0.53097	113	4.3373	83	4.8118	87.286
325	2.1834	91.6	1.1009	109	0	0	1.1009	109	1.3333	90	0	0	1.3333	90	1.3187	91	2.8571	84	4.1699	86.333
326	5.8601	92.148	2.3077	104	0	0	2.3077	104	7.5	96	0.71429	84	8.2039	95.077	0.67416	89	6.506	83	7.177	83.6
327	4.7381	92.864	2.2018	109	0	0	2.2018	109	5.625	96	0	0	5.625	96	0.84507	71	5.7143	84	6.541	82.556
328	3.5945	94.588	1.6216	111	0	0	1.6216	111	3.5644	101	0.74074	81	4.2795	98.143	2.1429	84	2.8571	84	5	84
329	5.5798	96.778	2.1429	112	0	0	2.1429	112	7.0588	102	2.6667	90	9.697	99	0.72289	83	4.3373	83	5.0602	83
330	4.2735	93.6	2.9703	101	0	0	2.9703	101	4.2857	98	1.4118	85	5.6776	95.111	0.74074	81	3.4884	86	4.227	85.167
331	4.5361	97	2.1622	111	0	0	2.1622	111	6.7347	98	0	0	6.7347	98	2.0455	88	2.7586	87	4.8039	87.429
332	4.4898	98	3.1034	116	0	0	3.1034	116	4.2424	99	0.65217	92	4.8917	98.125	2.1176	85	3.5714	84	5.6889	84.375
333	6.6782	92.839	5.0467	107	0	0	5.0467	107	4.375	96	0.67416	89	5.046	95.125	1.4118	85	8.7805	82	10.191	82.429
334	5.2236	95.72	4.4444	108	0	0	4.4444	108	3.75	96	2.7586	87	6.4935	92.4	0.72289	83	4.1379	87	4.8595	86.429
335	8.0926	96.385	7.2222	108	1.1765	102	8.3955	107.2	5.7447	94	1.978	91	7.7212	93.25	0	0	8.3721	86	8.3721	86
336	6.6423	99.364	4.7368	114	0	0	4.7368	114	6.3462	104	2.069	87	8.3701	100.36	0.72289	83	6.3529	85	7.0755	84.8
337	4.362	96.286	1.6071	112	0	0	1.6071	112	3.9623	106	2.0455	88	5.9642	100.6	0	0	5.6471	85	5.6471	85
338	5.4261	99.519	3.8532	109	0	0	3.8532	109	5.7692	104	1.2766	94	7.0358	102.33	0	0	5.5172	87	5.5172	87
339	5.9018	98.276	6	110	0	0	6	110	4.3299	97	1.978	91	6.3025	95.2	0.75949	79	4.8276	87	5.5814	86
340	4.7761	100.5	2.4793	121	0	0	2.4793	121	5.7143	105	0.67416	89	6.374	103.55	2.8571	84	2.8916	83	5.7485	83.5
341	4.7169	97.522	3.7168	113	0	0	3.7168	113	4.4211	95	1.2632	95	5.6842	95	0.68966	87	4.2353	85	4.9246	85.286
342	3.2804	103.65	2.4793	121	0	0	2.4793	121	4.2	100	0.66667	90	4.8608	98.75	0.58252	103	2.0455	88	2.6158	91.75
343	3.541	101.67	2.069	116	0.53097	113	2.5997	115.4	3.4286	105	1.3793	87	4.7761	100.5	0.59406	101	2.7586	87	3.3408	89.8
344	4.7801	104.6	2.9752	121	0	0	2.9752	121	5.6075	107	0.64516	93	6.2425	105.73	1.9565	92	3.3333	90	5.2893	90.75
345	6.4798	104.94	6.7241	116	0	0	6.7241	116	7.4286	105	2	90	9.3945	102.19	0	0	3.5294	85	3.5294	85
346	4.2813	102.77	3.0252	119	0	0	3.0252	119	4.1584	101	1.2903	93	5.4423	99.222	3.1915	94	1.3043	92	4.4954	93.429
347	6.0664	105.5	4.4628	121	0	0	4.4628	121	7.8505	107	0	0	7.8505	107	0.70588	85	5.4545	88	6.1597	87.667
348	2.6222	99.154	0.90226	133	0	0	0.90226	133	2.4242	99	0	0	2.4242	99	0.57143	105	4.1379	87	4.689	89.571
349	6.9629	94.788	3.6522	115	0	0	3.6522	115	5.2427	103	4.3373	83	9.4737	95	1.5	80	6.5854	82	8.0846	81.636
350	4.4	100	2.521	119	0.53097	113	3.0508	118	2.8846	104	2.6087	92	5.473	98.667	0.6383	94	4.2353	85	4.8675	86.286
351	4.2908	102.55	4.2478	113	0	0	4.2478	113	5.2941	102	0.67416	89	5.9583	100.7	0.57143	105	2.25	80	2.7826	86.25
352	7.4241	99.676	6.3158	114	0	0	6.3158	114	8.5714	98	0.68182	88	9.2466	97.333	0	0	6.9767	86	6.9767	86
353	4.3828	104.96	3.0769	117	0.56075	107	3.6341	115.57	6.9231	104	0.68966	87	7.5955	102.69	0	0	2	90	2	90
354	7.5137	98.486	6.5455	110	0.52632	114	7.0711	110.31	7.5	96	3.3708	89	10.858	93.941	1.2766	94	3.5294	85	4.7961	87.571
355	9.0637	97.091	8.3333	108	0.625	96	8.951	107.25	7.3469	98	2	90	9.3361	96.4	2.25	80	6.8966	87	9.1351	85.385
356	5.6293	95.926	3.6842	114	0	0	3.6842	114	4.2424	99	2.7273	88	6.9474	95	0	0	6.506	83	6.506	83
357	8.9627	95.953	8.4112	107	0	0	8.4112	107	7.5	96	2	90	9.4937	94.8	2.1687	83	7.0588	85	9.2266	84.538
358	8.6525	101.7	10.654	107	0	0	10.654	107	9.505	101	0.6383	94	10.14	100.59	1.1765	102	4.0909	88	5.2459	91.5
359	10.037	95.646	7.8505	107	0	0	7.8505	107	11.134	97	1.3333	90	12.461	96.3	3.5714	84	6.506	83	10.077	83.357
360	6.9781	100.31	6.4286	112	0	0	6.4286	112	8.3168	101	0	0	8.3168	101	0.67416	89	5.7831	83	6.4542	83.667
361	7.5297	103.59	7.3684	114	0	0	7.3684	114	7.2897	107	1.2245	98	8.5066	105.8	0.65217	92	6.3529	85	7.0012	85.7
362	8.1032	101.2	9.4444	108	0	0	9.4444	108	6.2264	106	2.0225	89	8.2066	102.36	0.68182	88	6.1364	88	6.8182	88
363	11.003	94.519	9.8077	104	0	0	9.8077	104	11.613	93	1.978	91	13.59	92.714	1.3333	90	8.4706	85	9.8	85.714
364	6.5181	98.188	6	110	0	0	6	110	8.0412	97	0.625	96	8.6662	96.929	2.1176	85	3	80	5.113	82.143
365	8.9588	98.227	9.6226	106	0	0	9.6226	106	9.505	101	2.0455	88	11.521	98.947	0.82192	73	5.1852	81	6	80
366	10.56	94.7	11.176	102	0.57692	104	11.753	102.1	10.105	95	0.67416	89	10.777	94.647	2.0455	88	7.3171	82	9.3542	83.385
367	10.384	96.3	10.654	107	0	0	10.654	107	11.368	95	0.69767	86	12.06	94.526	1.5385	78	7.2289	83	8.7627	82.167
368	10.481	99.231	13.143	105	0	0	13.143	105	10.515	97	1.2245	98	11.74	97.105	3.1915	94	3.4884	86	6.6667	90
369	9.9246	100.76	11.009	109	1.1215	107	12.13	108.82	10.408	98	1.9149	94	12.32	97.4	0	0	5.5172	87	5.5172	87
370	12.667	96.311	13.269	104	0.56075	107	13.83	104.12	12.632	95	1.9565	92	14.586	94.609	3.4483	87	6.3529	85	9.8	85.714
371	16.875	85.333	22.667	90	0	0	22.667	90	13.902	82	6.6667	81	20.568	81.679	2.093	86	5.4545	77	7.5282	79.7
372	11.625	77.422	17.037	81	0.98361	61	17.963	80.167	13.6	75	2.6866	67	16.26	73.8	0	0	0.71429	84	0.71429	84
373	14.378	87.635	15.957	94	1.2766	94	17.234	94	14.824	85	3.5294	85	18.353	85	0.84507	71	6.9231	78	7.762	77.3
374	14.72	84.242	20.93	86	0	0	20.93	86	12.143	84	2.963	81	15.103	83.429	4.4444	81	3.7037	81	8.1481	81
375	15.896	88.071	22.174	92	0.72289	83	22.89	91.743	12.955	88	4.3902	82	17.329	86.56	3.7037	81	3.8961	77	7.5949	79
376	17.188	86.108	20.667	90	0.77922	77	21.43	89.594	15.172	87	2.0455	88	17.218	87.12	6.2338	77	6.8354	79	13.067	78.059
377	14.565	86.508	16.484	91	0.65934	91	17.143	91	14.483	87	0.76923	78	15.244	86.591	2.4658	73	9	80	11.45	78.6
378	12.373	90.518	11.753	97	0	0	11.753	97	13.696	92	1.3333	90	15.028	91.826	2.963	81	7.5949	79	10.557	79.571
379	13.425	83.429	15.506	89	0	0	15.506	89	13.412	85	2.3077	78	15.706	84.045	3.2	75	6.1765	68	9.3557	70.545
380	10.961	89.408	12.766	94	0.61856	97	13.384	94.143	10.909	88	2.7273	88	13.636	88	0.71429	84	5.25	80	5.9627	80.5
381	13.475	90.541	19.355	93	0	0	19.355	93	13.187	91	2.1176	85	15.296	90.217	1.4458	83	4.3902	82	5.8359	82.25
382	16.359	83.132	19.78	91	0	0	19.78	91	18	80	2.2785	79	20.278	79.889	3.4783	69	6	70	9.4778	69.636
383	13.491	80.056	16.552	87	0.74074	81	17.289	86.76	15.584	77	0.75	80	16.333	77.143	2.6471	68	4.5455	66	7.191	66.75
384	22.795	67.558	24.474	76	0	0	24.474	76	23.077	65	2.7273	66	25.804	65.107	2.9508	61	16.071	56	19.003	56.833
385	25.321	64.768	31.935	62	0	0	31.935	62	25.455	66	1.7647	68	27.218	66.133	3.4783	69	13.433	67	16.909	67.421
386	23.491	63.853	29.538	65	0	0	29.538	65	20	66	2.8571	63	22.852	65.64	2.9508	61	15.254	59	18.202	59.333
387	22.638	68.91	24	75	0	0	24	75	23.143	70	1.875	64	25.005	69.586	5.0847	59	14.483	58	19.566	58.263
388	22.575	72.646	32.113	71	0	0	32.113	71	20.8	75	0.86957	69	21.664	74.778	6.4865	74	7.5	72	13.984	72.941
389	20.132	72.521	24.324	74	0.85714	70	25.179	73.871	24.507	71	0.75	80	25.245	71.3	4	75	6	70	9.9884	72.083
390	25.822	63.512	31.935	62	1.9672	61	33.902	61.943	24	65	1.8462	65	25.846	65	4.8387	62	12.923	65	17.754	64.211
391	30.99	53.566	42.5	48	0	0	42.5	48	29.434	53	0.98361	61	30.396	53.296	10.476	63	10.645	62	21.12	62.5
392	29.817	50.307	37.021	47	0	0	37.021	47	35	48	2.3529	51	37.344	48.2	6.1017	59	9.8361	61	15.934	60.25
393	29.212	55.457	37.358	53	0	0	37.358	53	31.636	55	1.1111	54	32.747	54.967	6.7742	62	11	60	17.77	60.778
394	31.948	45.699	45	40	0	0	45	40	27.391	46	2.1429	56	29.443	46.87	16.154	52	6.5455	55	22.684	52.9
395	35.083	38.765	45.789	38	1.8182	33	47.577	37.833	31.667	36	6.3158	38	37.967	36.348	6.6667	45	13.636	44	20.301	44.333
396	35.325	40.764	47.273	33	0	0	47.273	33	34.286	35	6.6667	36	40.948	35.167	15.789	57	7.7778	54	23.552	56.045
397	36.55	41.04	47.027	37	0	0	47.027	37	38.049	41	0	0	38.049	41	16.25	48	9.3333	45	25.559	46.95
398	33.689	45.118	44.651	43	0	0	44.651	43	29.333	45	4.0909	44	33.422	44.88	14.694	49	8.5714	49	23.265	49
399	34.254	33.281	39.429	35	0	0	39.429	35	45	28	2.069	29	47.066	28.045	10.5	40	7.6923	39	18.189	39.583
400	39.258	23.435	60	16	0	0	60	16	36.522	23	4.6154	13	40.299	22.333	20	33	7.7419	31	27.721	32.467
401	44.446	28.349	57.6	25	2.069	29	59.618	25.16	45	28	2.2222	27	47.22	27.955	16.364	33	12	35	28.339	33.875
402	41.056	32.152	50	30	0	0	50	30	33.75	32	8.5714	35	42.264	32.652	15.882	34	15.429	35	31.304	34.5
403	43.134	30.138	44	30	0	0	44	30	45.517	29	0	0	45.517	29	21.29	31	18.75	32	40.03	31.476
404	39.983	34.015	42.857	35	0	0	42.857	35	42.581	31	3.871	31	46.452	31	18.947	38	12.353	34	31.21	36.526
405	41.827	33.471	41.818	33	1.6216	37	43.417	33.167	44.516	31	4	30	48.512	30.92	29.189	37	5	36	34.186	36.857
406	34.53	38.227	47.027	37	0	0	47.027	37	30	40	2.7907	43	32.777	40.273	9.7297	37	14.211	38	23.936	37.6
407	42.569	30.538	52.258	31	0	0	52.258	31	51.429	28	0	0	51.429	28	5.2941	34	19.412	34	24.706	34
408	35.812	37.418	48.333	36	0	0	48.333	36	21	40	10.5	40	31.5	40	10	36	17.838	37	27.833	36.647
409	35.9	33.984	48.387	31	0	0	48.387	31	34.286	35	2.7907	43	36.947	35.727	10	36	12.973	37	22.969	36.571
410	45.174	21.694	60	23	0	0	60	23	41.538	26	3.1579	19	44.476	25.632	42.857	7	20	6	62.553	6.7143
411	51.257	18.729	46.957	23	0	0	46.957	23	50	18	6.3158	19	56.299	18.118	34.286	14	23.077	13	57.288	13.615
412	43.269	27.733	43.448	29	0	0	43.448	29	45.517	29	0	0	45.517	29	22.222	27	20	21	41.583	24.529
413	36.469	37.841	43.333	36	0	0	43.333	36	32.308	39	6	40	38.304	39.16	9.4737	38	18.462	39	27.931	38.667
414	41.257	36.842	51.176	34	0	0	51.176	34	38.919	37	1.5789	38	40.497	37.04	27	40	5.7143	42	32.703	40.364
415	45.534	21.083	36.923	26	2.3077	26	39.231	26	63.75	16	4.2857	14	67.972	15.889	26.087	23	10	18	35.704	21.846
416	37.41	31.542	37.714	35	0	0	37.714	35	36	30	1.7143	35	37.67	30.263	24	30	13.846	26	37.674	28.667
417	31.304	42.167	26.4	50	1.1765	51	27.576	50.043	37.895	38	3	40	40.887	38.154	9.7297	37	17.368	38	27.094	37.647
418	28.789	49.324	31.837	49	1.1538	52	32.986	49.111	22.5	48	4.898	49	27.396	48.182	16.8	50	9.2308	52	26.022	50.727
419	31.996	43.13	41.538	39	0	0	41.538	39	26.25	48	0	0	26.25	48	20.93	43	8	45	28.918	43.571
420	41.691	20.628	60	18	3.3333	18	63.333	18	46.957	23	0	0	46.957	23	1.6667	36	15.789	19	16.489	21.833
421	44.806	7.5882	22.5	8	20	6	41.667	7.2	60	8	0	0	60	8	30	6	5.4545	11	33.103	7.25
422	36.582	9.2941	36	5	0	0	36	5	32.727	11	5.4545	11	38.182	11	15	8	30	10	44.545	9.4286
423	37.976	22.119	36.522	23	1.9355	31	38.244	23.533	24.545	22	18	20	42.453	21.2	10.588	17	23.478	23	33.488	21.5
424	40.291	29.783	48	30	0	0	48	30	34	30	7.5	32	41.473	30.381	12.857	28	18.621	29	31.469	28.6
425	38.316	33.406	40.588	34	0	0	40.588	34	38.71	31	4	30	42.706	30.909	18.333	36	13.714	35	32.041	35.579
426	28.63	46.106	31.915	47	0	0	31.915	47	24.783	46	2.5532	47	27.335	46.095	16	45	10.667	45	26.667	45
427	22.386	56.286	26.316	57	0	0	26.316	57	24.643	56	0	0	24.643	56	8.5714	56	7.6364	55	16.206	55.533
428	18.4	65.217	20.909	66	1.8462	65	22.755	65.92	19.701	67	0	0	19.701	67	5.0847	59	7.7419	62	12.819	60.846
429	16.596	69.897	19.437	71	0.84507	71	20.282	71	16.286	70	0	0	16.286	70	7.0588	68	6.1765	68	13.235	68
430	18.486	68.159	22.286	70	0	0	22.286	70	17.91	67	1.6667	72	19.569	67.455	7.2727	66	6.3636	66	13.636	66
431	19.391	61.883	22.5	64	0	0	22.5	64	19.355	62	0	0	19.355	62	11.579	57	4.8387	62	16.393	58.562
432	21.617	52.737	27.059	51	0	0	27.059	51	18.824	51	3.2727	55	22.08	51.632	9.6429	56	6.2069	58	15.845	56.8
433	29.376	40.85	36	35	0	0	36	35	21.818	44	2.7273	44	24.545	44	21.818	44	6.8182	44	28.636	44
434	35.505	30.982	42.857	28	0	0	42.857	28	33.529	34	4.2857	42	37.617	35.091	22.222	27	5.2941	34	27.258	28.615
435	32.245	27.911	32.727	33	0	0	32.727	33	30	32	0	0	30	32	18.462	13	30	14	48.4	13.636
436	36.889	28.192	45	28	0	0	45	28	25.161	31	5.8065	31	30.968	31	16.154	26	19.2	25	35.34	25.467
437	34.34	38.439	28.163	49	1.3043	46	29.463	48.875	35.385	39	1.4286	42	36.805	39.125	27.5	24	18.261	23	45.741	23.611
438	33.928	34.78	32.727	44	0	0	32.727	44	30	32	7.7419	31	37.736	31.8	26.087	23	11.538	26	37.5	24
439	35.125	39.857	39.07	43	0	0	39.07	43	24.615	39	12	35	36.525	37.783	19.459	37	10.769	39	30.209	37.737
440	29.425	46.899	34.468	47	0	0	34.468	47	23.75	48	4	45	27.736	47.591	13.043	46	13.043	46	26.087	46
441	25.778	45	28.75	48	1.2245	49	29.974	48.042	26.087	46	1.4286	42	27.505	45.81	10.769	39	9.7297	37	20.485	38.077
442	32.653	28.787	37.714	35	0	0	37.714	35	27.857	28	6.2069	29	34.058	28.188	12.857	14	24	15	36.818	14.667
443	38.692	28.946	29.268	41	1.5	40	30.767	40.952	54.783	23	4.6154	26	59.327	23.261	15	20	23.333	18	38.23	18.833
444	32.25	22.946	38.571	28	2	30	40.562	28.105	50.526	19	0	0	50.526	19	30	2	6.6667	9	21.818	5.5
445	47.514	12.207	45.882	17	0	0	45.882	17	54	10	13.333	9	67.222	9.8182	60	5	0	0	60	5
446	46.565	15.892	51.429	21	0	0	51.429	21	55.385	13	6	10	61.084	12.769	30	4	26.667	9	49.091	7.3333
447	43.009	12.556	45	16	13.333	9	56	15	60	10	4.6154	13	64.248	10.273	0	0	15	8	15	8
448	49.091	11	54	10	0	0	54	10	55.385	13	0	0	55.385	13	22.5	8	20	9	42.353	8.5
449	28.122	30.581	34.839	31	0	0	34.839	31	25.455	33	3.3333	36	28.764	33.375	1.9355	31	20	24	21.794	24.778
450	30.535	38.644	32.093	43	0	0	32.093	43	29.189	37	3.2432	37	32.432	37	15.882	34	12	35	27.877	34.438
451	34.123	35.167	32.195	41	0	0	32.195	41	35	36	0	0	35	36	22.222	27	16.154	26	38.363	26.588
452	28.201	29.786	31.765	34	0	0	31.765	34	30	30	6.2069	29	36.201	29.833	14.118	17	7.0588	17	21.176	17
453	28.571	35	33.488	43	0	0	33.488	43	14.595	37	6.3158	38	20.907	37.308	18.947	19	24.706	17	43.519	17.923
454	31.496	38.1	28	45	0	0	28	45	26.154	39	7.6923	39	33.846	39	21.429	28	14.483	29	35.901	28.412
455	30.405	29.6	29.189	37	3	40	32.172	37.3	27.097	31	3.871	31	30.968	31	18	10	36	10	54	10
456	36.141	26.562	38.824	34	0	0	38.824	34	28.8	25	12	25	40.8	25	18	10	30	12	47.647	11.333
457	38.857	24.191	42.857	28	0	0	42.857	28	36.923	26	2.069	29	38.966	26.176	20	12	25.714	14	45.455	13.2
458	37.87	21.125	52.5	24	0	0	52.5	24	45	20	2.6087	23	47.554	20.188	30	2	15	8	30	6
459	54.812	9.8519	30	10	0	0	30	10	90	8	5	12	93.889	8.3077	45	12	0	0	45	12
460	71.486	6.4348	108	5	0	0	108	5	60	8	6.6667	9	66.575	8.1111	50	6	0	0	50	6
461	51.717	12.375	68.571	7	0	0	68.571	7	48.75	16	0	0	48.75	16	45	12	10	12	55	12
462	51.368	12.848	60	13	0	0	60	13	42.857	14	8	15	50.824	14.167	18	10	27.273	11	45.176	10.625
463	44.01	23.176	48	25	0	0	48	25	45	24	3.5294	17	48.241	23.632	15	20	22.105	19	37.082	19.417
464	42.387	26.895	53.333	27	0	0	53.333	27	37.241	29	2.069	29	39.31	29	20.87	23	14.4	25	35.21	23.857
465	47.732	23.464	45	28	0	0	45	28	54.545	22	2.1429	28	56.538	22.286	31.765	17	14.286	21	45.581	18.429
466	44.262	20.333	52.5	24	0	0	52.5	24	48	20	4	15	51.761	19.706	15	12	24	10	38.684	10.857
467	42.578	15.971	37.143	21	0	0	37.143	21	51.429	14	6	20	56.538	14.857	37.5	8	10.909	11	47.419	8.8571
468	51.489	8.5455	66.667	9	0	0	66.667	9	53.333	9	5.4545	11	58.554	9.2222	36	5	0	0	36	5
469	44.474	5.8462	60	5	0	0	60	5	70	6	6.6667	9	75.294	6.375	0	0	0	0	0	0
470	66.505	9.3226	76.364	11	0	0	76.364	11	80	9	0	0	80	9	36	5	20	6	55.556	5.4
471	51.255	13.657	56	15	0	0	56	15	38.824	17	7.5	16	46.301	16.846	70	6	8.5714	7	78.367	6.125
472	49.087	13.853	56	15	4	15	60	15	18.75	16	15	16	33.75	16	32.727	11	26.667	9	58.824	10.2
473	48.311	19.043	57.143	21	0	0	57.143	21	45	20	8	15	52.545	19.412	21.429	14	17.143	14	38.571	14
474	37.348	18.743	40.909	22	0	0	40.909	22	42	20	0	0	42	20	34.286	7	13.333	9	46.957	7.6667
475	45.023	19.545	42.5	24	0	0	42.5	24	57	20	0	0	57	20	24	10	30	8	53.333	9
476	47.335	18.591	42.5	24	0	0	42.5	24	63.333	18	0	0	63.333	18	16.364	11	42.857	7	56.471	8.5
477	40.744	22.089	54.783	23	0	0	54.783	23	46.364	22	0	0	46.364	22	5.7143	21	15.789	19	21.46	19.571
478	47.751	20.104	55	24	0	0	55	24	51	20	3.5294	17	54.454	19.833	34.286	7	18.462	13	48	10
479	46.24	14.706	60	16	0	0	60	16	51.429	14	2.6087	23	53.089	14.692	16.364	11	12	10	28.302	10.6
480	32.727	11	54.545	11	0	0	54.545	11	32.727	11	5	12	37.692	11.143	6	10	0	0	6	10
481	59.823	8.6923	65.455	11	0	0	65.455	11	70	6	6	10	73.846	6.5	51.429	7	0	0	51.429	7
482	59.02	10.844	64.615	13	0	0	64.615	13	72	10	0	0	72	10	22.5	8	25.714	7	48	7.5
483	56.364	11	60	14	0	0	60	14	66.667	9	6	10	72.6	9.0909	22.5	8	25.714	7	48	7.5
484	43.239	13.414	60	15	0	0	60	15	45	12	10	12	55	12	4.2857	14	13.333	9	16.875	10.667
485	39.765	13.077	60	15	0	0	60	15	32.727	11	24	10	56.604	10.6	6.6667	9	0	0	6.6667	9
486	47.774	10.885	55.714	14	0	0	55.714	14	67.5	8	10	6	76.923	7.8	20	6	5.4545	11	23.478	7.6667
487	48.944	13.485	48	15	4	15	52	15	55.714	14	10	12	65.534	13.733	7.5	8	26.667	9	34.091	8.8
488	50.622	9.087	66	10	10	12	75.672	10.308	20	9	15	8	34.884	8.6	30	6	17.143	7	46.875	6.4
489	54.019	12.588	60	16	0	0	60	16	40	12	18	10	57.619	11.455	50	6	15	8	63.913	6.5714
490	40.545	21.705	48	25	0	0	48	25	39.13	23	5.7143	21	44.806	22.765	30	10	13.333	9	43.235	9.7143
491	39.263	17.829	45.714	21	0	0	45.714	21	40	18	6	20	45.937	18.286	30	6	17.143	7	46.875	6.4
492	45.187	14.606	33.75	16	0	0	33.75	16	60	17	0	0	60	17	34.286	7	25.714	7	60	7
493	51.39	12.065	48.75	16	0	0	48.75	16	60	10	10.909	11	70.82	10.167	42.857	7	6.6667	9	49.091	7.3333
494	54	13.333	56.25	16	0	0	56.25	16	69.231	13	3.75	16	72.796	13.188	36	5	17.143	7	51.724	5.8
495	54.433	13.595	56.471	17	0	0	56.471	17	70.909	11	5.4545	11	76.364	11	21.818	11	16.364	11	38.182	11
496	45.849	11.778	42.857	14	6.6667	9	48.725	13.545	65.455	11	6	10	71.408	10.923	8.5714	7	12	10	20	9
497	54.218	13.649	72	15	0	0	72	15	44	15	9.2308	13	53.089	14.692	30	4	26.667	9	49.091	7.3333
498	39.752	20.125	40	27	0	0	40	27	42.353	17	9.4737	19	51.724	17.4	37.5	8	13.333	9	50.69	8.2857
499	33.882	14.167	27	20	0	0	27	20	46.154	13	0	0	46.154	13	30	6	20	6	50	6
500	43.56	15.152	50.526	19	0	0	50.526	19	45	12	8	15	52.609	12.545	30	10	7.5	8	37.241	9.6667
501	62.318	10.912	73.846	13	0	0	73.846	13	78	10	0	0	78	10	20	6	25.714	7	45.455	6.6
502	54.381	11.033	55.714	14	0	0	55.714	14	48	10	20	9	67.85	9.7273	34.286	7	17.143	7	51.429	7
503	46.226	15.143	60	16	0	0	60	16	41.25	16	0	0	41.25	16	23.077	13	16.364	11	39.184	12.25
504	47.452	15.595	39	20	3.1579	19	42.151	19.929	60	14	0	0	60	14	32.727	11	15	12	47.647	11.333
505	37.618	24.457	37.241	29	0	0	37.241	29	42.857	21	7.5	24	50.233	21.5	7.8261	23	20	21	27.778	21.6
506	34.981	29.731	34.286	35	0	0	34.286	35	39.31	29	4	30	43.306	29.095	13.043	23	18	20	30.894	21.364
507	32.813	26.209	45	28	0	0	45	28	32.143	28	3.6364	33	35.679	28.588	21.818	11	6.6667	9	28.302	10.6
508	29.726	27.585	35.294	34	0	0	35.294	34	28.889	27	7.5	24	36.312	26.438	24	5	30	6	53.571	5.6
509	36.132	27.122	31.765	34	1.6216	37	33.374	34.158	45.6	25	2.4	25	48	25	15	20	18.75	16	33.333	18
510	39.89	19.053	49.091	22	0	0	49.091	22	28.421	19	17.647	17	45.937	18.286	20	12	10	12	30	12
511	35.357	18.667	46.364	22	0	0	46.364	22	24.706	17	20	18	44.67	17.462	36	5	0	0	36	5
512	47.943	10.846	41.538	13	10.909	11	52.23	12.636	30	10	21.429	14	50	12	60	4	8.5714	7	65.217	4.6
513	70.785	7.3462	75	8	0	0	75	8	94.286	7	0	0	94.286	7	15	8	30	6	44.118	6.8
514	53.567	10.828	51.429	14	0	0	51.429	14	66	10	8.5714	7	73.846	9.75	48	5	6.6667	9	51.724	5.8
515	42.45	17.432	41.739	23	0	0	41.739	23	52	15	3.3333	18	55.211	15.214	40	9	6	10	45.937	9.1429
516	53.368	14.615	67.5	16	0	0	67.5	16	51.429	14	10.588	17	61.644	14.6	16.364	11	18	10	34.286	10.5
517	40.559	16.273	56.25	16	0	0	56.25	16	45.882	17	2.7273	22	48.395	17.357	13.846	13	4	15	17.778	13.5
518	41.724	21.091	41.739	23	0	0	41.739	23	43.636	22	2.7273	22	46.364	22	23.333	18	16	15	39.032	16.909
519	38.302	19.842	33.6	25	2.4	25	36	25	36.667	18	2.7273	22	39.273	18.333	32	15	13.846	13	45.66	14.455
520	51.839	13.118	56	15	0	0	56	15	42.857	14	5	12	47.763	13.818	40	9	18	10	57.857	9.3333
521	56.732	9.5185	54.545	11	5.4545	11	60	11	53.333	9	13.333	9	66.667	9	34.286	7	13.333	9	46.957	7.6667
522	59.02	10.844	72	10	0	0	72	10	46.154	13	16.364	11	62.209	12.538	22.5	8	24	10	45.937	9.1429
523	42.005	22.854	40.8	25	0	0	40.8	25	30	24	15.652	23	45.634	23.667	23.333	18	18	20	41.22	18.923
524	37.452	27.769	45.517	29	0	0	45.517	29	40	27	0	0	40	27	17.778	27	9.2308	26	27	26.667
525	43.195	24.077	40.714	28	0	0	40.714	28	57.273	22	0	0	57.273	22	16.364	22	17.143	21	33.488	21.5
526	46.202	13.419	52	15	6.6667	9	57.647	14.571	30	10	15	12	44.651	10.75	30	14	8.5714	14	38.571	14
527	57.69	11.094	64.286	14	0	0	64.286	14	45	8	30	8	75	8	12	10	33.333	9	45.231	9.2857
528	48.6	11.111	43.636	11	6.6667	9	50.103	10.778	37.5	8	26.667	9	63.947	8.4444	18.462	13	20	15	38.268	14.111
529	52.356	12.606	51.429	14	0	0	51.429	14	64.615	13	6	10	70.312	12.8	30	8	10	12	38.571	9.3333
530	49.181	11.793	48	15	0	0	48	15	72	10	0	0	72	10	6	10	30	8	35.714	8.4
531	48.17	12.871	51.429	14	0	0	51.429	14	38.571	14	4	15	42.553	14.1	30	10	24	10	54	10
532	51.082	14.486	50.769	13	3.75	16	54.34	13.25	52.5	16	0	0	52.5	16	20	12	28	15	47.451	13.909
533	36.222	23.19	40	24	0	0	40	24	25	24	9.2308	26	34.186	24.571	17.143	21	18	20	35.122	20.5
534	27.951	35.061	30.769	39	1.3953	43	32.151	39.19	28.333	36	1.4634	41	29.77	36.278	9	20	16.154	26	24.793	24.2
535	36.028	26.646	34.839	31	3.4286	35	38.217	31.4	33.103	29	5.8065	31	38.887	29.316	30	10	21.818	11	51.702	10.444
536	51.042	13.714	55.714	14	0	0	55.714	14	40	18	9.2308	13	48.595	17.286	34.286	7	34.286	7	68.571	7
537	38.804	22.163	50	24	0	0	50	24	17.778	27	12	25	29.736	26.231	25.714	14	20	12	45.455	13.2
538	39.028	24.085	46.957	23	0	0	46.957	23	32.143	28	6.6667	27	38.802	27.833	11.429	21	22.105	19	33.456	19.727
539	36.545	26.816	36.364	33	0	0	36.364	33	31.2	25	12	25	43.2	25	18.947	19	16.667	18	35.588	18.545
540	36.362	23.651	33.103	29	0	0	33.103	29	35.455	22	7.8261	23	43.268	22.188	20	18	16.667	18	36.667	18
541	40.998	20.977	52.174	23	0	0	52.174	23	24.545	22	10.909	22	35.455	22	8.5714	14	30	16	38.462	15.6
542	37.216	30.632	32.571	35	3.2432	37	35.805	35.19	27.097	31	9.0909	33	36.16	31.526	22.5	24	20	24	42.5	24
543	37.216	30.632	32.571	35	3.2432	37	35.805	35.19	27.097	31	9.0909	33	36.16	31.526	22.5	24	20	24	42.5	24
544	37.216	30.632	32.571	35	3.2432	37	35.805	35.19	27.097	31	9.0909	33	36.16	31.526	22.5	24	20	24	42.5	24
545	37.216	30.632	32.571	35	3.2432	37	35.805	35.19	27.097	31	9.0909	33	36.16	31.526	22.5	24	20	24	42.5	24
546	44.111	23.577	43.2	25	4.4444	27	47.619	25.2	42.5	24	4.4444	27	46.883	24.316	27	20	12	20	39	20
547	40.139	25.412	37.241	29	0	0	37.241	29	48	25	0	0	48	25	18	20	19.091	22	37.007	21.077
548	42.261	25.556	41.379	29	0	0	41.379	29	45.6	25	3.1579	19	48.583	24.7	20	24	18.947	19	38.431	21.857
549	40.173	29.373	45.517	29	0	0	45.517	29	34.545	33	5.4545	33	40	33	18.261	23	18.462	26	36.585	24.6
550	36.567	31.175	38.333	36	1.5385	39	39.862	36.125	38.71	31	3.75	32	42.456	31.091	15	20	17.143	21	32.124	20.545
551	34.98	32.018	33.158	38	0	0	33.158	38	42	30	2.2222	27	44.201	29.864	16.154	26	13.846	26	30	26
552	39.73	23.66	35.556	27	0	0	35.556	27	51.429	21	2.7273	22	54.15	21.053	20.87	23	10	24	30.857	23.333
553	41.417	24.627	43.448	29	0	0	43.448	29	48	25	0	0	48	25	12.857	14	28	15	40.816	14.7
554	42.587	21.133	40	27	0	0	40	27	28.571	21	20	18	48.302	19.875	32.308	13	17.143	14	49.388	13.364
555	47.547	17.667	49.091	22	0	0	49.091	22	37.5	16	17.143	14	54.444	15.429	32.308	13	13.846	13	46.154	13
556	40.419	22.267	33.913	23	0	0	33.913	23	44.348	23	5.4545	11	48.358	22.333	22.5	24	17.647	17	39.07	21.5
557	39.22	27.537	38.571	28	1.8182	33	40.335	28.263	42.857	28	0	0	42.857	28	20.769	26	13.846	26	34.615	26
558	34.161	32.786	38.824	34	0	0	38.824	34	30.857	35	1.4634	41	32.28	35.316	20	27	12.414	29	32.374	27.8
559	30.014	37.982	34.054	37	0	0	34.054	37	25.116	43	3.4286	35	28.436	42.2	15.882	34	12.353	34	28.235	34
560	33.008	30.902	42.222	27	0	0	42.222	27	28.966	29	6.4286	28	35.388	28.824	16.923	39	6.6667	36	23.56	38.2
561	35.484	28.745	44.444	27	0	0	44.444	27	42.222	27	0	0	42.222	27	8.5714	35	12.353	34	20.92	34.417
562	37.626	30.298	43.125	32	0	0	43.125	32	36.774	31	1.7647	34	38.523	31.15	15	24	17.143	28	31.957	26.286
563	50.314	15.105	56	15	0	0	56	15	46.667	18	0	0	46.667	18	36	10	18.462	13	53.571	11.2
564	45.432	18.049	48.571	21	0	0	48.571	21	41.053	19	10	18	51.03	18.812	32.727	11	15	8	46.829	10.25
565	44.462	15.294	60	17	0	0	60	17	45	16	3.75	16	48.75	16	12	5	30	6	41.739	5.75
566	38.94	21.571	43.2	25	0	0	43.2	25	34.286	21	10.435	23	44.651	21.5	7.0588	17	27.692	13	34.286	14
567	37.924	27.423	42	30	0	0	42	30	38.4	25	7.5	24	45.89	24.842	17.143	28	9.6	25	26.667	27
568	40.579	28.586	45	28	2.1429	28	47.143	28	43.448	29	1.7143	35	45.093	29.273	12.414	29	17.143	28	29.548	28.429
569	26.226	37.367	31.579	38	0	0	31.579	38	27.692	39	1.7143	35	29.389	38.789	7.0588	34	10.909	33	17.964	33.4
570	30.731	45.557	35.217	46	0	0	35.217	46	26.809	47	3.75	48	30.557	47.125	12.273	44	14.286	42	26.544	42.947
571	27.655	36.16	28.636	44	0	0	28.636	44	26.667	36	8.1818	22	33.738	33.789	12	20	13.333	27	24.793	24.2
572	40.56	19.231	38.4	25	1.6216	37	39.68	25.706	41.25	16	14.118	17	55.328	16.267	26.667	9	16.364	11	42.609	9.8571
573	45.407	22.904	50.769	26	2.7273	22	53.434	25.826	46.364	22	0	0	46.364	22	22.105	19	16.667	18	38.744	18.583
574	44.2	25.339	46.154	26	2.3077	26	48.462	26	50.4	25	2.069	29	52.419	25.182	15	24	16.8	25	31.787	24.538
575	37.032	31.864	36	35	0	0	36	35	37.241	29	3.5294	34	40.678	29.5	26	30	9.0909	33	35.027	30.833
576	36.791	28.811	37.5	32	1.875	32	39.375	32	45	24	6.9231	26	51.882	24.286	13.548	31	7.5	32	21.043	31.364
577	35.318	32.845	38.824	34	0	0	38.824	34	30.909	33	3.871	31	34.767	32.789	22.5	32	10	30	32.472	31.412
578	32.29	39.641	37.5	40	0	0	37.5	40	23.684	38	11.053	38	34.737	38	9.7674	43	15	40	24.736	41.235
579	36.774	31	41.25	32	0	0	41.25	32	41.25	32	0	0	41.25	32	5.4545	33	23.077	26	28.245	27.615
580	39.983	24.51	45.6	25	0	0	45.6	25	36.923	26	6.9231	26	43.846	26	2.7273	22	28.571	21	31.293	21.091
581	36.301	28.098	36.774	31	1.875	32	38.647	31.05	40.714	28	2.069	29	42.781	28.05	7.2	25	21.818	22	28.924	22.818
582	33.321	31.811	27.429	35	1.2	50	28.426	35.882	38.71	31	1.6667	36	40.335	31.238	12.5	24	20	30	32.143	28
583	34.743	30.509	39.375	32	0	0	39.375	32	32.903	31	2	30	34.901	30.944	10.345	29	20	27	30.309	27.714
584	39.028	32.797	38.824	34	1.7143	35	40.536	34.043	40	33	0	0	40	33	24.375	32	12.414	29	36.712	31.053
585	30.762	33.808	33.333	36	0	0	33.333	36	40.645	31	0	0	40.645	31	6.1538	39	12.727	33	18.76	35.182
586	36.526	31.759	41.818	33	0	0	41.818	33	32	30	9.6774	31	41.669	30.238	7.5	32	18.75	32	26.25	32
587	34.075	35.217	42.857	35	0	0	42.857	35	29.091	33	6.8571	35	35.928	33.4	15.789	38	7.8947	38	23.684	38
588	30.439	42.708	33.488	43	0	0	33.488	43	26.512	43	4.6154	39	31.092	42.455	16.744	43	10	42	26.741	42.632
589	23.544	47.571	26.939	49	0	0	26.939	49	32.609	46	1.25	48	33.856	46.077	2.7273	44	7.2	50	9.8969	48.5
590	24.83	45.912	28.696	46	0	0	28.696	46	26.809	47	1.4286	42	28.222	46.773	5.3333	45	12.273	44	17.604	44.308
591	26.881	46.873	25.882	51	0	0	25.882	51	32.609	46	0	0	32.609	46	10	42	12.558	43	22.555	42.562
592	27.422	48.136	32.4	50	0	0	32.4	50	25.532	47	4.898	49	30.423	47.333	4.898	49	14.667	45	19.537	46.067
593	25.912	47.855	33.913	46	0	0	33.913	46	22.8	50	2.5	48	25.296	49.81	6.1224	49	12.5	48	18.621	48.333
594	27.522	44.328	27.059	51	0	0	27.059	51	34.737	38	1.7143	35	36.441	37.87	5.4545	44	15	44	20.455	44
595	22.943	47.074	28.75	48	0	0	28.75	48	18.667	45	6.8182	44	25.482	44.737	2.0339	59	12.766	47	14.694	49
596	30.351	40.197	41.053	38	0	0	41.053	38	31.5	40	5.7143	42	37.202	40.32	5.3333	45	7.8261	46	13.158	45.6
597	39.649	25.725	52.174	23	0	0	52.174	23	28.966	29	6	30	34.96	29.176	4.2857	28	28.8	25	33.034	25.429
598	36.527	32.305	40	36	1.6667	36	41.667	36	38.182	33	2.2222	27	40.333	32.727	5.2174	23	25	24	30.21	23.833
599	38.644	28.982	36.364	33	2	30	38.348	32.857	49.565	23	6.6667	18	55.941	22.524	10.588	34	15	32	25.565	32.857
600	32.331	31.549	38.71	31	2.069	29	40.77	30.905	37.241	29	4.4444	27	41.667	28.8	3	40	12.632	38	15.625	38.4
601	35.048	30.815	48.889	27	0	0	48.889	27	23.226	31	12	30	35.217	30.667	9.7297	37	12.973	37	22.703	37
602	30.1	36.545	44	30	0	0	44	30	33.158	38	0	0	33.158	38	3.913	46	11.739	46	15.652	46
603	26.088	44.466	30.667	45	0	0	30.667	45	30.698	43	1.2	50	31.867	43.304	6.25	48	9.5455	44	15.766	45.667
604	25.862	45.627	32.727	44	0	0	32.727	44	23.478	46	5.2174	46	28.696	46	5	48	11.25	48	16.25	48
605	23.29	53.242	25.091	55	0	0	25.091	55	30	52	0	0	30	52	4.4444	54	10.385	52	14.825	52.615
606	24.764	43.611	30.667	45	0	0	30.667	45	24.545	44	1.3636	44	25.909	44	3.75	32	14.286	42	17.851	40.333
607	23.112	50.19	24.407	59	1.0909	55	25.493	58.84	17.778	54	3.4615	52	21.235	53.684	8	30	20	30	28	30
608	21.928	53.814	21.562	64	0	0	21.562	64	21.818	55	0.96774	62	22.771	55.333	4	30	21.081	37	24.954	36.067
609	19.304	56.982	24.194	62	0	0	24.194	62	20.339	59	0	0	20.339	59	2.8571	42	12	40	14.851	40.4
610	19.206	61.441	24.706	68	0	0	24.706	68	17	60	0.96774	62	17.967	60.111	1.1765	51	14.694	49	15.869	49.154
611	21.152	56.733	21	60	0.81081	74	21.769	60.636	23.571	56	2.2222	54	25.791	55.833	6.5455	55	9.6	50	16.11	52.143
612	26.539	45.217	28.75	48	0	0	28.75	48	26.842	38	5.1429	35	31.957	37.55	9.4118	51	10.8	50	20.21	50.471
613	28.379	43.694	32.727	44	0	0	32.727	44	27.907	43	7.5	40	35.377	42.4	3.5294	51	13.636	44	17.099	45.615
614	25.147	45.333	21.509	53	1.0169	59	22.514	53.3	26.341	41	3.3333	36	29.63	40.5	8.7805	41	15.714	42	24.492	41.647
615	21.156	58.613	20.294	68	0	0	20.294	68	20.69	58	2.1053	57	22.794	57.909	5.5814	43	16.25	48	21.784	46.824
616	17.769	66.407	18.904	73	0	0	18.904	73	17.538	65	1.9672	61	19.499	64.619	3.9344	61	11.379	58	15.306	58.8
617	18.851	66.841	20.833	72	0	0	20.833	72	19.385	65	2.4324	74	21.777	66.125	3.9344	61	10.345	58	14.272	58.857
618	15.472	68.509	17.027	74	0	0	17.027	74	15.652	69	0.84507	71	16.497	69.105	1.9048	63	11.379	58	13.272	58.769
619	3.9233	76.467	3.3333	90	0	0	3.3333	90	2.4	75	0.75949	79	3.1579	76	2.5714	70	2.9508	61	5.4962	65.5
620	13.702	72.98	15.789	76	0	0	15.789	76	11.842	76	1.6667	72	13.505	75.529	6.8571	70	5.2632	57	12	65
621	13.55	73.8	15.19	79	0	0	15.19	79	10	72	5.0704	71	15.07	71.667	4.1096	73	6.4615	65	10.537	68.333
622	16.544	66.491	18.333	72	0	0	18.333	72	17.538	65	0.85714	70	18.391	65.25	6.2069	58	7	60	13.203	59.077
623	20.106	59.683	22.258	62	0.90909	66	23.164	62.167	24.828	58	0.9375	64	25.755	58.24	2.6866	67	8.8889	54	11.469	57.545
624	16.572	71.203	19.726	73	0	0	19.726	73	19.167	72	0.8	75	19.965	72.125	2.7273	66	7.3846	65	10.111	65.273
625	15.07	71.667	16.709	79	0	0	16.709	79	13.714	70	1.7143	70	15.429	70	1.875	64	11.613	62	13.486	62.286
626	13.432	72.959	15.19	79	0	0	15.19	79	14.571	70	1.6901	71	16.261	70.105	0.86957	69	8.1818	66	9.0498	66.3
627	17.462	67.576	22.286	70	0	0	22.286	70	19.701	67	0.8	75	20.491	67.348	3.0508	59	6.6667	63	9.7087	61.8
628	17.939	65.78	19.13	69	0	0	19.13	69	18.462	65	0.95238	63	19.413	64.905	5.5385	65	9.8361	61	15.36	62.5
629	22.784	62.324	25.312	64	0	0	25.312	64	24.762	63	0.9375	64	25.699	63.037	8.2759	58	9.1525	59	17.427	58.529
630	19.057	68.215	22.192	73	0	0	22.192	73	18.261	69	1.0526	57	19.283	68.455	8.7097	62	7.3684	57	16.05	59.812
631	17.532	67.305	18.904	73	0.86957	69	19.771	72.833	18.182	66	2.6866	67	20.868	66.13	3	60	9.3103	58	12.308	58.5
632	15.136	71.352	18.649	74	0	0	18.649	74	18.857	70	0.82192	73	19.678	70.13	0.66667	90	6.5625	64	7.1375	67.25
633	16.852	67.649	20.27	74	0	0	20.27	74	13.846	65	3.75	64	17.595	64.789	1.9048	63	11.186	59	13.084	59.615
634	16.209	70.333	16.923	78	0	0	16.923	78	15.429	70	1.7647	68	17.192	69.8	5.9016	61	9.1525	59	15.05	59.8
635	18.371	66.41	20.571	70	0	0	20.571	70	17.015	67	2.6866	67	19.701	67	5.9016	61	9.1525	59	15.05	59.8
636	22.857	56	27.368	57	0	0	27.368	57	25.714	56	1.0169	59	26.728	56.12	3.3962	53	11.111	54	14.506	53.769
637	21.392	60.769	26.25	64	0	0	26.25	64	24.407	59	1.8182	66	26.202	59.538	1.9355	62	10	54	11.902	55.455
638	20.375	66.75	28.696	69	0	0	28.696	69	18.182	66	1.791	67	19.972	66.091	1.9048	63	10.645	62	12.55	62.154
639	20.423	65.612	21.316	76	0	0	21.316	76	16.875	64	3.9344	61	20.802	63.455	6.6667	54	13.846	52	20.506	52.667
640	23.42	61.486	30.968	62	0	0	30.968	62	20	63	3.1034	58	23.086	62.375	5.9016	61	10.345	58	16.237	59.125
641	21.577	63.029	27.273	66	0	0	27.273	66	21.639	61	0	0	21.639	61	2.1818	55	13.77	61	15.934	60.25
642	20.049	69.829	20.27	74	0	0	20.27	74	21.429	70	1.7647	68	23.192	69.852	6.5625	64	10.312	64	16.875	64
643	22.707	70.463	24.8	75	0.85714	70	25.653	74.844	25.588	68	3.6923	65	29.274	67.636	4.4118	68	8.9552	67	13.366	67.333
644	15.715	81.453	16.667	90	0.75	80	17.408	89.615	17.468	79	2.2785	79	19.747	79	0.85714	70	9.5652	69	10.422	69.083
645	16.901	80.471	18.409	88	0	0	18.409	88	16.296	81	2.25	80	18.546	80.88	5.625	64	8.6957	69	14.302	67.125
646	19.147	75.208	21	80	0.75	80	21.75	80	22.192	73	0.88235	68	23.07	72.821	5.0704	71	7.7143	70	12.784	70.4
647	16.064	70.965	18.4	75	0	0	18.4	75	20	72	0	0	20	72	1.7647	68	8.4211	57	10.135	59.2
648	9.8424	89.409	9.0909	99	0	0	9.0909	99	10.787	89	0.77922	77	11.552	88.294	0	0	9.1139	79	9.1139	79
649	14.073	86.689	13.696	92	0	0	13.696	92	17.931	87	0.70588	85	18.637	86.926	2.4658	73	7.5949	79	10.05	77.615
650	14.246	84.233	16.484	91	0	0	16.484	91	15.904	83	0.67416	89	16.574	83.261	0.72289	83	9.2958	71	10	72
651	13.804	88.377	14.375	96	0.58252	103	14.955	96.292	13.256	86	1.3043	92	14.554	86.571	2.069	87	10.13	77	12.171	78.875
652	13.812	89.774	15.789	95	0	0	15.789	95	16	90	0.72289	83	16.719	89.72	2.1951	82	6.9231	78	9.1139	79
653	12.392	82.314	13.793	87	0	0	13.793	87	14.458	83	0	0	14.458	83	1.4286	84	7.7143	70	9.0977	72.545
654	19.579	76.613	24.304	79	0	0	24.304	79	17.692	78	2.3377	77	20.03	77.885	0.82192	73	13.714	70	14.535	70.176
655	19.033	73.557	22.597	77	0.8	75	23.397	76.933	19.167	72	4.3478	69	23.508	71.464	2.4658	73	7.8261	69	10.286	70
656	24.087	63.935	24.507	71	0	0	24.507	71	29.492	59	2.8571	63	32.337	59.375	9.375	64	6.6667	54	15.934	60.25
657	29.574	43.281	35.714	42	0	0	35.714	42	27.273	44	2.6667	45	29.938	44.091	7.1429	42	16	45	23.12	44.118
658	24.807	54.824	26.897	58	0	0	26.897	58	27.692	52	3.4615	52	31.154	52	6.5455	55	10	54	16.544	54.4
659	20.76	61.656	23.226	62	0.96774	62	24.194	62	19.672	61	3	60	22.671	60.87	9.5238	63	5.9016	61	15.422	62.25
660	21.338	67.486	22.192	73	0	0	22.192	73	21.818	66	1.7647	68	23.581	66.154	8.7097	62	9.8361	61	18.545	61.474
