# Time-series
# t	r	v	r_1_P	v_1_P	r_1_L	v_1_L	r_1	v_1	...
300	3.2644	91.9	1.8367	98	0	0	1.8367	98	3.2967	91	1.4118	85	4.704	89.286
301	1.9355	93	1.2371	97	0	0	1.2371	97	1.2766	94	1.3636	88	2.6374	91
302	2.949	91.556	0	0	0	0	0	0	3.2609	92	2.6374	91	5.8981	91.556
303	2.623	91.5	0	0	0	0	0	0	3.2258	93	2.0225	89	5.2459	91.5
304	3.2189	93.2	1.6364	110	0	0	1.6364	110	2.093	86	2.7907	86	4.8837	86
305	4.2749	91.231	1.0909	110	0	0	1.0909	110	2.6374	91	4.8837	86	7.5155	87.818
306	2.9326	102.3	2.1239	113	0	0	2.1239	113	3.0928	97	0.69767	86	3.7828	95.167
307	3.2895	91.2	1.7647	102	0	0	1.7647	102	2.7586	87	2.093	86	4.8515	86.571
308	6.2794	95.55	4.6154	104	0.56604	106	5.1812	104.22	5.3933	89	2.069	87	7.4615	88.455
309	3.2823	91.4	0.53097	113	0	0	0.53097	113	2.069	87	4	90	6.0674	89
310	3.7231	88.636	0	0	0	0	0	0	2.5263	95	4.9412	85	7.4462	88.636
311	2.3333	90	0.64516	93	0	0	0.64516	93	2.0225	89	2	90	4.0223	89.5
312	6.3594	89.632	4.2424	99	0	0	4.2424	99	1.3333	90	7.2289	83	8.5545	84.167
313	4.4749	93.857	2.243	107	0	0	2.243	107	3.956	91	2.8235	85	6.772	88.6
314	3.3113	90.6	1.8947	95	0	0	1.8947	95	2.5806	93	2.1687	83	4.7343	88.714
315	2.3941	87.714	0	0	0	0	0	0	1.3043	92	3.4884	86	4.7883	87.714
316	5.4975	87.312	3.1915	94	0.60606	99	3.7961	94.833	4.3902	82	2.8571	84	7.2464	82.8
317	8.4747	92.038	5.2427	103	0.56604	106	5.8083	103.3	6.3529	85	4.9412	85	11.294	85
318	4.4478	94.429	1.6822	107	0	0	1.6822	107	3.75	96	3.5294	85	7.2527	91
319	6.0469	94.263	3.0303	99	0	0	3.0303	99	6.25	96	2.8571	84	9.0741	92.571
320	4.3045	97.571	2.4	100	0	0	2.4	100	4.2424	99	1.978	91	6.2112	96.6
321	2.8028	96.333	1.1881	101	0	0	1.1881	101	1.7476	103	2.6966	89	4.4211	95
322	3.4375	96	2.3077	104	0	0	2.3077	104	3.913	92	0.68182	88	4.5938	91.429
323	4.6584	96.6	1.7143	105	1.1215	107	2.8355	105.8	3.0612	98	3.4884	86	6.5217	92
324	7.2311	91.273	4.8	100	0	0	4.8	100	2.7586	87	6.9767	86	9.7351	86.286
325	3.0395	98.7	1.0811	111	0	0	1.0811	111	2.9412	102	2.1176	85	5.0196	95.625
326	8.4219	92.615	7.7228	101	0	0	7.7228	101	2.1176	85	7.1429	84	9.2603	84.231
327	5.7176	94.444	2.2642	106	0	0	2.2642	106	6.383	94	2.8571	84	9.2163	91.143
328	2.9816	90.556	1.7476	103	0	0	1.7476	103	1.4458	83	2.8235	85	4.2688	84.333
329	6.3966	93.8	3.5644	101	0	0	3.5644	101	6.4516	93	2.8235	85	9.2598	90.714
330	6.1395	92.842	5.1923	104	0	0	5.1923	104	4.3902	82	2.8571	84	7.2464	82.8
331	5.3075	90.438	2.8846	104	0	0	2.8846	104	5.7143	84	2.1176	85	7.8317	84.273
332	5.3585	95.176	3.9252	107	0.63158	95	4.5498	105.5	2.093	86	4.186	86	6.2791	86
333	6.424	93.4	4.1176	102	0	0	4.1176	102	7.3333	90	1.4634	82	8.7868	88.769
334	8.3526	93.385	7.2	100	0	0	7.2	100	5.3933	89	4.186	86	9.5765	87.714
335	5.3002	90.562	5.0526	95	0	0	5.0526	95	3.4091	88	2.1687	83	5.5733	86.125
336	9.7263	89.448	8.6598	97	0	0	8.6598	97	5	84	5.9259	81	10.922	82.4
337	8.4712	92.077	8.75	96	0.66667	90	9.4142	95.6	4.7727	88	2.7907	86	7.5625	87.273
338	8.9158	94.214	4.6154	104	0.59406	101	5.209	103.67	7.2527	91	5.4545	88	12.704	89.737
339	10.78	94.618	10.8	100	0.6383	94	11.436	99.684	5.2747	91	4.9412	85	10.204	88.2
340	5.0427	95.188	3.5294	102	0.53097	113	4.0552	103.57	3.913	92	2.1951	82	6.0902	88.667
341	6.9507	94.955	4.6602	103	0.56604	106	5.2258	103.33	3.8298	94	4.9412	85	8.7489	89.154
342	7.218	99.75	6.055	109	1.1111	108	7.1661	108.85	4.7191	89	2.6966	89	7.4157	89
343	8.1906	95.231	5.6075	107	0	0	5.6075	107	9.5455	88	1.3793	87	10.925	87.875
344	6.7055	93.952	4.2424	99	0.67416	89	4.9105	97.75	6.4516	93	2.069	87	8.5139	91.615
345	5.4332	99.389	2.7523	109	0	0	2.7523	109	7.5	96	0.65217	92	8.1511	95.692
346	4.8546	98.875	3.4951	103	0	0	3.4951	103	4.8485	99	1.3953	86	6.2241	96.4
347	10.446	100.51	10.459	109	0.50847	118	10.964	109.45	6.0674	89	4.0909	88	10.158	88.6
348	7.0722	97.565	6.1111	108	0	0	6.1111	108	5.4545	88	2.7273	88	8.1818	88
349	7.379	101.64	6.9643	112	0	0	6.9643	112	4.4211	95	3.5714	84	7.9631	90.417
350	5.9408	95.947	5.3465	101	0	0	5.3465	101	5.1064	94	1.4815	81	6.5646	91.4
351	5.5399	92.059	2.9126	103	0	0	2.9126	103	4.0449	89	4.186	86	8.2286	87.5
352	8.3375	100.75	5.8929	112	0.55046	109	6.443	111.75	7.7419	93	2.6374	91	10.378	92.5
353	10.126	91.839	6.9231	104	1.8947	95	8.8063	102.2	5.1852	81	6.506	83	11.689	82.125
354	7.4163	97.083	5.1429	105	0.55556	108	5.698	105.3	7.0213	94	2.2222	81	9.2091	91.214
355	7.0785	97.478	7.5728	103	0.65934	91	8.2238	102.14	3	100	3.0769	78	5.9852	90.222
356	9.5432	97.452	8.1553	103	0	0	8.1553	103	7.4227	97	3.6145	83	10.982	92.882
357	8.3729	96.741	7.5728	103	0	0	7.5728	103	7.1739	92	2.069	87	9.238	90.929
358	13.427	91.61	10.588	102	0	0	10.588	102	11.294	85	5.25	80	16.531	83.478
359	5.612	96.222	4.0777	103	0	0	4.0777	103	3.75	96	3.4483	87	7.181	91.909
360	13.268	92.707	11.4	100	0	0	11.4	100	9.0698	86	6.2069	87	15.276	86.409
361	13.167	95.69	15.152	99	0	0	15.152	99	7.8261	92	3.4091	88	11.231	90.824
362	13.491	91.171	12.857	98	0	0	12.857	98	12.143	84	2.1429	84	14.286	84
363	14.663	87.977	13.548	93	0.64516	93	14.194	93	13.012	83	2.2222	81	15.233	82.714
364	11.731	94.622	15	96	0	0	15	96	5.1064	94	3.3708	89	8.4712	92.077
365	11.064	97.611	13.529	102	0	0	13.529	102	5.2747	91	3.4091	88	8.6815	89.846
366	13.2	95.452	14.851	101	0	0	14.851	101	8.2759	87	3.4091	88	11.685	87.294
367	12.403	96.75	12.941	102	0	0	12.941	102	10.549	91	1.4118	85	11.956	90.333
368	16.964	88.42	18.462	91	1.2121	99	19.665	91.533	10.714	84	3.6145	83	14.328	83.75
369	14.409	93.689	12.6	100	0	0	12.6	100	13.483	89	2.8571	84	16.333	88.167
370	18.832	87.618	23.871	93	0	0	23.871	93	10.263	76	3.8462	78	14.107	76.556
371	20.946	83.069	19.535	86	1.3187	91	20.849	86.333	18.75	80	2.3684	76	21.113	79.571
372	15.046	91.717	15.464	97	0.58824	102	16.051	97.192	8.4706	85	5.7143	84	14.184	84.6
373	19.984	87.069	23.333	90	0	0	23.333	90	10.714	84	6	80	16.705	82.609
374	18.898	85.722	24.828	87	0.72289	83	25.549	86.892	9.5122	82	2.7586	87	12.263	83.176
375	25.918	76.394	24.75	80	1.4118	85	26.157	80.286	16.667	72	9.1667	72	25.833	72
376	21.519	82.254	23.023	86	0.73171	82	23.753	85.882	13.247	77	6.1538	78	19.4	77.32
377	19.796	81.833	20.233	86	0	0	20.233	86	14.026	77	5.4545	77	19.481	77
378	25.815	74.375	26.582	79	0	0	26.582	79	20	69	5.2941	68	25.293	68.793
379	30.398	70.07	30	72	1.6438	73	31.644	72.053	20	69	9.2308	65	29.209	67.788
380	21.717	77.357	19.756	82	0.75	80	20.506	81.929	18.082	73	5	72	23.081	72.786
381	26.983	73.379	26.494	77	0	0	26.494	77	24.857	70	2.7692	65	27.613	69.531
382	23.898	72.81	24.474	76	0	0	24.474	76	20	69	3.4286	70	23.428	69.148
383	22.936	75.862	25.823	79	0.74074	81	26.563	79.057	14.366	71	5.0704	71	19.437	71
384	25.278	73.581	25.823	79	0	0	25.823	79	17.015	67	8.0597	67	25.075	67
385	27.934	73.029	29.61	77	0	0	29.61	77	17.647	68	8.8235	68	26.471	68
386	27.173	69.556	27.568	74	0	0	27.568	74	19.091	66	8	60	27.042	64.345
387	22.737	77.847	24.444	81	1.3636	88	25.799	81.4	16.438	73	3.3803	71	19.817	72.667
388	25.979	71.597	28.378	74	0	0	28.378	74	17.391	69	6.2687	67	23.656	68.481
389	29.217	63.661	30	66	0	0	30	66	20.656	61	7.8689	61	28.525	61
390	33.543	55.452	32.542	59	0	0	32.542	59	29.412	51	5.4545	55	34.839	51.667
391	27.692	58.5	29.032	62	0	0	29.032	62	18.545	55	8.0769	52	26.605	54.125
392	28.903	58.125	29.032	62	0	0	29.032	62	25.556	54	3.5294	51	29.075	53.654
393	33.312	54.934	33.103	58	0	0	33.103	58	24.906	53	8.9362	47	33.753	51.552
394	39.609	49.231	36.226	53	1.1111	54	37.337	53.03	34.091	44	8.4	50	42.372	45.312
395	30.141	61.71	30.462	65	1.0526	57	31.499	64.765	22.759	58	6.2069	58	28.966	58
396	27.204	66.167	25.714	70	0	0	25.714	70	24.194	62	4.6875	64	28.877	62.333
397	28.316	62.508	26.364	66	0	0	26.364	66	29.492	59	0.95238	63	30.44	59.133
398	34.08	60.739	34.839	62	0.84507	71	35.667	62.243	29.492	59	3.0508	59	32.542	59
399	33.229	57.781	34	60	0	0	34	60	28.364	55	4.2105	57	32.569	55.267
400	32.311	54.78	30.508	59	0	0	30.508	59	27.6	50	6.9231	52	34.514	50.414
401	31.525	59.952	28.125	64	0.86957	69	28.989	64.161	30	56	4.3636	55	34.362	55.875
402	26.958	60.093	28.571	63	1.0526	57	29.615	62.806	17.586	58	6.9231	52	24.453	56.435
403	31.698	53.947	33.818	55	0	0	33.818	55	20.377	53	9.2308	52	29.606	52.692
404	39.223	46.656	37.5	48	0	0	37.5	48	33.913	46	7.1429	42	41.01	45.355
405	53.078	36.738	50.526	38	0	0	50.526	38	51.667	36	4.2857	28	55.751	35.515
406	52.205	27.583	52	30	1.6667	36	53.603	30.222	41.739	23	10.714	28	52.087	24.19
407	44.499	40.45	45.366	41	2.8571	42	48.221	41.061	34.5	40	6.3158	38	40.802	39.704
408	38.702	49.609	40.385	52	0	0	40.385	52	31.915	47	5.3333	45	37.24	46.724
409	29.087	58.789	29.508	61	0	0	29.508	61	22.105	57	6.6667	54	28.757	56.333
410	33.769	55.081	32.542	59	0.95238	63	33.491	59.121	26.4	50	8.0769	52	34.467	50.483
411	32.335	55.667	33.103	58	0	0	33.103	58	24.231	52	7.5	56	31.698	53
412	31.033	59.935	28.615	65	0.74074	81	29.313	65.5	28.889	54	4.4444	54	33.333	54
413	34.118	57.154	32.381	63	0	0	32.381	63	31.765	51	4.898	49	36.656	50.742
414	41.856	50.171	34.909	55	3.6	50	38.482	54.571	40.435	46	5.4545	44	45.88	45.771
415	36.494	50.968	35.556	54	2	60	37.532	54.353	25	48	10.909	44	35.854	46.857
416	49.724	36.2	45	40	1.3636	44	46.35	40.129	46.875	32	7.5	32	54.375	32
417	43.094	37.593	42.439	41	1.4634	41	43.902	41	27.429	35	16	30	43.2	33.333
418	36.793	45.661	39.574	47	0	0	39.574	47	24.545	44	9.5455	44	34.091	44
419	34.643	55.422	34.737	57	0	0	34.737	57	30	54	4.6154	52	34.61	53.742
420	33.601	57.141	35	60	0	0	35	60	22.222	54	10.189	53	32.408	53.69
421	36.863	53.712	32.143	56	0	0	32.143	56	33.462	52	8.2353	51	41.694	51.806
422	35.336	55.185	35.789	57	0	0	35.789	57	31.698	53	3.2727	55	34.967	53.194
423	27.342	65.833	28.696	69	0.84507	71	29.54	69.059	20.323	62	5	60	25.318	61.615
424	29.229	65.688	31.765	68	0	0	31.765	68	22.857	63	3.9344	61	26.788	62.714
425	33.782	57.723	34.138	58	0.92308	65	35.048	58.206	29.474	57	3.0508	59	32.521	57.194
426	40.836	45.548	40	45	2.5532	47	42.548	45.125	30	46	9.1304	46	39.13	46
427	46.655	42.439	46.364	44	2.449	49	48.783	44.278	34.5	40	10.244	41	44.739	40.233
428	43.878	39.655	52.308	39	0	0	52.308	39	25.5	40	10	42	35.483	40.583
429	61.484	26.836	69.231	26	1.875	32	71.01	26.194	35.556	27	16.552	29	52.048	27.667
430	41.452	44.148	46.047	43	0	0	46.047	43	28	45	8.9362	47	36.923	45.5
431	40.743	47.125	40.408	49	1.4634	41	41.834	48.765	34.667	45	5.1064	47	39.764	45.267
432	42.365	41.78	38.182	44	3.913	46	42.088	44.194	38.462	39	4.5	40	42.959	39.107
433	43.64	41.934	41.429	42	0	0	41.429	42	40	42	5.8537	41	45.851	41.875
434	53.612	34.694	51.892	37	1.5385	39	53.426	37.061	41.25	32	13.125	32	54.375	32
435	47.253	35.554	47.692	39	0	0	47.692	39	35.625	32	12.414	29	47.954	31.28
436	39.779	45.25	42.128	47	0	0	42.128	47	36.279	43	1.3043	46	37.577	43.111
437	44.713	42.27	54	40	0	0	54	40	27.273	44	8.5714	49	35.765	45.296
438	48.08	36.19	54.375	32	2.069	29	56.426	31.9	38.049	41	3.1579	38	41.191	40.786
439	36.015	51.645	30	54	2.1429	56	32.14	54.138	34.286	49	5.7692	52	40.037	49.455
440	43.084	42.475	45.714	42	0	0	45.714	42	33.488	43	6.9767	43	40.465	43
441	56.632	31.254	62.069	29	0	0	62.069	29	44.118	34	7.7419	31	51.807	33.586
442	43.779	38.375	42.439	41	0	0	42.439	41	40	36	5.625	32	45.562	35.556
443	38.747	47.23	40.408	49	0	0	40.408	49	32	45	5.2174	46	37.215	45.143
444	38.339	50.862	37.091	55	0	0	37.091	55	33.913	46	6.25	48	40.153	46.323
445	35.803	51.952	32.727	55	1.1538	52	33.878	54.903	33.061	49	4.898	49	37.959	49
446	37.148	49.262	35.769	52	1.1111	54	36.879	52.062	31.915	47	5.8537	41	37.685	46.172
447	48.711	35.105	48.649	37	1.4286	42	50.052	37.161	45.455	33	2.5	24	47.774	32.654
448	52.879	36.877	50.769	39	2.5	48	53.145	39.514	47.647	34	5.625	32	53.254	33.8
449	58.777	29.603	56	30	1.7647	34	57.735	30.138	55.862	29	4	30	59.858	29.069
450	46.659	36.649	43.077	39	1.5385	39	44.615	39	44.118	34	5	36	49.102	34.214
451	42.677	44.286	36	50	0.96774	62	36.914	50.387	44.211	38	5.8537	41	50.033	38.375
452	49.747	36.183	43.077	39	1.4286	42	44.497	39.103	52.727	33	3	40	55.603	33.452
453	42.177	41.966	37.674	43	1.3636	44	39.037	43.036	45.366	41	0	0	45.366	41
454	38.291	43.875	38.182	44	1.2245	49	39.391	44.172	28.636	44	8.5714	42	37.194	43.556
455	50.742	39.612	48.571	42	0	0	48.571	42	45.405	37	7.8947	38	53.295	37.152
456	44.185	34.627	41.053	38	0	0	41.053	38	42.581	31	5.625	32	48.201	31.12
457	62.512	26.875	64.286	28	2	30	66.276	28.065	55.2	25	4	30	59.055	25.4
458	51.479	36.714	49.231	39	1.3333	45	50.534	39.182	42.857	35	10.345	29	52.941	34
459	59.127	24.354	55.862	29	0	0	55.862	29	66.667	18	2.3077	26	68.549	18.381
460	50.772	31.907	57.931	29	1.9355	31	59.858	29.069	35	36	7.7419	31	42.614	35.2
461	57.167	29.912	58.065	31	0	0	58.065	31	47.586	29	8.8889	27	56.439	28.704
462	48.714	36.95	50.27	37	1.7647	34	52.024	36.906	42.162	37	3.2432	37	45.405	37
463	42.358	45.328	36.25	48	1.1321	53	37.37	48.167	43.256	43	4.3902	41	47.637	42.824
464	42.023	42.833	40	45	0	0	40	45	36.585	41	7.6923	39	44.262	40.667
465	46.919	40.922	47.143	42	1.6216	37	48.742	41.853	42	40	3.1579	38	45.151	39.867
466	62.716	26.309	56.25	32	0	0	56.25	32	66.316	19	10.909	22	77.002	19.48
467	50.88	35.967	43.077	39	1.3043	46	44.341	39.241	52.727	33	5.4545	33	58.182	33
468	57.735	30.138	50	36	0	0	50	36	60	24	10.435	23	70.419	23.857
469	43.567	40.627	42.857	42	0	0	42.857	42	43.077	39	1.3333	45	44.38	39.207
470	41.444	45.603	37.2	50	0	0	37.2	50	35.714	42	10.769	39	46.44	41.344
471	47.746	38.328	48	40	0	0	48	40	42.162	37	5.625	32	47.694	36.483
472	43.186	39.596	43.5	40	0	0	43.5	40	35.385	39	7.5	40	42.881	39.179
473	41.731	43.852	36.25	48	0	0	36.25	48	43.5	40	4.3902	41	47.888	40.094
474	38.646	48.129	39.184	49	2.449	49	41.633	49	33.191	47	2.5	48	35.69	47.071
475	51.307	33.914	48.333	36	0	0	48.333	36	45	32	9.6774	31	54.67	31.828
476	45.704	32.163	54	30	0	0	54	30	30.857	35	7.0588	34	37.911	34.818
477	45.833	36	47.027	37	0	0	47.027	37	39.429	35	5.2941	34	44.719	34.885
478	48.595	36.424	44.211	38	0	0	44.211	38	53.143	35	0	0	53.143	35
479	56.019	29.455	50.625	32	2.2222	27	52.795	31.821	55.556	27	4.4444	27	60	27
480	44.758	40.217	42.857	42	0	0	42.857	42	45.789	38	1.1765	51	46.834	38.433
481	39.488	45.583	37.021	47	3.8298	47	40.851	47	26.512	43	11.739	46	38.213	43.964
482	40.677	47.938	38.4	50	0	0	38.4	50	40.435	46	2.6667	45	43.1	45.939
483	36.336	48.712	33.6	50	1.25	48	34.848	49.931	35	48	2.9268	41	37.868	47.533
484	38.017	51.292	39.623	53	1.2245	49	40.84	52.889	31.837	49	3.4615	52	35.287	49.31
485	38.379	51.591	40.385	52	0	0	40.385	52	34.118	51	2.2642	53	36.379	51.129
486	51.647	34.271	52.941	34	0	0	52.941	34	44.118	34	6.3158	38	50.359	34.552
487	41.401	39.13	42	40	1.6216	37	43.613	39.897	37.895	38	1.3636	44	39.226	38.24
488	36.125	42.353	32	45	0	0	32	45	33	40	7.5	40	40.5	40
489	36.285	45.473	30.638	47	4.186	43	34.797	46.556	32.727	44	5.1064	47	37.814	44.429
490	57.117	32.565	56.129	31	1.7647	34	57.878	31.1	52.941	34	3.6364	33	56.575	33.938
491	42.36	40.368	47.368	38	0	0	47.368	38	32.093	43	5.5814	43	37.674	43
492	62.069	29	72	25	0	0	72	25	52.727	33	1.8182	33	54.545	33
493	52.683	34.167	50.526	38	0	0	50.526	38	52	30	4.4444	27	56.403	29.786
494	43.504	37.927	42	40	1.0714	56	42.908	40.552	41.143	35	3.4286	35	44.571	35
495	41.919	43.656	38.667	45	1.4634	41	40.119	44.867	40	42	3.8298	47	43.781	42.484
496	58.823	29.07	57.931	29	0	0	57.931	29	51.724	29	8	30	59.716	29.138
497	42.507	38.111	40.5	40	0	0	40.5	40	41.667	36	3.0769	39	44.724	36.222
498	49.154	34.179	48.75	32	3.4286	35	52.151	32.214	40	36	6.4865	37	46.482	36.143
499	55.826	29.019	52	30	1.9355	31	53.933	30.037	53.571	28	4.2857	28	57.857	28
500	45.586	35.537	43.333	36	3.0769	39	46.391	36.214	33.529	34	11.351	37	44.818	34.808
501	52.011	28.84	54.375	32	0	0	54.375	32	40	24	11.538	26	51.479	24.476
502	50.813	29.52	56.25	32	0	0	56.25	32	35.556	27	11.429	21	46.512	25.8
503	46.004	38.475	42.439	41	1.3333	45	43.76	41.133	44.571	35	4.2857	42	48.707	35.724
504	44.573	37.018	48.947	38	0	0	48.947	38	35	36	5.2941	34	40.28	35.75
505	41.401	39.855	40	42	0	0	40	42	39.474	38	3.6364	33	43.051	37.63
506	42.819	42.738	48.293	41	0	0	48.293	41	33.333	45	4.186	43	37.512	44.786
507	45.393	44.941	41.25	48	0	0	41.25	48	48.571	42	1.3636	44	49.932	42.057
508	42.907	37.057	40.5	40	0	0	40.5	40	42.353	34	3.5294	34	45.882	34
509	39.437	44.881	36	50	0	0	36	50	39	40	5	36	43.955	39.586
510	54.863	28.981	57.778	27	0	0	57.778	27	46	30	6.6667	36	52.446	30.889
511	39.655	40.852	37.674	43	0	0	37.674	43	38.462	39	3.4286	35	41.856	38.704
512	40.534	41.446	36	45	1.4286	42	37.422	44.893	36.316	38	7.8947	38	44.211	38
513	47.203	36.862	47.368	38	1.7647	34	49.114	37.871	38.333	36	7.0588	34	45.373	35.704
514	40.129	39.623	40	42	0	0	40	42	38.919	37	1.6667	36	40.584	36.96
515	43.632	44.692	40	45	0	0	40	45	40	45	7.3171	41	47.267	44.429
516	42.085	41.345	40.976	41	3.6	50	44.422	41.871	38.049	41	1.7647	34	39.764	40.741
517	55.579	23.75	55.385	26	2.2222	27	57.604	26.04	40	21	15	20	54.975	20.737
518	54.605	28.02	48.75	32	0	0	48.75	32	55	24	7.8261	23	62.814	23.88
519	50.918	31.226	47.273	33	1.7647	34	49.036	33.037	47.586	29	5.625	32	53.159	29.346
520	43.808	43.143	46.364	44	0	0	46.364	44	38.571	42	2.7273	44	41.293	42.138
521	52.369	29.216	55.714	28	1.5789	38	57.102	28.37	44	30	3.75	32	47.735	30.167
522	55.945	27.885	55.714	28	0	0	55.714	28	49.286	28	6.9231	26	56.177	27.769
523	45.365	39.017	38.571	42	0	0	38.571	42	50	36	2.7273	44	52.603	36.5
524	52.915	34.017	46.667	36	3.1579	38	49.815	36.133	50.625	32	5.8065	31	56.426	31.9
525	45.801	35.37	43.784	37	1.3333	45	45.057	37.286	35.294	34	11.613	31	46.836	33.308
526	36.693	45.786	35.51	49	2.449	49	37.959	49	30.732	41	5.2174	46	35.885	41.8
527	34.545	47.764	33.6	50	2.2642	53	35.857	50.2	30.667	45	2.7907	43	33.452	44.84
528	28.74	50.104	22.909	55	2.0339	59	24.933	55.348	24.783	46	8.3721	43	33.127	45.28
529	38.351	48.5	35.769	52	0	0	35.769	52	36	45	5.3333	45	41.333	45
530	44.457	39.814	42.439	41	0	0	42.439	41	43.077	39	3.5294	34	46.552	38.667
531	40.173	41.073	39.07	43	0	0	39.07	43	38.462	39	3	40	41.46	39.074
532	43.276	40.207	41.429	42	0	0	41.429	42	36.667	36	9.1304	46	45.296	38.414
533	42.109	42.034	36	45	3.913	46	39.911	45.1	37.895	38	6.9767	43	44.774	38.862
534	42.538	43.726	40.435	46	0	0	40.435	46	35.122	41	9.7674	43	44.872	41.452
535	46.241	40.873	43.636	44	1.3333	45	44.969	44.03	38.919	37	9.2308	39	48.128	37.4
536	41.612	35.327	45	40	0	0	45	40	26.4	25	15	32	40.791	27.947
537	31.302	44.087	32.5	48	0	0	32.5	48	26.154	39	4.6154	39	30.769	39
538	32.882	46.529	34.468	47	0	0	34.468	47	30	46	1.3043	46	31.304	46
539	43.902	41	42.439	41	0	0	42.439	41	38.049	41	7.3171	41	45.366	41
540	36.656	42.558	31.915	47	0	0	31.915	47	36.923	39	5.2941	34	42.139	38.444
541	37.723	47.717	37.647	51	1.2245	49	38.87	50.939	27.907	43	9.1304	46	37.005	43.778
542	31.08	56.949	33	60	1.0909	55	34.084	59.853	27.17	53	1.1321	53	28.302	53
543	48.107	31.804	54.194	31	0	0	54.194	31	32.727	33	9.375	32	42.095	32.783
544	41.288	39.964	40.465	43	1.3043	46	41.763	43.1	33.333	36	8.1081	37	41.436	36.2
545	36.383	47	35.745	47	2.5	48	38.244	47.067	28.696	46	5.8824	51	34.522	46.926
546	39.832	42.93	40.909	44	1.1321	53	41.996	44.29	36.585	41	1.2245	49	37.765	41.308
547	45.045	33.3	41.667	36	2.069	29	43.66	35.731	40	30	7.0588	34	46.957	30.667
548	41.118	36.48	43.333	36	0	0	43.333	36	30	36	9	40	38.919	37
549	46.201	34.415	47.273	33	1.6216	37	48.872	33.148	31.667	36	12	35	43.66	35.731
550	39.268	40.491	36.818	44	2.5532	47	39.36	44.207	30	36	10	36	40	36
551	34.917	47.255	33.6	50	2.5532	47	36.145	49.8	26.512	43	7.5	48	33.937	44.2
552	39.089	35.304	41.143	35	2.1429	28	43.203	34.72	26.667	36	8.3333	36	35	36
553	40.224	39.528	42	40	0	0	42	40	33.846	39	4.6154	39	38.462	39
554	31.807	47.16	34.286	49	0	0	34.286	49	25.909	44	3.6	50	29.452	44.818
555	44.055	33.367	43.636	33	0	0	43.636	33	34.545	33	10	36	44.484	33.72
556	43.896	35.538	39.474	38	1.5	40	40.97	38.077	41.818	33	5.4545	33	47.273	33
557	38.008	40.255	34.667	45	0	0	34.667	45	36	35	6.4865	37	42.469	35.32
558	27.724	56.269	24.828	58	2.1053	57	26.932	57.923	24.444	54	4.1379	58	28.563	54.615
559	27.409	60.2	28.065	62	1.0909	55	29.142	61.767	21.724	58	4	60	25.72	58.32
560	27.025	61.055	29.508	61	0.85714	70	30.347	61.29	18.387	62	5.3571	56	23.704	60.75
561	21.98	66.878	23.478	69	0	0	23.478	69	12.923	65	7.619	63	20.537	64.273
562	27.664	62.897	28.571	63	1.0526	57	29.615	62.806	20.952	63	4.7619	63	25.714	63
563	26.492	66.814	23.333	72	0.84507	71	24.178	71.966	24.194	62	4.918	61	29.111	61.833
564	20.21	68.283	17.5	72	0	0	17.5	72	19.385	65	3.6364	66	23.02	65.16
565	23.819	66.755	24	70	0.75	80	24.735	70.345	21.29	62	1.791	67	23.071	62.417
566	20.188	74.3	22.597	77	0	0	22.597	77	15.211	71	2.6471	68	17.854	70.571
567	29.91	63.19	29.091	66	1.7391	69	30.827	66.176	20	60	9.1525	59	29.151	59.69
568	19.338	72.915	20	75	0	0	20	75	14.366	71	4.3478	69	18.711	70.545
569	20.669	71.122	19.481	77	0	0	19.481	77	18.462	65	3.6923	65	22.154	65
570	24.097	68.473	26.571	70	0	0	26.571	70	17.91	67	3.75	64	21.654	66.5
571	20.992	65.739	22.941	68	0	0	22.941	68	11.25	64	7.8689	61	19.108	62.8
572	26.865	62.536	28.615	65	0.8	75	29.397	65.312	20.339	59	4.1379	58	24.476	58.833
573	22.776	65.86	20.282	71	0.75	80	21.02	71.36	22.623	61	2.2642	53	24.851	60.36
574	21.618	68	18.333	72	1.6216	74	19.954	72.167	19.688	64	3.75	64	23.438	64
575	21.412	68.653	23.333	72	0	0	23.333	72	17.812	64	1.8182	66	19.629	64.19
576	25.138	64.444	23.824	68	1.7143	70	25.536	68.138	21	60	3.9344	61	24.934	60.16
577	23.558	61.125	24.375	64	0	0	24.375	64	16.552	58	6.3158	57	22.866	57.727
578	29.654	54.63	27.931	58	1.0345	58	28.966	58	23.529	51	7.0588	51	30.588	51
579	27.034	62.143	30	64	0	0	30	64	20	60	4.1379	58	24.134	59.667
580	29.163	57.607	27.541	61	0.9375	64	28.476	61.103	19.615	52	10.526	57	30.083	53.852
581	27.033	59.926	28.525	61	2	60	30.524	60.935	13.22	59	10.345	58	23.563	58.565
582	27.008	54.429	28.475	59	0	0	28.475	59	17.5	48	8.5714	49	26.069	48.333
583	27.352	58.132	23.438	64	0.98361	61	24.419	63.885	26.538	52	4.2857	56	30.803	52.593
584	19.575	67.432	17.746	71	0.72289	83	18.45	71.545	14.286	63	6.5625	64	20.847	63.318
585	23.873	65.346	23.662	71	0	0	23.662	71	19	60	5.5556	54	24.511	58.75
586	22.211	64.833	21.493	67	1.8462	65	23.337	66.846	12.923	65	8.2759	58	21.135	62.455
587	19.608	67.318	17.838	74	0.88235	68	18.715	73.739	15	60	5.9016	61	20.9	60.286
588	26.932	59.038	28.525	61	1.0714	56	29.589	60.833	16.842	57	7.5	56	24.34	56.696
589	21.607	65.255	20.571	70	1.7391	69	22.31	69.923	16.721	61	4.5283	53	21.185	59.476
590	22.899	72.055	18.904	73	2.4	75	21.303	73.231	19.437	71	5.0704	71	24.507	71
591	22.193	68.941	24.507	71	0	0	24.507	71	15.455	66	4.4776	67	19.931	66.227
592	21.274	66.277	15.616	73	0.75949	79	16.371	73.3	25.574	61	0.95238	63	26.525	61.074
593	23.318	63.041	24	65	0	0	24	65	18.689	61	4	60	22.688	60.826
594	18.433	68.357	19.726	73	0	0	19.726	73	10.82	61	6.5625	64	17.373	62.167
595	21.331	70.32	21.892	74	0	0	21.892	74	16.364	66	4.5455	66	20.909	66
596	24.597	64.642	25.075	67	0	0	25.075	67	21.29	62	2.9032	62	24.194	62
597	21.781	67.49	18.904	73	1.5789	76	20.481	73.24	19.355	62	4.0678	59	23.415	61.5
598	18.02	73.25	19.481	77	0.81081	74	20.29	76.885	13.235	68	2.6471	68	15.882	68
599	21.058	66.957	22.609	69	0	0	22.609	69	15.692	65	3.871	62	19.557	64.429
600	22.453	65.469	22.609	69	1.0345	58	23.618	68.593	15.238	63	6.2069	58	21.416	61.636
601	25.932	59	23.607	61	1	60	24.606	60.96	24.211	57	3.1034	58	27.313	57.115
602	20.9	60.286	22.857	63	0	0	22.857	63	12.414	58	6.6667	54	19.059	56.667
603	25.013	63.566	24.545	66	0.83333	72	25.372	66.214	19.672	61	5.0847	59	24.752	60.6
604	25.013	63.566	24.545	66	0.83333	72	25.372	66.214	19.672	61	5.0847	59	24.752	60.6
605	23.467	67.755	25	72	0.86957	69	25.868	71.903	13.333	63	8	60	21.322	61.909
606	22.046	68.04	22.817	71	0.86957	69	23.686	70.929	15.238	63	5.2941	68	20.508	64.364
607	20.397	73.54	18.701	77	0.72289	83	19.42	77.24	18	70	3.4783	69	21.478	69.84
608	18.581	67.81	17.838	74	0	0	17.838	74	8.8525	61	10.82	61	19.672	61
609	19.77	69.804	20.548	73	0	0	20.548	73	15.455	66	3.6364	66	19.091	66
610	16.88	79.978	18.072	83	0	0	18.072	83	12.308	78	3.4783	69	15.748	76.2
611	20.686	71.061	17.143	77	0.73171	82	17.872	77.217	19.091	66	4.6875	64	23.775	65.615
612	22.72	69.981	22.192	73	0.75949	79	22.946	73.214	14.545	66	8.0597	67	22.604	66.36
613	20.516	71.653	23.014	73	0	0	23.014	73	15.429	70	2.6087	69	18.037	69.857
614	18.491	71.386	17.368	76	0	0	17.368	76	11.471	68	8.3077	65	19.769	66.773
615	21.026	71.34	19.737	76	0	0	19.737	76	18.806	67	3.6923	65	22.496	66.68
616	21.489	68.408	22.817	71	0	0	22.817	71	15.692	65	4.5455	66	20.237	65.227
617	22.418	65.571	24.179	67	0	0	24.179	67	15.238	63	5.4545	66	20.684	63.818
618	23.779	63.08	24.706	68	0	0	24.706	68	13.929	56	9.3103	58	23.232	56.818
619	25.434	66.054	26.957	69	0	0	26.957	69	14.516	62	9.5238	63	24.038	62.4
620	21.802	68.8	23.333	72	0	0	23.333	72	14.769	65	5.625	64	20.393	64.727
621	20.388	72.102	19.231	78	0	0	19.231	78	20.909	66	0.92308	65	21.832	65.958
622	18.384	79.959	19.286	84	0	0	19.286	84	14.4	75	3.2	75	17.6	75
623	14.615	86.214	14.348	92	0.65934	91	15.007	91.957	11.852	81	2.5714	70	14.382	79.263
624	11.481	91.457	9.375	96	0.61224	98	9.987	96.125	8.0899	89	4.9412	85	13.025	87.526
625	15.212	86.773	11.613	93	0	0	11.613	93	14.634	82	4.2857	84	18.918	82.462
626	15.824	85.311	15.506	89	0	0	15.506	89	13.171	82	3.038	79	16.205	81.455
627	16.794	89.32	17.684	95	0	0	17.684	95	13.012	83	3.0769	78	16.08	82.091
628	17.779	75.933	21.039	77	0	0	21.039	77	8.2192	73	6.3158	76	14.529	74.333
629	14.442	89.326	12.99	97	0	0	12.99	97	13.171	82	2.9268	82	16.098	82
630	13.327	92.293	14.526	95	0	0	14.526	95	10.112	89	2.0455	88	12.158	88.833
631	15.108	89.356	13.608	97	0	0	13.608	97	12.593	81	4.2353	85	16.82	82.043
632	18.578	85.585	20.225	89	0.65217	92	20.876	89.097	11.25	80	5.122	82	16.37	80.636
633	17.078	91.346	18.557	97	0	0	18.557	97	10	84	5.7831	83	15.783	83.636
634	18.293	82	15.333	90	0	0	15.333	90	17.6	75	3.9474	76	21.547	75.185
635	20.813	76.396	24.156	77	0.68966	87	24.834	77.312	11.2	75	5.6	75	16.8	75
636	22.847	78.783	25.61	82	0	0	25.61	82	15.2	75	5	72	20.194	74.28
637	13.644	87.95	11.333	90	0	0	11.333	90	10.549	91	5.5263	76	15.966	86.435
638	17.963	81.837	18.409	88	0.63158	95	19.037	88.25	12.973	74	4.2254	71	17.193	73.286
639	18.478	84.423	18	90	0	0	18	90	11.538	78	7.5949	79	19.133	78.4
640	16.722	80.733	17.143	84	0	0	17.143	84	10.13	77	6.2338	77	16.364	77
641	15.387	83.837	13.333	90	1.4118	85	14.741	89.545	11.688	77	4.5	80	16.183	77.857
642	23.832	76.787	25.185	81	0	0	25.185	81	16.667	72	6	70	22.663	71.481
643	22.037	72.151	20.25	80	0.68182	88	20.925	80.286	15.938	64	7.8689	61	23.794	63.04
644	18.733	78.469	19.259	81	1.519	79	20.777	80.857	11.688	77	5.0704	71	16.736	75.286
645	24.453	69.93	23.514	74	0.78947	76	24.302	74.067	16.615	65	8.1818	66	24.796	65.333
646	23.415	71.75	24.8	75	0	0	24.8	75	17.015	67	5.1429	70	22.15	67.72
647	20.387	76.519	19.5	80	0	0	19.5	80	17.027	74	4.3478	69	21.359	73.038
648	23.103	74.018	21.266	79	0	0	21.266	79	19.412	68	5.7534	73	25.142	69.207
649	20.278	79.889	18.353	85	2	90	20.347	85.517	13.784	74	6.6667	72	20.447	73.36
650	16.493	85.489	18	90	0	0	18	90	12	80	3.1169	77	15.113	79.4
651	15.423	87.533	15.652	92	0	0	15.652	92	10.843	83	4.4444	81	15.286	82.429
652	12.006	87.457	7.0968	93	0	0	7.0968	93	16.235	85	0.72289	83	16.958	84.917
653	17.543	87.216	15.957	94	0	0	15.957	94	15	80	4.3373	83	19.333	80.692
654	15.858	88.915	16.421	95	0.64516	93	17.066	94.926	8.7805	82	6.0759	79	14.851	80.8
655	16.465	91.1	15.789	95	0	0	15.789	95	10.787	89	6.4286	84	17.202	87.2
656	13.391	91.854	13.895	95	0	0	13.895	95	10.787	89	2.1429	84	12.924	88.211
657	17.778	87.75	19.121	91	0.66667	90	19.787	90.967	9.1765	85	6.6667	81	15.834	83.364
658	19.277	84.037	17.143	91	0	0	17.143	91	15.584	77	6.0759	79	21.657	77.571
659	12.864	90.949	12.727	99	0	0	12.727	99	8.25	80	5	84	13.243	81.556
660	18.188	85.769	18.876	89	0	0	18.876	89	14.458	83	3.1169	77	17.561	82
