# Time-series
# t	r	v	r_1_P	v_1_P	r_1_L	v_1_L	r_1	v_1	...
300	3.3574	95.312	1.5126	119	0	0	1.5126	119	1.7476	103	0.65217	92	2.394	100.25	0.68966	87	5.6471	85	6.3364	85.222
301	1.7071	105.44	0	0	0	0	0	0	2.6316	114	0	0	2.6316	114	0.52174	115	2.0455	88	2.533	94.75
302	3.3457	89.667	0.53097	113	0	0	0.53097	113	2.4742	97	2.0225	89	4.4885	93.571	1.3187	91	3.7975	79	5.0953	82.429
303	2.5153	95.417	0	0	0	0	0	0	2.1622	111	0.66667	90	2.809	106.8	1.2903	93	3.5294	85	4.8118	87.286
304	3.2545	104.47	2.6087	115	0	0	2.6087	115	2.6786	112	0.70588	85	3.3488	107.5	1.2	100	2.6966	89	3.8849	92.667
305	3.3975	94.188	1.0084	119	0	0	1.0084	119	0.57692	104	1.978	91	2.5464	94.25	2.5532	94	4.186	86	6.7265	89.2
306	1.9495	92.333	0	0	0	0	0	0	1.2245	98	0	0	1.2245	98	0.5042	119	4.186	86	4.6299	90.714
307	3.7387	90.941	1.2121	99	0	0	1.2121	99	0.57692	104	2.6087	92	3.178	94.4	0.58824	102	6.2791	86	6.8493	87.6
308	2.6698	97.385	0.47244	127	0	0	0.47244	127	3.4615	104	0.67416	89	4.1234	101.86	0.69767	86	2.8235	85	3.5211	85.2
309	2.9742	100.87	0.39474	152	0	0	0.39474	152	3.2727	110	0.625	96	3.8889	108	0.67416	89	4.186	86	4.8595	86.429
310	2.5782	100.85	0	0	0	0	0	0	1.44	125	0.66667	90	2.0645	116.25	1.1881	101	4.5652	92	5.7447	94
311	2.3702	92.818	0.42553	141	0	0	0.42553	141	2.5263	95	0	0	2.5263	95	0.66667	90	3.6585	82	4.32	83.333
312	3.6421	93.353	1.5789	114	0	0	1.5789	114	2.3762	101	0.6383	94	3.012	99.6	2.1176	85	4.3902	82	6.506	83
313	4.9251	101.52	4.0336	119	0	0	4.0336	119	3.4615	104	1.3483	89	4.788	100.25	1.2245	98	5	84	6.199	87.111
314	2.7192	95.615	0	0	0	0	0	0	2.7027	111	0	0	2.7027	111	0	0	5.5814	86	5.5814	86
315	3.3104	102.71	1.9355	124	0	0	1.9355	124	2.7523	109	0.75	80	3.456	104.17	1.2	100	3.5294	85	4.704	89.286
316	3.848	93.556	1.1215	107	0	0	1.1215	107	1.8367	98	1.2371	97	3.0738	97.6	1.2632	95	6.1364	88	7.3931	89.273
317	3.3683	100.94	0.94488	127	0	0	0.94488	127	3.9623	106	0.68182	88	4.6265	103.75	1.9565	92	2.6966	89	4.6519	90.286
318	2.5529	101.85	0.53097	113	0	0	0.53097	113	2.5	120	1.4118	85	3.8182	110	1.2121	99	2.2222	81	3.4014	88.2
319	2.5529	101.85	0.53097	113	0	0	0.53097	113	2.5	120	1.4118	85	3.8182	110	1.2121	99	2.2222	81	3.4014	88.2
320	4.0274	104.29	1.4062	128	0	0	1.4062	128	4.2105	114	1.2121	99	5.4054	111	0	0	5.5172	87	5.5172	87
321	3.9692	95.737	0.53571	112	0	0	0.53571	112	5.0467	107	0	0	5.0467	107	1.4118	85	5.122	82	6.5323	82.667
322	3.0717	97.667	0.48	125	0	0	0.48	125	3.4615	104	0.66667	90	4.1176	102	0.57692	104	4.1379	87	4.6965	89.429
323	3.41	99.706	1.0084	119	0	0	1.0084	119	4.5283	106	0.64516	93	5.1647	104.56	0	0	4.186	86	4.186	86
324	4	95	2.7027	111	0	0	2.7027	111	3.7895	95	0	0	3.7895	95	0.60606	99	5.0602	83	5.6471	85
325	5.6998	94.741	2.7523	109	0.58824	102	3.3385	107.83	4.1584	101	2.6374	91	6.7787	97.364	1.4286	84	5.7143	84	7.1429	84
326	3.7861	100.37	0.47244	127	0	0	0.47244	127	4.3636	110	0	0	4.3636	110	3.2967	91	3.3708	89	6.6667	90
327	4.1558	96.25	1.4754	122	0	0	1.4754	122	2.8846	104	0.68966	87	3.5585	101.17	0.65217	92	6.9767	86	7.6261	86.545
328	4.817	103.8	2.381	126	0	0	2.381	126	6.2264	106	0	0	6.2264	106	0.5042	119	5.6471	85	6.0826	88.778
329	3.9112	97.158	2.7273	110	0	0	2.7273	110	3.5644	101	1.4286	84	4.9612	96.75	2.0455	88	2.093	86	4.1379	87
330	4.7291	101.5	3.6842	114	0	0	3.6842	114	4.5714	105	0.66667	90	5.2258	103.33	2.6966	89	2.7273	88	5.4237	88.5
331	5.9754	90.37	1.5517	116	0	0	1.5517	116	5.7447	94	1.3333	90	7.076	93.273	1.4634	82	8.0488	82	9.5122	82
332	6.3706	97.323	6.055	109	0	0	6.055	109	4.3299	97	3.3333	90	7.6528	94.083	2.1687	83	3.4091	88	5.5733	86.125
333	5.5702	100.54	3.9669	121	0	0	3.9669	121	2.8302	106	2.6667	90	5.4607	98.889	0	0	7.5862	87	7.5862	87
334	7.8564	96.737	3.0769	117	0.53097	113	3.6074	116.43	9	100	1.9149	94	10.909	99	0	0	9.3976	83	9.3976	83
335	5.209	103.67	4.0336	119	0	0	4.0336	119	5.6604	106	1.3043	92	6.9453	103.67	0.74074	81	4.1379	87	4.8756	86.143
336	4.6261	99.435	2.5424	118	0	0	2.5424	118	3.8889	108	2.069	87	5.8997	101.7	0	0	5.6471	85	5.6471	85
337	5.2296	103.26	2.5	120	0.53097	113	3.0295	118.83	6.1682	107	1.9149	94	8.0603	104.21	0	0	4.7727	88	4.7727	88
338	6.4749	98.844	4.6552	116	0.57692	104	5.2265	114.8	5.625	96	1.3793	87	6.9942	94.364	1.978	91	5.4545	88	7.4309	88.818
339	4.9251	101.52	2.9752	121	0	0	2.9752	121	3.9252	107	0.68966	87	4.5933	104.5	3.2609	92	4.186	86	7.4385	88.727
340	2.9837	107.25	1.4286	126	0	0	1.4286	126	5.0943	106	0	0	5.0943	106	1.1881	101	1.3187	91	2.5	96
341	3.7665	106.2	1.9355	124	0	0	1.9355	124	5.4545	110	0	0	5.4545	110	0	0	4.0909	88	4.0909	88
342	4.3325	106.17	3.0769	117	0	0	3.0769	117	4.8214	112	0.66667	90	5.4645	109.8	1.1881	101	3.4091	88	4.5794	91.714
343	3.276	109.89	1.4173	127	0	0	1.4173	127	4.0336	119	0.65934	91	4.6596	115.89	1.2632	95	2.6374	91	3.8989	92.333
344	7.6318	104.82	7.2414	116	0	0	7.2414	116	6.6667	108	0.6383	94	7.295	106.92	3.7895	95	4.8276	87	8.6005	90.692
345	3.6154	105.11	0.87591	137	0	0	0.87591	137	4.3243	111	0	0	4.3243	111	2.4	100	3.4483	87	5.8204	92.778
346	5.0224	107.52	3.8095	126	0	0	3.8095	126	5.5556	108	0.63158	95	6.1787	106.82	0	0	5.3333	90	5.3333	90
347	2.9278	102.47	0.48	125	0	0	0.48	125	3.1034	116	0	0	3.1034	116	1.2371	97	4.1379	87	5.3631	89.5
348	6.7927	94.219	5.8824	102	0	0	5.8824	102	2.8302	106	5.5814	86	8.3251	93.692	1.3187	91	4.9412	85	6.2548	86.333
349	3.6988	102.74	2.3622	127	0	0	2.3622	127	1.6514	109	2.5532	94	4.1821	100.43	1.2371	97	3.5714	84	4.7883	87.714
350	4.9945	104.12	3.6522	115	0	0	3.6522	115	4.9541	109	0.65934	91	5.597	107.2	1.0526	114	4.8837	86	5.8554	92.222
351	5.5585	104.34	4.6154	117	0	0	4.6154	117	5.6075	107	0.58824	102	6.1945	106.55	0	0	6.0674	89	6.0674	89
352	7.3523	103.37	6.2069	116	0	0	6.2069	116	8.0769	104	2.0225	89	10.064	101.35	1.8557	97	4.1379	87	5.9779	90.333
353	6.8	100	3.9669	121	0	0	3.9669	121	7.8	100	2.0455	88	9.821	97.75	1.978	91	4.9412	85	6.9124	86.8
354	8.4645	99.238	6.6667	117	0	0	6.6667	117	7.6471	102	1.9565	92	9.588	100.12	1.5584	77	8.1481	81	9.7033	80.385
355	6.2413	96.133	1	120	0	0	1	120	6.9903	103	0.68182	88	7.6586	101.85	0	0	10.227	88	10.227	88
356	8.9148	100.96	7.6364	110	0	0	7.6364	110	10	102	1.8	100	11.799	101.7	1.2903	93	6.2069	87	7.4923	88.091
357	8.7783	104.8	8.1356	118	0	0	8.1356	118	9.7143	105	0.57692	104	10.291	104.94	1.9355	93	6.3529	85	8.2759	87
358	7.0016	102.83	5.1282	117	0	0	5.1282	117	9.9029	103	0.64516	93	10.542	102.44	2.6667	90	2.9268	82	5.5814	86
359	8.4739	101.49	7.8261	115	0	0	7.8261	115	7.8	100	1.9355	93	9.7277	98.688	1.1429	105	7.0588	85	8.1509	88.333
360	5.9518	107.53	4.3548	124	0	0	4.3548	124	6.4286	112	0.65934	91	7.0662	110.38	1.2903	93	5.4545	88	6.7416	89
361	9.1155	98.733	10.909	110	0	0	10.909	110	4.8	100	4.0909	88	8.8554	94.857	0.70588	85	7.2289	83	7.9344	83.182
362	8.4391	101.91	7.7064	109	0	0	7.7064	109	10.385	104	0.6383	94	11.017	103.47	1.2371	97	5.5172	87	6.7416	89
363	6.3558	97.548	5.6604	106	0	0	5.6604	106	5.2427	103	1.3793	87	6.594	100.09	0.67416	89	6.2791	86	6.9525	86.3
364	9.9235	98.755	9.3578	109	0.59406	101	9.9488	108.56	11.875	96	2.1951	82	14.029	94.091	2.5263	95	3.4483	87	5.9632	90.556
365	9.0999	96.705	8.2569	109	0	0	8.2569	109	10.625	96	0.66667	90	11.289	95.667	2.3077	78	5.7831	83	8.0846	81.636
366	10.552	100.45	12.432	111	0	0	12.432	111	9.4737	95	0.66667	90	10.139	94.688	2.5532	94	6.8182	88	9.3631	89.714
367	7.7313	103.47	6.2069	116	0	0	6.2069	116	8.5714	105	1.7476	103	10.318	104.67	2.069	87	4.8837	86	6.9525	86.3
368	9.5969	104.2	11.15	113	1.0909	110	12.241	112.74	7.5	104	1.8947	95	9.383	102.31	1.9565	92	5.4545	88	7.4082	89.091
369	12.858	96.435	14.857	105	0	0	14.857	105	12.128	94	3.2967	91	15.422	93.375	0.63158	95	7.9518	83	8.5714	84
370	10.475	101.19	12.432	111	0	0	12.432	111	8.2105	95	3.6	100	11.804	96.579	4	90	3.4483	87	7.4462	88.636
371	8.8443	94.976	9.7143	105	0	0	9.7143	105	7.7419	93	1.2766	94	9.0184	93.143	2.8235	85	5.25	80	8.0667	81.818
372	15.304	92.789	19.394	99	0.61856	97	20.012	98.939	12	90	4.7191	89	16.719	89.72	1.5385	78	7.8571	84	9.3889	83.077
373	13.475	90.541	18.71	93	0	0	18.71	93	13.187	91	0.68182	88	13.868	90.857	2.7907	86	5.122	82	7.9085	83.455
374	16.047	89.736	19.375	96	1.1765	102	20.547	96.364	12.667	90	2.093	86	14.756	89.455	3.5294	85	9.7297	74	13.206	77.235
375	15.993	88.789	21.758	91	0.63158	95	22.389	91.118	14.667	90	1.2903	93	15.956	90.25	1.5	80	8.25	80	9.75	80
376	11.366	95.019	10.857	105	0	0	10.857	105	10.625	96	1.3333	90	11.954	95.368	4.2857	84	7.3171	82	11.601	82.75
377	10.711	93.36	11.429	105	0	0	11.429	105	9.1304	92	3.5294	85	12.644	90.158	3.038	79	5.4545	77	8.4912	77.727
378	10.04	91.63	8.4	100	0	0	8.4	100	11.087	92	0.63158	95	11.718	92.167	2.8571	84	7.3171	82	10.173	82.571
379	13.491	88.95	15.484	93	0.63158	95	16.115	93.08	14.318	88	1.3636	88	15.682	88	3.7037	81	5.0602	83	8.7627	82.167
380	14.634	91.567	16.531	98	0	0	16.531	98	16.667	90	0	0	16.667	90	4.2353	85	6.6667	81	10.896	82.6
381	14.065	85.317	17.053	95	0	0	17.053	95	13.735	83	0.74074	81	14.475	82.9	3	80	8.4375	64	11.317	68.923
382	23.754	70.726	26.842	76	0	0	26.842	76	25.714	70	2.5	72	28.212	70.182	1.9048	63	14.754	61	16.657	61.235
383	19.77	77.896	21.882	85	0	0	21.882	85	21.039	77	1.4118	85	22.437	77.552	1.9355	62	13.636	66	15.566	65.529
384	17.045	83.31	20.225	89	0	0	20.225	89	15.714	84	2.8916	83	18.606	83.846	0	0	12.676	71	12.676	71
385	13.664	86.356	14.839	93	0	0	14.839	93	15.172	87	0	0	15.172	87	2.069	87	9.2958	71	11.286	74.429
386	17.781	84.36	20.899	89	0	0	20.899	89	20	84	0.74074	81	20.74	83.897	3.7975	79	8.1081	74	11.894	75.667
387	21.043	80.788	24	85	0	0	24	85	23.704	81	0.77922	77	24.481	80.879	5	72	9.863	73	14.862	72.667
388	25.513	72.903	28	75	1.5584	77	29.557	75.108	25.479	73	0.81081	74	26.29	73.031	6.6667	72	14.118	68	20.769	69.333
389	20.132	77.487	24.444	81	0	0	24.444	81	20.26	77	0.8	75	21.059	76.926	6.5753	73	8.4507	71	15.023	71.889
390	20.03	77.885	24.615	78	0	0	24.615	78	21.75	80	0	0	21.75	80	4.7368	76	9.0411	73	13.773	74.059
391	17.353	84.137	18.913	92	0	0	18.913	92	18.293	82	0.71429	84	19.007	82.077	6.4	75	8.1081	74	14.507	74.444
392	17.414	82.694	22.5	88	0	0	22.5	88	17.037	81	0	0	17.037	81	5.4545	77	7.5	72	12.94	74.188
393	17.296	76.318	16.047	86	0.68182	88	16.728	86.083	16.923	78	1.6667	72	18.581	77.5	4.918	61	12.581	62	17.498	61.722
394	22.541	72.756	23.684	76	0	0	23.684	76	26.197	71	0.8	75	26.995	71.125	8.4507	71	8.5714	70	17.021	70.5
395	21.632	72.115	26.053	76	0	0	26.053	76	19.726	73	0	0	19.726	73	8.3077	65	11.077	65	19.385	65
396	21.173	73.679	23.377	77	0	0	23.377	77	24.658	73	0.8	75	25.457	73.065	6.8571	70	7.9412	68	14.795	68.941
397	20.388	74.553	24.615	78	0	0	24.615	78	23.836	73	0.84507	71	24.68	72.933	6.7606	71	5.2174	69	11.976	70.143
398	19.548	76.733	23.704	81	0	0	23.704	81	18.701	77	1.6	75	20.3	76.846	7.0588	68	7.8261	69	14.884	68.529
399	20.161	79.363	23.571	84	0	0	23.571	84	20.26	77	2.3377	77	22.597	77	4.7368	76	9.7297	74	14.464	74.667
400	17.851	84.027	21.573	89	0	0	21.573	89	17.857	84	0.75949	79	18.614	83.808	4.8	75	8.8	75	13.6	75
401	14.989	84.063	16.854	89	0.65217	92	17.505	89.115	16.829	82	0.65934	91	17.481	82.375	5.3846	78	4.7368	76	10.12	77.077
402	14.588	85	15.789	95	0	0	15.789	95	14.118	85	0.77922	77	14.89	84.619	4.9315	73	8.8235	68	13.739	69.875
403	16.128	84.324	15	96	0	0	15	96	16.098	82	1.4458	83	17.543	82.083	3.9474	76	12.5	72	16.438	73
404	17.866	79.479	17.727	88	0	0	17.727	88	17.922	77	3.5294	68	21.41	75.667	6.4865	74	8.3333	72	14.817	72.889
405	21.666	48.925	29.412	51	0	0	29.412	51	20.4	50	1.5789	38	21.892	49.333	0	0	13.953	43	13.953	43
406	22.993	45.231	31.25	48	0	0	31.25	48	23.721	43	1.2245	49	24.923	43.333	4.2857	42	8.7805	41	13.065	41.333
407	36.015	45.537	45.957	47	0	0	45.957	47	31.915	47	0	0	31.915	47	18	40	12.558	43	30.519	41.286
408	38.672	32.065	42	30	0	0	42	30	42	30	3	40	44.704	30.87	21.667	36	8.3333	36	30	36
409	31.418	45.197	36	45	0	0	36	45	32	45	1.25	48	33.245	45.12	6	50	19.091	44	25.012	45.579
410	25.971	54.676	25.862	58	0	0	25.862	58	25.882	51	2.1818	55	28.052	51.333	17.778	54	6.4286	56	24.2	54.545
411	25.251	55.443	25.862	58	1.1111	54	26.968	57.846	27.778	54	1.1538	52	28.93	53.923	16.667	54	3.2727	55	19.938	54.167
412	22.833	61.314	23.636	66	0.90909	66	24.545	66	25.574	61	0	0	25.574	61	8.4211	57	10.385	52	18.766	54.353
413	24.914	58.603	21.818	66	0.89552	67	22.714	66.04	28.421	57	2.1818	55	30.6	56.862	6	50	16.154	52	22.147	51.474
414	28.913	55.338	31.034	58	1.1111	54	32.14	57.871	29.455	55	1.0909	55	30.545	55	11.765	51	12.453	53	24.209	52.048
415	24.4	40.163	22.979	47	0	0	22.979	47	31.579	38	0	0	31.579	38	7.5	40	13.333	27	20.055	32.909
416	22.534	30.176	25.5	40	1.7647	34	27.227	39.667	27.5	24	2.5	24	30	24	20	6	20	6	40	6
417	45.937	18.286	45.6	25	0	0	45.6	25	46.154	13	16	15	61.895	13.571	20	12	27.273	11	47.184	11.444
418	25.952	33.909	28.5	40	1.5	40	30	40	28	30	2.7907	43	30.356	31.625	1.875	32	19.091	22	20.645	23.25
419	30.085	45.206	34.444	54	0	0	34.444	54	19.091	44	10.244	41	29.302	43	6.6667	27	24.375	32	30.905	31.062
420	33.758	41.471	38.298	47	0	0	38.298	47	33.659	41	1.3953	43	35.051	41.083	9.6774	31	20.625	32	30.296	31.688
421	29.985	42.688	31.25	48	2.5	48	33.75	48	27.805	41	4.6154	39	32.411	40.727	5	36	20	36	25	36
422	31.959	40.677	30.667	45	2.6667	45	33.333	45	33	40	0.92308	65	33.587	41.087	17.143	35	13.125	32	30.209	33.765
423	25.309	53.735	24	60	0.95238	63	24.95	60.12	29.434	53	0	0	29.434	53	5.1064	47	17.333	45	22.432	45.471
424	24.674	55.118	26.129	62	0	0	26.129	62	23.333	54	0	0	23.333	54	14.043	47	11.489	47	25.532	47
425	30.891	37.552	33.659	41	0	0	33.659	41	29.231	39	0	0	29.231	39	20.69	29	10.588	34	31.093	30.875
426	26.89	31.238	37.714	35	0	0	37.714	35	18.857	35	3.2432	37	22.092	35.308	13.846	13	21.818	11	35.422	11.857
427	24.453	29.444	30	36	0	0	30	36	31.111	27	0	0	31.111	27	12	10	17.143	7	28.235	8.5
428	45.676	11.385	85.714	7	4.6154	13	87.47	7.5455	45	16	4.6154	13	49.463	15.769	30	4	0	0	30	4
429	52.632	7.6	66.667	9	0	0	66.667	9	51.429	7	0	0	51.429	7	48	5	0	0	48	5
430	37.801	20.105	49.565	23	0	0	49.565	23	42	20	2.5	24	44.408	20.267	36	5	7.5	8	41.739	5.75
431	33.166	25.93	36.774	31	0	0	36.774	31	36.522	23	5	24	41.514	23.125	8.2759	29	24	10	24.615	19.5
432	26.269	35.022	24.545	44	0	0	24.545	44	26	30	6.9231	26	32.821	29.25	6	30	18.621	29	24.615	29.25
433	24.297	45.273	24	55	0	0	24	55	22.857	42	4.5	40	27.348	41.684	10	36	14.118	34	24.098	34.857
434	26.03	46.1	24.706	51	0	0	24.706	51	30.667	45	0	0	30.667	45	12.558	43	10.769	39	23.273	41.25
435	26.767	44.085	31.25	48	0	0	31.25	48	27.143	42	4.3902	41	31.531	41.864	7.5	40	10.5	40	18	40
436	26.214	48.828	33.061	49	0	0	33.061	49	25.2	50	2.7907	43	27.94	49.391	4.898	49	12.766	47	17.658	47.571
437	33.505	43.575	35.217	46	0	0	35.217	46	36.279	43	2.7907	43	39.07	43	10.769	39	15.714	42	26.449	40.833
438	19.685	57.912	21.724	58	0.88235	68	22.582	58.455	21.356	59	0	0	21.356	59	3.1579	57	12	55	15.155	55.429
439	16.101	73.288	16.364	77	0	0	16.364	77	14.615	78	0.8	75	15.414	77.85	7.3846	65	9.5238	63	16.904	63.889
440	16.35	72.169	18.947	76	0	0	18.947	76	19.437	71	0	0	19.437	71	6.1765	68	4.6154	65	10.787	66.75
441	15.928	72.828	18.987	79	0.8	75	19.785	78.846	17.746	71	0	0	17.746	71	2.069	58	8.5714	63	10.63	62.091
442	15.441	69.944	16.364	77	0	0	16.364	77	16.765	68	1.791	67	18.555	67.905	0.95238	63	10.82	61	11.771	61.167
443	20.247	57.293	22.258	62	0	0	22.258	62	22.5	56	0	0	22.5	56	8.75	48	7.6364	55	16.311	51.5
444	28.073	42.034	31.364	44	0	0	31.364	44	27.805	41	1.5789	38	29.376	40.85	10.769	39	12.857	42	23.594	40.688
445	37.867	30.105	45.517	29	0	0	45.517	29	42	30	0	0	42	30	10	36	16.552	29	26.25	32
446	22.059	54.4	20.656	61	0	0	20.656	61	26.038	53	0	0	26.038	53	11.321	53	9.2308	39	20.105	47.75
447	18.367	59.891	17.538	65	0	0	17.538	65	19.355	62	2.1429	56	21.479	61.455	8.0769	52	8.5714	49	16.634	50.5
448	17.75	59.717	17.273	66	0	0	17.273	66	16	60	3.1034	58	19.101	59.684	6.7925	53	10.588	51	17.375	51.8
449	16.088	62.16	17.391	69	0	0	17.391	69	14	60	4.0678	59	18.067	59.778	4.3636	55	8.8889	54	13.252	54.333
450	19.274	57.073	18.75	64	0	0	18.75	64	20	57	1.1538	52	21.145	56.75	4.898	49	13.75	48	18.646	48.267
451	17.024	52.867	17	60	0	0	17	60	16.071	56	2.6087	46	18.605	54.824	7.3171	41	9.7297	37	17.002	38.818
452	18.519	43.2	20.816	49	0	0	20.816	49	27.805	41	0	0	27.805	41	0	0	8.2759	29	8.2759	29
453	18.228	52.667	24	60	0	0	24	60	22.642	53	0	0	22.642	53	20	6	15	8	34.286	7
454	20.635	45.553	19.636	55	0.92308	65	20.531	55.526	24.783	46	2.1429	56	26.836	46.952	15	12	15	16	29.4	14.286
455	29.935	26.725	37.778	27	0	0	37.778	27	22.286	35	5.625	32	27.877	34.438	42.857	7	10	12	49.831	8.4286
456	39.478	11.652	40	15	5	12	44.815	14.727	36	10	3.5294	17	38.182	11	36	5	17.143	7	51.724	5.8
457	44.888	13.367	44.211	19	0	0	44.211	19	66	10	0	0	66	10	60	5	0	0	60	5
458	39.284	24.438	45	28	0	0	45	28	45.6	25	2.6087	23	48.193	24.9	4	15	30	12	33.793	12.429
459	24.751	45.25	26.4	50	0	0	26.4	50	29.333	45	0	0	29.333	45	5.8537	41	13.714	35	19.459	37
460	16.398	63.423	17.746	71	0	0	17.746	71	15	64	1.791	67	16.788	64.333	5.6604	53	10	48	15.624	49.923
461	15.069	63.708	17.143	70	0	0	17.143	70	15	64	1.9048	63	16.904	63.889	2.2222	54	9.6	50	11.811	50.8
462	15.029	63.875	17.143	70	0	0	17.143	70	18.387	62	0.88235	68	19.262	62.3	3.2727	55	5.8824	51	9.1429	52.5
463	15.547	61.75	13.714	70	0.95238	63	14.658	69.588	15.484	62	0.98361	61	16.467	61.941	7.9245	53	8.2353	51	16.154	52
464	15.586	64.16	17.015	67	0	0	17.015	67	15.882	68	0.95238	63	16.83	67.737	4.4444	54	8.8889	54	13.333	54
465	16.974	57.735	17.812	64	0	0	17.812	64	19	60	1.0526	57	20.05	59.85	5.4545	44	9	40	14.423	41.6
466	24.624	44.673	25.385	52	0	0	25.385	52	24.255	47	0	0	24.255	47	16	30	12	30	28	30
467	18.659	42.875	24	50	0	0	24	50	26.842	38	0	0	26.842	38	5.2174	23	2.6087	23	7.8261	23
468	27.345	32.182	27.805	41	0	0	27.805	41	43.448	29	0	0	43.448	29	25.714	7	8.5714	7	34.286	7
469	18.145	16.533	20.87	23	0	0	20.87	23	15	12	10.909	11	25.862	11.6	40	3	0	0	40	3
470	56.067	10.345	60	13	0	0	60	13	80	9	5.4545	11	85.21	9.1538	45	4	0	0	45	4
471	37.886	23.756	50.4	25	0	0	50.4	25	31.2	25	5	24	36.193	24.867	12	15	17.143	21	28.421	19
472	28.048	37.792	33	40	0	0	33	40	30.769	39	3.4286	35	34.165	38.636	5.8065	31	12	30	17.802	30.333
473	20.344	47.188	20	54	0	0	20	54	25	48	0	0	25	48	5.2941	34	12.727	33	18.018	33.3
474	22.145	42.447	23.529	51	0	0	23.529	51	20	45	1.5	40	21.483	44.688	13.636	22	14.4	25	27.923	23.636
475	21.988	37.293	20	51	0	0	20	51	23.636	33	7.5	32	31.131	32.765	0	0	28	15	28	15
476	16.661	27.609	29.091	33	1.875	32	30.964	32.941	13.846	13	2.7273	22	15.738	15.25	20	3	5.4545	11	17.143	7
477	40.449	14.833	48	20	0	0	48	20	80	9	0	0	80	9	7.5	8	6.6667	9	14.118	8.5
478	37.647	12.75	42.857	14	0	0	42.857	14	30	14	11.25	16	41.096	14.6	48	5	0	0	48	5
479	46.095	9.5455	41.538	13	5.4545	11	46.875	12.8	52.5	8	6	10	58.182	8.25	60	4	0	0	60	4
480	58.276	8.9231	72	10	0	0	72	10	82.5	8	0	0	82.5	8	0	0	22.5	8	22.5	8
481	35.429	26.532	38.71	31	0	0	38.71	31	34.615	26	7.5	24	42.078	25.667	5.2174	23	24.706	17	29.455	18.333
482	26.896	37.18	30.698	43	0	0	30.698	43	33.529	34	0	0	33.529	34	2.2222	27	16	30	18.202	29.667
483	21.541	43.638	20	54	0.84507	71	20.767	54.895	25.5	40	0	0	25.5	40	7.2727	33	15	28	22.134	29.818
484	22.778	42.146	25	48	0	0	25	48	27.692	39	1.5385	39	29.231	39	7.8947	38	7.2727	33	15.093	35.778
485	24.614	46.316	23.077	52	0	0	23.077	52	24.49	49	4.0909	44	28.543	48.348	14.118	34	10	36	24.098	34.857
486	28.017	31.409	36.667	36	0	0	36.667	36	25.455	33	3.4286	35	28.872	33.25	30	8	9.2308	13	37.241	9.6667
487	34.19	18.719	50.526	19	0	0	50.526	19	34.286	21	2.2222	27	36.344	21.462	30	4	7.5	8	33.75	5.3333
488	30.855	12.316	42.857	14	0	0	42.857	14	43.636	11	0	0	43.636	11	10	6	0	0	10	6
489	66.852	5.6842	100	6	0	0	100	6	72	5	0	0	72	5	30	6	0	0	30	6
490	55.125	7.619	54	10	0	0	54	10	100	6	0	0	100	6	24	5	0	0	24	5
491	41.29	7.75	42	10	0	0	42	10	70	6	0	0	70	6	20	6	0	0	20	6
492	54.069	10.357	75	12	0	0	75	12	52.5	8	12	10	63.947	8.4444	22.5	8	6	10	28.235	8.5
493	45.215	12.828	45	16	0	0	45	16	65	12	0	0	65	12	30	4	15	8	40	6
494	51.914	11.172	64.615	13	0	0	64.615	13	60	10	0	0	60	10	22.5	8	13.333	9	35.714	8.4
495	54.381	11.033	55	12	4	15	58.776	12.25	66	10	0	0	66	10	21.818	11	18	10	39.73	10.571
496	62.069	9.6667	65.455	11	4.2857	14	69.452	11.231	75	8	4.2857	14	77.234	8.5455	13.333	9	30	8	43.2	8.3333
497	40.378	15.355	56.667	18	0	0	56.667	18	42.857	14	0	0	42.857	14	20	6	13.333	9	32	7.5
498	50.579	12.258	60	16	0	0	60	16	82.5	8	0	0	82.5	8	24	5	9.2308	13	26.667	9
499	39.931	17.029	42.857	21	0	0	42.857	21	55	12	7.5	16	61.829	12.615	4	15	17.647	17	21.6	16.667
500	34.047	27.022	38.571	28	0	0	38.571	28	32.143	28	5.4545	22	37.371	27.294	12	25	14.4	25	26.4	25
501	33.026	29.673	37.5	32	0	0	37.5	32	24.828	29	6	30	30.822	29.2	18.462	26	12.857	28	31.277	26.857
502	36.484	23.024	45	28	0	0	45	28	17.143	21	20.87	23	37.935	22.143	16.364	11	26.667	9	42.609	9.8571
503	35.168	22.179	41.379	29	0	0	41.379	29	40	15	11.25	16	51.212	15.231	3.5294	17	21.429	14	24.828	14.5
504	39.207	14.793	42.857	21	2.8571	21	45.714	21	94.286	7	0	0	94.286	7	15	8	0	0	15	8
505	45.956	10.88	33.75	16	0	0	33.75	16	82.5	8	0	0	82.5	8	22.5	8	15	8	37.5	8
506	51.41	10.893	65	12	0	0	65	12	38.182	11	10	12	48.119	11.222	22.5	8	22.5	8	45	8
507	58.411	8.56	80	9	0	0	80	9	60	9	6	10	65.934	9.1	36	5	0	0	36	5
508	49.308	11.357	55	12	0	0	55	12	46.154	13	4.2857	14	50.417	13.091	22.5	8	30	6	51.429	7
509	52.966	9.44	75	8	0	0	75	8	60	12	0	0	60	12	45	4	0	0	45	4
510	57.078	8.76	73.333	9	0	0	73.333	9	54	10	6	10	60	10	36	5	12	5	48	5
511	57.532	9.0385	66	10	0	0	66	10	80	9	0	0	80	9	12	5	20	6	31.765	5.6667
512	43.828	15.971	41.25	16	15	8	52.812	14.769	41.053	19	13.333	9	50.943	17.667	12.857	14	16	15	28.824	14.571
513	32.534	35.655	33.846	39	0	0	33.846	39	37.059	34	3.3333	36	40.382	34.174	9.375	32	14.545	33	23.915	32.615
514	32.952	33.382	35.676	37	0	0	35.676	37	32.903	31	6	30	38.898	30.85	12.414	29	12.727	33	25.037	31.154
515	34.161	32.786	46.667	36	0	0	46.667	36	37.5	32	0	0	37.5	32	3	20	17.5	24	20.426	23.5
516	32.291	31.588	37.895	38	0	0	37.895	38	34.286	28	7.2	25	41.415	27.526	0	0	21.818	22	21.818	22
517	32.886	21.286	48.571	21	0	0	48.571	21	16.154	26	17.5	24	33.6	25	13.333	9	12	10	25.263	9.5
518	33.91	13.565	50	12	0	0	50	12	28.235	17	11.25	16	39.457	16.727	30	2	10	6	30	4
519	56.075	10.7	60	12	8.5714	14	68.372	12.286	72	10	0	0	72	10	7.5	8	25.714	7	33.103	7.25
520	51.892	9.25	53.333	9	0	0	53.333	9	60	11	0	0	60	11	36	5	17.143	7	51.724	5.8
521	50.69	8.2857	66.667	9	0	0	66.667	9	67.5	8	0	0	67.5	8	20	6	0	0	20	6
522	41.284	7.2667	75	8	0	0	75	8	30	6	8.5714	7	38.4	6.25	15	4	0	0	15	4
523	51.136	5.8667	45	8	7.5	8	52.5	8	75	4	0	0	75	4	45	4	0	0	45	4
524	47.66	11.75	60	12	0	0	60	12	48	10	10	6	56.512	9.5556	23.077	13	7.0588	17	29.697	14.143
525	26.961	30.415	28.333	36	0	0	28.333	36	26.4	25	11.538	26	37.926	25.312	6	30	10.714	28	16.696	28.75
526	28.868	35.333	27.805	41	0	0	27.805	41	36.364	33	1.8182	33	38.182	33	6	30	16	30	22	30
527	29.727	33.64	29.231	39	0	0	29.231	39	32	30	8	30	40	30	1.9355	31	19.355	31	21.29	31
528	31.692	30.292	36	35	0	0	36	35	37.778	27	3.75	32	41.415	27.526	4.1379	29	15.652	23	19.592	24.5
529	37.915	10.55	46.154	13	0	0	46.154	13	46.667	9	8.5714	7	54.857	8.75	12	5	10	6	21.818	5.5
530	68.097	8.5172	73.333	9	0	0	73.333	9	82.5	8	10	6	91.915	7.8333	6.6667	9	33.333	9	40	9
531	47.573	14.714	60	15	0	0	60	15	55.385	13	0	0	55.385	13	9.2308	13	20	18	28.657	16.75
532	31.512	29.196	35.625	32	0	0	35.625	32	27.857	28	12	25	39.755	27.167	2	30	17.778	27	19.756	27.333
533	32.213	26.698	33.529	34	0	0	33.529	34	26.4	25	10.435	23	36.785	24.467	15	8	24.706	17	36	15
534	31.322	18.517	39.13	23	0	0	39.13	23	32.308	13	9.4737	19	40.541	14.8	16.364	11	5.4545	11	21.818	11
535	44.768	11.615	41.25	16	7.5	16	48.75	16	45	8	15	8	60	8	10	6	40	6	50	6
536	48.403	9.9167	50	12	5	12	55	12	60	8	8.5714	7	68.451	7.8889	12	5	18	10	27.429	8.75
537	47.68	16.359	43.333	18	0	0	43.333	18	73.846	13	0	0	73.846	13	12.632	19	18	20	30.612	19.6
538	37.358	17.667	52.941	17	0	0	52.941	17	41.25	16	3	20	44.082	16.333	9.4737	19	7.2	25	16.364	22
539	50	10	40	9	4	15	42.609	9.8571	50	12	15	12	65	12	60	5	0	0	60	5
540	52.258	10.333	66.667	9	13.333	9	80	9	25.714	14	8.5714	7	32.308	13	30	10	18	10	48	10
541	41.777	22.022	51.429	21	0	0	51.429	21	33.6	25	6.9231	26	40.514	25.176	6.6667	18	28.421	19	35.072	18.818
542	32.682	32.434	39.375	32	0	0	39.375	32	35.625	32	1.7143	35	37.325	32.15	14.118	34	7.2727	33	21.386	33.667
543	32.682	32.434	39.375	32	0	0	39.375	32	35.625	32	1.7143	35	37.325	32.15	14.118	34	7.2727	33	21.386	33.667
544	32.682	32.434	39.375	32	0	0	39.375	32	35.625	32	1.7143	35	37.325	32.15	14.118	34	7.2727	33	21.386	33.667
545	38.136	31.467	45	32	0	0	45	32	40.588	34	1.875	32	42.457	33.917	7.5	24	20.769	26	28.235	25.5
546	26.778	39.585	28.636	44	0	0	28.636	44	26.154	39	1.7143	35	27.851	38.778	17.647	34	7.0588	34	24.706	34
547	29.78	33.58	33.333	36	0	0	33.333	36	30	34	2.069	29	32.026	33.722	9.2308	26	15.484	31	24.545	29.333
548	49.542	22.607	60	23	0	0	60	23	45	24	3	20	47.92	23.789	27	20	14.286	21	41.263	20.357
549	38.451	22.886	48.462	26	0	0	48.462	26	20.769	26	17.5	24	38.209	25.125	30	8	20	9	49.831	8.4286
550	40.791	18.632	44.211	19	0	0	44.211	19	32.727	22	10	24	42.667	22.5	27.273	11	20	9	46.829	10.25
551	54.148	17.729	57	20	2.6087	23	59.553	20.15	53.333	18	9	20	62.241	18.316	25	12	24	10	48.6	11.111
552	49.497	18.587	54.286	21	0	0	54.286	21	60	18	0	0	60	18	11.25	16	25.714	14	36.818	14.667
553	41.033	23.396	43.846	26	0	0	43.846	26	45	24	5.4545	22	50.42	23.8	10.588	17	21.176	17	31.765	17
554	35.558	24.186	36.923	26	0	0	36.923	26	32.143	28	4.2857	28	36.429	28	15	16	25.714	14	40.541	14.8
555	36.391	24.182	35.556	27	0	0	35.556	27	37.778	27	2.8571	21	40.5	26.667	17.143	14	22.5	16	39.474	15.2
556	28.934	38.018	32.195	41	0	0	32.195	41	31.579	38	0	0	31.579	38	5.4545	33	18.182	33	23.636	33
557	22.024	49.945	24.444	54	0	0	24.444	54	20.769	52	2.9268	41	23.576	50.9	9.7674	43	9	40	18.743	41.615
558	24.847	47.492	27.059	51	1.0714	56	28.12	51.208	27.391	46	3.913	46	31.304	46	2.9268	41	12.558	43	15.48	42.636
559	25.03	43.148	33.488	43	0	0	33.488	43	21.333	45	4	45	25.333	45	4.3902	41	12	40	16.388	40.273
560	33.347	29.388	41.25	32	0	0	41.25	32	27.097	31	5.625	32	32.717	31.176	4.4444	27	25.263	19	29.126	20.6
561	41.023	20.476	47.5	24	0	0	47.5	24	37.143	21	5.2174	23	42.32	21.267	7.5	8	38.182	11	45.176	10.625
562	55.868	9.3077	73.333	9	0	0	73.333	9	60	11	0	0	60	11	24	5	20	6	43.636	5.5
563	48	15	53.333	18	0	0	53.333	18	60	14	5	12	64.904	13.867	5	12	30	8	34.091	8.8
564	37.568	25.021	36.774	31	0	0	36.774	31	45	24	0	0	45	24	23.077	13	16.667	18	38.71	15.5
565	31.387	31.86	30	38	1.6216	37	31.621	37.95	30.909	33	3.75	32	34.656	32.895	9.4737	19	25.263	19	34.737	19
566	29.744	33.62	37.714	35	0	0	37.714	35	23.684	38	1.3636	44	25.016	38.375	7.5	24	21.6	25	29.091	24.75
567	24.021	46.625	25.2	50	1.1111	54	26.304	50.182	21.702	47	5.5814	43	27.25	46.238	4.2857	42	14.634	41	18.918	41.231
568	25.952	50.092	31.2	50	2.3529	51	33.552	50.071	28.235	51	0	0	28.235	51	6.5217	46	9.6	50	16.095	48.462
569	26.065	45.271	31.915	47	0	0	31.915	47	27.273	44	2.7273	44	30	44	8.1818	44	8.1818	44	16.364	44
570	33.758	34.362	37.5	40	0	0	37.5	40	40	30	4.6154	26	44.54	29.636	11.613	31	9.6774	31	21.29	31
571	36.056	17.75	33.333	18	2.7273	22	35.941	18.364	44.211	19	3.1579	19	47.368	19	15	12	12	15	26.667	13.5
572	42.907	16.314	41.053	19	0	0	41.053	19	56.25	16	0	0	56.25	16	15	12	20	12	35	12
573	48.411	16.525	47.368	19	0	0	47.368	19	43.333	18	7.5	16	50.752	17.733	30	8	27.692	13	54.545	11
574	39.446	23.83	38	30	0	0	38	30	35	24	17.143	21	51.948	23.1	24	10	20	12	43.636	11
575	27.989	32.87	28.5	40	0	0	28.5	40	30.909	33	1.875	32	32.782	32.944	4	15	26.667	18	30.566	17.667
576	28.906	38.055	30.698	43	0	0	30.698	43	27.568	37	7.6923	39	35.243	37.455	5.4545	33	17.143	28	22.477	29.364
577	23.469	46.019	25.532	47	1.3043	46	26.836	46.952	20.816	49	1.1765	51	21.991	49.111	4.3902	41	17.561	41	21.951	41
578	22.092	50.696	31.2	50	0	0	31.2	50	23.077	52	1.3333	45	24.387	51.667	2.3077	52	8.4	50	10.705	50.444
579	30.086	39.22	40	36	0	0	40	36	26.341	41	2.7273	44	29.056	41.3	10.5	40	11.163	43	21.635	41.6
580	37.208	29.564	42	30	2	30	44	30	38.571	28	0	0	38.571	28	22	30	7.2727	33	29.221	30.8
581	29.797	28.19	28.889	27	0	0	28.889	27	36	30	0	0	36	30	2.6087	23	22.222	27	24.778	26.636
582	26.24	39.635	31.429	42	0	0	31.429	42	23.415	41	1.5385	39	24.95	40.882	5.2941	34	17.647	34	22.941	34
583	24.802	45.965	31.25	48	0	0	31.25	48	20.87	46	2.6667	45	23.535	45.889	11.429	42	8.3721	43	19.798	42.429
584	15.552	64.3	22.727	66	0	0	22.727	66	9.2308	65	3.6364	66	12.867	65.286	2.7692	65	8.4211	57	11.152	59.182
585	16.671	63.585	18.857	70	0	0	18.857	70	16.364	66	0.90909	66	17.273	66	0	0	15	48	15	48
586	18.619	64.45	23.824	68	0	0	23.824	68	18.462	65	0.88235	68	19.342	65.143	1.0345	58	12	55	13.032	55.25
587	17.973	66.767	19.726	73	0.78947	76	20.514	73.12	16.364	66	2.9508	61	19.3	65.286	3	60	11.579	57	14.572	57.643
588	20.921	53.536	20.952	63	0	0	20.952	63	27.059	51	0	0	27.059	51	3.4286	35	13.171	41	16.538	39.909
589	28.812	36.096	32.857	42	0	0	32.857	42	30.857	35	5.4545	33	36.296	34.714	4.8	25	16.364	22	21.099	22.75
590	26.849	41.714	31.364	44	0	0	31.364	44	25.909	44	1.7143	35	27.555	43.55	3.5294	34	18.857	35	22.384	34.846
591	20.838	50.868	25.385	52	0	0	25.385	52	19.245	53	1.1538	52	20.399	52.944	1.2766	47	15.652	46	16.928	46.077
592	19.257	58.161	23.226	62	0	0	23.226	62	18.545	55	3.1579	57	21.7	55.3	3.3962	53	9.6429	56	13.032	55.25
593	19.751	57.719	21.639	61	0	0	21.639	61	18.305	59	1.9355	62	20.236	59.3	3.3333	54	14.4	50	17.717	50.8
594	21.009	61.877	25.846	65	0	0	25.846	65	16.271	59	4.8387	62	21.1	59.714	4	60	12.203	59	16.203	59.25
595	20.996	68.583	25.946	74	0	0	25.946	74	20.294	68	1.8182	66	22.111	67.84	0.96774	62	14.483	58	15.446	58.267
596	15.305	75.793	17.647	85	0	0	17.647	85	15.833	72	1.5385	78	17.362	72.571	3	60	8.5714	63	11.566	62.25
597	14.531	79.828	15.506	89	1.3793	87	16.884	88.84	16.579	76	1.5584	77	18.137	76.087	0.92308	65	8.1818	66	9.1047	65.9
598	18.015	73.273	19.259	81	0	0	19.259	81	13.151	73	4.9315	73	18.082	73	3.75	64	13.548	62	17.295	62.444
599	16.281	76.161	18.519	81	0.74074	81	19.259	81	18.158	76	0	0	18.158	76	2.7273	66	8.9552	67	11.682	66.769
600	14.639	73.778	16.098	82	0	0	16.098	82	12.162	74	0	0	12.162	74	0.96774	62	15.238	63	16.206	62.941
601	15.471	72.393	13.793	87	0	0	13.793	87	15.405	74	0.89552	67	16.293	73.65	0.98361	61	17.308	52	18.264	52.562
602	24.562	37.457	25.909	44	0.90909	66	26.608	45.1	29.189	37	1.25	48	30.336	37.579	7.5	16	20	15	27.477	15.286
603	18.526	55.059	16.901	71	0	0	16.901	71	22.222	54	1.0714	56	23.292	54.095	2.2222	27	21.6	25	23.81	25.2
604	20.328	50.176	17.419	62	0	0	17.419	62	20	51	0	0	20	51	6.6667	36	20	36	26.667	36
605	19.191	59.404	20.294	68	0	0	20.294	68	18.947	57	2.3077	52	21.239	56.5	2.3077	52	14.694	49	16.994	49.429
606	23.901	55.227	25	60	0	0	25	60	29.455	55	0	0	29.455	55	10.667	45	7.2	50	17.818	47.143
607	19.366	66.094	22.192	73	0	0	22.192	73	15.882	68	1.0169	59	16.882	67.526	4.3636	55	15.556	54	19.918	54.222
608	21.655	60.955	22.817	71	0	0	22.817	71	21	60	0	0	21	60	7.6596	47	15.319	47	22.979	47
609	29.927	44.776	32.5	48	0	0	32.5	48	34.884	43	0	0	34.884	43	6.9767	43	15.714	42	22.688	42.312
610	23.198	52.59	25.385	52	0	0	25.385	52	26.182	55	0	0	26.182	55	3.4615	52	14.694	49	18.145	49.6
611	22.329	55.532	26.667	54	0	0	26.667	54	21.111	54	4.0678	59	25.151	54.87	2.0339	59	13.22	59	15.254	59
612	10.983	74.659	9.75	80	0	0	9.75	80	12.329	73	0.73171	82	13.05	73.562	1.6667	72	8.5714	70	10.237	70.333
613	15.553	78.443	15.714	84	0.67416	89	16.386	84.217	12.593	81	2.3377	77	14.925	80.4	1.7647	68	13.913	69	15.677	68.889
614	15.694	77.738	18.571	84	0	0	18.571	84	15	76	0	0	15	76	1.6216	74	12.174	69	13.788	69.625
615	16.411	79.215	18.409	88	0	0	18.409	88	15.385	78	0.76923	78	16.154	78	4.2254	71	11.077	65	15.278	66.765
616	15.895	83.045	18.876	89	0	0	18.876	89	13.902	82	2.25	80	16.151	81.727	5.6	75	7.2973	74	12.897	74.438
617	10.307	89.261	7.8	100	0	0	7.8	100	11.333	90	0.56075	107	11.875	90.944	0.77922	77	10.769	78	11.548	77.933
618	13.697	86.153	15.484	93	0	0	15.484	93	12.706	85	2.0225	89	14.725	85.571	3.1579	76	8	75	11.157	75.286
619	15.284	81.129	15.349	86	0	0	15.349	86	17.25	80	0.73171	82	17.981	80.083	6.1538	78	6.4865	74	12.632	76
620	14.697	84.371	20	87	0.65217	92	20.65	87.167	12.558	86	1.5385	78	14.085	85.2	2.1176	85	7.3973	73	9.4737	76
621	13.039	84.364	12.5	96	0	0	12.5	96	10.227	88	2.093	86	12.319	87.667	4.2857	70	10.909	66	15.184	67.176
622	15.605	64.08	15.789	76	0	0	15.789	76	15.484	62	2.2222	54	17.673	61.111	5.2174	46	9.6	50	14.795	48.667
623	28.016	34.98	30.732	41	0	0	30.732	41	30	34	0	0	30	34	4.8	25	21.6	25	26.4	25
624	29.751	31.596	32.308	39	0	0	32.308	39	37.241	29	1.5789	38	38.679	29.474	12.857	14	15	16	27.736	15.143
625	23.554	44.154	25	48	0	0	25	48	24.545	44	0	0	24.545	44	6.8182	44	15	36	21.618	38.857
626	24.383	50.855	22.909	55	0	0	22.909	55	25.2	50	3.4615	52	28.657	50.25	12.766	47	9.1304	46	21.894	46.588
627	25.056	57.472	26.129	62	0	0	26.129	62	28.966	58	0	0	28.966	58	6.9231	52	13.75	48	20.643	49.412
628	16.952	69.61	20.27	74	0	0	20.27	74	16.901	71	0.8	75	17.699	71.19	3.3333	54	10	60	13.307	58.615
629	17.34	64.589	20.282	71	0	0	20.282	71	16.19	63	1.9355	62	18.126	62.895	3.2143	56	10.909	55	14.123	55.231
630	23.271	57.582	26.25	64	0	0	26.25	64	21.818	55	3.3333	54	25.151	54.87	1.5385	39	17.647	51	19.104	50.25
631	20.383	62.797	20.833	72	0	0	20.833	72	20.339	59	2.3377	77	22.495	61.348	5.2174	46	13.846	52	19.01	50.5
632	19.814	62.581	21.429	70	0.85714	70	22.286	70	15.238	63	3.0508	59	18.278	62.368	4.5283	53	15.294	51	19.817	51.471
633	25.33	48.164	28.235	51	0	0	28.235	51	27.6	50	1.1321	53	28.728	50.125	4.8649	37	15	40	19.843	39.308
634	23.935	48.466	24.643	56	0	0	24.643	56	25	48	0	0	25	48	2.9268	41	21.081	37	23.979	37.533
635	23.285	55.831	21.905	63	0	0	21.905	63	26.182	55	3.0508	59	29.218	55.444	5.1064	47	14.667	45	19.766	45.533
636	17.827	65.069	15	80	0	0	15	80	19.091	66	3.1579	57	22.197	64.875	3.75	48	15.349	43	19.06	44.071
637	27.95	40.071	27.6	50	0	0	27.6	50	34.737	38	0	0	34.737	38	5.7143	21	22.5	24	28.14	23.455
638	28.626	39.825	31.304	46	0	0	31.304	46	22.857	42	2.7907	43	25.646	42.111	11.25	32	22.5	24	33.088	27.2
639	25.24	49.921	26.182	55	0	0	26.182	55	24.706	51	0	0	24.706	51	8.75	48	17.368	38	25.782	41.889
640	23.484	57.912	30.508	59	0	0	30.508	59	23.158	57	2.2222	54	25.374	56.75	8.7273	55	5.9016	61	14.591	57.571
641	18.669	71.776	21.039	77	0	0	21.039	77	18.857	70	3.4286	70	22.286	70	1.8462	65	11.077	65	12.923	65
642	11.517	81.617	9.4737	95	0.65934	91	10.132	94.75	14.615	78	0.8	75	15.414	77.85	2.4658	73	7.0588	68	9.5151	69.364
643	18.578	78.589	18.14	86	0	0	18.14	86	20	78	0.77922	77	20.779	77.963	3.4783	69	13.714	70	17.192	69.8
644	19.573	77.658	25.301	83	0	0	25.301	83	16.8	75	1.6216	74	18.421	74.913	5.8333	72	9.4286	70	15.259	70.778
645	14.202	83.085	15.172	87	0.8	75	15.958	86.478	16.829	82	0.63158	95	17.446	82.542	1.5789	76	7.6923	78	9.2704	77.667
646	6.4003	96.871	2.5862	116	0	0	2.5862	116	10.408	98	0	0	10.408	98	0.55046	109	5.9259	81	6.4201	84.111
647	12.759	90.914	14.082	98	0	0	14.082	98	14.667	90	0	0	14.667	90	1.4118	85	8.3544	79	9.7594	79.923
648	14.156	90.422	16.875	96	0	0	16.875	96	13.696	92	1.4118	85	15.1	91.391	0.75949	79	10	78	10.759	78.071
649	10.672	89.958	11.134	97	0	0	11.134	97	11.333	90	0	0	11.333	90	0.73171	82	9	80	9.7313	80.154
650	17.17	88.526	19.565	92	0.61856	97	20.182	92.161	17.528	89	2.069	87	19.596	88.793	2.2222	81	9.6296	81	11.852	81
651	16.121	78.159	19.535	86	0	0	19.535	86	15	80	1.519	79	16.519	79.909	2	60	11.379	58	13.377	58.308
652	22.004	70.897	25.263	76	0	0	25.263	76	20.833	72	1.6667	72	22.5	72	1.0714	56	17.705	61	18.769	60.737
653	16.12	80.646	18.353	85	0	0	18.353	85	17.037	81	0.75	80	17.787	80.958	3.1169	77	9.2958	71	12.397	72.6
654	19.107	80.597	24.286	84	0	0	24.286	84	22.025	79	0	0	22.025	79	4	75	7.1053	76	11.105	75.643
655	15.414	84.338	20.93	86	0	0	20.93	86	15.529	85	0.78947	76	16.31	84.609	0.68966	87	8.3544	79	9.0377	79.667
656	12.898	94.59	13.529	102	0	0	13.529	102	14.043	94	0	0	14.043	94	2.8571	84	8.4706	85	11.327	84.75
657	16.828	92.705	20	99	0	0	20	99	18	90	2.0225	89	20.022	89.9	4.9412	85	5.7143	84	10.655	84.467
658	10.734	98.755	13.585	106	0.54054	111	14.124	106.2	9.1837	98	0.65217	92	9.8335	97.625	3.6145	83	4.8837	86	8.4956	84.75
659	8.0849	98.95	8.2569	109	0.6383	94	8.8837	108.06	8.6598	97	0.65934	91	9.3168	96.6	4.186	86	2.0455	88	6.2308	86.667
660	11.025	97.963	12.336	107	0	0	12.336	107	9.375	96	3.2609	92	12.632	95	2.7586	87	5.5814	86	8.3398	86.333
