# Time-series
# t	r	v	r_1_P	v_1_P	r_1_L	v_1_L	r_1	v_1	...
300	2.8845	97.071	0	0	0	0	0	0	4	105	0	0	4	105	0.58824	102	4.1379	87	4.7115	89.143
301	1.198	100.17	0	0	0	0	0	0	1.0169	118	0.6	100	1.6071	112	0.68966	87	1.3483	89	2.0377	88.333
302	4.1537	96.3	1.7476	103	0	0	1.7476	103	4	105	2.0455	88	6.006	99.9	0.55556	108	4.2353	85	4.7573	88.286
303	1.8794	95.778	0.53097	113	0	0	0.53097	113	1.6981	106	0	0	1.6981	106	0.65934	91	2.8235	85	3.4803	86.2
304	1.7778	90	0	0	0	0	0	0	1.1765	102	0	0	1.1765	102	0.65934	91	3.5294	85	4.186	86
305	3.0745	91.071	0	0	0.57143	105	0.57143	105	1.0435	115	1.3043	92	2.3188	103.5	0.71429	84	5.7143	84	6.4286	84
306	2.3889	92.091	0	0	0	0	0	0	3.0928	97	0.61224	98	3.705	97.167	0	0	3.4884	86	3.4884	86
307	1.6162	99	0	0	0	0	0	0	1.8	100	0.54545	110	2.3415	102.5	1.0811	111	1.5	80	2.5131	95.5
308	2.6087	92	0	0	0.625	96	0.625	96	1.6514	109	0.66667	90	2.3022	104.25	1.4458	83	3.5294	85	4.9746	84.429
309	1.8493	97.333	1.2121	99	0	0	1.2121	99	1.6981	106	1.1881	101	2.8846	104	0	0	1.519	79	1.519	79
310	3.6261	93.765	0.45455	132	0	0	0.45455	132	3.6364	99	1.3636	88	4.987	96.25	1.4118	85	4.1379	87	5.5491	86.5
311	3.7631	95.667	1.5789	114	0	0	1.5789	114	3.4286	105	0.68182	88	4.0947	102.57	1.4118	85	4.3902	82	5.8006	82.75
312	1.3688	87.667	0	0	0	0	0	0	0	0	0.73171	82	0.73171	82	1.3333	90	2.0455	88	3.3784	88.8
313	3.3118	96.625	1.5126	119	0.52174	115	2.0339	118	1.2121	99	0.59406	101	1.806	99.667	0.68966	87	5.5814	86	6.271	86.111
314	2.0202	99	0	0	0	0	0	0	4	105	0	0	4	105	0	0	2.1176	85	2.1176	85
315	2.1861	100.64	1.0084	119	0	0	1.0084	119	2.8846	104	0	0	2.8846	104	0.6383	94	2.1176	85	2.7507	87.25
316	3.5613	95.471	1.0169	118	0	0	1.0169	118	2.4	100	1.1765	102	3.5762	100.67	0	0	6.2069	87	6.2069	87
317	3.9934	95.158	0	0	0	0	0	0	3.5294	102	2.449	98	5.9761	100.4	1.7647	102	4.3373	83	6.0448	89.333
318	3.5137	96.765	0.98361	122	0	0	0.98361	122	4.2424	99	1.1111	108	5.3465	101	0.77922	77	3.6145	83	4.3902	82
319	3.6141	99.611	1.9835	121	0	0	1.9835	121	4.1584	101	0	0	4.1584	101	0	0	4.8837	86	4.8837	86
320	2.0336	108.18	0	0	0	0	0	0	4.2105	114	0	0	4.2105	114	0.57692	104	1.3793	87	1.9424	92.667
321	2.5587	101.62	0	0	0	0	0	0	4.4037	109	0	0	4.4037	109	1.2	100	2.1687	83	3.3408	89.8
322	4.9929	92.13	2.2018	109	0	0	2.2018	109	3.75	96	1.3636	88	5.1064	94	2.0225	89	5.7831	83	7.7981	84.636
323	4.0313	94.263	0	0	0	0	0	0	5.4	100	0.65934	91	6.0545	99.1	3.2609	92	2.8235	85	6.075	88.889
324	2.1416	102.73	1.0256	117	0	0	1.0256	117	1.4062	128	0.65217	92	2.0168	119	0	0	3.5714	84	3.5714	84
325	3.5222	96.529	1.6364	110	0	0	1.6364	110	2.3077	104	1.9565	92	4.2486	98.857	1.7822	101	3.038	79	4.7496	88.429
326	4.2712	98.333	2.6549	113	0	0	2.6549	113	6	100	0.69767	86	6.6851	98.727	0.81081	74	2.8235	85	3.6232	82.8
327	3.7263	96.611	0.46154	130	0	0	0.46154	130	5.3465	101	0	0	5.3465	101	2.7273	88	2.7586	87	5.4857	87.5
328	4.5581	92.143	1.0526	114	0	0	1.0526	114	5.4545	99	0.68966	87	6.135	97.8	0	0	6.6667	81	6.6667	81
329	5.4123	96.077	1.9048	126	0	0	1.9048	126	5.5102	98	2	90	7.5	96	2.25	80	4.8837	86	7.1259	84.2
330	4.192	100.19	2.6087	115	0	0	2.6087	115	3.4951	103	1.3043	92	4.788	100.25	0.54054	111	4.7727	88	5.282	90.875
331	6.4217	96.548	3.9252	107	0.6383	94	4.5552	105.38	5.2941	102	1.978	91	7.2544	99.25	1.9355	93	5.6471	85	7.5704	87.182
332	4.5191	97.364	0.99174	121	0	0	0.99174	121	5.9406	101	1.2371	97	7.1761	100.33	0	0	5.5172	87	5.5172	87
333	4.9544	100.92	1.8898	127	0	0	1.8898	127	5.6604	106	0	0	5.6604	106	0.63158	95	6.9767	86	7.6021	86.818
334	3.9912	95.211	0	0	0	0	0	0	4.5714	105	0	0	4.5714	105	0.60606	99	6.8966	87	7.4923	88.091
335	4.3118	102.05	1.5789	114	0	0	1.5789	114	4.5283	106	3.0303	99	7.5503	103.31	0.6	100	3.2609	92	3.8571	93.333
336	4.6377	103.5	3.0508	118	0	0	3.0508	118	6.2857	105	0	0	6.2857	105	1.8947	95	2.8571	84	4.7343	88.714
337	3.6263	104.79	1.4173	127	0	0	1.4173	127	3.8889	108	0	0	3.8889	108	3.0612	98	2.6374	91	5.6909	94.889
338	3.1373	102	0.94488	127	0	0	0.94488	127	3.9623	106	0	0	3.9623	106	1.875	96	2.7586	87	4.6226	90.857
339	2.9126	103	2.0168	119	0	0	2.0168	119	2.7273	110	0.67416	89	3.3803	106.5	0	0	3.4884	86	3.4884	86
340	3.5813	106.11	2.5424	118	0	0	2.5424	118	5.0467	107	1.1881	101	6.2318	105.91	0	0	2.069	87	2.069	87
341	5.633	102.97	3.0508	118	0	0	3.0508	118	7.3585	106	0	0	7.3585	106	1.8557	97	4.8276	87	6.6667	90
342	4.4703	107.38	1.3953	129	0	0	1.3953	129	7.027	111	0	0	7.027	111	1.7308	104	3.4483	87	5.1406	93.375
343	3.8462	104	2.4194	124	0	0	2.4194	124	2.9412	102	1.1881	101	4.1292	101.71	1.2245	98	3.913	92	5.1337	93.5
344	3.5619	106.68	2.8571	126	0	0	2.8571	126	2.7273	110	0.67416	89	3.3803	106.5	0.61224	98	4.0449	89	4.6519	90.286
345	5.3011	94.32	3.1034	116	0	0	3.1034	116	2.5	96	2.6374	91	5.1337	93.5	0.71429	84	7.2289	83	7.9431	83.091
346	4.0201	104.48	1.8898	127	0	0	1.8898	127	3.6842	114	1.2903	93	4.939	109.33	1.3333	90	4.1379	87	5.4701	87.75
347	2.8366	112.81	1.8898	127	0	0	1.8898	127	3.7168	113	0.54545	110	4.2619	112.62	1.7476	103	0.68966	87	2.4242	99
348	4.7702	100.62	2.087	115	0	0	2.087	115	4.9091	110	1.3636	88	6.2264	106	1.3333	90	4.8276	87	6.1597	87.667
349	4.9506	105.04	4.4262	122	0	0	4.4262	122	4.486	107	1.4634	82	5.8824	102	1.4286	84	3.3708	89	4.7961	87.571
350	5.3589	104.5	5.8929	112	0	0	5.8929	112	5.6604	106	1.9149	94	7.5559	103.23	0.55046	109	2.2222	81	2.7273	88
351	7.1242	98.257	6.4865	111	0	0	6.4865	111	4.7059	102	2.6966	89	7.372	97.667	0.8	75	6.9767	86	7.7647	85
352	5.8158	103.17	3.5	120	0	0	3.5	120	6.055	109	0	0	6.055	109	0	0	8.1818	88	8.1818	88
353	6.2957	101.66	4.2105	114	0	0	4.2105	114	6.2264	106	1.1765	102	7.4015	105.38	2.5532	94	4.9412	85	7.4768	88.273
354	6.9209	95.364	5	108	0	0	5	108	7.2727	99	1.2903	93	8.559	98.143	0.74074	81	6.75	80	7.4906	80.1
355	6.89	104.5	5.7391	115	0	0	5.7391	115	9.0566	106	0.61856	97	9.6709	105.47	2.6966	89	2.7586	87	5.4545	88
356	6.8112	102.77	6.4286	112	0	0	6.4286	112	6.1111	108	2.0225	89	8.0825	103.93	1.2245	98	4.8837	86	6.0902	88.667
357	6.4545	105.35	6.1538	117	0	0	6.1538	117	6.7925	106	0	0	6.7925	106	1.2903	93	5.3333	90	6.6225	90.6
358	6.0727	102.1	4.0336	119	0	0	4.0336	119	5.4054	111	1.978	91	7.3319	106.38	0	0	7.2289	83	7.2289	83
359	7.5656	97.811	3.8182	110	0	0	3.8182	110	8.2353	102	1.8367	98	10.07	101.29	1.4118	85	7.5862	87	8.9973	86.692
360	5.5745	107.63	5.1282	117	0.51724	116	5.6454	116.91	6.6055	109	0	0	6.6055	109	0.56075	107	4.0909	88	4.6299	90.714
361	6.8201	99.706	8	105	0	0	8	105	4.5283	106	1.2632	95	5.7803	103.8	1.2371	97	5.5814	86	6.8027	88.2
362	9.408	99.915	9.7297	111	0	0	9.7297	111	9.1837	98	1.2245	98	10.408	98	4.2857	84	4.0909	88	8.3721	86
363	5.3972	96.346	3.4951	103	0	0	3.4951	103	3.9252	107	2.1176	85	5.9761	100.4	1.875	96	4.9412	85	6.795	88.3
364	8.6564	101.66	10	108	0	0	10	108	8.2353	102	1.9149	94	10.14	100.59	4	90	1.9355	93	5.9341	91
365	6.01	103.16	3.5897	117	0	0	3.5897	117	6.1111	108	1.7822	101	7.8873	106.5	1.9355	93	4.8276	87	6.7568	88.8
366	11.445	96.109	13.585	106	0.57143	105	14.156	105.96	8.75	96	2.6667	90	11.408	94.667	2.093	86	7.2	75	9.2605	77.75
367	9.1602	100.43	8.3333	108	0	0	8.3333	108	10.693	101	1.25	96	11.94	100.5	2.4742	97	4.8837	86	7.3333	90
368	9.0389	101.78	7.6364	110	0	0	7.6364	110	9.8077	104	2.449	98	12.25	102.86	3.2609	92	4.1379	87	7.3931	89.273
369	9.8639	101.38	10.714	112	0	0	10.714	112	5.1923	104	5.0526	95	10.224	99.765	1.978	91	6.9767	86	8.9497	87.154
370	12.381	95.305	18.416	101	0	0	18.416	101	9.7826	92	1.2903	93	11.073	92.118	1.4118	85	6.4286	84	7.8402	84.182
371	11.968	100.27	14.151	106	1.7647	102	15.913	105.57	10.693	101	2.5806	93	13.26	99.545	1.2632	95	5.6471	85	6.8966	87
372	10.723	100.72	11.667	108	0.56604	106	12.233	107.91	12.6	100	1.2371	97	13.836	99.739	2.069	87	4.2353	85	6.3035	85.667
373	9.78	100.2	9.2727	110	0	0	9.2727	110	10.588	102	0.6	100	11.188	101.89	1.3333	90	7.8571	84	9.1848	84.923
374	9.7099	96.809	9.3578	109	0	0	9.3578	109	8.0412	97	2.6667	90	10.697	95.353	2.6966	89	6.75	80	9.4238	82.769
375	9.1216	98.667	10.556	108	0	0	10.556	108	9.375	96	0.55556	108	9.9225	96.75	3.4884	86	3.6585	82	7.1429	84
376	10.286	97.22	9.7143	105	0.52632	114	10.237	105.5	8.5714	98	3.871	93	12.435	96.5	4.186	86	4.186	86	8.3721	86
377	13.248	89.068	16.596	94	0.6	100	17.193	94.222	15.682	88	0.71429	84	16.395	87.833	0.84507	71	5.5263	76	6.3682	75.375
378	16.076	87.086	21.935	93	0	0	21.935	93	13.953	86	0.67416	89	14.627	86.143	1.6	75	10.4	75	12	75
379	12.824	88.895	12.5	96	1.875	96	14.375	96	14.318	88	0.67416	89	14.992	88.045	0.8	75	8.5714	77	9.3709	76.833
380	16.165	89.083	18.316	95	0.59406	101	18.908	95.2	16.364	88	2.25	80	18.597	87.111	1.4458	83	9.75	80	11.194	80.4
381	11.503	93.889	11.765	102	0.59406	101	12.359	101.95	13.846	91	0.6383	94	14.484	91.136	0	0	7.8571	84	7.8571	84
382	11.608	93.037	15.625	96	0	0	15.625	96	10.213	94	0.58252	103	10.79	94.529	2.1429	84	6.3529	85	8.4956	84.75
383	16.872	86.534	18.913	92	0	0	18.913	92	20.233	86	0.73171	82	20.963	85.867	2.2785	79	8.6842	76	10.96	76.643
384	22.393	75.024	26.582	79	0	0	26.582	79	24.324	74	0.8	75	25.124	74.032	7.8261	69	7.8261	69	15.652	69
385	15.984	83.836	16.667	90	1.3636	88	18.03	89.852	15.904	83	0.75	80	16.653	82.87	4.9315	73	8.5714	77	13.494	75.588
386	15.847	89.606	18.125	96	0	0	18.125	96	15	88	2.7586	87	17.758	87.846	4.557	79	7.3171	82	11.87	80.875
387	13.001	89.224	17.609	92	0	0	17.609	92	14.157	89	0.65934	91	14.816	89.091	3.038	79	3.6145	83	6.6484	81.222
388	12.162	92.089	13.939	99	0	0	13.939	99	13.333	90	2.6966	89	16.03	89.833	1.4634	82	5.25	80	6.7127	80.444
389	14.238	91.308	15.6	100	0	0	15.6	100	15.165	91	0.64516	93	15.81	91.083	2.2785	79	9.4737	76	11.749	76.6
390	17.997	84.461	19.121	91	0.625	96	19.744	91.167	17.647	85	1.3953	86	19.042	85.074	5.7534	73	9.863	73	15.616	73
391	15.91	84.224	19.551	89	0	0	19.551	89	16.429	84	2.2222	81	18.648	83.654	4.2254	71	5.5263	76	9.7407	73.917
392	16.087	85.783	18.667	90	0	0	18.667	90	17.143	84	0.70588	85	17.849	84.04	5.25	80	6.5854	82	11.834	81.125
393	13.877	87.918	15.957	94	0	0	15.957	94	16.552	87	0.74074	81	17.289	86.76	3.75	80	4.8649	74	8.6019	76.727
394	11.482	92.321	11.515	99	0	0	11.515	99	13.404	94	0	0	13.404	94	4.3902	82	5.3846	78	9.7688	79.846
395	10.303	99	15	104	0.55556	108	15.555	104.15	11.25	96	0.67416	89	11.921	95.632	0.75	80	2.8235	85	3.5714	84
396	15.847	89.606	18.125	96	0	0	18.125	96	14.318	88	3.4483	87	17.766	87.808	2.1176	85	9.75	80	11.861	80.938
397	11.226	99.768	12	110	0	0	12	110	11.4	100	0.63158	95	12.03	99.75	4.3902	82	5.6471	85	10.034	83.714
398	12.062	92.857	11.881	101	0.57692	104	12.458	101.14	17.143	91	0	0	17.143	91	3.8462	78	3	80	6.8451	78.889
399	12.158	90.473	14.082	98	0	0	14.082	98	11.209	91	0.60606	99	11.81	91.444	1.7143	70	9.2308	78	10.929	76.857
400	13.426	90.869	13.333	99	0.55046	109	13.878	99.435	14	90	1.3043	92	15.304	90.174	2.963	81	8.4615	78	11.421	78.8
401	13.084	90.186	15.957	94	0	0	15.957	94	14.831	89	1.2632	95	16.089	89.5	2.1687	83	5.122	82	7.2904	82.3
402	9.272	97.067	13.663	101	0	0	13.663	101	8.0412	97	0.63158	95	8.6726	96.857	0.68966	87	4.8837	86	5.5733	86.125
403	11.311	90.176	12.5	96	0	0	12.5	96	14.157	89	0.64516	93	14.801	89.182	2.2785	79	4.5	80	6.7782	79.667
404	18.508	85.367	23.333	90	0	0	23.333	90	20	84	0	0	20	84	4.6753	77	7.6923	78	12.367	77.625
405	17.962	87.962	23.871	93	0	0	23.871	93	15.862	87	1.3636	88	17.226	87.08	4.6753	77	8.3544	79	13.028	78.294
406	16.198	90.137	21.064	94	0	0	21.064	94	16.18	89	1.3333	90	17.513	89.077	4.3373	83	5.7831	83	10.12	83
407	11.611	96.464	11.321	106	0.51282	117	11.828	106.52	13.548	93	1.25	96	14.797	93.261	6.8966	87	1.6	75	8.4706	85
408	8.9622	100.42	8.8073	109	1.0811	111	9.8881	109.22	12.245	98	0.63158	95	12.876	97.857	0	0	4.3373	83	4.3373	83
409	15.878	86.913	16.421	95	1.3483	89	17.764	94.571	19.286	84	1.3636	88	20.646	84.276	0.75	80	8.8	75	9.547	75.417
410	13.296	91.754	12.941	102	0	0	12.941	102	15.333	90	0.68182	88	16.015	89.917	3.7037	81	7.5949	79	11.297	79.667
411	9.7072	98.896	11.111	108	0.57143	105	11.682	107.86	10.625	96	0	0	10.625	96	4.2353	85	2.8235	85	7.0588	85
412	12.321	92.526	12.6	100	0	0	12.6	100	14.505	91	1.2121	99	15.709	91.667	0.6383	94	8.25	80	8.8706	81.167
413	10.664	91.898	9.505	101	0.58824	102	10.093	101.06	9.8901	91	1.3043	92	11.194	91.118	2.1429	84	8.7805	82	10.922	82.4
414	9.8533	93.37	11.881	101	0.57692	104	12.458	101.14	7.9121	91	1.3636	88	9.2744	90.571	1.9355	93	6.1538	78	8.0399	82.091
415	13.83	85.322	15.957	94	0	0	15.957	94	10.12	83	5.122	82	15.242	82.667	1.3483	89	9.4286	70	10.696	72.923
416	10.423	97.863	9.6429	112	0	0	9.6429	112	13.263	95	0.68182	88	13.941	94.682	5	84	3.1579	76	8.139	81.091
417	10.813	90.633	10.909	99	0	0	10.909	99	12	90	0.63158	95	12.63	90.263	3.7037	81	5.4545	77	9.1525	78.667
418	8.8942	92.195	10.408	98	0	0	10.408	98	9.2308	91	1.3636	88	10.593	90.625	2.963	81	2.8235	85	5.7831	83
419	12.37	88.927	11.875	96	0	0	11.875	96	15	88	0.625	96	15.62	88.348	2.963	81	6.8354	79	9.7971	79.615
420	12.474	89.786	13.895	95	0	0	13.895	95	12.955	88	1.875	96	14.816	89.091	4.3902	82	4.4444	81	8.8344	81.5
421	10.055	95.479	11.287	101	0	0	11.287	101	11.489	94	0	0	11.489	94	5.3333	90	2.1429	84	7.4691	88.364
422	9.0571	94.953	8.6538	104	0	0	8.6538	104	10.851	94	0	0	10.851	94	4.2353	85	3.6145	83	7.8486	84.091
423	9.8837	95.106	9.4118	102	0	0	9.4118	102	9.1837	98	0.61856	97	9.8022	97.938	5.4545	88	5.1852	81	10.622	84.733
424	9.4024	97.848	10.385	104	0	0	10.385	104	11.753	97	0	0	11.753	97	5.4545	88	0.73171	82	6.1832	87.333
425	9.8971	92.957	9.8969	97	0	0	9.8969	97	12.903	93	0	0	12.903	93	2.7586	87	4.186	86	6.9444	86.4
426	9.3617	94	8.7379	103	0.56075	107	9.2978	103.25	10.323	93	0.65934	91	10.982	92.882	1.519	79	6.506	83	8.0221	82.273
427	9.2705	92.767	9.6	100	0	0	9.6	100	9.0323	93	1.3483	89	10.378	92.5	3.7037	81	4.2857	84	7.9868	82.636
428	10.177	94.333	9.3204	103	0	0	9.3204	103	10.737	95	0	0	10.737	95	3.6145	83	7.0588	85	10.672	84.333
429	10.504	95.2	12	105	0	0	12	105	11.739	92	0.70588	85	12.441	91.632	2.7273	88	4.6753	77	7.371	81.4
430	11.992	93.393	16.531	98	0	0	16.531	98	11.613	93	0.6383	94	12.251	93.053	4.3902	82	2.963	81	7.3529	81.6
431	11.336	93.509	13.2	100	0.59406	101	13.794	100.04	9.6774	93	0	0	9.6774	93	2.25	80	8.4706	85	10.714	84
432	11.254	95.963	13.981	103	0.60606	99	14.586	102.84	10.105	95	1.3953	86	11.489	94	3.6145	83	4.2857	84	7.8999	83.545
433	11.957	97.017	14.717	106	0	0	14.717	106	10.625	96	0.71429	84	11.329	95.333	2.3377	77	7.8571	84	10.182	82.5
434	7.2271	96.857	3.3028	109	0	0	3.3028	109	8.4848	99	0.54545	110	9.0241	99.733	6	90	3.4884	86	9.4839	88.571
435	12.462	86.667	12.128	94	0	0	12.128	94	14	90	0.67416	89	14.674	89.955	4.2254	71	6.8571	70	11.082	70.385
436	14.923	88.455	16.875	96	1.2632	95	18.138	95.931	14.118	85	0.65217	92	14.766	85.333	2.2785	79	9.8734	79	12.152	79
437	14.277	89.656	19.355	93	0.59406	101	19.945	93.258	12.809	89	1.3483	89	14.157	89	4.3902	82	4.4444	81	8.8344	81.5
438	9.9362	90.578	9.1304	92	0	0	9.1304	92	12.766	94	0	0	12.766	94	3.6585	82	4.3373	83	7.9956	82.545
439	10.51	93.245	11.368	95	0	0	11.368	95	11.368	95	0	0	11.368	95	3.3708	89	5.4545	88	8.8251	88.385
440	9.9389	92.565	8.4	100	0	0	8.4	100	14.348	92	0	0	14.348	92	2.8571	84	4.3373	83	7.1942	83.4
441	11.034	94.25	11.881	101	0	0	11.881	101	13.043	92	0	0	13.043	92	6.1364	88	2.1687	83	8.2997	86.75
442	10.987	91.02	9.2784	97	0	0	9.2784	97	12.766	94	2.7273	88	15.484	93	2.8916	83	5.5263	76	8.4028	78.545
443	8.7341	98.465	10.364	110	0	0	10.364	110	8.8421	95	0.61856	97	9.4604	95.133	2.1176	85	4.6753	77	6.7782	79.667
444	9.4073	91.419	9.0909	99	0	0	9.0909	99	9.6774	93	1.3953	86	11.066	92.176	2.3377	77	5.9259	81	8.2594	79.909
445	17.731	78.957	18.837	86	1.2766	94	20.104	86.552	19.481	77	1.6	75	21.08	76.852	0.71429	84	11.818	66	12.484	67.286
446	13.362	83.821	16.744	86	0.70588	85	17.45	85.96	9.1765	85	2.093	86	11.269	85.188	4.5	80	6.9231	78	11.421	78.8
447	14.331	83.733	18.14	86	0	0	18.14	86	15.181	83	0	0	15.181	83	4.3902	82	5.3165	79	9.7033	80.385
448	12.687	83.547	11.707	82	1.3636	88	13.065	82.667	13.103	87	1.3793	87	14.483	87	5.122	82	5.4545	77	10.566	79.5
449	9.4118	93.5	9.3204	103	0	0	9.3204	103	9.7826	92	0	0	9.7826	92	3.4884	86	5.8537	82	9.337	83.538
450	9.1284	89.829	10.515	97	0	0	10.515	97	10.465	86	0.72289	83	11.187	85.812	0.75	80	5.0602	83	5.8094	82.625
451	8.798	95.476	9.3204	103	0	0	9.3204	103	13.696	92	0.65217	92	14.348	92	0.72289	83	2.1176	85	2.8402	84.5
452	8.6051	95.293	8.1553	103	0	0	8.1553	103	8.5714	98	0	0	8.5714	98	7.0588	85	2.2222	81	9.2772	84.077
453	15.842	89.634	17.5	96	0.55046	109	18.041	96.448	17.045	88	2.1687	83	19.208	87.464	1.6438	73	8.8889	81	10.519	79.857
454	11.011	90.82	12.857	98	0	0	12.857	98	9.1304	92	1.3636	88	10.492	91.5	3.1169	77	6.8354	79	9.9509	78.385
455	13.504	91.823	13.939	99	0	0	13.939	99	14.348	92	0.71429	84	15.057	91.652	6.75	80	5	84	11.743	81.75
456	10.255	91.66	12.371	97	0	0	12.371	97	8.6667	90	0.65934	91	9.3259	90.071	3.4483	87	5.7143	84	9.1599	85.154
457	11.148	93.288	10.8	100	0	0	10.8	100	13.696	92	0.68966	87	14.383	91.773	6.2791	86	2.093	86	8.3721	86
458	8.6322	90.359	7.2	100	0	0	7.2	100	10.112	89	1.3043	92	11.415	89.353	2.1429	84	5.3165	79	7.4534	80.5
459	13.504	90.344	13.75	96	0	0	13.75	96	13.846	91	1.978	91	15.824	91	4.2857	84	6.8354	79	11.111	81
460	13.5	91.855	17.755	98	0	0	17.755	98	16	90	0	0	16	90	0.77922	77	6.2338	77	7.013	77
461	10.506	91.375	11.753	97	0	0	11.753	97	12.135	89	0.63158	95	12.764	89.316	4.8276	87	2.2785	79	7.0922	84.6
462	14.336	87.889	19.565	92	0.6383	94	20.203	92.065	14.651	86	0	0	14.651	86	2.963	81	5.3165	79	8.2782	79.727
463	8.2794	89.378	7.4227	97	0	0	7.4227	97	8.4783	92	0	0	8.4783	92	3.6145	83	5.5263	76	9.1235	78.917
464	8.6697	92.275	7.9592	98	0	0	7.9592	98	10.737	95	0	0	10.737	95	2.7273	88	4.8	75	7.4813	80.2
465	11.625	86.02	8.6598	97	0	0	8.6598	97	14.157	89	0	0	14.157	89	4.8649	74	7.7143	70	12.57	71.6
466	13.83	80.982	13.412	85	0	0	13.412	85	17.037	81	0	0	17.037	81	5.5263	76	5.6	75	11.126	75.5
467	11.114	86.375	12.5	96	0.66667	90	13.164	95.714	10.714	84	1.3793	87	12.092	84.353	2.4658	73	6.087	69	8.547	70.2
468	10.792	81.545	8.75	96	0	0	8.75	96	12.439	82	0.92308	65	13.324	81.056	6.4615	65	4.5455	66	11.006	65.417
469	12.486	78.49	11.429	84	0	0	11.429	84	14.074	81	0.68182	88	14.751	81.35	8.8235	68	2.7692	65	11.589	67.308
470	11.084	75.786	16	75	0	0	16	75	9.2308	78	0.75	80	9.9803	78.154	3.0769	78	4.2254	71	7.2864	74.111
471	15.12	62.17	13.714	70	0	0	13.714	70	16.19	63	0.92308	65	17.113	63.111	9.2308	52	6	50	15.225	51.231
472	27.48	28.385	39.231	26	0.95238	63	38.495	28.056	32.308	26	0	0	32.308	26	5.2941	34	7.0588	34	12.353	34
473	42	10	40	9	0	0	40	9	66.667	9	0	0	66.667	9	4.2857	14	18.462	13	22.727	13.2
474	37.458	20.289	55.714	14	0	0	55.714	14	60	14	0	0	60	14	10.909	33	7.6923	39	18.473	35.727
475	25.806	44.175	31.5	40	0	0	31.5	40	32.093	43	0	0	32.093	43	12.453	53	2.2642	53	14.717	53
476	21.895	55.721	29.455	55	0	0	29.455	55	23.158	57	1.0909	55	24.248	56.913	4.3636	55	7.6364	55	12	55
477	16.125	65.736	20.87	69	0	0	20.87	69	16.875	64	0	0	16.875	64	3.3803	71	7.5	56	10.74	61.455
478	9.1664	80.73	7.5862	87	0	0	7.5862	87	11.707	82	0.73171	82	12.439	82	3.2432	74	4.4118	68	7.6415	70.667
479	11.99	81.735	10.667	90	0.625	96	11.289	90.353	15	80	1.4815	81	16.481	80.091	2.5714	70	5.9155	71	8.4866	70.7
480	9.7393	84.195	10.435	92	0	0	10.435	92	9.7674	86	0	0	9.7674	86	5.8333	72	3.5294	68	9.3557	70.545
481	11.957	78.617	14.458	83	0	0	14.458	83	8.1481	81	2.3077	78	10.453	80.357	7.7143	70	3.4286	70	11.143	70
482	10.858	82.889	11.591	88	0	0	11.591	88	11.163	86	0	0	11.163	86	4.8649	74	5.2174	69	10.07	71.5
483	14.075	68.208	13.521	71	0	0	13.521	71	17.015	67	0.83333	72	17.844	67.25	4.3478	69	6.5625	64	10.895	66.083
484	20.544	41.86	20	48	0	0	20	48	30.857	35	0	0	30.857	35	8	45	4.0909	44	12.09	44.667
485	19.562	25.56	26.25	32	0	0	26.25	32	22.5	16	7.0588	17	29.538	16.25	2.6087	23	6.3158	19	8.8525	20.333
486	25.128	22.286	31.111	27	0	0	31.111	27	28.571	21	8	15	36	20	30	2	15	4	40	3
487	47.127	15.278	48.75	16	5.4545	11	53.699	15.643	48	15	7.5	16	55.472	15.143	13.846	13	18.75	16	32.269	14.875
488	33.263	35.475	37.895	38	0	0	37.895	38	36	35	3.871	31	39.824	34.652	7.0588	34	15.484	31	22.5	32
489	25.248	49.905	30.566	53	0	0	30.566	53	25.2	50	2.449	49	27.648	49.913	4	45	13.953	43	17.947	43.462
490	13.261	67.867	15.833	72	0	0	15.833	72	13.433	67	2	60	15.413	66.176	4.6154	65	4.0678	59	8.6631	62.333
491	13.399	64.186	15.882	68	0	0	15.882	68	14.328	67	1.1321	53	15.413	66.176	1.1111	54	8.2353	51	9.3431	51.375
492	18.968	52.72	20	60	0	0	20	60	22.353	51	2.6087	46	24.939	50.524	4.186	43	8.7805	41	12.96	41.667
493	22.838	22.769	31.429	21	0	0	31.429	21	21.6	25	0	0	21.6	25	7.5	16	9.2308	26	15.882	22.667
494	60.842	5.5882	96	5	0	0	96	5	42.857	7	0	0	42.857	7	48	5	0	0	48	5
495	40.179	7.4667	77.143	7	0	0	77.143	7	37.5	8	6.6667	9	44.082	8.1667	0	0	0	0	0	0
496	55.944	7.15	68.571	7	8.5714	7	77.143	7	60	8	0	0	60	8	30	4	7.5	8	33.75	5.3333
497	38.469	17.676	40	21	0	0	40	21	42.353	17	8.5714	7	48.057	16.231	5	12	25.714	14	30.625	13.714
498	27.56	34.833	26.512	43	0	0	26.512	43	39.31	29	0	0	39.31	29	6.2069	29	13.548	31	19.737	30.4
499	29.584	35.154	27.143	42	0	0	27.143	42	41.379	29	2	30	43.377	29.048	6.8571	35	13.714	35	20.571	35
500	28.598	35.667	40.588	34	0	0	40.588	34	24.324	37	4.5	40	28.8	37.5	3.2432	37	13.333	36	16.575	36.2
501	29.087	39.193	42.857	35	0	0	42.857	35	18.261	46	4	45	22.259	45.824	6.8182	44	16.667	36	23.276	38.667
502	22.092	31.686	44.516	31	0	0	44.516	31	15.882	34	2.9268	41	18.711	35.273	7.5	8	0	0	7.5	8
503	34.951	17.167	48.75	16	0	0	48.75	16	42	20	0	0	42	20	12	5	10.909	11	20	9
504	37.313	13.4	55	12	0	0	55	12	31.765	17	0	0	31.765	17	0	0	30	10	30	10
505	40.96	7.8125	42.857	7	0	0	42.857	7	67.5	8	0	0	67.5	8	0	0	13.333	9	13.333	9
506	50.314	7.95	60	9	0	0	60	9	52.5	8	10	6	61.935	7.75	30	4	7.5	8	33.75	5.3333
507	59.595	7.0476	67.5	8	0	0	67.5	8	85.714	7	0	0	85.714	7	40	3	0	0	40	3
508	38.793	7.7333	53.333	9	7.5	8	60.75	8.8889	60	6	0	0	60	6	0	0	0	0	0	0
509	44.138	7.25	77.143	7	0	0	77.143	7	33.333	9	0	0	33.333	9	30	4	0	0	30	4
510	32.079	11.222	55.714	14	0	0	55.714	14	75	4	0	0	75	4	0	0	0	0	0	0
511	63.472	9.1379	90	8	0	0	90	8	60	10	4	15	63.13	10.455	15	4	30	10	40	9
512	34.271	23.927	37.778	27	0	0	37.778	27	32.5	24	8.1818	22	40.635	23.625	13.333	18	13.333	18	26.667	18
513	28.485	33	30.811	37	1.0909	55	31.662	37.9	34.839	31	2.5	24	37.216	30.632	6.6667	27	11.538	26	18.199	26.375
514	31.093	30.875	31.875	32	7.5	8	35.217	30.667	30.968	31	3.6364	33	34.591	31.222	9.0909	33	14.483	29	23.478	30.667
515	35.721	26.875	30.968	31	0	0	30.968	31	40	27	0	0	40	27	20	21	18.261	23	38.182	22
516	27.614	39.111	29.302	43	0	0	29.302	43	27.805	41	3.3333	36	31.093	40.524	3.5294	34	20.69	29	24.134	29.833
517	35.281	32.879	39.429	35	0	0	39.429	35	30.909	33	8.2759	29	39.084	32.238	6.4286	28	21.29	31	27.671	30.357
518	40.622	13.786	45	16	0	0	45	16	40	12	9.2308	13	49.18	12.2	16.364	11	13.846	13	30	12
519	45.173	18.595	42.857	21	0	0	42.857	21	63.75	16	0	0	63.75	16	12	20	18.947	19	30.928	19.4
520	44.497	13.034	44	15	4.6154	13	48.539	14.833	72	10	0	0	72	10	16	15	3	20	18.75	16
521	36.598	11.476	60	13	0	0	60	13	53.333	9	0	0	53.333	9	0	0	0	0	0	0
522	33.728	13.045	33.333	18	0	0	33.333	18	48	10	5	12	52.826	10.222	30	4	8.5714	7	36	5
523	36.296	7.7143	66.667	9	0	0	66.667	9	36	5	0	0	36	5	20	3	0	0	20	3
524	22.857	3.5	40	3	0	0	40	3	20	3	0	0	20	3	12	5	0	0	12	5
525	61.538	6.5	85.714	7	0	0	85.714	7	60	6	6.6667	9	65.333	6.4286	12	5	24	5	36	5
526	51.429	7	60	7	0	0	60	7	51.429	7	20	6	71.111	6.75	8.5714	7	15	8	23.478	7.6667
527	39.512	18.222	45.714	21	0	0	45.714	21	46.667	18	0	0	46.667	18	20	3	23.077	13	31.765	11.333
528	29.496	38.649	30.769	39	0	0	30.769	39	33.846	39	1.0526	57	34.689	39.783	15.789	38	7.5	32	23.15	36.286
529	28.694	44.609	27.5	48	0	0	27.5	48	30	44	1.3333	45	31.333	44.043	12.273	44	15.385	39	27.557	41.368
530	30.682	41.719	32	45	0	0	32	45	32.308	39	1.4634	41	33.767	39.091	19.5	40	7.1429	42	26.63	40.556
531	25.451	47.934	28.163	49	1.25	48	29.413	48.958	24.783	46	2.4	50	27.166	46.381	11.25	48	8.5714	49	19.819	48.438
532	26.55	45.951	26.038	53	1.1765	51	27.213	52.917	26.512	43	1.6667	36	28.136	42.65	18	40	7.5	40	25.5	40
533	40.634	16.242	50	18	0	0	50	18	55.714	14	4	15	59.695	14.071	3.3333	18	10.588	17	13.913	17.25
534	39.35	11.182	54.545	11	0	0	54.545	11	27.692	13	12.857	14	40.5	13.333	10	6	24	5	33.75	5.3333
535	32.36	7.4167	45	8	0	0	45	8	34.286	7	7.5	8	41.667	7.2	12	5	0	0	12	5
536	34.141	7.6154	40	9	0	0	40	9	50	6	8.5714	7	58.378	6.1667	7.5	8	0	0	7.5	8
537	77.794	5.913	90	6	0	0	90	6	60	7	20	6	79.672	6.7778	60	4	12	5	71.429	4.2
538	55.172	7.25	85.714	7	0	0	85.714	7	52.5	8	7.5	8	60	8	10	6	12	5	21.818	5.5
539	45.714	7	45	8	6.6667	9	51.579	8.1429	25.714	7	0	0	25.714	7	40	6	24	5	63.529	5.6667
540	31.22	5.125	36	5	0	0	36	5	48	5	10	6	57.692	5.2	0	0	0	0	0	0
541	40.94	16.121	44	15	10	6	50.526	14.25	34.737	19	4.4444	27	38.555	20.231	36	10	6.3158	19	39.184	12.25
542	30.407	35.519	37.714	35	0	0	37.714	35	30	36	3.4286	35	33.426	35.9	8.1081	37	12	35	20.093	35.833
543	28.751	36.173	35	36	0	0	35	36	34.054	37	1.6667	36	35.72	36.955	4.7368	38	10.909	33	15.577	34.667
544	28.751	36.173	35	36	0	0	35	36	34.054	37	1.6667	36	35.72	36.955	4.7368	38	10.909	33	15.577	34.667
545	27.481	43.667	36.818	44	1.1765	51	37.966	44.25	30	42	0	0	30	42	5.2174	46	9.3333	45	14.549	45.364
546	24.131	50.557	34.118	51	0	0	34.118	51	15	52	5.6604	53	20.659	52.278	7.5	48	10.213	47	17.711	47.429
547	25.579	42.222	29.362	47	0	0	29.362	47	29.189	37	2.9268	41	32.086	37.4	7.3171	41	8.7805	41	16.098	41
548	28.724	15.318	22.105	19	4.2857	14	26.122	18.375	32.727	11	8.5714	14	40.851	11.75	8.5714	14	14.118	17	22.5	16
549	27.458	6.5556	25.714	7	0	0	25.714	7	42.857	7	0	0	42.857	7	20	3	0	0	20	3
550	15.152	6.6	34.286	7	0	0	34.286	7	12	5	0	0	12	5	0	0	0	0	0	0
551	43.333	6	70	6	8.5714	7	78.367	6.125	40	6	0	0	40	6	12	5	0	0	12	5
552	47.805	5.8571	50	6	0	0	50	6	50	6	30	6	80	6	15	4	0	0	15	4
553	52.785	12.882	60	13	4	15	63.913	13.143	50.769	13	5	12	55.742	12.917	25	12	13.846	13	38.788	12.375
554	32.935	31.577	36	35	0	0	36	35	32	30	1.7143	35	33.67	30.294	14.483	29	15.556	27	30	28
555	26.414	37.102	31.429	42	0	0	31.429	42	23.684	38	1.5	40	25.18	38.125	6.4286	28	19.2	25	25.563	25.818
556	35.602	29.774	48.889	27	0	0	48.889	27	25	36	3.75	32	28.709	35.529	13.846	26	17.143	28	30.947	27.143
557	43.719	21.958	49.091	22	2.5	24	51.571	22.105	43.846	26	0	0	43.846	26	25	12	18.75	16	42.857	14
558	36.512	30.127	41.818	33	1.7143	35	43.526	33.083	22.759	29	14.483	29	37.241	29	8.2759	29	21.6	25	29.736	26.231
559	31.337	37.017	32.308	39	1.5385	39	33.846	39	33.333	36	1.5789	38	34.908	36.095	11.351	37	14.118	34	25.424	35.4
560	18.636	53.66	20	60	1	60	21	60	21.6	50	0	0	21.6	50	7.5	48	6.383	47	13.881	47.545
561	10.646	77.024	10.633	79	0	0	10.633	79	12.75	80	0	0	12.75	80	5	72	3.6923	65	8.6705	69.2
562	8.5714	84	7.5	96	0	0	7.5	96	8.7805	82	2.2785	79	11.057	81.4	4.6753	77	2.8571	63	7.4654	72.333
563	7.8856	91.306	6.4706	102	0	0	6.4706	102	11.209	91	0	0	11.209	91	3.7037	81	2.5352	71	6.2136	77.25
564	5.9982	86.692	4.8	100	0	0	4.8	100	6.2791	86	0.68966	87	6.9686	86.1	3.7975	79	2.7273	66	6.4755	74.125
565	7.9975	90.028	6.6	100	0.61224	98	7.212	99.833	8.5714	91	1.3483	89	9.9192	90.733	3.0769	78	4.0541	74	7.1261	75.778
566	7.3731	89.515	5.8252	103	0	0	5.8252	103	7.5862	87	0.73171	82	8.3157	86.583	2.6667	90	5.6	75	8.2034	80.455
567	9.4451	84.7	7.8261	92	0.67416	89	8.4996	91.769	12.289	83	0.65217	92	12.934	83.5	1.5	80	5.5263	76	7.0231	76.889
568	8.614	78.941	3.956	91	0	0	3.956	91	9.6296	81	0	0	9.6296	81	8.2192	73	4.2254	71	12.442	72.333
569	8.5509	86.541	7.0588	102	0	0	7.0588	102	9.2857	84	0.55556	108	9.8	85.714	3.3333	72	6	70	9.3316	70.727
570	8.0028	84.971	6.8041	97	0	0	6.8041	97	10.12	83	0	0	10.12	83	2.4324	74	4.9315	73	7.3636	73.333
571	6.393	90.724	2.9703	101	0	0	2.9703	101	9.0323	93	1.2766	94	10.309	93.125	3.0769	78	2.963	81	6.0377	79.5
572	8.8925	83.216	6	90	0	0	6	90	11.429	84	0.52632	114	11.893	85.765	3.2	75	5.7534	73	8.9519	73.727
573	8.8983	83.162	10.435	92	0	0	10.435	92	7.6923	78	2.2785	79	9.9705	78.231	3.1169	77	3.4286	70	6.5306	73.5
574	15.003	79.983	19.024	82	0	0	19.024	82	14.815	81	0.70588	85	15.519	81.19	6.4865	74	4.0541	74	10.541	74
575	10.444	86.178	10.213	94	0.71429	84	10.919	93.412	13.412	85	0	0	13.412	85	3.7975	79	3.4286	70	7.2	75
576	6.9087	89.742	6.6667	99	0	0	6.6667	99	7.6744	86	0	0	7.6744	86	1.2371	97	5.3165	79	6.506	83
577	10.048	83.595	10	90	0	0	10	90	10.843	83	1.4286	84	12.272	83.118	0.73171	82	7.2973	74	8.0214	74.8
578	8.4665	92.128	8.9109	101	0.63158	95	9.5404	100.62	7.8261	92	0.65217	92	8.4783	92	5.122	82	2.5352	71	7.6239	78.7
579	9.1236	81.108	10.112	89	0	0	10.112	89	5.122	82	1.5789	76	6.6942	80.667	1.6216	74	9.1667	72	10.787	72.308
580	10.142	80.854	12.273	88	0	0	12.273	88	7.1053	76	2.3684	76	9.4737	76	3.1169	77	5.7534	73	8.8645	74.455
581	13.448	83.286	13.043	92	0	0	13.043	92	14.815	81	0.73171	82	15.546	81.048	2.3077	78	9.7297	74	12.032	74.8
582	12.492	83.25	11.209	91	0	0	11.209	91	14.458	83	0.83333	72	15.277	82.476	6.4	75	4.8	75	11.2	75
583	12.69	83.528	14.667	90	0	0	14.667	90	13.012	83	1.519	79	14.528	82.6	3.3803	71	5.7534	73	9.1321	72.273
584	11.169	82.37	13.636	88	0	0	13.636	88	12.75	80	0	0	12.75	80	2.3377	77	4.9315	73	7.2646	74.333
585	14.313	82.441	14.194	93	0	0	14.194	93	11.707	82	2.1429	84	13.849	82.316	2.4658	73	13.043	69	15.502	69.667
586	14.227	85.754	16.957	92	0	0	16.957	92	15.904	83	0.72289	83	16.627	83	4.6753	77	4.6154	78	9.2903	77.5
587	7.5084	93.229	6	100	0	0	6	100	8.4848	99	0.72289	83	9.1899	97.933	1.4815	81	6.0759	79	7.5567	79.4
588	12.69	83.528	11.868	91	0.77922	77	12.63	90.263	12.706	85	0.68966	87	13.395	85.105	3.2877	73	9.0411	73	12.329	73
589	16.729	77.708	19.756	82	0	0	19.756	82	13.846	78	2.3684	76	16.213	77.714	1.7143	70	12.676	71	14.39	70.882
590	12.625	90.298	13.75	96	0	0	13.75	96	9.8901	91	3.3708	89	13.26	90.5	3.6145	83	7.4074	81	11.02	81.667
591	14.487	89.738	16.701	97	0	0	16.701	97	17.931	87	0.72289	83	18.652	86.852	2.2785	79	6.0759	79	8.3544	79
592	11.333	93.528	12.475	101	0	0	12.475	101	12.258	93	0.625	96	12.882	93.15	3.5714	84	5.3165	79	8.8798	81.083
593	12.237	89.891	16.701	97	0.61856	97	17.32	97	8.764	89	2.25	80	10.995	87.312	2.3377	77	6.4	75	8.7365	75.545
594	10.24	93.75	10.485	103	0	0	10.485	103	10.667	90	2.5532	94	13.216	90.8	0	0	7.2289	83	7.2289	83
595	10.39	92.396	12.121	99	0	0	12.121	99	8.9362	94	1.3483	89	10.281	93.375	3.6145	83	5.3846	78	8.9906	80.083
596	10.927	91.52	10.485	103	0.61856	97	11.102	102.68	9.8901	91	0	0	9.8901	91	2.963	81	9.2308	78	12.19	78.75
597	6.581	97.25	8.5714	105	0	0	8.5714	105	5.6842	95	0	0	5.6842	95	1.3953	86	4.2353	85	5.6305	85.25
598	11.248	92.462	10	102	0	0	10	102	12.128	94	0.65934	91	12.786	93.85	2.9268	82	8.3544	79	11.278	79.8
599	11.746	88.538	12.766	94	0	0	12.766	94	10.787	89	0.66667	90	11.453	89.059	3.6585	82	7.5	80	11.157	80.667
600	13.944	87.492	15.484	93	0.63158	95	16.115	93.08	15.862	87	0.68182	88	16.544	87.042	2.3684	76	7.013	77	9.3811	76.75
601	12.779	87.643	13.696	92	0	0	13.696	92	12.667	90	0.74074	81	13.4	89.55	2.2785	79	9.1139	79	11.392	79
602	12.951	86.482	15.165	91	0.625	96	15.788	91.208	13.256	86	1.3953	86	14.651	86	3.038	79	5.5263	76	8.5613	77.091
603	13.675	84.828	15.652	92	0.60606	99	16.255	92.28	9.8824	85	1.5	80	11.378	84.375	4	75	9.7297	74	13.729	74.294
604	12.124	82.48	12.414	87	0	0	12.414	87	12.857	84	0	0	12.857	84	6.0759	79	5.2174	69	11.243	74.714
605	12.175	88.704	12.857	98	0.64516	93	13.501	97.773	15	84	0	0	15	84	3.7975	79	4.5	80	8.2971	79.545
606	11.016	87.146	10.737	95	0	0	10.737	95	13.953	86	0	0	13.953	86	1.6438	73	6.9231	78	8.5613	77.091
607	12.449	83.538	17.727	88	0	0	17.727	88	9.75	80	0.75	80	10.5	80	2.2222	81	7.013	77	9.2308	78
608	12.309	89.364	14.526	95	0.60606	99	15.131	95.167	10.909	88	1.978	91	12.885	88.474	1.5	80	7.5949	79	9.0947	79.167
609	10.179	84.488	8.4783	92	0	0	8.4783	92	11.034	87	0.72289	83	11.756	86.765	0	0	10.541	74	10.541	74
610	16.917	82.757	16.957	92	0	0	16.957	92	14.634	82	3.4483	87	18.072	83	4.1667	72	12.174	69	16.335	69.789
611	10.863	86.532	11.368	95	0	0	11.368	95	11.566	83	0	0	11.566	83	4.6753	77	5.1852	81	9.8542	79.154
612	10.168	92.447	10.909	99	0	0	10.909	99	11.087	92	0	0	11.087	92	2.1429	84	6.506	83	8.6486	83.25
613	12.139	90.618	11.765	102	0.61224	98	12.376	101.81	9.3333	90	2.0225	89	11.356	89.824	6.8354	79	6.3158	76	13.146	77.588
614	11.89	89.151	12.121	99	0	0	12.121	99	12	90	0	0	12	90	0.8	75	11.2	75	12	75
615	11.666	85.72	12.667	90	0.61856	97	13.282	90.35	11.724	87	1.3333	90	13.056	87.316	1.5584	77	7.2973	74	8.8537	74.545
616	13.445	89.25	13.608	97	0	0	13.608	97	15.682	88	0.61224	98	16.287	88.417	5.3846	78	5.3165	79	10.701	78.5
617	14.278	82.644	16.304	92	0	0	16.304	92	11.294	85	1.5385	78	12.823	84.222	2.8571	63	11.642	67	14.491	66.25
618	11.872	92.655	12.941	102	0	0	12.941	102	14.831	89	0.65934	91	15.49	89.087	2.2222	81	5.25	80	7.472	80.3
619	12.821	82.679	13.548	93	0	0	13.548	93	15	76	1.7143	70	16.705	75.429	2.2785	79	6.3158	76	8.5917	76.818
620	16.025	79.875	20	84	0	0	20	84	16.923	78	0	0	16.923	78	3.1579	76	8.1081	74	11.264	74.571
621	9.8826	89.045	10.323	93	0	0	10.323	93	10.549	91	0.71429	84	11.26	90.588	2.3077	78	5.8537	82	8.1573	80.909
622	14.517	88.172	18.511	94	0	0	18.511	94	15	84	1.4815	81	16.48	83.739	3.6585	82	5.0602	83	8.7185	82.583
623	14.303	88.095	16.774	93	0	0	16.774	93	17.045	88	0	0	17.045	88	3.75	80	5.5263	76	9.2704	77.667
624	14.971	89.507	17.684	95	0	0	17.684	95	14.831	89	0.66667	90	15.498	89.043	2.1687	83	9.75	80	11.916	80.562
625	12.921	88.228	12.632	95	0	0	12.632	95	12.809	89	1.3333	90	14.142	89.095	3.75	80	8.4615	78	12.21	78.625
626	9.393	89.429	10	96	0	0	10	96	9.1304	92	0.68966	87	9.8182	91.667	0.8	75	7.7922	77	8.5917	76.818
627	13.324	85.561	13.846	91	0	0	13.846	91	13.256	86	2.1429	84	15.398	85.727	4.7368	76	6.1538	78	10.889	77.143
628	18.364	80.595	22.588	85	0	0	22.588	85	14.815	81	2.3377	77	17.147	80.478	2.4	75	13.151	73	15.549	73.316
629	13.435	86.345	16.854	89	0	0	16.854	89	11.461	89	1.3187	91	12.779	89.211	1.5789	76	9.2308	78	10.809	77.714
630	8.3486	95.825	7.9245	106	0	0	7.9245	106	10.968	93	0	0	10.968	93	0.68182	88	5.6471	85	6.3281	85.333
631	10.996	92.765	12.475	101	0.60606	99	13.081	100.91	9.0323	93	0.65217	92	9.6844	92.933	2.2785	79	8.25	80	10.528	79.786
632	8.8724	96.93	6.7826	115	0	0	6.7826	115	7.4227	97	1.2766	94	8.6982	96.571	5.122	82	6.506	83	11.628	82.562
633	11.328	90.039	10.737	95	0	0	10.737	95	10.968	93	2	90	12.966	92.55	7.4074	81	3.038	79	10.444	80.429
634	12.954	92.633	16.2	100	0	0	16.2	100	14.318	88	0.65217	92	14.969	88.182	3.5714	84	4.3373	83	7.9085	83.455
635	13.975	90.159	18.75	96	0	0	18.75	96	10.909	88	2.0455	88	12.955	88	2.2785	79	8.1481	81	10.426	80.571
636	17.107	86.514	20.667	90	0	0	20.667	90	18.837	86	0.63158	95	19.462	86.321	7.5	80	3.7975	79	11.297	79.667
637	9.0019	95.535	5.4545	110	0.53571	112	5.9901	110.18	9.1837	98	0.64516	93	9.8273	97.688	3.5714	84	7.9518	83	11.523	83.312
638	12.642	90.175	10.303	99	0	0	10.303	99	13.333	90	0.6383	94	13.97	90.19	5.7143	84	8.1481	81	13.858	82.263
639	7.648	96.757	6.2857	105	0	0	6.2857	105	9.7959	98	0	0	9.7959	98	1.9565	92	5.0602	83	7.0012	85.7
640	18.265	85.41	23.478	92	0	0	23.478	92	14.286	84	1.2903	93	15.563	84.818	3.2	75	12.973	74	16.173	74.2
641	13.182	91.033	14.845	97	0	0	14.845	97	13.846	91	0.64516	93	14.491	91.091	7.4074	81	3	80	10.407	80.714
642	10.602	94.32	8.9109	101	0	0	8.9109	101	13.895	95	0.65934	91	14.553	94.826	3.5294	85	4.9412	85	8.4706	85
643	4.9816	104.38	1.875	128	0	0	1.875	128	8.5714	105	0	0	8.5714	105	1.9355	93	2.7586	87	4.689	89.571
644	11.366	87.98	13.895	95	0	0	13.895	95	11.294	85	2.069	87	13.362	85.316	1.6901	71	5.3846	78	7.064	76.444
645	11.792	84.8	14.318	88	0	0	14.318	88	12.143	84	2.0225	89	14.159	84.75	1.519	79	5.4545	77	6.9727	77.444
646	11.125	91.686	11.753	97	0	0	11.753	97	10.851	94	0	0	10.851	94	3.7037	81	7.2289	83	10.931	82.333
647	13.051	91.95	16.082	97	0	0	16.082	97	13.187	91	2.0225	89	15.208	90.739	1.4118	85	6.5854	82	7.9956	82.545
648	17.417	84.973	23.596	89	0	0	23.596	89	15.529	85	0.75	80	16.277	84.783	2.4324	74	10.13	77	12.559	76.438
649	17.409	83.863	22.326	86	0.76923	78	23.088	85.758	14.118	85	1.3953	86	15.513	85.091	1.5385	78	12.152	79	13.69	78.889
650	13.074	87.193	11.613	93	1.3483	89	12.959	92.6	15.349	86	0.70588	85	16.055	85.957	7.9518	83	2.3684	76	10.307	81.5
651	12.084	87.717	15	92	0	0	15	92	11.591	88	0.68182	88	12.273	88	3.6585	82	5.4545	77	9.1043	79.083
652	13.266	91.967	12.353	102	0	0	12.353	102	18.202	89	0.58824	102	18.778	89.464	2.2222	81	6.75	80	8.972	80.25
653	10.256	95.551	8	105	0	0	8	105	12.857	98	0	0	12.857	98	1.519	79	8.6747	83	10.191	82.429
654	15.541	88.797	18.913	92	0	0	18.913	92	19.091	88	0.64516	93	19.734	88.172	2.1951	82	5.8537	82	8.0488	82
655	9.6252	101.82	8.4956	113	0.61856	97	9.1024	112.06	8	105	0	0	8	105	7.1739	92	4.8837	86	12.045	89.667
656	8.4333	101.98	8.8889	108	0	0	8.8889	108	11.176	102	0.60606	99	11.782	101.85	1.3333	90	3.4091	88	4.7419	88.571
657	6.3573	103.82	3.9344	122	0	0	3.9344	122	6.1682	107	0.6	100	6.7659	106.42	1.7822	101	6.8966	87	8.6445	90.231
658	10.621	103.56	12.212	113	0	0	12.212	113	11.176	102	0.58252	103	11.759	102.05	2.7907	86	5.3933	89	8.1818	88
659	8.7022	103.42	7.7586	116	0.56604	106	8.3207	115.38	8.4906	106	1.3187	91	9.7856	104.24	3.5714	84	4.7727	88	8.3398	86.333
660	7.7932	107.79	6.9421	121	0	0	6.9421	121	9.5327	107	0.65217	92	10.173	106.17	1.1881	101	5.3333	90	6.5076	92.2
