# Time-series
# t	r	v	r_1_P	v_1_P	r_1_L	v_1_L	r_1	v_1	...
300	2.2917	96	0	0	0	0	0	0	2.7778	108	0	0	2.7778	108	0	0	4.186	86	4.186	86
301	3.3885	94.438	0	0	0	0	0	0	3.3645	107	0	0	3.3645	107	0.63158	95	6.2791	86	6.9045	86.9
302	2.1209	94.3	1.1538	104	0	0	1.1538	104	3.125	96	0	0	3.125	96	0	0	2.1176	85	2.1176	85
303	4.2371	89.684	0.58252	103	0	0	0.58252	103	3.6	100	2.1429	84	5.7042	94.667	1.5584	77	4.9412	85	6.4887	83.222
304	1.3408	89.5	0	0	0	0	0	0	1.9565	92	0	0	1.9565	92	0	0	2.069	87	2.069	87
305	2.9664	101.13	0	0	0	0	0	0	3.2727	110	0.58824	102	3.8583	108.86	1.7143	105	3.4091	88	5.0861	94.375
306	1.8707	96.222	0.72289	83	0	0	0.72289	83	1.6071	112	0.65934	91	2.2482	106.75	0	0	2.6966	89	2.6966	89
307	2.9586	101.4	0.46154	130	0	0	0.46154	130	3.4286	105	0	0	3.4286	105	3	100	2.069	87	5.046	95.125
308	4.1782	90.947	0.57692	104	0	0	0.57692	104	4.4211	95	0.64516	93	5.066	94.75	1.4118	85	5.5172	87	6.9284	86.6
309	2.8741	90.462	0	0	0	0	0	0	2.3529	102	0	0	2.3529	102	0.75	80	5.5814	86	6.3281	85.333
310	4.3685	96.143	1.44	125	0	0	1.44	125	4.8485	99	0.68966	87	5.529	97.667	2.1176	85	4.2353	85	6.3529	85
311	6.1466	91.107	1.0345	116	1.0909	110	2.1239	113	5.2747	91	1.8367	98	7.1037	92.909	0.74074	81	8.6747	83	9.415	82.846
312	3.7802	89.941	0.52632	114	0.56604	106	1.0909	110	3.3708	89	0.70588	85	4.0755	88.333	0.56075	107	5.7143	84	6.2388	86.556
313	2.798	100.07	0.92308	130	0	0	0.92308	130	3.6364	99	0.57692	104	4.212	99.714	0.58252	103	2.8235	85	3.386	88.6
314	3.2303	99.062	0.50847	118	0	0	0.50847	118	3.8532	109	0.65217	92	4.4912	106.88	1.25	96	3.5714	84	4.8039	87.429
315	2.6121	99.538	0	0	0	0	0	0	3.3333	108	0	0	3.3333	108	2.4742	97	2.093	86	4.5511	92.286
316	2.7782	100.79	0	0	0	0	0	0	3.9252	107	0	0	3.9252	107	1.0811	111	3.4091	88	4.4411	94.571
317	2.7406	109.47	0.88235	136	0	0	0.88235	136	3.6207	116	0	0	3.6207	116	1.1881	101	2.6966	89	3.871	93
318	2.2852	96.273	0	0	0	0	0	0	1.0256	117	0	0	1.0256	117	1.8182	99	4.0909	88	5.8909	91.667
319	4.1138	102.1	0.5	120	0	0	0.5	120	6.6667	108	0	0	6.6667	108	2.5532	94	2.7273	88	5.2747	91
320	4.5291	101.57	0.88889	135	0	0	0.88889	135	5.5046	109	0	0	5.5046	109	3.2609	92	4.186	86	7.4385	88.727
321	4.212	99.714	2.6087	115	0	0	2.6087	115	3.3962	106	0.65934	91	4.044	103.86	0	0	6.1364	88	6.1364	88
322	4.5086	97.591	0.50847	118	0	0	0.50847	118	5.1923	104	0.59406	101	5.7859	103.7	1.2	100	6.1364	88	7.3185	90.182
323	4.9741	96.5	4.1739	115	0	0	4.1739	115	1.3483	89	4.6667	90	6.0149	89.778	0	0	5	84	5	84
324	3.8651	98.316	0.99174	121	0	0	0.99174	121	4.5714	105	0.64516	93	5.209	103.67	0.61224	98	4.9412	85	5.5411	86.625
325	5.3702	100.56	4.8649	111	0	0	4.8649	111	4.6602	103	1.3333	90	5.9761	100.4	0	0	5.3933	89	5.3933	89
326	5.9743	107.12	5.042	119	0	0	5.042	119	6.6667	108	1.1765	102	7.84	107.14	1.1429	105	4.0909	88	5.2033	92.25
327	2.4618	105.62	0.48	125	0	0	0.48	125	2.5	120	0	0	2.5	120	0.55556	108	4	90	4.537	92.571
328	4.3781	100.5	1.5929	113	0	0	1.5929	113	3.5897	117	1.3333	90	4.8649	111	0.60606	99	6.2791	86	6.8729	87.3
329	3.0928	97	0	0	0	0	0	0	2.2857	105	0	0	2.2857	105	3.6	100	3.4483	87	7.0145	94.091
330	2.1492	102.36	1.7308	104	0	0	1.7308	104	1.6514	109	0.65934	91	2.2967	104.5	1.0811	111	1.3793	87	2.4242	99
331	4.2984	102.36	1	120	0	0	1	120	6.729	107	0	0	6.729	107	0	0	5.2747	91	5.2747	91
332	3.8701	108.52	1.3846	130	0	0	1.3846	130	5.4545	110	0.55046	109	6.005	109.91	2.3077	104	2.0455	88	4.3235	97.143
333	3.6714	98.056	0.51282	117	0	0	0.51282	117	3.8182	110	1.4815	81	5.2146	103.56	1.8557	97	3.5294	85	5.3631	89.5
334	3.0488	98.4	0.58824	102	0	0	0.58824	102	4	105	0	0	4	105	0.60606	99	4	90	4.6009	91.286
335	4.4047	104.43	3.1858	113	0.51282	117	3.6981	113.57	5.0467	107	0	0	5.0467	107	1.9565	92	2.6087	92	4.5652	92
336	5.5573	107.97	5.5932	118	0	0	5.5932	118	5.5046	109	0	0	5.5046	109	1.0526	114	4.7191	89	5.7109	94.556
337	5.5819	96.741	2.0168	119	0	0	2.0168	119	4.5714	105	2.5806	93	7.1287	101	0	0	7.8571	84	7.8571	84
338	6.7622	100.56	3.6522	115	0	0	3.6522	115	5.3571	112	2.5	96	7.8191	107.43	0.58824	102	8.5714	84	9.1351	85.385
339	3.1828	106.82	0.93023	129	0	0	0.93023	129	4.1739	115	0.65217	92	4.8024	112.44	0	0	3.956	91	3.956	91
340	3.8992	107.71	1.2329	146	0	0	1.2329	146	4.1379	116	0.66667	90	4.7741	113.11	1.1765	102	4.8837	86	6.0298	89.556
341	5.5367	101.14	3.6842	114	0	0	3.6842	114	6.6667	108	0.65217	92	7.3055	106.77	0.75949	79	5.1852	81	5.9443	80.75
342	4.8407	107.42	2.9752	121	0	0	2.9752	121	6.3717	113	0.6383	94	6.9931	111.54	0.53097	113	4.2857	84	4.765	88.143
343	6.1837	113.2	4.2254	142	0	0	4.2254	142	6.9027	113	0.57143	105	7.4714	112.43	0	0	7.5	88	7.5	88
344	6.4423	108.66	4.0602	133	0	0	4.0602	133	5.7895	114	0.61856	97	6.3953	112.58	1.9565	92	7.4157	89	9.3705	89.643
345	6.8936	104.44	5.7143	126	0	0	5.7143	126	4.4444	108	1.9355	93	6.3517	103.91	0	0	9.1765	85	9.1765	85
346	4.7405	109.69	2.8346	127	0.53097	113	3.36	125	5.8407	113	0.57692	104	6.4143	112.25	1.2632	95	3.4091	88	4.6667	90
347	6.641	108.42	5.5385	130	0	0	5.5385	130	5.5046	109	0.68182	88	6.163	107.09	0.61856	97	8.0899	89	8.7039	89.615
348	5.831	116.62	4.3796	137	0	0	4.3796	137	8.1356	118	0.65934	91	8.762	116.41	0.6383	94	4.1379	87	4.7727	88
349	6.17	106.97	3.36	125	0	0	3.36	125	8.1081	111	0.58252	103	8.6878	110.5	0.63158	95	6.1364	88	6.7644	88.7
350	5.6347	110.03	4.3902	123	0	0	4.3902	123	7.027	111	0	0	7.027	111	1.7143	105	3.956	91	5.6446	95.667
351	5.8419	106.13	3.5	120	0	0	3.5	120	6.8421	114	0	0	6.8421	114	0	0	7.5	88	7.5	88
352	6.2484	112.03	5.0382	131	0	0	5.0382	131	6.1538	117	1.3043	92	7.4055	113.43	1.2245	98	5.5172	87	6.7265	89.2
353	7.5643	111.05	9.1935	124	0	0	9.1935	124	7.7778	108	0	0	7.7778	108	0.6	100	5.5172	87	6.1055	88.444
354	4.9573	112.96	3.3071	127	0	0	3.3071	127	6.7241	116	0.63158	95	7.3362	114.5	1.7143	105	2.6966	89	4.3815	95.857
355	4.9829	108.37	3.4426	122	0	0	3.4426	122	6.4286	112	0	0	6.4286	112	0	0	5.2747	91	5.2747	91
356	6.5561	106.77	4.8	125	0	0	4.8	125	7.8505	107	0.65934	91	8.4959	105.93	1.9149	94	4.7727	88	6.6815	89.8
357	6.6794	104.8	5.0847	118	0	0	5.0847	118	8.5714	105	0.53571	112	9.1049	105.44	1.25	96	4.8276	87	6.0674	89
358	5.1173	101.62	2.7027	111	0	0	2.7027	111	3.7838	111	1.1321	106	4.9141	109.89	1.0526	114	6.8966	87	7.8689	91.5
359	8.1012	101.22	9.1071	112	0	0	9.1071	112	6	100	1.8557	97	7.8544	99.308	1.5584	77	6.0674	89	7.6021	86.818
360	6.5368	107.09	6.5455	110	0	0	6.5455	110	6.5455	110	0.54545	110	7.0909	110	4.6602	103	1.3793	87	6.012	99.8
361	10.078	103.19	8.8696	115	0	0	8.8696	115	10.962	104	1.8557	97	12.81	103.05	0	0	8.8636	88	8.8636	88
362	8.0258	102.17	7.4336	113	0	0	7.4336	113	7.7228	101	1.8947	95	9.612	99.875	1.8182	99	5.3933	89	7.1952	91.727
363	8.9761	100.27	9.1071	112	0	0	9.1071	112	6.6	100	2.5	96	9.097	98.933	2.0455	88	6.9767	86	9.0214	86.462
364	11.241	103.19	14.737	114	0	0	14.737	114	8.6598	97	1.9149	94	10.573	96.471	2.7273	88	6.0674	89	8.7944	88.692
365	10.711	98.962	13.398	103	0	0	13.398	103	8.1553	103	1.8947	95	10.041	101.59	1.1215	107	7.7647	85	8.8251	88.385
366	12.238	99.689	12.857	112	0	0	12.857	112	11.753	97	0.65934	91	12.41	96.7	2.1176	85	9.7674	86	11.885	85.824
367	7.5248	101	5.8407	113	0.56075	107	6.4	112.5	9.505	101	0.67416	89	10.17	100.29	1.2766	94	4.9412	85	6.2069	87
368	5.3589	104.5	3.4711	121	0	0	3.4711	121	6.8571	105	0	0	6.8571	105	1.8557	97	4.0909	88	5.9341	91
369	8.9464	98.364	9.9029	103	0.58252	103	10.485	103	9	100	0.54054	111	9.5345	100.69	0.61224	98	6.3529	85	6.9525	86.3
370	10.833	97.849	10.189	106	0	0	10.189	106	12.121	99	1.3483	89	13.457	98.091	1.3793	87	7.6744	86	9.0536	86.154
371	16.973	93.089	24.124	97	0	0	24.124	97	12.903	93	1.9355	93	14.839	93	4.8837	86	7.2289	83	12.109	84.235
372	12.083	96	17.059	102	0	0	17.059	102	10.213	94	0.65217	92	10.865	93.882	1.3793	87	7.1429	84	8.5207	84.5
373	13.169	95.683	15.146	103	0.60606	99	15.751	102.85	13.404	94	0.65934	91	14.063	93.864	1.3483	89	8.5714	84	9.9157	84.714
374	8.598	100.02	9.1429	105	0	0	9.1429	105	9.697	99	0	0	9.697	99	3.0928	97	3.913	92	7.001	94.273
375	15.447	95.811	21	100	2.3077	104	23.304	100.41	9.6774	93	4.6667	90	14.341	92.045	2.5	96	6.3529	85	8.8251	88.385
376	12.516	97.475	16.311	103	0	0	16.311	103	15.158	95	0	0	15.158	95	1.3333	90	4.8837	86	6.2148	86.889
377	12.905	99.188	16.415	106	0.57692	104	16.992	105.93	9.0909	99	3.2258	93	12.308	97.5	2.8235	85	6.8182	88	9.6393	87.143
378	10.558	102.3	11.892	111	0	0	11.892	111	11.881	101	1.25	96	13.128	100.55	1.3793	87	5.5172	87	6.8966	87
379	12.274	96.136	16.2	100	0.57143	105	16.77	100.18	12.632	95	1.3043	92	13.935	94.727	0	0	6.2069	87	6.2069	87
380	15.25	95.74	20.588	102	0	0	20.588	102	14.043	94	1.3187	91	15.36	93.75	1.8	100	8.3544	79	10.06	83.5
381	14.584	91.881	18.367	98	0	0	18.367	98	11.591	88	3.956	91	15.544	88.783	4.2353	85	5.7831	83	10.017	83.857
382	15.188	97.446	22.574	101	0	0	22.574	101	15.625	96	0	0	15.625	96	2.6374	91	4.8276	87	7.4615	88.455
383	11.95	98.746	14.151	106	0	0	14.151	106	12.121	99	1.2903	93	13.407	98.455	3.6145	83	4.9412	85	8.5545	84.167
384	10.234	99.667	11.215	107	0.50847	118	11.718	107.52	10.2	100	0	0	10.2	100	3.3708	89	5.6471	85	9.0133	86.538
385	12.132	100.56	13.091	110	0	0	13.091	110	14.845	97	0.61224	98	15.458	97.04	2.5806	93	5.5172	87	8.0899	89
386	13.156	100.33	16.262	107	0	0	16.262	107	14.694	98	0.65934	91	15.35	97.72	3.2609	92	4.7727	88	8.0297	89.667
387	9.2099	102.06	9.8182	110	0	0	9.8182	110	8.6538	104	1.9565	92	10.588	102	2.5806	93	4.8276	87	7.4006	89.182
388	12.897	97.698	17.714	105	0	0	17.714	105	10.737	95	1.3636	88	12.094	94.263	2.1687	83	6.9767	86	9.1434	85.308
389	12.788	100.09	15.701	107	0	0	15.701	107	13.939	99	0.70588	85	14.632	98.417	2.7907	86	5.4545	88	8.2443	87.333
390	12.703	97.613	16.893	103	0	0	16.893	103	13.125	96	1.3187	91	14.44	95.565	0.8	75	6.1364	88	6.9204	86.7
391	14.128	96.265	21.6	100	0	0	21.6	100	11.753	97	1.3636	88	13.105	96.143	1.4815	81	6.3529	85	7.8317	84.273
392	13.022	98.297	14.423	104	0	0	14.423	104	13.469	98	1.8947	95	15.363	97.64	2.6667	90	6.7416	89	9.408	89.286
393	12.201	96.712	15	104	0	0	15	104	14.043	94	0.68182	88	14.722	93.739	2.093	86	5	84	7.0922	84.6
394	12.477	91.368	12.903	93	0.70588	85	13.604	92.619	14.681	94	0.63158	95	15.312	94.042	3.5294	85	5.0602	83	8.5885	83.833
395	13.399	91.049	18.511	94	0	0	18.511	94	12.391	92	0	0	12.391	92	2.6667	90	6.75	80	9.3889	83.077
396	16.933	89.763	20	96	0.56075	107	20.554	96.333	17.727	88	0.74074	81	18.463	87.741	7.5	80	4.557	79	12.057	79.625
397	14.136	93.379	17.576	99	0	0	17.576	99	13.043	92	0.65217	92	13.696	92	5.4545	88	5.8537	82	11.294	85
398	15.05	91.696	18.75	96	0	0	18.75	96	15.165	91	0	0	15.165	91	7.0588	85	4.2857	84	11.344	84.625
399	10.614	97.981	11.009	109	0	0	11.009	109	12.903	93	0.59406	101	13.493	93.381	2.7273	88	4.8837	86	7.6101	86.727
400	12.398	88.727	12.371	97	0	0	12.371	97	12.558	86	0.56075	107	13.088	87.105	3.2609	92	8.8	75	11.953	80.312
401	19.177	88.647	25.435	92	0.67416	89	26.108	91.925	16.667	90	1.4634	82	18.119	89.407	2.963	81	10.5	80	13.463	80.222
402	14.298	93.716	14.118	102	0	0	14.118	102	18.065	93	0	0	18.065	93	2.8571	84	8.1481	81	11.002	81.8
403	15.153	89.75	16.2	100	1.2371	97	17.436	99.793	15.172	87	0.74074	81	15.91	86.739	1.25	96	11.507	73	12.652	75.875
404	17.533	90.114	22.268	97	0	0	22.268	97	18.202	89	0	0	18.202	89	2.7586	87	9.863	73	12.549	76.5
405	18.065	91.892	22.5	96	0	0	22.5	96	17.419	93	0.61224	98	18.03	93.179	4.1379	87	9.75	80	13.867	82.211
406	12.21	93.368	9.3204	103	0	0	9.3204	103	12.766	94	0	0	12.766	94	4.0449	89	10.714	84	14.749	85.429
407	12.976	95.565	14.4	100	0.68966	87	15.078	99.48	14.227	97	0.65217	92	14.877	96.792	2.1176	85	6.9767	86	9.0942	85.769
408	14.735	96.366	16.667	108	0.59406	101	17.258	107.77	14.681	94	1.2903	93	15.971	93.92	2.9268	82	8.8	75	11.709	76.867
409	11.704	95.696	11.111	108	0	0	11.111	108	13.404	94	0	0	13.404	94	0.77922	77	10.244	82	11.02	81.667
410	16.095	88.225	18.511	94	0	0	18.511	94	17.241	87	0.73171	82	17.971	86.808	5	84	7.013	77	11.991	80.062
411	16.494	89.73	18.557	97	0.625	96	19.182	96.968	16.744	86	2.093	86	18.837	86	1.3483	89	10.37	81	11.707	82
412	16.097	90.699	20.204	98	0	0	20.204	98	17.647	85	0.67416	89	18.32	85.154	3.4483	87	6.5854	82	10.026	83.786
413	15.213	90.71	16.701	97	1.2	100	17.9	97.207	17.727	88	0	0	17.727	88	4.2857	84	5.9259	81	10.208	82.286
414	15.032	94.465	19.2	100	0	0	19.2	100	17.143	91	0	0	17.143	91	3.956	91	4.9412	85	8.8869	87.769
415	9.5384	94.356	10	102	0	0	10	102	9.4737	95	0	0	9.4737	95	2.0225	89	7.3171	82	9.3284	83.615
416	13.882	93.646	16.04	101	0	0	16.04	101	16.667	90	2.0455	88	18.711	89.786	2.093	86	5	84	7.0922	84.6
417	18.327	89.488	24.783	92	0	0	24.783	92	18.202	89	0.72289	83	18.922	88.786	2.7586	87	8.5714	84	11.327	84.75
418	15.495	95.514	16.981	106	0	0	16.981	106	16.596	94	1.3793	87	17.968	93.5	1.3483	89	10.769	78	12.094	79.375
419	13.477	93.492	13.398	103	1.1429	105	14.541	103.16	10	96	2.093	86	12.074	94.421	3.5294	85	10.769	78	14.278	79.842
420	12.659	97.952	13.889	108	0	0	13.889	108	15	96	0.67416	89	15.671	95.72	2.8235	85	6	80	8.8163	81.667
421	10.75	100.46	11.009	109	0	0	11.009	109	11.881	101	1.3793	87	13.236	99.727	4.7727	88	3.4483	87	8.2207	87.583
422	11.115	98.964	11.887	106	0.50847	118	12.389	106.55	12	100	0	0	12	100	1.9355	93	7.3171	82	9.2266	84.538
423	16.01	99.938	21.143	105	0	0	21.143	105	17.576	99	0.66667	90	18.237	98.7	2.5	96	6.3529	85	8.8251	88.385
424	14.459	94.059	21.429	98	0.65217	92	22.078	97.833	10.323	93	2.0225	89	12.342	92.368	2.1687	83	6.8966	87	9.0617	86.077
425	18.232	85.564	24.27	89	0	0	24.27	89	14.651	86	3.5714	84	18.221	85.615	1.4458	83	10.909	77	12.347	77.75
426	15.237	93.197	18.416	101	0	0	18.416	101	15.824	91	0	0	15.824	91	1.4286	84	10.37	81	11.797	81.375
427	17.448	89.41	19.375	96	0	0	19.375	96	20	87	1.3043	92	21.3	87.323	5.3165	79	6.5854	82	11.898	80.688
428	18.223	84.506	17.802	91	0	0	17.802	91	20.241	83	2.25	80	22.488	82.71	3.038	79	11.538	78	14.576	78.211
429	15.258	89.132	20.44	91	0.72289	83	21.157	90.75	14.157	89	0	0	14.157	89	9.0698	86	1.4118	85	10.481	85.867
430	18.703	90.894	23.75	96	0	0	23.75	96	18.462	91	1.3043	92	19.766	91.067	2.8916	83	10	78	12.883	79.176
431	18.027	85.429	21.573	89	0	0	21.573	89	19.286	84	1.4458	83	20.731	83.931	4.4444	81	7.4074	81	11.852	81
432	12.366	90.571	10.737	95	0	0	10.737	95	18	90	0.73171	82	18.726	89.714	2.8571	84	4.8276	87	7.6825	85.909
433	18.164	89.185	22.105	95	0	0	22.105	95	19.551	89	0.72289	83	20.27	88.8	0.75	80	11.688	77	12.437	77.188
434	10.478	93.531	8.7379	103	0	0	8.7379	103	15.652	92	0	0	15.652	92	3.4091	88	3.8462	78	7.2289	83
435	16.703	91	19.592	98	0	0	19.592	98	19.091	88	2.1176	85	21.206	87.71	4.1379	87	5.4545	77	9.557	81.615
436	17.27	93.802	20.588	102	0	0	20.588	102	16.304	92	1.2245	98	17.524	92.444	2.1429	84	12	80	14.138	80.632
437	14.95	90.971	14.694	98	0	0	14.694	98	18	90	0.69767	86	18.696	89.857	2.1429	84	9.5122	82	11.654	82.375
438	14.686	87.156	14.839	93	0	0	14.839	93	18.837	86	0	0	18.837	86	3.6145	83	6.9231	78	10.528	79.786
439	16.971	89.566	22.979	94	0	0	22.979	94	16.744	86	0.68966	87	17.434	86.04	6.2791	86	4.3373	83	10.613	84.8
440	16.138	92.947	20	99	0	0	20	99	17.333	90	0.65217	92	17.985	90.074	4.186	86	6.4286	84	10.613	84.8
441	16.631	92.597	18.182	99	0	0	18.182	99	18.667	90	0	0	18.667	90	7.5	88	5.7143	84	13.207	86.316
442	14.536	89.431	17.053	95	0.6	100	17.651	95.179	15.862	87	1.5	80	17.353	86.44	3.5714	84	5.1852	81	8.7538	82.25
443	10.083	95.208	9.5327	107	0	0	9.5327	107	12.766	94	0	0	12.766	94	1.3483	89	7.013	77	8.3352	79.182
444	16.079	89.556	19.794	97	0	0	19.794	97	13.333	90	1.9565	92	15.289	90.261	2.8916	83	10.833	72	13.675	74.588
445	20.308	84.698	27.586	87	0	0	27.586	87	21.882	85	0.75949	79	22.638	84.812	2.2222	81	8.5714	77	10.789	77.857
446	17.677	91.642	25.263	95	1.2632	95	26.526	95	15.333	90	1.978	91	17.311	90.115	2.7273	88	6.5854	82	9.3028	83.846
447	17.355	91.038	21.875	96	0	0	21.875	96	16	90	2.8235	85	18.816	89.286	2.8571	84	8.6747	83	11.532	83.25
448	22.465	82.796	32.143	84	0	0	32.143	84	20.488	82	1.4286	84	21.916	82.133	0.75949	79	12.593	81	13.352	80.889
449	18.138	83.803	23.294	85	0	0	23.294	85	16.047	86	2.25	80	18.287	85.308	5.3846	78	7.5	80	12.883	79.176
450	15.361	91.143	18.947	95	0	0	18.947	95	14.505	91	0.65217	92	15.158	91.043	2.7907	86	9.2857	84	12.075	84.471
451	17.648	92.927	22.887	97	0	0	22.887	97	18.462	91	0.68182	88	19.143	90.897	3.2609	92	7.7647	85	11.011	87.188
452	14.71	93.812	17.576	99	0	0	17.576	99	14.194	93	1.3636	88	15.554	92.583	4	90	7.1429	84	11.13	86.25
453	10.762	100.35	13.889	108	0	0	13.889	108	11.875	96	0	0	11.875	96	3.1915	94	3.5294	85	6.7039	89.5
454	22.148	82.176	31.059	85	0	0	31.059	85	17.037	81	5.122	82	22.158	81.233	2.2785	79	11.053	76	13.328	76.529
455	15.9	91.822	20.842	95	0	0	20.842	95	16.484	91	0.63158	95	17.114	91.154	4.0449	89	5.7831	83	9.8164	85.571
456	18.522	93.943	25.979	97	0	0	25.979	97	18.065	93	0	0	18.065	93	5.3933	89	6.2069	87	11.599	87.941
457	10.148	102.48	10.27	111	0.52632	114	10.796	111.15	12.353	102	0	0	12.353	102	2.1429	84	5.3933	89	7.5311	87.636
458	16.572	97.753	24.118	102	0	0	24.118	102	15.464	97	1.3333	90	16.791	96.481	2.7586	87	6.2069	87	8.9655	87
459	15.728	95.373	21.6	100	0	0	21.6	100	15.652	92	0.65934	91	16.311	91.96	2.6374	91	6.7416	89	9.378	89.571
460	17.711	91.469	24.894	94	0	0	24.894	94	19.121	91	0.65217	92	19.773	91.033	2.8916	83	5.6471	85	8.5375	84.333
461	14.205	92.924	17.938	97	0	0	17.938	97	17.143	91	0.66667	90	17.809	90.963	1.3043	92	5.6471	85	6.9444	86.4
462	18.112	90.549	24.894	94	0	0	24.894	94	15.506	89	0.625	96	16.127	89.292	6.9767	86	6.4286	84	13.403	85.053
463	11.283	97.491	12.336	107	0	0	12.336	107	13.548	93	0	0	13.548	93	3.2609	92	4.9412	85	8.1896	87.917
464	11.542	93.574	12.99	97	0	0	12.99	97	12.903	93	1.2903	93	14.194	93	0.66667	90	6.8182	88	7.4845	88.182
465	13.986	94.379	16.571	105	0	0	16.571	105	14.348	92	0	0	14.348	92	2.963	81	8.6842	76	11.638	77.333
466	11.134	95.208	12.121	99	0	0	12.121	99	13.608	97	0	0	13.608	97	2.7907	86	5	84	7.7897	84.727
467	15.311	88.824	18.511	94	0	0	18.511	94	18.14	86	0	0	18.14	86	2.093	86	7.3171	82	9.4063	82.923
468	16.358	94.143	26.598	97	0	0	26.598	97	14.194	93	0.65217	92	14.846	92.957	2.7273	88	5	84	7.7234	85.455
469	16.085	92.014	20	96	0	0	20	96	18	90	0.63158	95	18.63	90.179	2.1176	85	7.5862	87	9.703	86.571
470	13.547	94.484	14.851	101	0	0	14.851	101	15.484	93	0	0	15.484	93	6.8966	87	3.5714	84	10.465	86
471	15.267	93.014	19.01	101	0	0	19.01	101	15	88	1.3187	91	16.317	88.25	1.2766	94	9.5122	82	10.766	83.6
472	12.869	96.355	17.822	101	0	0	17.822	101	13.895	95	0.65934	91	14.553	94.826	0.65934	91	5.7143	84	6.3696	84.778
473	13.197	95.476	15.882	102	0	0	15.882	102	12	95	1.875	96	13.875	95.136	2.1176	85	7.9518	83	10.068	83.429
474	14.369	93.254	17.4	100	0	0	17.4	100	16.304	92	0.75	80	17.042	91.538	3.3333	90	5.6757	74	8.9256	80.667
475	12.459	97.918	15.146	103	0	0	15.146	103	12.727	99	0.74074	81	13.444	98.182	3.2967	91	5.6471	85	8.9339	87.308
476	12.376	90.5	12.245	98	0	0	12.245	98	9.6774	93	2.1176	85	11.782	91.667	2.2222	81	11.111	81	13.333	81
477	19.409	87.588	22.979	94	0	0	22.979	94	19.535	86	0.59406	101	20.112	86.517	2.8571	84	12.632	76	15.464	77.6
478	17.926	90.37	21.064	94	0.6383	94	21.702	94	15.652	92	1.978	91	17.63	91.889	2.1687	83	12.439	82	14.607	82.15
479	13.767	94.431	18.788	99	0	0	18.788	99	12.903	93	0.65217	92	13.555	92.952	2.7273	88	6.3529	85	9.0779	85.923
480	14.545	93.5	16.634	101	0	0	16.634	101	14.681	94	0.625	96	15.306	94.083	4.3902	82	7.6923	78	12.075	79.5
481	16.742	93.179	22.653	98	0	0	22.653	98	14.839	93	0.65934	91	15.498	92.917	3.4091	88	8.8889	81	12.28	83.059
482	15.114	92.629	16.364	99	0	0	16.364	99	17.419	93	0.78947	76	18.183	92.393	2.7907	86	8.25	80	11.029	81.6
483	17.207	96.47	24.356	101	0	0	24.356	101	17.5	96	0	0	17.5	96	4.1379	87	5.8537	82	9.983	84.143
484	16.947	95.593	23.168	101	0.71429	84	23.863	100.57	16.421	95	1.3333	90	17.751	94.643	2.25	80	7.2289	83	9.4766	82.308
485	12.69	104.02	18	110	0	0	18	110	11.068	103	0.625	96	11.69	102.65	4.375	96	4.2353	85	8.5787	90.923
486	12.734	102.09	17.222	108	0	0	17.222	108	13.069	101	0	0	13.069	101	1.2903	93	6.8182	88	8.1051	88.833
487	9.064	101.5	9.9083	109	0	0	9.9083	109	8.0769	104	0.61856	97	8.6929	103.53	2.0455	88	6.7416	89	8.7868	88.769
488	13.264	102.53	17.383	107	0.52632	114	17.907	107.22	14.118	102	0	0	14.118	102	3.1915	94	4.7191	89	7.9048	91.083
489	12.478	105.79	14.211	114	0	0	14.211	114	13.714	105	0	0	13.714	105	5	96	4.7727	88	9.7543	92.267
490	10.915	102.61	15.135	111	0	0	15.135	111	8.9109	101	0.67416	89	9.5761	100.25	0.77922	77	7.5862	87	8.3559	86.167
491	16.497	93.351	20.204	98	0	0	20.204	98	18.065	93	0.65934	91	18.724	92.931	2.963	81	7.7647	85	10.723	83.933
492	11.812	94.821	11.176	102	0.58252	103	11.759	102.05	12.903	93	1.3636	88	14.263	92.545	3.3333	90	6.2069	87	9.5377	88.071
493	11.893	92.491	15.152	99	0	0	15.152	99	12.809	89	1.25	96	14.052	89.667	0	0	6.6667	81	6.6667	81
494	10.261	87.711	10	90	0	0	10	90	11.868	91	0	0	11.868	91	3.8961	77	5.122	82	9.0094	79.917
495	9.1827	91.476	6.9231	104	0.51724	116	7.434	104.92	9.375	96	0	0	9.375	96	4.4444	81	6.9565	69	11.329	74.143
496	15.776	69.727	20	78	0	0	20	78	13.433	67	1.8182	66	15.251	66.882	2	60	10.909	55	12.896	55.833
497	21.503	48.365	32.4	50	0	0	32.4	50	20	48	1.0169	59	20.967	48.647	2.6087	46	8.7805	41	11.361	42.25
498	41.252	19.878	67.059	17	0	0	67.059	17	35	24	3.6364	33	38.209	25.125	0	0	24	15	24	15
499	54.225	14.385	64	15	0	0	64	15	60	14	4.2857	14	64.286	14	15	12	20	15	34.595	13.875
500	37.392	29.418	41.25	32	0	0	41.25	32	43.448	29	0	0	43.448	29	11.538	26	16.8	25	28.328	25.417
501	29.115	37.782	28.5	40	0	0	28.5	40	34.737	38	0	0	34.737	38	10.286	35	14.118	34	24.398	34.429
502	31.695	38.492	38.049	41	0	0	38.049	41	34.054	37	0	0	34.054	37	4.5	40	18.857	35	23.287	36.071
503	38.23	41.329	43.902	41	1.5385	39	45.437	40.935	38.049	41	0	0	38.049	41	19.535	43	11.707	41	31.226	42.273
504	32.02	44.972	37.826	46	0	0	37.826	46	32	45	0	0	32	45	16.744	43	9.5455	44	26.286	43.368
505	25.791	55.833	30	58	0	0	30	58	30.545	55	1.0714	56	31.617	55.034	3.3962	53	12.453	53	15.849	53
506	27.57	55.857	31.579	57	0	0	31.579	57	27.368	57	2.069	58	29.437	57.071	13.585	53	8.2353	51	21.813	52.263
507	23.54	56.076	31.034	58	0	0	31.034	58	21.429	56	1.0909	55	22.519	55.952	3.3333	54	13.846	52	17.176	52.4
508	20.753	60.714	28.065	62	0	0	28.065	62	20	63	1	60	20.998	62.864	4.5283	53	8.8889	54	13.416	53.667
509	17.751	72.109	20.769	78	0	0	20.769	78	18	70	1.5	80	19.472	70.87	4.5455	66	8.8525	61	13.379	62.786
510	19.284	75.712	23.377	77	0	0	23.377	77	21.6	75	0	0	21.6	75	3.1579	76	9.7297	74	12.886	74.5
511	9.476	97.087	10.286	105	0	0	10.286	105	10.737	95	0	0	10.737	95	2.7273	88	4.8276	87	7.5546	87.364
512	17.56	89.975	24	95	0	0	24	95	19.535	86	1.3953	86	20.93	86	2.1951	82	5.7143	84	7.9085	83.455
513	11.302	102.64	12.545	110	0	0	12.545	110	12.233	103	1.3333	90	13.547	101.87	2.5532	94	5.4545	88	8	90
514	10.695	100.98	9.1071	112	0	0	9.1071	112	12.941	102	0	0	12.941	102	4.8276	87	5.5172	87	10.345	87
515	11.801	98.293	11.667	108	0.51282	117	12.176	108.41	14.227	97	0	0	14.227	97	2.1176	85	7.2289	83	9.3456	83.462
516	11.25	97.782	13.846	104	0	0	13.846	104	10.625	96	1.8947	95	12.52	95.85	1.3187	91	6.2069	87	7.5233	87.727
517	9.4003	97.87	10.099	101	0	0	10.099	101	11.287	101	0.63158	95	11.917	100.7	0.65934	91	5.6471	85	6.3035	85.667
518	6.9325	98.088	4.8214	112	0	0	4.8214	112	7.0588	102	1.8947	95	8.9463	100.6	0.84507	71	6.506	83	7.335	81.8
519	11.801	91.519	12.857	98	0	0	12.857	98	11.868	91	0.53097	113	12.37	92.158	2.3377	77	8.0488	82	10.38	80.929
520	11.435	89.196	12.128	94	0	0	12.128	94	12.667	90	0	0	12.667	90	0	0	9.6296	81	9.6296	81
521	21.022	67.549	28.235	68	0.83333	72	29.066	68.121	24.179	67	0	0	24.179	67	2.7692	65	7.0588	68	9.8241	67.182
522	15.71	70.018	14.43	79	0.57143	105	14.944	80.3	15.833	72	0.85714	70	16.69	71.9	3.3962	53	13.333	54	16.729	53.8
523	17.367	59.885	23.478	69	0	0	23.478	69	14.483	58	2.2642	53	16.732	57.375	0	0	14.595	37	14.595	37
524	14.742	51.553	13.521	71	0	0	13.521	71	11.739	46	6.9767	43	18.696	44.929	2.3077	26	17.5	24	19.794	24.25
525	24.242	33	30.732	41	1.3333	45	32.053	41.182	14.483	29	10.714	28	25.19	28.583	5.4545	11	25	12	30.423	11.833
526	30.63	17.63	31.304	23	0	0	31.304	23	26.667	18	13.333	9	37.037	16.2	17.143	7	22.5	8	39.474	7.6
527	43.39	7.375	54	10	0	0	54	10	90	4	0	0	90	4	15	4	0	0	15	4
528	55.472	7.5714	75	8	0	0	75	8	77.143	7	0	0	77.143	7	0	0	15	8	15	8
529	46.883	8.1053	73.333	9	0	0	73.333	9	37.5	8	0	0	37.5	8	36	5	0	0	36	5
530	46.944	11.077	55.385	13	0	0	55.385	13	54.545	11	0	0	54.545	11	36	5	8.5714	7	43.636	5.5
531	48.782	12.71	60	14	0	0	60	14	30	14	20	12	49.726	13.273	26.667	9	15	8	41.538	8.6667
532	29.698	30.978	26.25	32	5	36	31.187	32.706	17.143	35	13.548	31	30.582	33.353	5.7143	21	23.077	26	28.609	25.167
533	28.329	39.536	38.182	44	0	0	38.182	44	18.462	39	7.3171	41	25.765	39.588	3.6364	33	20	27	23.495	28.091
534	22.585	51.362	28.929	56	0	0	28.929	56	21.6	50	2.2642	53	23.857	50.3	3.2432	37	12.558	43	15.748	41.909
535	23.453	55.431	25	60	0	0	25	60	26.667	54	0	0	26.667	54	10.8	50	8.2353	51	19.033	50.438
536	18.976	67.453	18.649	74	0.81081	74	19.459	74	23.636	66	0.83333	72	24.463	66.222	1.6216	74	12	55	13.466	57.923
537	16.508	73.902	19.231	78	0	0	19.231	78	18.082	73	1.6216	74	19.704	73.083	5	72	5.8065	62	10.746	67
538	20.545	68.143	25	72	0	0	25	72	19.701	67	3.5821	67	23.284	67	0.8	75	12.787	61	13.548	62
539	18.098	77.357	21.951	82	0	0	21.951	82	20.27	74	1.5385	78	21.805	74.296	0	0	10.685	73	10.685	73
540	15.191	76.362	19.5	80	0	0	19.5	80	17.027	74	0	0	17.027	74	1.5385	78	7.6056	71	9.1321	72.273
541	12.846	80.962	15.172	87	0	0	15.172	87	12.308	78	0.89552	67	13.186	77.353	0.86957	69	9.4737	76	10.336	75.462
542	14.813	83.71	17.442	86	0.65934	91	18.099	86.192	16.829	82	0.55046	109	17.323	83.125	2.3077	78	6.75	80	9.0566	79.5
543	14.612	93.074	17.32	97	0	0	17.32	97	16.129	93	1.3333	90	17.461	92.778	3.2609	92	5.9259	81	9.1516	85.231
544	10.085	95.188	11.65	103	0	0	11.65	103	10	96	0.69767	86	10.691	95.412	0.68966	87	7.5	80	8.1849	80.636
545	10.734	93.16	10.099	101	0.60606	99	10.705	100.89	12.128	94	0.625	96	12.752	94.1	3.0769	78	5.9259	81	9	80
546	12.183	82.08	13.333	90	0	0	13.333	90	13.171	82	0	0	13.171	82	2.5	72	7.9412	68	10.435	69
547	15.032	62.532	14.795	73	0	0	14.795	73	16.271	59	3.8095	63	20.067	59.8	3.1579	57	8.3721	43	11.329	47.667
548	24.446	32.725	26.341	41	0	0	26.341	41	24.828	29	5.8065	31	30.612	29.4	30	6	8.5714	28	22.615	18.571
549	40.672	10.818	41.538	13	4.2857	14	45.802	13.1	40	9	10.909	11	50.526	9.5	25.714	7	6	10	30.968	7.75
550	52.288	7.65	53.333	9	0	0	53.333	9	77.143	7	0	0	77.143	7	0	0	30	6	30	6
551	66.759	6.5909	108	5	0	0	108	5	45	8	15	8	60	8	15	4	30	8	41.667	7.2
552	61.871	7.4348	80	6	6.6667	9	85.263	6.3333	66.667	9	0	0	66.667	9	10	6	30	6	40	6
553	50.261	6.7647	60	7	10	6	69.818	6.875	45	8	0	0	45	8	45	4	0	0	45	4
554	59.024	7.4545	75	8	0	0	75	8	68.571	7	0	0	68.571	7	20	6	15	8	34.286	7
555	62.235	7.3913	85.714	7	0	0	85.714	7	60	8	8.5714	7	68.451	7.8889	25.714	7	7.5	8	33.103	7.25
556	42.087	10.455	30	16	10	6	36.269	14.889	60	8	8.5714	7	68.451	7.8889	45	4	4.6154	13	38.4	6.25
557	27.785	29.512	30.909	33	0	0	30.909	33	15.882	34	12.632	19	26.545	29.385	3.5294	17	24	25	27.191	24.273
558	20.784	51.963	30	52	0	0	30	52	16.364	55	5.2632	57	21.622	55.5	0	0	11.163	43	11.163	43
559	21.027	60.875	23.077	65	0	0	23.077	65	23.226	62	0.96774	62	24.194	62	5.3571	56	11.02	49	16.311	51.5
560	16.96	69.576	23.014	73	0	0	23.014	73	15.429	70	2.6471	68	18.074	69.714	0.90909	66	9.1525	59	10.05	59.7
561	17.733	73.308	20.506	79	0	0	20.506	79	21.127	71	0	0	21.127	71	3.5294	68	8.3077	65	11.832	65.923
562	14.241	80.053	15.862	87	0	0	15.862	87	16.364	77	3.1169	77	19.481	77	0.86957	69	6.7606	71	7.6295	70.778
563	17.37	78.294	21.951	82	0	0	21.951	82	19.481	77	0.75949	79	20.24	77.077	1.7143	70	8.3333	72	10.047	71.667
564	19.697	66	18.649	74	0	0	18.649	74	26.667	63	2.1818	55	28.815	62.467	2.6866	67	9.4737	57	12.101	59.5
565	23.084	48.518	27.6	50	0	0	27.6	50	25.714	49	1.2245	49	26.939	49	2.8571	42	12	45	14.847	44.455
566	26.882	18.6	21.176	17	9.2308	13	30	16	28.571	21	8.5714	7	33.456	19.727	0	0	18	20	18	20
567	40.388	13.37	32.308	13	10	6	39.588	12.125	40	9	18	10	57.857	9.3333	13.333	18	20	18	33.333	18
568	32.111	10.588	53.333	9	0	0	53.333	9	32.727	11	0	0	32.727	11	0	0	12.857	14	12.857	14
569	22.069	7.25	42.857	7	0	0	42.857	7	8.5714	7	15	8	23.478	7.6667	0	0	0	0	0	0
570	33.8	7.6923	34.286	7	0	0	34.286	7	45	8	0	0	45	8	24	5	4.2857	14	22.5	8
571	65.445	7.64	60	7	7.5	8	67.368	7.125	110	6	0	0	110	6	12	10	20	12	31.765	11.333
572	57.03	8.4167	75	8	0	0	75	8	66.667	9	0	0	66.667	9	0	0	30	8	30	8
573	44.912	7.125	67.5	8	0	0	67.5	8	60	6	0	0	60	6	0	0	10	6	10	6
574	31.241	30.729	38.71	31	0	0	38.71	31	32.727	33	2.7907	43	35.294	34	12	15	11.538	26	21.943	21.875
575	25.455	52.642	28.364	55	0	0	28.364	55	31.698	53	0	0	31.698	53	3.5294	51	13.043	46	16.542	47.154
576	17.738	65.397	18.082	73	0	0	18.082	73	24.194	62	0.84507	71	25.022	62.346	1.1321	53	9.4737	57	10.601	56.6
577	18.733	68.328	19.481	77	0.65934	91	20.119	77.538	20.909	66	1.9355	62	22.838	65.68	3.2727	55	10.909	55	14.182	55
578	18.152	69.413	21.039	77	0	0	21.039	77	22.727	66	0.9375	64	23.664	65.923	0	0	10.345	58	10.345	58
579	19.523	64.54	20.833	72	0	0	20.833	72	19.688	64	2.0339	59	21.71	63.565	3	60	13.846	52	16.791	53.6
580	26.058	40.679	36.279	43	0	0	36.279	43	20.93	43	6.4865	37	27.314	41.737	1.4286	42	14.483	29	15.673	30.625
581	29.302	14.333	28	15	7.5	16	35.474	15.222	17.647	17	12	15	29.538	16.25	30	4	9.2308	13	28.235	8.5
582	54.788	10.586	55	12	0	0	55	12	50	12	6.6667	9	56.279	11.727	30	6	34.286	7	63.913	6.5714
583	58.419	10.613	75	12	0	0	75	12	54	10	16.364	11	70.244	10.25	30	6	7.5	8	36.923	6.5
584	59.321	10.452	80	9	0	0	80	9	55	12	4.2857	14	59.178	12.167	15	4	32.727	11	42	10
585	43.448	9.6667	70	6	0	0	70	6	46.667	9	0	0	46.667	9	6.3158	19	25	12	30	14
586	51.429	11.667	78	10	0	0	78	10	55.385	13	0	0	55.385	13	5	12	18.462	13	23.438	12.8
587	53.372	13.865	68.571	14	0	0	68.571	14	55.714	14	6	10	61.25	13.714	12	15	18.462	13	30.309	13.857
588	39.353	19.821	53.333	18	0	0	53.333	18	27.273	22	10.909	22	38.182	22	5.4545	22	22.105	19	27.458	19.667
589	30.286	35	37.297	37	0	0	37.297	37	29.143	35	5.4545	33	34.582	34.7	5.8065	31	13.548	31	19.355	31
590	29.908	36.111	29.231	39	1.7143	35	30.928	38.8	35.676	37	0	0	35.676	37	6	30	18	30	24	30
591	26.95	20.037	30	22	8.5714	7	34.699	20.75	33	20	0	0	33	20	8	15	5.7143	21	13.333	18
592	30.593	12.421	48	15	0	0	48	15	52.5	8	0	0	52.5	8	0	0	0	0	0	0
593	52.228	11.871	47.143	14	0	0	47.143	14	76.364	11	0	0	76.364	11	0	0	36	10	36	10
594	30.885	34.321	34.054	37	0	0	34.054	37	34.286	35	2.5	24	36.547	34.476	5	24	18	30	22.83	28.909
595	22.312	53.783	25.424	59	0	0	25.424	59	26.538	52	2.2222	54	28.758	52.16	2.5	48	10.909	44	13.393	44.8
596	21.741	48.755	23.774	53	0	0	23.774	53	23.182	44	3.4615	52	26.549	45.2	3.75	48	11.489	47	15.238	47.25
597	25.352	29.189	33.333	27	0	0	33.333	27	16.364	33	8.8889	27	25.037	31.154	0	0	18	30	18	30
598	42.471	8.9474	60	9	0	0	60	9	15	8	16.364	11	30.612	9.8	0	0	37.5	8	37.5	8
599	37.333	7.5	30	10	7.5	8	37.241	9.6667	60	5	0	0	60	5	7.5	8	17.143	7	24.545	7.3333
600	53.691	7.45	77.143	7	0	0	77.143	7	18	10	26.667	9	44.545	9.4286	30	4	20	6	48	5
601	39.32	17.294	49.412	17	0	0	49.412	17	34.286	21	4.2857	14	38.12	20.462	0	0	35	12	35	12
602	24.395	45.911	24.231	52	1.1765	51	25.407	51.955	22.979	47	5.7143	42	28.639	46.091	3.2432	37	17.647	34	20.87	34.5
603	17.662	58.885	20.625	64	0	0	20.625	64	14.237	59	5.6604	53	19.853	57.421	2.3077	52	10.588	51	12.895	51.182
604	18.205	65.917	24.348	69	0	0	24.348	69	17.538	65	2.6471	68	20.181	65.409	0.96774	62	9.3103	58	10.274	58.4
605	16.857	65.255	19.714	70	1.7647	68	21.478	69.84	10.312	64	6.4615	65	16.773	64.389	3.3333	54	9.3103	58	12.632	57
606	19.183	65.683	20	72	0	0	20	72	22.857	63	0.96774	62	23.825	62.96	4.0678	59	10	60	14.067	59.714
607	18.997	63.167	22.154	65	0	0	22.154	65	19.048	63	1.7647	68	20.802	63.455	6.1017	59	8	60	14.101	59.571
608	19.773	64.734	21.493	67	0.83333	72	22.321	67.2	20.597	67	0.96774	62	21.56	66.792	7	60	8.7273	55	15.698	57.333
609	18.57	66.774	23.284	67	0	0	23.284	67	19.412	68	0.92308	65	20.333	67.87	3.8095	63	8.3077	65	12.115	64.385
610	19.052	71.382	24.8	75	0.81081	74	25.611	74.969	17.647	68	1.7647	68	19.412	68	2.4324	74	9.8507	67	12.263	68.5
611	14.592	75.382	14.615	78	0	0	14.615	78	16.923	78	0	0	16.923	78	3.5821	67	8.8235	68	12.405	67.714
612	16.448	75.387	20.25	80	0	0	20.25	80	18.082	73	1.0169	59	19.063	72.391	2.4658	73	7.7143	70	10.177	70.75
613	13.693	78.87	13.902	82	0.63158	95	14.519	82.65	17.143	77	0	0	17.143	77	5	72	4.5	80	9.4737	76
614	16.041	79.797	20	87	0	0	20	87	10.5	80	1.5	80	12	80	0.75	80	15.882	68	16.61	68.632
615	14.074	81	18.795	83	0	0	18.795	83	12.75	80	0	0	12.75	80	2.1429	84	8.5714	77	10.701	78.5
616	8.4192	83.143	7.1429	84	0	0	7.1429	84	12.143	84	1.4458	83	13.588	83.895	1.4286	84	3.1169	77	4.5378	79.333
617	15.255	83.906	17.528	89	0	0	17.528	89	13.012	83	1.3636	88	14.371	83.5	7.013	77	7.013	77	14.026	77
618	12.642	83.849	14.651	86	0	0	14.651	86	11.163	86	1.4815	81	12.64	85.444	0.69767	86	10	78	10.691	78.571
619	18.331	81.827	20	84	0.77922	77	20.774	83.759	21.481	81	1.4815	81	22.963	81	2.1687	83	9.1139	79	11.278	79.8
620	14.974	81.475	17.045	88	0.73171	82	17.774	87.769	12.439	82	2.069	87	14.502	82.75	1.7647	68	11.304	69	13.069	68.867
621	18.972	83.278	25.333	90	0	0	25.333	90	15.181	83	2.2222	81	17.402	82.75	0	0	14.783	69	14.783	69
622	7.8746	93.973	6.055	109	0	0	6.055	109	10.323	93	0	0	10.323	93	0.68182	88	6.9231	78	7.5949	79
623	9.5487	96.348	7.7778	108	0	0	7.7778	108	11.02	98	0.64516	93	11.664	97.737	3.6145	83	5.9259	81	9.539	81.769
624	5.6759	91.615	1.6822	107	0	0	1.6822	107	7.6596	94	0.59406	101	8.2506	94.538	4.3902	82	2.8235	85	7.2115	83.2
625	8.7257	93.976	6.6667	108	0	0	6.6667	108	7.7419	93	1.1765	102	8.9091	94.286	1.519	79	9.3976	83	10.914	82.467
626	9.7968	91.867	7.5	104	0	0	7.5	104	14.157	89	1.3187	91	15.475	89.174	2.8571	84	3.7975	79	6.6484	81.222
627	12.54	84.528	11.429	84	0	0	11.429	84	12.414	87	0	0	12.414	87	4.2857	84	9.5122	82	13.796	82.632
628	7.6204	97.108	4.6957	115	0	0	4.6957	115	7.2	100	1.4286	84	8.5965	97.714	4.9412	85	4.9412	85	9.8824	85
629	12.159	97.051	13.761	109	0	0	13.761	109	13.846	91	0.65217	92	14.498	91.045	1.4286	84	7.2289	83	8.6573	83.167
630	11.289	97.436	9.1892	111	0	0	9.1892	111	11.515	99	1.9149	94	13.426	98.318	0.75949	79	10.976	82	11.734	81.812
631	7.796	100.05	1.3846	130	0	0	1.3846	130	12.692	104	1.1765	102	13.868	103.83	2.5806	93	5.9259	81	8.4706	85
632	8.2432	97.05	5.5046	109	0	0	5.5046	109	8.8235	102	0	0	8.8235	102	2.6667	90	8.0488	82	10.697	84.133
633	7.4013	102.68	5.8407	113	0	0	5.8407	113	10.286	105	0.67416	89	10.945	104.16	0.65217	92	5	84	5.6471	85
634	11.592	103.52	11.786	112	0	0	11.786	112	12.692	104	1.8	100	14.49	103.52	3.2967	91	5.4545	88	8.7489	89.154
635	6.3169	107.65	4.5	120	0	0	4.5	120	10.556	108	0	0	10.556	108	0	0	4.0909	88	4.0909	88
636	6.8918	104.47	5.6897	116	0	0	5.6897	116	5.4054	111	1.1538	104	6.5554	109.83	3.0303	99	5.7143	84	8.6889	89.769
637	8.2778	101.48	7.8261	115	0	0	7.8261	115	7.5728	103	1.9149	94	9.4756	101.31	1.5	80	6.4286	84	7.9258	83.273
638	6.6359	108.5	5.8537	123	0	0	5.8537	123	8.4906	106	0	0	8.4906	106	2.4	100	3.4091	88	5.7857	93.333
639	9.5877	104.3	8.7931	116	0	0	8.7931	116	10.189	106	1.2	100	11.385	105.4	1.8947	95	7.0588	85	8.9339	87.308
640	9.4624	99.34	9.1071	112	0	0	9.1071	112	8.4848	99	0.64516	93	9.1278	98.6	0.73171	82	9.7674	86	10.498	85.733
641	12.412	104.74	15.897	117	0	0	15.897	117	10.303	99	2.6087	92	12.901	97.667	0.69767	86	8.2759	87	8.9735	86.923
642	8.0105	102.37	6.8421	114	0	0	6.8421	114	7.2222	108	1.9355	93	9.1266	105.19	0	0	8.3721	86	8.3721	86
643	6.4455	105.5	4.1739	115	0	0	4.1739	115	9.0566	106	0.61224	98	9.6656	105.53	3.4951	103	2.1176	85	5.567	97
644	8.4875	101.33	8.6486	111	0	0	8.6486	111	9.697	99	1.7476	103	11.442	99.632	1.3483	89	4.2353	85	5.5814	86
645	8.6483	104.07	7.3043	115	0	0	7.3043	115	11.429	105	0.65934	91	12.077	104.33	1.2903	93	5.5172	87	6.8027	88.2
646	9.0301	99.667	5.0847	118	0	0	5.0847	118	13.2	100	0	0	13.2	100	0.61856	97	8.5714	84	9.1765	85
647	6.6496	108.28	5.5	120	0	0	5.5	120	9.9083	109	0	0	9.9083	109	0	0	4.7727	88	4.7727	88
648	10.973	103.89	12.212	113	0	0	12.212	113	10	108	0.6383	94	10.628	107.26	3.6145	83	6.8966	87	10.506	85.667
649	5.1501	104.85	2.087	115	0	0	2.087	115	7.6364	110	0	0	7.6364	110	1.7822	101	4.0909	88	5.8484	92.333
650	5.4717	106	3.0252	119	0	0	3.0252	119	7.156	109	0.64516	93	7.7881	107.86	3.0612	98	2.6667	90	5.7176	94.444
651	7.214	99.806	4.2857	112	0	0	4.2857	112	8.1553	103	1.2245	98	9.3773	102.38	2.0225	89	6.1364	88	8.1586	88.25
652	4.8905	102.24	4.5378	119	0	0	4.5378	119	2.8302	106	0.69767	86	3.5065	102.67	0.63158	95	6.2791	86	6.9045	86.9
653	5.8633	105.74	4.2105	114	0	0	4.2105	114	7.2897	107	0	0	7.2897	107	2.8571	105	3.3333	90	6.1538	97.5
654	4.9966	108.07	2.459	122	0	0	2.459	122	8.2569	109	0	0	8.2569	109	1.8947	95	2.4742	97	4.3685	96.143
655	7.2068	108.23	6.1417	127	0	0	6.1417	127	8.1553	103	1.875	96	10.023	101.76	1.8367	98	3.956	91	5.7857	93.333
656	6.2407	105.76	6.2069	116	0	0	6.2069	116	6	110	0.58252	103	6.5804	109.42	1.2632	95	4.9412	85	6.1911	87.222
657	7.0768	104.57	5.4098	122	0	0	5.4098	122	8.6538	104	0	0	8.6538	104	2.5806	93	4.9412	85	7.5078	87.909
658	6.3057	104.67	5.6897	116	0	0	5.6897	116	5.6075	107	1.1881	101	6.7925	106	0.57143	105	6.0674	89	6.6225	90.6
659	6.4545	99.156	3.7168	113	0	0	3.7168	113	7.6471	102	0.61856	97	8.2642	101.64	0.60606	99	6.9767	86	7.5704	87.182
660	8.8573	103.87	7.3043	115	0	0	7.3043	115	12	105	0.66667	90	12.654	104.32	0.66667	90	6.2069	87	6.8729	87.3
