# Time-series
# t	r	v	r_1_P	v_1_P	r_1_L	v_1_L	r_1	v_1	...
300	3.698	91.941	1.295	139	0	0	1.295	139	1.2632	95	2.8235	85	4.0755	88.333	1.0714	56	5.25	80	6.2338	77
301	2.5208	87.273	0	0	0.57143	105	0.57143	105	3.2258	93	0	0	3.2258	93	0	0	3.8462	78	3.8462	78
302	2.5197	95.25	0	0	0	0	0	0	1.6216	111	0	0	1.6216	111	2.6667	90	3.3333	90	6	90
303	2.2895	96.091	0	0	0	0	0	0	2.2642	106	0.6383	94	2.8958	103.6	0.67416	89	3.3333	90	4.0074	89.833
304	2.1345	93.7	1.7822	101	0	0	1.7822	101	1.2371	97	0	0	1.2371	97	0	0	3.4091	88	3.4091	88
305	3.1185	89.786	1.1765	102	0	0	1.1765	102	3.956	91	0.70588	85	4.6593	90.143	1.3187	91	2.25	80	3.5545	84.4
306	3.7101	86.25	1.3793	87	0	0	1.3793	87	2.5	96	1.4118	85	3.8989	92.333	1.5	80	4.3902	82	5.8896	81.5
307	2.4957	96.167	2.2642	106	0	0	2.2642	106	1.2903	93	1.1538	104	2.4365	98.5	0	0	2.8571	84	2.8571	84
308	2.1743	101.18	0.50847	118	0	0	0.50847	118	2.243	107	0.5042	119	2.7422	109.4	0.57692	104	2.7907	86	3.3482	89.6
309	2.696	103.86	0.45455	132	0	0	0.45455	132	2.5641	117	0.68182	88	3.2095	112.17	1.1215	107	3.4483	87	4.53	92.714
310	3.6486	98.667	1.6514	109	0	0	1.6514	109	2.9126	103	1.2632	95	4.1702	100.71	2.5263	95	2.6374	91	5.1613	93
311	2.8475	91.308	0.64516	93	0	0	0.64516	93	1.6981	106	0.66667	90	2.3529	102	1.3187	91	4.2857	84	5.5977	85.75
312	3.6384	98.944	1.5789	114	0	0	1.5789	114	2.7778	108	0.66667	90	3.4286	105	1.2	100	4.8276	87	6.0074	89.889
313	3.9218	96.895	1.5789	114	0	0	1.5789	114	2.449	98	1.9149	94	4.362	96.286	2.5263	95	3.3708	89	5.8909	91.667
314	6.1514	91.036	2.449	98	0	0	2.449	98	3.6735	98	4.6667	90	8.3251	93.692	0.55046	109	7.2289	83	7.7316	85.364
315	4.2239	94.7	2.243	107	0	0	2.243	107	4.8	100	0.75949	79	5.529	97.667	0.59406	101	4.4444	81	5.0085	83.857
316	2.3607	101.67	0.99174	121	0	0	0.99174	121	2.2642	106	1.1215	107	3.3856	106.33	0	0	2.8235	85	2.8235	85
317	3.1207	96.133	0	0	0	0	0	0	4.5714	105	0.65934	91	5.2202	103.44	0.69767	86	3.5294	85	4.227	85.167
318	2.5664	101.31	0.42553	141	0	0	0.42553	141	4.1176	102	0	0	4.1176	102	0.56604	106	2.6966	89	3.2468	92.4
319	3.4431	104.56	1.9672	122	0	0	1.9672	122	3.9623	106	0	0	3.9623	106	1.8	100	2.7273	88	4.5092	93.143
320	2.0833	96	0	0	0	0	0	0	2.8846	104	0	0	2.8846	104	0	0	3.4091	88	3.4091	88
321	4.1467	101.29	2.4	125	0	0	2.4	125	5.4	100	0.65217	92	6.0484	99.2	0	0	4.2353	85	4.2353	85
322	3.541	101.67	0.90909	132	0	0	0.90909	132	4.6602	103	0	0	4.6602	103	3.7895	95	1.3953	86	5.1752	92.75
323	4.7765	96.304	2.8571	105	0	0	2.8571	105	4.6602	103	0	0	4.6602	103	2.0455	88	4.8837	86	6.9284	86.6
324	4.2105	95	1.8	100	0	0	1.8	100	2.8846	104	1.2632	95	4.1408	101.43	0	0	6.7416	89	6.7416	89
325	4.0404	99	2.7778	108	0	0	2.7778	108	3.4615	104	0	0	3.4615	104	0.57692	104	5.3933	89	5.9559	90.667
326	5.5188	90.6	3.5294	102	0	0	3.5294	102	1.2632	95	4.0909	88	5.3482	89.75	0	0	7.7647	85	7.7647	85
327	4.7841	100.33	3.1304	115	0	0	3.1304	115	5.8252	103	0	0	5.8252	103	0	0	5.5814	86	5.5814	86
328	6.7087	104.34	6.9643	112	0	0	6.9643	112	6.2264	106	1.2	100	7.4231	105.08	1.1215	107	4.7727	88	5.8554	92.222
329	2.7413	102.14	0.4878	123	0	0	0.4878	123	4.3636	110	0.68966	87	5.0259	107.44	0	0	2.8235	85	2.8235	85
330	3.619	105	1.3636	132	0	0	1.3636	132	3.1579	114	0.60606	99	3.7548	111.86	0.57692	104	5.3933	89	5.9559	90.667
331	3.5812	94.941	1.1429	105	0.55556	108	1.6981	106	1.1321	106	1.3483	89	2.4615	97.5	1.2371	97	5.3933	89	6.6225	90.6
332	2.2263	98.818	0.58252	103	0	0	0.58252	103	2.4242	99	0	0	2.4242	99	2.3529	102	1.3333	90	3.6735	98
333	4.3195	101.86	2.1429	112	0	0	2.1429	112	5.8252	103	0.65934	91	6.4764	101.91	1.0811	111	3.3333	90	4.375	96
334	4.2832	102.73	2.521	119	0.53097	113	3.0508	118	6.5347	101	0.64516	93	7.1761	100.33	0	0	2.7586	87	2.7586	87
335	2.4762	105	0.52174	115	0	0	0.52174	115	3.8889	108	0	0	3.8889	108	1.6981	106	1.3636	88	3.0364	98.8
336	4.3151	97.333	2.243	107	0	0	2.243	107	4.1176	102	1.978	91	6.079	98.7	1.1765	102	3.5294	85	4.6741	89.857
337	4.6545	103.12	2.1239	113	0.53571	112	2.6596	112.8	5.5556	108	0	0	5.5556	108	1.7476	103	4.1379	87	5.8484	92.333
338	5.0961	102.04	3.3028	109	0	0	3.3028	109	5.7143	105	0.65217	92	6.3573	103.82	2.9703	101	2.7273	88	5.6709	95.222
339	3.4043	94	1.1538	104	0	0	1.1538	104	4.898	98	0	0	4.898	98	0.68966	87	3.5294	85	4.2188	85.333
340	6.5374	94.839	5.6075	107	0	0	5.6075	107	3.0303	99	3.4091	88	6.4171	93.5	0	0	7.7647	85	7.7647	85
341	7.0942	95.853	3.5593	118	0	0	3.5593	118	5.4	100	1.978	91	7.3657	97.75	0	0	10.714	84	10.714	84
342	2.5307	110.64	1.4173	127	0	0	1.4173	127	3.6207	116	0	0	3.6207	116	0	0	2.6966	89	2.6966	89
343	4.7976	112.56	4.1221	131	0	0	4.1221	131	4	120	0.67416	89	4.633	116.56	1.1881	101	4.8276	87	5.9926	90.111
344	5.571	107.7	4.8387	124	0	0	4.8387	124	5.2174	115	0.65217	92	5.8454	112.91	1.4286	84	5.0602	83	6.4887	83.222
345	4.6848	102.46	4.2105	114	0	0	4.2105	114	4.0385	104	1.2121	99	5.2484	102.89	1.8947	95	2.8571	84	4.7343	88.714
346	6.2893	98.581	4.7788	113	0.67416	89	5.425	110.6	4.8	100	1.3187	91	6.11	98.2	1.875	96	5.6471	85	7.5	88
347	7.6402	99.474	5.042	119	0	0	5.042	119	7.1287	101	2.069	87	9.165	98.2	0.70588	85	8.3721	86	9.0779	85.923
348	7.9157	98.538	7.8947	114	0	0	7.8947	114	4.4211	95	4.8837	86	9.2818	90.5	1.1881	101	5.7831	83	6.9284	86.6
349	5.0694	102.58	3.0769	117	0	0	3.0769	117	7.5	104	0	0	7.5	104	0.58252	103	4.2353	85	4.7961	87.571
350	7.6518	104.55	8.6441	118	0	0	8.6441	118	5.7692	104	1.3636	88	7.1053	101.33	1.2903	93	6.2791	86	7.5625	87.273
351	6.0362	99.4	4.6154	104	0	0	4.6154	104	6.8571	105	1.2903	93	8.1328	103.29	0	0	5.4545	88	5.4545	88
352	5.6576	102.52	2.0168	119	0	0	2.0168	119	8.4112	107	0	0	8.4112	107	1.1765	102	5.5814	86	6.7265	89.2
353	6.5622	100.58	4.8214	112	0	0	4.8214	112	8.4848	99	0.57692	104	9.0604	99.333	1.1321	106	4.8276	87	5.9196	91.222
354	6.0746	102.06	5.2632	114	0	0	5.2632	114	5.5556	108	1.3953	86	6.901	104.33	0.71429	84	5.5814	86	6.2953	85.778
355	6.9229	106.89	6.0504	119	0	0	6.0504	119	8.4906	106	0.68182	88	9.1538	104.88	1.7476	103	4	90	5.7244	94.333
356	8.1156	98.575	6.6667	108	0	0	6.6667	108	9.697	99	1.3793	87	11.058	97.667	0.56604	106	6.2069	87	6.7492	88.9
357	3.3998	105.89	1.5385	117	0	0	1.5385	117	3.7838	111	0	0	3.7838	111	1.6981	106	3.2609	92	4.9357	97.25
358	7.0092	102.72	7.027	111	0	0	7.027	111	9.505	101	1.3333	90	10.824	99.778	0.56075	107	2.7273	88	3.268	91.8
359	5.79	100.17	3.1034	116	0	0	3.1034	116	7.5728	103	0	0	7.5728	103	2.069	87	4.8276	87	6.8966	87
360	5.7945	96.643	2.7523	109	0	0	2.7523	109	6.5347	101	1.3483	89	7.8666	99.154	1.8557	97	5.0602	83	6.8807	87.2
361	7.278	101.68	6.4286	112	0.60606	99	7.027	111	5.0943	106	3.0928	97	8.1723	102.79	1.1538	104	5.7143	84	6.8182	88
362	9.0785	96.932	10.588	102	0.6	100	11.188	101.89	8.5714	98	0.61856	97	9.1899	97.933	1.3333	90	5.6471	85	6.9767	86
363	7.4315	107.65	7.1186	118	0	0	7.1186	118	9.9029	103	0	0	9.9029	103	3.5294	102	1.8557	97	5.3821	100.33
364	10.395	96.2	10.755	106	0	0	10.755	106	8.8421	95	3.2258	93	12.067	94.474	0.68182	88	7.9518	83	8.6314	83.417
365	7.3179	98.389	8.1553	103	0	0	8.1553	103	3.3962	106	3.913	92	7.2727	99	0.58824	102	6	90	6.5789	91.2
366	12.537	97.311	16.634	101	0	0	16.634	101	11.02	98	1.9565	92	12.971	97.143	1.2766	94	6.8182	88	8.0899	89
367	10.112	94.938	12.371	97	0	0	12.371	97	10.515	97	1.9565	92	12.468	96.25	0.72289	83	4.8276	87	5.5491	86.5
368	10.665	97.519	10.962	104	0.53097	113	11.489	104.45	11.633	98	2.093	86	13.698	96.364	0.56604	106	6.4286	84	6.9606	86.2
369	12.829	95.098	12.115	104	0.59406	101	12.709	103.86	12.632	95	2.5263	95	15.158	95	2.1429	84	8.7805	82	10.922	82.4
370	6.5425	100.88	7.156	109	0	0	7.156	109	3.9623	106	0.68966	87	4.6321	103.62	1.6981	106	6.3529	85	7.9778	90.25
371	7.957	93	7.6596	94	1.2903	93	8.9498	93.857	7.3469	98	0.65934	91	8.0032	97.462	1.9355	93	5.0602	83	6.9767	86
372	7.8436	96.895	7.6471	102	0.63158	95	8.2759	101.5	8.6598	97	0.73171	82	9.375	96	2.3077	104	3.7037	81	5.9196	91.222
373	12.006	91.618	15.758	99	0	0	15.758	99	11.461	89	2.8571	84	14.31	88.048	0	0	6.2338	77	6.2338	77
374	17.787	84.333	26.824	85	0	0	26.824	85	13.412	85	3.5714	84	16.983	84.792	2.8235	85	6.75	80	9.566	81.538
375	13.884	86.433	17.528	89	0.54545	110	18.045	89.778	11.86	86	2.093	86	13.953	86	3.6585	82	6.0759	79	9.7313	80.154
376	12.195	91.839	14.375	96	0	0	14.375	96	11.489	94	1.25	96	12.739	94.2	0.65934	91	9	80	9.648	80.846
377	12.564	92.328	15.625	96	1.2121	99	16.836	96.222	10.323	93	2.1687	83	12.47	91.421	4.2857	84	4.186	86	8.4706	85
378	14.119	86.41	20.899	89	0	0	20.899	89	10	84	3.5294	85	13.529	84.263	1.4634	82	6.506	83	7.9693	82.818
379	16.256	83.662	20.93	86	0	0	20.93	86	17.561	82	0.71429	84	18.275	82.08	2.9268	82	6.6667	81	9.5932	81.308
380	14.867	90.134	17.053	95	0	0	17.053	95	15	88	1.978	91	16.976	88.36	3.6145	83	7.0588	85	10.672	84.333
381	9.349	96.267	10.588	102	0	0	10.588	102	9.375	96	0	0	9.375	96	2.0455	88	6.1364	88	8.1818	88
382	14.681	89.909	21.099	91	0.63158	95	21.729	91.121	16	90	0.68966	87	16.689	89.88	0	0	5.6471	85	5.6471	85
383	11.707	93.964	14.4	100	0	0	14.4	100	10	96	2.1429	84	12.114	94.105	1.2	100	7.6923	78	8.8163	81.667
384	20.051	76.805	30	78	0	0	30	78	17.368	76	1.4286	84	18.783	76.667	1.4286	84	10	72	11.395	73.714
385	19.947	80.213	23.294	85	0	0	23.294	85	21.266	79	2.25	80	23.515	79.097	5.4545	77	7.8261	69	13.241	72.5
386	12.047	91.309	13.333	99	0.56604	106	13.897	99.304	14.831	89	0	0	14.831	89	1.7143	70	6	80	7.6923	78
387	13.179	95.603	17.576	99	0	0	17.576	99	12.632	95	0.65934	91	13.29	94.81	4.5161	93	4.2353	85	8.7339	89.308
388	11.101	91.882	10.2	100	0	0	10.2	100	14.157	89	0	0	14.157	89	2.7273	88	6.3529	85	9.0779	85.923
389	15.854	82	20.714	84	0	0	20.714	84	15.556	81	1.3793	87	16.928	81.522	3.7975	79	6.1538	78	9.9509	78.385
390	10.748	93.04	10.515	97	0	0	10.515	97	10.737	95	0.65217	92	11.388	94.833	4.1379	87	6.2791	86	10.417	86.4
391	15.191	86.894	17.609	92	0	0	17.609	92	17.647	85	0.72289	83	18.37	84.923	2.2222	81	7.5	80	9.722	80.231
392	14.294	83.95	18.14	86	0	0	18.14	86	14.286	84	0	0	14.286	84	3.6585	82	6.8354	79	10.491	80.071
393	13.469	86.121	15.862	87	0	0	15.862	87	16.235	85	2.1429	84	18.378	84.885	1.25	96	4.9412	85	6.1753	87.444
394	14.771	85.302	16.667	90	0	0	16.667	90	14.483	87	2.069	87	16.552	87	5.3846	78	6	70	11.351	74
395	16.859	86.603	19.121	91	0.72289	83	19.838	90.733	17.442	86	0.68966	87	18.131	86.038	2.8571	84	9.8734	79	12.722	80.176
396	13.433	89.333	14.375	96	0.65217	92	15.026	95.833	15.862	87	0	0	15.862	87	3.4483	87	6.1538	78	9.5751	81.462
397	12.487	91.298	14.082	98	0	0	14.082	98	15	88	0	0	15	88	2.1687	83	6.3529	85	8.5207	84.5
398	9.7692	94.174	11.881	101	0	0	11.881	101	11.209	91	0	0	11.209	91	3.5294	85	2.8235	85	6.3529	85
399	20.978	77.222	26.154	78	0	0	26.154	78	21.818	77	0	0	21.818	77	6.4	75	8.5714	77	14.969	76.158
400	18.203	80.205	24.444	81	0	0	24.444	81	17.25	80	0	0	17.25	80	6	80	6.9231	78	12.921	78.941
401	16.509	86.014	18.667	90	0	0	18.667	90	18.353	85	0	0	18.353	85	5.1852	81	7.4074	81	12.593	81
402	9.6301	99.688	9.9083	109	0	0	9.9083	109	13.608	97	0	0	13.608	97	2.0455	88	3.5294	85	5.5733	86.125
403	8.5875	95.488	8.7379	103	0	0	8.7379	103	10.105	95	0	0	10.105	95	3.0612	98	4.1667	72	7.0588	85
404	22.011	77.235	25	84	0.76923	78	25.765	83.833	22.105	76	1.8462	65	23.915	75.267	0.72289	83	16.119	67	16.804	67.842
405	23.682	72.628	33.333	72	0.82192	73	34.155	72.024	20.548	73	1.5584	77	22.102	73.296	5.0704	71	9.7297	74	14.795	73
406	8.5071	96.39	7.0588	102	0	0	7.0588	102	11.25	96	0	0	11.25	96	6.5217	92	0.75	80	7.26	90.909
407	20.994	80.024	26.429	84	0	0	26.429	84	24	80	0	0	24	80	0.68182	88	12.174	69	12.808	70.267
408	25.712	66.895	34.545	66	0.92308	65	35.468	65.974	20	69	4.1667	72	24.16	69.536	1.875	64	15.692	65	17.567	64.895
409	17.035	82.186	22.41	83	0	0	22.41	83	15	84	1.4634	82	16.463	83.826	0.89552	67	11.392	79	12.268	78.25
410	15.704	86.603	19.773	88	0	0	19.773	88	15.862	87	1.3187	91	17.178	87.32	2.1429	84	8.0488	82	10.191	82.429
411	10.604	86.761	9.3333	90	0	0	9.3333	90	12.558	86	0	0	12.558	86	4.8276	87	5.122	82	9.9408	84.5
412	16.644	80.507	18.571	84	0	0	18.571	84	15.714	84	0.71429	84	16.429	84	1.6901	71	13.521	71	15.211	71
413	18.165	84.779	20.217	92	0	0	20.217	92	21.22	82	0.61224	98	21.809	82.533	4.5	80	8.3333	72	12.8	75
414	18.175	83.632	19.091	88	0.63158	95	19.719	88.241	20.488	82	1.3793	87	21.862	82.333	0.75949	79	12.308	78	13.067	78.059
415	17.656	86.092	21.099	91	0	0	21.099	91	18.571	84	0.68182	88	19.252	84.148	7.3171	82	5.4545	77	12.759	79.941
416	16.508	82.382	16.364	88	0	0	16.364	88	19.024	82	1.4815	81	20.506	81.929	3.2432	74	9.6	75	12.843	74.75
417	15.512	82.516	19.024	82	0	0	19.024	82	14.824	85	0	0	14.824	85	8.7805	82	3.9474	76	12.713	80.235
418	10.778	92.78	11.65	103	0	0	11.65	103	9.4737	95	0	0	9.4737	95	2.8235	85	8.9189	74	11.698	76.933
419	13.565	85.517	17.727	88	0	0	17.727	88	13.256	86	2.0455	88	15.3	86.273	4.3373	83	3.4783	69	7.7519	77.4
420	23.196	77.6	29.62	79	0	0	29.62	79	23.544	79	0.76923	78	24.313	78.969	2.25	80	13.521	71	15.741	72.421
421	13.655	89.344	15	96	0	0	15	96	15.682	88	0	0	15.682	88	2.7273	88	7.7922	77	10.481	80.143
422	18.824	85	20.645	93	0	0	20.645	93	17.647	85	1.3483	89	18.993	85.296	1.791	67	15.616	73	17.396	72.429
423	12.948	91.136	12.245	98	0	0	12.245	98	14.505	91	0	0	14.505	91	4.9412	85	7.3171	82	12.254	83.235
424	11.957	92	12.857	98	0.60606	99	13.463	98.045	13.846	91	0.73171	82	14.571	90.591	3.75	80	4.2353	85	7.978	82.727
425	12.758	87.786	15.319	94	0	0	15.319	94	12.955	88	0	0	12.955	88	2.093	86	8.2192	73	10.263	76
426	17.602	82.945	24.878	82	0.67416	89	25.547	82.2	17.647	85	0.66667	90	18.312	85.192	2.069	87	6.9231	78	8.972	80.25
427	16.156	86.657	20.225	89	0	0	20.225	89	17.241	87	0.71429	84	17.955	86.885	2.1951	82	8.1481	81	10.343	81.214
428	15.932	89.127	19.355	93	0.63158	95	19.986	93.065	14.667	90	2.069	87	16.734	89.64	1.4815	81	9.75	80	11.231	80.133
429	16.856	81.87	22.683	82	0	0	22.683	82	16.235	85	0	0	16.235	85	2.25	80	9.4737	76	11.719	76.8
430	17.733	86.844	17.5	96	0.56075	107	18.054	96.379	20	84	0	0	20	84	5.4545	77	10.13	77	15.584	77
431	13.63	92.444	16.8	100	0	0	16.8	100	12.391	92	0.70588	85	13.093	91.65	2.0225	89	9.3506	77	11.335	79.4
432	22.263	79.955	26.024	83	0.77922	77	26.799	82.838	24.444	81	0	0	24.444	81	7.5	72	8.2192	73	15.718	72.526
433	18.891	81.519	22.857	84	0	0	22.857	84	19.518	83	0.73171	82	20.25	82.964	3.8462	78	9.863	73	13.697	74.471
434	19.527	86.036	22.667	90	0	0	22.667	90	22.143	84	0.72289	83	22.866	83.969	2.8916	83	10.244	82	13.135	82.222
435	11.784	93.345	12.371	97	0	0	12.371	97	14.526	95	0.66667	90	15.191	94.792	3.6145	83	4.2857	84	7.8999	83.545
436	16.062	88.408	18.913	92	0	0	18.913	92	19.31	87	0.76923	78	20.072	86.69	0.68966	87	8.5714	84	9.2603	84.231
437	15.269	87.761	18.667	90	0	0	18.667	90	16.744	86	0.65217	92	17.393	86.24	5.3933	89	4.3902	82	9.7674	86
438	17.578	78.507	18.571	84	0	0	18.571	84	19.231	78	0.84507	71	20.069	77.731	5.5263	76	8.8235	68	14.307	71.294
439	18.157	80.411	20.93	86	0	0	20.93	86	18.519	81	0.86957	69	19.37	80.538	3.9474	76	10.588	68	14.498	70.353
440	17.38	81.704	17.045	88	0	0	17.045	88	18.75	80	2.9268	82	21.675	80.276	2.2785	79	11.351	74	13.621	74.882
441	15.951	87.771	18.261	92	0	0	18.261	92	17.241	87	0	0	17.241	87	5.7831	83	6.6667	81	12.448	81.941
442	19.703	82.222	26.429	84	0	0	26.429	84	19.259	81	1.3953	86	20.65	81.357	8.3544	79	3.7037	81	12.057	79.625
443	19.206	82.266	26.667	81	0	0	26.667	81	18.571	84	0.70588	85	19.277	84.037	4.2857	84	7.4074	81	11.689	82.125
444	14.755	85.397	17.727	88	0.65934	91	18.386	88.111	17.647	85	0	0	17.647	85	2.7907	86	5.5263	76	8.2877	79.636
445	15.146	85.831	20.899	89	0	0	20.899	89	14.286	84	0	0	14.286	84	4.3902	82	5.9259	81	10.316	81.429
446	10.697	91.612	10.625	96	0	0	10.625	96	13.696	92	0	0	13.696	92	3.3708	89	4.5	80	7.8486	84.091
447	14.086	88.032	14.839	93	0	0	14.839	93	14.667	90	2.069	87	16.734	89.64	4.2353	85	6.7606	71	10.909	77
448	20.637	82.376	27.907	86	0	0	27.907	86	18.353	85	1.5	80	19.848	84.643	0.68182	88	13.913	69	14.547	70.118
449	21.999	78.186	28.5	80	0	0	28.5	80	21.818	77	2.2785	79	24.095	77.194	6.2338	77	7.2	75	13.431	75.941
450	19.79	77.818	25.823	79	0	0	25.823	79	17.922	77	2.1951	82	20.109	77.577	2.4	75	11.053	76	13.452	75.824
451	19.492	73.875	23.2	75	0	0	23.2	75	17.027	74	3.3333	72	20.358	73.68	4.6753	77	10.286	70	14.931	72.333
452	20.75	67.471	21.667	72	0	0	21.667	72	22.388	67	3	60	25.358	66.25	5.9016	61	9.5238	63	15.422	62.25
453	16.812	73.758	20.8	75	0.76923	78	21.568	75.111	17.027	74	0.83333	72	17.86	73.909	3.4286	70	7.6056	71	11.034	70.692
454	22.198	69.377	22.703	74	0	0	22.703	74	28.182	66	2.5714	70	30.745	66.353	2.4324	74	10.909	66	13.314	67.6
455	21.114	73.885	28	75	0	0	28	75	21.892	74	1.6901	71	23.579	73.793	4.2857	70	7.5	72	11.784	71.286
456	18.183	79.194	21.687	83	0	0	21.687	83	20.26	77	0	0	20.26	77	5.3165	79	7.3973	73	12.694	75.625
457	20.638	72.68	25.135	74	0	0	25.135	74	18.649	74	2.5352	71	21.18	73.654	5.0704	71	10.588	68	15.652	69
458	21.645	67.452	23.836	73	0	0	23.836	73	24	65	1.791	67	25.789	65.143	6.7742	62	8.8525	61	15.626	61.438
459	19.156	68.909	20.27	74	0	0	20.27	74	15.882	68	1.6901	71	17.57	68.3	10.645	62	9.2308	65	19.865	63.429
460	22.616	67.211	25.217	69	0	0	25.217	69	23.284	67	0	0	23.284	67	12.923	65	6.4615	65	19.385	65
461	22.275	68.237	26.571	70	0	0	26.571	70	24.706	68	0	0	24.706	68	7.1642	67	8.4375	64	15.594	65.412
462	23.923	70.226	25.946	74	0	0	25.946	74	27.353	68	1.7647	68	29.118	68	6.087	69	10.746	67	16.83	67.737
463	22.695	69.62	24.167	72	0	0	24.167	72	26.471	68	0	0	26.471	68	10.435	69	7.0588	68	17.493	68.6
464	19.1	71.206	20.8	75	0	0	20.8	75	20.282	71	0	0	20.282	71	7.8261	69	8.5714	63	16.364	66
465	23.669	65.91	27.353	68	0	0	27.353	68	23.077	65	1.875	64	24.952	64.926	9.375	64	9.375	64	18.75	64
466	20.629	69.806	23.836	73	0	0	23.836	73	20.571	70	0	0	20.571	70	12.727	66	4.918	61	17.624	64.684
467	20.394	67.667	23.333	72	0	0	23.333	72	22.941	68	0	0	22.941	68	0	0	15.254	59	15.254	59
468	16.052	83.478	19.091	88	0	0	19.091	88	17.857	84	0	0	17.857	84	3.8462	78	7.6056	71	11.429	73.5
469	12.353	85.811	10.787	89	0.6383	94	11.423	89.294	15.529	85	0	0	15.529	85	3.4091	88	6.75	80	10.138	82.857
470	16.016	88.662	19.565	92	0.56075	107	20.112	92.484	15.682	88	0	0	15.682	88	5.122	82	7.2289	83	12.35	82.588
471	19.176	84.481	25.116	86	0	0	25.116	86	21.429	84	0	0	21.429	84	4.9412	85	6.0759	79	11.002	81.8
472	16.476	84.971	17.931	87	0	0	17.931	87	19.059	85	1.6438	73	20.672	84.172	2.8916	83	7.9518	83	10.843	83
473	16.554	84.571	19.535	86	0	0	19.535	86	20.714	84	0	0	20.714	84	5.8537	82	3.5714	84	9.4238	82.769
474	14.804	89.167	16.25	96	0.70588	85	16.947	95.593	18.621	87	0	0	18.621	87	0.8	75	8.25	80	9.0471	79.583
475	15.189	75.053	16.923	78	0	0	16.923	78	16.364	77	0	0	16.364	77	2.9032	62	9.5652	69	12.444	67.5
476	19.108	62.8	25.455	66	0	0	25.455	66	15.484	62	3.8095	63	19.293	62.2	3.9344	61	8.8889	54	12.781	56.333
477	20.124	60.623	24.762	63	0	0	24.762	63	23.39	59	0	0	23.39	59	6.5625	64	5.8824	51	12.29	58.583
478	38.278	26.647	48.889	27	0	0	48.889	27	41.538	26	3.5294	17	44.66	25.526	12.857	14	12.353	34	21.429	28
479	29.296	35.5	30	42	0	0	30	42	28.125	32	5.4545	33	33.575	32.167	10.345	29	16	30	26.338	29.615
480	22.87	53.344	23	60	0	0	23	60	27.692	52	0	0	27.692	52	1.1111	54	17.727	44	18.786	44.714
481	21.876	61.254	22.154	65	0.9375	64	23.091	64.96	24.59	61	1.9048	63	26.493	61.148	2.1053	57	14.182	55	16.285	55.267
482	21.468	62.418	23.636	66	0.90909	66	24.545	66	22.857	63	0.96774	62	23.825	62.96	1.0714	56	15.273	55	16.344	55.067
483	21.462	59.641	25.161	62	0	0	25.161	62	26.441	59	0	0	26.441	59	1.0909	55	11.786	56	12.876	55.917
484	31.945	29.426	44	30	2.5	24	46.404	29.739	42	30	0	0	42	30	4	15	4.4444	27	7.8261	23
485	37.234	18.8	40	21	0	0	40	21	45	20	4.6154	13	49.073	19.562	20	6	13.846	13	29.412	10.2
486	24.49	45.732	29.362	47	0	0	29.362	47	28.75	48	0	0	28.75	48	1.3953	43	14.595	37	15.957	37.6
487	23.383	58.162	26.557	61	0	0	26.557	61	25	60	0	0	25	60	6.7925	53	12.245	49	19.01	50.5
488	19.753	49.612	22.105	57	0	0	22.105	57	26.939	49	0	0	26.939	49	2.3077	26	11.538	26	13.846	26
489	23.731	50.567	26.786	56	0	0	26.786	56	26.667	54	0	0	26.667	54	4.7368	38	17.143	28	21.479	30.727
490	21.779	55.1	26.316	57	0	0	26.316	57	22.759	58	1.0909	55	23.847	57.87	2.4	50	13.333	45	15.709	45.833
491	22.136	46.078	28.8	50	0	0	28.8	50	30	44	1.1111	54	31.057	44.435	0	0	7.5	32	7.5	32
492	20.347	43.25	24.706	51	0	0	24.706	51	27.692	39	0	0	27.692	39	0	0	11.538	26	11.538	26
493	20.47	54.714	21.724	58	0	0	21.724	58	20	57	2.0339	59	22.032	57.19	6.25	48	12	45	18.233	46.071
494	21.465	56.836	23.226	62	0	0	23.226	62	25.091	55	0	0	25.091	55	0.9375	64	15.6	50	16.471	51
495	22.495	61.348	23.438	64	0	0	23.438	64	26.129	62	0	0	26.129	62	8.2759	58	9.8182	55	18.081	56.412
496	19.78	60.667	23.226	62	0	0	23.226	62	21	60	0.98361	61	21.983	60.045	5	60	9.1525	59	14.152	59.357
497	24.174	57.914	28.475	59	0	0	28.475	59	29.474	57	1.9672	61	31.432	57.267	0	0	12.632	57	12.632	57
498	25.364	57.562	31.525	59	0	0	31.525	59	25.862	58	1.1111	54	26.968	57.846	7.5	56	10.189	53	17.675	54.312
499	23.704	60.75	30.492	61	0	0	30.492	61	26.557	61	0.95238	63	27.509	61.071	1.9355	62	11.186	59	13.118	59.462
500	23.59	61.042	27.097	62	0	0	27.097	62	25.574	61	1.1538	52	26.703	60.667	6.6667	63	10.345	58	16.983	60.059
501	22.585	62.873	26.471	68	0	0	26.471	68	23	60	2.0339	59	25.033	59.92	1.875	64	14.737	57	16.587	57.875
502	23.299	54.938	26.316	57	0	0	26.316	57	23.529	51	3.2143	56	26.717	51.652	7.3684	57	9.6429	56	17.01	56.438
503	24.414	40.96	32.727	44	1.3043	46	34.029	44.08	23.077	39	4.6154	39	27.692	39	2.8571	42	9.375	32	12.049	34.857
504	27.624	33.304	30	40	0	0	30	40	40	30	5.4545	22	45.093	29.273	2.4	25	8.5714	21	10.909	22
505	23.108	49.333	24.231	52	0	0	24.231	52	25.882	51	0	0	25.882	51	6.8182	44	12.857	42	19.666	42.714
506	22.231	51.281	25.091	55	0	0	25.091	55	24.49	49	2.1053	57	26.545	49.727	3.3962	53	12	45	15.319	47
507	23.351	47.964	25.862	58	1	60	26.861	58.077	27.5	48	0	0	27.5	48	10	12	22.5	16	32	15
508	23.781	52.984	27.931	58	0	0	27.931	58	27.17	53	0	0	27.17	53	5.1064	47	12.308	39	17.28	41.667
509	26.059	52.957	24.828	58	0	0	24.828	58	27.273	55	1.1538	52	28.423	54.885	12	45	13.953	43	25.94	43.947
510	26.846	44.7	30.638	47	0	0	30.638	47	28.636	44	1.0526	57	29.602	44.591	4.8649	37	15.714	42	20.524	40.929
511	42.755	14.033	52.5	16	0	0	52.5	16	51.429	14	4.2857	14	55.714	14	36	5	0	0	36	5
512	53.838	11.516	60	14	0	0	60	14	60	11	0	0	60	11	40	6	15	8	54	6.6667
513	54.76	13.514	43.333	18	3.5294	17	46.853	17.929	75	12	0	0	75	12	33.333	9	22.5	8	55.652	8.625
514	42.453	14.133	46.667	18	0	0	46.667	18	65.455	11	0	0	65.455	11	0	0	24	10	24	10
515	42.842	13.071	55.714	14	0	0	55.714	14	46.154	13	6	10	51.857	12.727	30	2	12.857	14	21.818	11
516	38.161	21.488	40.8	25	0	0	40.8	25	46.667	18	2.5	24	48.913	18.4	8.1818	22	18.947	19	27	20
517	34.293	30.327	39.375	32	0	0	39.375	32	40.714	28	2.069	29	42.781	28.05	13.125	32	8	30	21.105	31.273
518	23.483	51.1	28.889	54	0	0	28.889	54	22.353	51	2.7907	43	25.081	50.238	1.3953	43	15.319	47	16.705	46.692
519	19.219	59.316	20.625	64	0	0	20.625	64	21.356	59	2.0339	59	23.39	59	2.069	58	12	50	14.026	51.333
520	19.39	62.918	22.727	66	0	0	22.727	66	22.258	62	0.96774	62	23.226	62	4.3636	55	8	60	12.343	58.333
521	19.175	63.623	25.161	62	0	0	25.161	62	19.048	63	1.7391	69	20.773	63.545	4.8649	74	6.8852	61	11.642	67
522	26.156	48.938	37.674	43	0	0	37.674	43	25.556	54	1.1538	52	26.708	53.917	4.8	50	10.189	53	14.978	52.077
523	28.032	24.971	39	20	0	0	39	20	20	33	7.5	16	25.671	30.385	11.111	27	11.429	21	22.192	24.333
524	35.943	27.265	45.6	25	0	0	45.6	25	30	30	3.75	32	33.735	30.235	14.483	29	15	24	29.222	26.692
525	23.075	49.404	26.939	49	0	0	26.939	49	27.6	50	0	0	27.6	50	7.3469	49	7.3469	49	14.694	49
526	20.84	49.904	21.509	53	0	0	21.509	53	24.49	49	1.0345	58	25.491	49.429	2.1818	55	13.636	44	15.709	45.833
527	29.532	31.152	37.059	34	0	0	37.059	34	25.714	35	3	40	28.661	35.588	3.75	16	30	14	33.684	14.25
528	28.045	29.952	34.545	33	0	0	34.545	33	36.774	31	0	0	36.774	31	24	5	7.5	16	22.857	10.5
529	45.957	7.8333	46.667	9	0	0	46.667	9	40	9	7.5	8	47.419	8.8571	60	4	0	0	60	4
530	29.562	30.444	34.545	33	0	0	34.545	33	36.774	31	0	0	36.774	31	0	0	19.091	22	19.091	22
531	26.833	47.703	33.6	50	1.25	48	34.848	49.931	25.532	47	4	45	29.526	46.739	1.3043	46	15	44	16.302	44.167
532	21.058	57.934	30.508	59	0	0	30.508	59	15	60	4.2105	57	19.202	59.368	0	0	13.585	53	13.585	53
533	20.584	54.411	28.421	57	0	0	28.421	57	10.909	55	3.3333	54	14.242	54.769	4.1379	58	15.319	47	19.296	49.75
534	25.642	34.318	33.659	41	0	0	33.659	41	18.75	32	9.6774	31	28.421	31.667	10	12	14.118	17	23.478	15.333
535	26.583	17.304	45.882	17	0	0	45.882	17	19.091	22	6.6667	9	23.558	20.375	20	3	5.4545	11	17.143	7
536	56.713	12.343	69.231	13	5	12	74.203	12.938	60	13	8	15	67.839	13.267	20	6	17.143	7	36.923	6.5
537	34.129	13.478	22.5	16	0	0	22.5	16	60	14	0	0	60	14	0	0	30	6	30	6
538	42.553	9.4	32.727	11	0	0	32.727	11	66	10	0	0	66	10	45	4	0	0	45	4
539	52.632	7.6	60	8	6.6667	9	66.575	8.1111	42.857	7	0	0	42.857	7	15	4	37.5	8	49.091	7.3333
540	28.24	36.827	31.5	40	0	0	31.5	40	16.923	39	14.545	33	31.255	36.474	4.6154	26	18.182	33	22.618	31.833
541	22.319	48.389	26.038	53	0	0	26.038	53	16.8	50	6.8182	44	23.543	48.421	4.0909	44	14.211	38	18.228	39.5
542	25.624	21.074	43.636	22	3.3333	18	46.865	21.765	11.429	21	13.636	22	25.052	21.556	12	5	0	0	12	5
543	42.118	12.346	52	15	0	0	52	15	48	10	17.143	7	63.83	9.4	5	12	12	10	16.875	10.667
544	46.514	16.769	56.471	17	0	0	56.471	17	56.25	16	2.8571	21	58.851	16.312	3.1579	19	21.176	17	24.298	17.286
545	29.883	32.125	35.294	34	2	30	37.268	33.81	34.545	33	0	0	34.545	33	7.2	25	11.538	26	18.732	25.625
546	25.432	44.825	22.642	53	1.5385	39	24.076	52.333	29.302	43	5.1429	35	34.286	42	7.0588	34	12.308	39	19.286	37.333
547	27.109	47.954	28.8	50	0	0	28.8	50	24.49	49	6.6667	45	31.12	48.2	10.667	45	10.909	44	21.573	44.5
548	27.409	43.051	32.093	43	0	0	32.093	43	32.093	43	1.3043	46	33.391	43.125	2.7907	43	13.953	43	16.744	43
549	33.096	33.236	40	39	0	0	40	39	33.75	32	2.7273	22	36.221	31.474	6	20	21.818	22	27.778	21.6
550	26.265	39.596	29.302	43	1.3636	44	30.665	43.045	29.231	39	1.5	40	30.73	39.05	1.7647	34	16.364	33	18.127	33.1
551	28.824	29.143	39.375	32	0	0	39.375	32	30	30	4.6154	26	34.542	29.529	7.5	8	12.857	14	19.2	12.5
552	22.5	13.333	22.5	8	0	0	22.5	8	28.235	17	7.0588	17	35.294	17	40	3	0	0	40	3
553	45.877	9.5909	60	10	0	0	60	10	54	10	4.6154	13	58.252	10.3	30	4	0	0	30	4
554	47.377	7.1765	60	6	4.2857	14	58.8	7.1429	52.5	8	7.5	8	60	8	30	4	0	0	30	4
555	40	7	40	9	0	0	40	9	36	5	17.143	7	51.724	5.8	36	5	0	0	36	5
556	65.693	9.1333	72	10	8.5714	7	79.843	9.7692	73.333	9	0	0	73.333	9	30	6	18	10	45	8
557	39.234	16.312	76.364	11	0	0	76.364	11	30	24	2.2222	27	32.19	24.231	6.6667	9	21.818	11	28.302	10.6
558	25.958	39.294	32.195	41	0	0	32.195	41	27.907	43	0	0	27.907	43	4	30	16.154	26	20.083	26.889
559	17.902	53.625	18.621	58	0	0	18.621	58	16.667	54	3.0508	59	19.696	54.833	3.6735	49	12.273	44	15.912	45.25
560	16.54	58.042	17.419	62	0	0	17.419	62	20.69	58	0	0	20.69	58	0	0	11.765	51	11.765	51
561	19.151	59.526	19.091	66	0	0	19.091	66	24.211	57	3.1579	57	27.368	57	1.0526	57	10.385	52	11.429	52.5
562	19.397	61.867	23.636	66	0	0	23.636	66	11.803	61	5.0847	59	16.884	60.412	8.4211	57	9.4737	57	17.895	57
563	17.25	68.407	20.833	72	0	0	20.833	72	16.765	68	2.6471	68	19.412	68	1.8462	65	9.8361	61	11.676	61.667
564	18.762	61.828	22.059	68	1.1111	54	23.124	67.462	16	60	6.7925	53	22.723	58.091	4.2857	56	6.5455	55	10.83	55.4
565	26.63	26.286	43.2	25	0	0	43.2	25	7.5	24	15	16	21.618	19.429	2.7907	43	15.484	31	17.964	33.4
566	40.102	13.964	44.211	19	0	0	44.211	19	67.5	8	0	0	67.5	8	26.667	9	3.5294	17	28.302	10.6
567	39.67	14.621	36	20	0	0	36	20	46.154	13	13.333	9	58.378	12.333	15	4	30	8	41.667	7.2
568	31.407	15.92	37.895	19	0	0	37.895	19	47.143	14	0	0	47.143	14	0	0	15	8	15	8
569	37.854	11.095	64.615	13	0	0	64.615	13	42.857	7	0	0	42.857	7	12	5	5.4545	11	15	8
570	30.801	29.87	29.091	33	2.069	29	31.131	32.765	40.645	31	5	12	43.801	30.136	0	0	19.091	22	19.091	22
571	21.355	52.446	23.793	58	0	0	23.793	58	22.642	53	2.4	50	25.034	52.727	1.3953	43	15	40	16.388	40.273
572	20.336	54.091	22.5	56	0	0	22.5	56	23.158	57	1.0909	55	24.248	56.913	1.2	50	13.636	44	14.816	44.545
573	22.769	21.96	37.143	21	0	0	37.143	21	20.87	23	0	0	20.87	23	0	0	10.435	23	10.435	23
574	40	14	36.667	18	8.5714	7	42.146	17.083	55	12	9.2308	13	64.177	12.154	4.6154	13	15	8	18.621	9.6667
575	37.026	10.263	45	12	0	0	45	12	40	9	10	6	49	8.5714	15	8	5.4545	11	20	9
576	61.176	8.5	60	11	0	0	60	11	85.714	7	0	0	85.714	7	10	6	40	6	50	6
577	32.844	29.229	40	30	0	0	40	30	35.625	32	2.7273	22	38.095	31.5	3.1579	19	19.091	22	22.197	21.625
578	23.075	42.469	31.364	44	0	0	31.364	44	20.87	46	3.1579	38	23.941	45.111	1.8182	33	13.125	32	14.942	32.125
579	38.252	19.868	48	20	0	0	48	20	42	20	6.6667	27	48.033	21.235	2.7273	22	18.462	13	20.27	14.8
580	27.578	34.085	28.333	36	0	0	28.333	36	29.189	37	3.5294	34	32.698	36.7	5	24	18.462	26	23.438	25.6
581	27.518	36.34	35.385	39	0	0	35.385	39	19.459	37	8.3333	36	27.788	36.706	6.8571	35	13.846	26	20.27	29.6
582	20.624	22.304	32.308	26	0	0	32.308	26	23.333	18	7.5	8	28.657	16.75	0	0	4	15	4	15
583	46.391	12.071	60	9	0	0	60	9	48	15	7.5	16	55.472	15.143	0	0	33.333	9	33.333	9
584	65.015	10.152	73.846	13	0	0	73.846	13	67.5	8	13.333	9	80.667	8.1818	50	6	8.5714	7	58.378	6.1667
585	38.801	20.103	42.857	21	0	0	42.857	21	32.5	24	10.909	11	40.419	22.267	8	15	28	15	36	15
586	24.219	44.593	28.696	46	0	0	28.696	46	23.182	44	3.913	46	27.088	44.3	3.6	50	13.5	40	16.941	42.5
587	21.176	56.667	24.407	59	0	0	24.407	59	25.263	57	0	0	25.263	57	5.3571	56	8.75	48	14.026	51.333
588	18.344	66.508	23.333	72	0	0	23.333	72	18.462	65	1.0169	59	19.47	64.714	1.9672	61	10.714	56	12.669	56.833
589	20.465	62.547	22.388	67	0	0	22.388	67	18.689	61	2.9032	62	21.591	61.136	7.1186	59	10.526	57	17.64	57.824
590	16.739	64.519	22.727	66	0.85714	70	23.581	66.154	17.812	64	1.9672	61	19.776	63.714	0.90909	66	6	60	6.9014	60.857
591	18.36	64.271	21.493	67	0	0	21.493	67	18.462	65	0	0	18.462	65	7	60	8.2759	58	15.271	58.933
592	16.69	65.909	21.739	69	0	0	21.739	69	12.537	67	4.4118	68	16.948	67.263	0.96774	62	10.714	56	11.672	56.545
593	19.787	64.688	21.176	68	0	0	21.176	68	16.615	65	4.6875	64	21.302	64.783	4.8387	62	12.203	59	17.033	59.882
594	16.802	60.706	23.81	63	0	0	23.81	63	10	60	2	60	12	60	0.82192	73	13.929	56	14.682	57.214
595	20.501	61.46	21.562	64	0	0	21.562	64	21.29	62	1.0526	57	22.336	61.783	7.3684	57	10.345	58	17.712	57.588
596	21.016	60.906	24.545	66	0.89552	67	25.441	66.036	20.339	59	1.0714	56	21.408	58.857	3.2727	55	13.333	54	16.605	54.2
597	18.523	61.544	23.077	65	0	0	23.077	65	18.305	59	3.871	62	22.168	59.545	3.1034	58	7.3684	57	10.471	57.3
598	21.423	59.75	22.154	65	0	0	22.154	65	24.407	59	0.92308	65	25.321	59.24	4.8	50	12.453	53	17.241	52.2
599	15.572	66.788	17.746	71	0.89552	67	18.639	70.818	13.913	69	0	0	13.913	69	2.7692	65	11.786	56	14.501	57.929
600	16.148	65.642	16.667	72	0	0	16.667	72	19.688	64	0	0	19.688	64	4.8387	62	7.6364	55	12.432	57.917
601	17.426	65.421	19.714	70	0.84507	71	20.559	70.042	21.231	65	0.96774	62	22.197	64.875	1.1765	51	8.7273	55	9.8982	54.556
602	16.192	64.231	20	69	0	0	20	69	17.143	63	1.875	64	19.017	63.1	2.2642	53	7.6364	55	9.8982	54.556
603	17.636	65.776	15.833	72	0.70588	85	16.518	72.65	17.015	67	2.5714	70	19.582	67.409	3.0508	59	14.444	54	17.474	54.938
604	16.701	64.667	24.375	64	0	0	24.375	64	14.783	69	0.88235	68	15.665	68.944	1.0714	56	9.1525	59	10.221	58.7
605	14.851	71.377	16.364	77	1.5584	77	17.922	77	10.685	73	4.2254	71	14.908	72.444	0	0	12.203	59	12.203	59
606	15.907	71.667	16.923	78	0	0	16.923	78	17.5	72	1.6438	73	19.144	72.087	0.96774	62	11.186	59	12.152	59.25
607	17.007	68.207	19.737	76	0	0	19.737	76	11.471	68	3.871	62	15.318	66.588	2.1429	56	14.483	58	16.623	57.75
608	21.442	66.225	24	70	0.82192	73	24.82	70.103	19.701	67	3.5821	67	23.284	67	1.0526	57	15.517	58	16.57	57.938
609	20.472	58.617	25.714	56	1.2	50	26.901	55.76	21.905	63	0	0	21.905	63	1.0345	58	11.786	56	12.819	56.167
610	19.052	58.786	22.154	65	0	0	22.154	65	16.552	58	1.6667	72	18.134	59.556	2.8571	42	15	48	17.818	47.143
611	22.585	64.644	24.179	67	0.89552	67	25.075	67	22.727	66	2.7692	65	25.496	65.893	5.1724	58	12.203	59	17.375	58.706
612	20.763	64.537	24.545	66	0	0	24.545	66	20.625	64	0.95238	63	21.577	63.957	4.7619	63	11.429	63	16.19	63
613	18.241	70.172	23.333	72	0.75949	79	24.086	72.241	19.13	69	0.90909	66	20.038	68.87	3.4783	69	7.1642	67	10.64	67.667
614	19.109	65.937	23.478	69	0	0	23.478	69	20.625	64	0.88235	68	21.504	64.174	3.871	62	8.5714	63	12.442	62.692
615	21.151	65.246	24.179	67	0	0	24.179	67	23.81	63	0.57692	104	24.157	64.577	2.7692	65	12.381	63	15.148	63.375
616	15.381	67.615	18.529	68	0	0	18.529	68	15.652	69	0	0	15.652	69	8.1818	66	3.8095	63	11.986	65.077
617	17.643	64.614	20.597	67	0	0	20.597	67	16.19	63	1.9672	61	18.156	62.789	3.75	64	10.476	63	14.226	63.267
618	20.293	64.062	24.545	66	0	0	24.545	66	24.762	63	0	0	24.762	63	0	0	11.613	62	11.613	62
619	18.366	66.426	22.817	71	0	0	22.817	71	18.806	67	0	0	18.806	67	1.791	67	12.222	54	13.929	56
620	18.375	74.015	19.024	82	0	0	19.024	82	18.904	73	1.8462	65	20.73	72.36	3.6923	65	12.188	64	15.879	64.235
621	14.4	84.721	15	92	0	0	15	92	15	84	0.65934	91	15.655	84.318	2.4324	74	10.4	75	12.832	74.812
622	16.37	80.636	14.118	85	0.82192	73	14.924	84.429	17.037	81	1.4815	81	18.519	81	3.1169	77	12.632	76	15.748	76.2
623	14.675	84.5	16.596	94	0	0	16.596	94	12.289	83	0.83333	72	13.109	82.389	3.1579	76	11.667	72	14.817	72.889
624	17.231	80.087	20.964	83	0	0	20.964	83	15.904	83	2.1687	83	18.072	83	2.5	72	10.435	69	12.931	69.6
625	12.638	87.036	13.469	98	0	0	13.469	98	13.571	84	0.69767	86	14.269	84.1	0	0	10.685	73	10.685	73
626	8.6055	88.316	4	105	0	0	4	105	11.333	90	2.1429	84	13.468	89.1	0.75949	79	7.8947	76	8.6532	76.273
627	6.6463	99.303	5.5932	118	0	0	5.5932	118	8.2979	94	0	0	8.2979	94	4.9412	85	1.4815	81	6.4201	84.111
628	8.8172	93	7.5	104	0	0	7.5	104	6.875	96	0.67416	89	7.5459	95.417	1.4286	84	10.244	82	11.672	82.25
629	8.8252	90.65	4.6602	103	0	0	4.6602	103	15.172	87	1.2245	98	16.379	87.917	2.5806	93	3	80	5.5491	86.5
630	14.052	88.242	15.957	94	0	0	15.957	94	13.483	89	0.65934	91	14.142	89.095	1.3953	86	10.909	77	12.288	78.125
631	9.0933	101.17	9.6429	112	0	0	9.6429	112	9.0909	99	0.64516	93	9.7338	98.625	4.6667	90	3.4884	86	8.1509	88.333
632	12.022	88.17	15.824	91	0	0	15.824	91	9.2308	91	2.8235	85	12.045	89.667	2.2222	81	6.0759	79	8.2971	79.545
633	12.283	83.039	14.074	81	0	0	14.074	81	7.1739	92	2.7586	87	9.9265	90.667	0.83333	72	12.152	79	12.979	78.588
634	6.7053	101.41	4.8214	112	0	0	4.8214	112	9.3204	103	0.75	80	10.035	101.65	2.5	96	2.9268	82	5.3933	89
635	12.492	88.055	12.5	96	0	0	12.5	96	10.968	93	3.1169	77	14.007	89.952	2.3377	77	9.0411	73	11.373	73.857
636	8.665	106.17	8.2759	116	0	0	8.2759	116	9.5327	107	1.2245	98	10.749	106.05	3.0928	97	4.0909	88	7.1668	92.091
637	10.387	98.196	11.429	105	0	0	11.429	105	11.134	97	2	90	13.125	96	1.3333	90	5.3933	89	6.7265	89.2
638	6.1409	104.22	5.1724	116	0	0	5.1724	116	6.8571	105	0	0	6.8571	105	3.0612	98	3.5294	85	6.5574	91.5
639	6.2857	105	6.2069	116	0	0	6.2069	116	6.1682	107	2.5263	95	8.6705	103.8	0	0	4.186	86	4.186	86
640	8.7444	98.349	6.8421	114	0	0	6.8421	114	10.625	96	1.3636	88	11.98	95.158	2.5806	93	5.1852	81	7.7316	85.364
641	8.4763	106.18	8.2051	117	0	0	8.2051	117	10.093	107	0.54054	111	10.633	107.21	1.875	96	5.0602	83	6.9045	86.9
642	7.4414	102.13	4.8649	111	0	0	4.8649	111	8.972	107	0	0	8.972	107	0	0	8.6667	90	8.6667	90
643	11.604	98.246	13.019	106	0	0	13.019	106	10.909	99	2.7586	87	13.634	96.818	0	0	8.3721	86	8.3721	86
644	12.839	88.789	15	92	0	0	15	92	10.787	89	2.6667	90	13.453	89.2	0.73171	82	9.3976	83	10.129	82.929
645	8.2463	99.439	6.1682	107	0	0	6.1682	107	10	102	1.9149	94	11.905	100.8	0.65217	92	6.1364	88	6.7873	88.4
646	7.2053	102.7	4.8214	112	0	0	4.8214	112	12.121	99	0.58252	103	12.703	99.19	3.4951	103	0.65934	91	4.1467	101.29
647	7.8523	99.333	9.1429	105	0.57143	105	9.7143	105	6.5347	101	2.093	86	8.5902	97.786	1.1429	105	4.2353	85	5.3333	90
648	9.9483	100.52	8.5714	112	0	0	8.5714	112	14.082	98	0	0	14.082	98	1.165	103	6.2791	86	7.4082	89.091
649	6.6933	98.606	6.055	109	0	0	6.055	109	7.2	100	2.0225	89	9.2025	97.8	0	0	5	84	5	84
650	10.844	103.29	10.811	111	0	0	10.811	111	14.563	103	0.65934	91	15.214	102.54	0.61856	97	6.0674	89	6.6815	89.8
651	7.3033	101.32	4.4037	109	0	0	4.4037	109	9.6226	106	0.61856	97	10.237	105.5	1.9149	94	5.5172	87	7.4233	88.909
652	5.9745	103.77	4.6154	117	0	0	4.6154	117	8	105	0	0	8	105	1.8367	98	3.75	80	5.5331	86.75
653	5.2541	102.78	3.2432	111	0	0	3.2432	111	7.4286	105	1.25	96	8.6705	103.8	0	0	3.913	92	3.913	92
654	5.992	100.13	3.75	112	0	0	3.75	112	6.9231	104	0	0	6.9231	104	1.3333	90	6.1364	88	7.4691	88.364
655	6.716	104.23	4.8649	111	0	0	4.8649	111	8.1081	111	2.0455	88	10.078	107.17	0	0	5.3333	90	5.3333	90
656	5.0155	107.67	3.4146	123	0	0	3.4146	123	5.5556	108	0.55556	108	6.1111	108	2.9412	102	2.7586	87	5.6643	95.333
657	5.9881	113.56	5.1969	127	0	0	5.1969	127	7.6364	110	0	0	7.6364	110	2.8846	104	2.3762	101	5.2597	102.67
658	7.0878	104.41	6.0504	119	0	0	6.0504	119	8.1553	103	0.61856	97	8.7719	102.6	0.63158	95	6.0674	89	6.6964	89.6
659	5.1903	107.89	3.5	120	0	0	3.5	120	7.0909	110	0.66667	90	7.7368	108.57	1.7476	103	2.7273	88	4.4478	94.429
660	7.5365	98.189	6.3158	114	0	0	6.3158	114	8.0412	97	1.2632	95	9.3039	96.733	0.70588	85	6.6667	81	7.371	81.4
