# Time-series
# t	r	v	r_1_P	v_1_P	r_1_L	v_1_L	r_1	v_1	...
300	2.9366	88.538	0	0	0.68182	88	0.68182	88	3.2258	93	0	0	3.2258	93	0.6383	94	4.2857	84	4.9164	85.429
301	2.8543	84.083	0	0	0	0	0	0	1.4286	84	0.65217	92	2.0769	86.667	1.4286	84	5.0602	83	6.4887	83.222
302	2.88	83.333	0	0	0	0	0	0	2.1687	83	0	0	2.1687	83	1.5385	78	4.9412	85	6.4714	83.444
303	3.1922	87.714	0	0	0	0	0	0	3.3333	90	0	0	3.3333	90	0.73171	82	5.5172	87	6.2468	86.444
304	1.7112	93.5	0	0	0	0	0	0	2.4242	99	0	0	2.4242	99	1.3953	86	1.3333	90	2.7273	88
305	2.6568	90.333	1.2245	98	0	0	1.2245	98	1.2766	94	1.3483	89	2.623	91.5	0	0	4.1379	87	4.1379	87
306	3.6107	88.625	2.3762	101	0	0	2.3762	101	4	90	0	0	4	90	0	0	4.557	79	4.557	79
307	3.7128	86.188	0.56075	107	0	0	0.56075	107	3.4483	87	0.69767	86	4.1459	86.833	1.5385	78	4.9412	85	6.4714	83.444
308	3.121	89.714	0.61856	97	0	0	0.61856	97	3.8298	94	0	0	3.8298	94	0	0	4.9412	85	4.9412	85
309	1.8472	97.444	0	0	0	0	0	0	2.7523	109	0	0	2.7523	109	0	0	2.8916	83	2.8916	83
310	2.7203	102.93	0.89552	134	0	0	0.89552	134	2.1053	114	0.61224	98	2.7076	110.8	0.61856	97	4.1379	87	4.7496	88.429
311	3.0323	98.933	1.0909	110	0	0	1.0909	110	2.3301	103	0	0	2.3301	103	2.449	98	3.2609	92	5.7042	94.667
312	2.5946	92.5	0.63158	95	0	0	0.63158	95	2.2642	106	0	0	2.2642	106	0.68966	87	4.2857	84	4.9746	84.429
313	4.1667	96	2.6316	114	0	0	2.6316	114	3.6364	99	0	0	3.6364	99	0	0	6.4286	84	6.4286	84
314	3.8943	97.579	0.54054	111	0.53097	113	1.0714	112	3.3028	109	0.59406	101	3.894	107.86	0.65217	92	6.2069	87	6.8571	87.5
315	4.9186	93.522	2.2642	106	0	0	2.2642	106	4.3299	97	2.5806	93	6.9077	95.545	0.68182	88	5	84	5.6805	84.5
316	4.1258	96.95	1.5385	117	0	0	1.5385	117	4.2424	99	1.3636	88	5.5926	96.556	0.48387	124	4.9412	85	5.3408	89.875
317	3.2695	97.875	1.0619	113	0	0	1.0619	113	4	105	0.59406	101	4.5933	104.5	0	0	4.2857	84	4.2857	84
318	3.1099	96.467	0.47244	127	0	0	0.47244	127	3.4951	103	0	0	3.4951	103	1.25	96	4.2353	85	5.4701	87.75
319	2.7502	94.538	0.59406	101	0.6	100	1.194	100.5	3.0928	97	0	0	3.0928	97	1.875	96	2.1176	85	3.9779	90.5
320	3.6912	102.95	1.5789	114	0	0	1.5789	114	4.4037	109	0	0	4.4037	109	1.8182	99	3.3708	89	5.1752	92.75
321	1.6999	94.125	0	0	0	0	0	0	1.7308	104	0	0	1.7308	104	0.59406	101	2.8235	85	3.4014	88.2
322	4.0313	94.263	1.7143	105	0	0	1.7143	105	6.25	96	0	0	6.25	96	0	0	4.186	86	4.186	86
323	3.8201	99.474	1.5517	116	0	0	1.5517	116	4.1176	102	0	0	4.1176	102	3.125	96	2.7586	87	5.8696	92
324	4.9527	96.917	2.1239	113	0	0	2.1239	113	5.4	100	0.69767	86	6.0852	98.6	2.5806	93	4.186	86	6.7568	88.8
325	3.8028	94.667	1.1009	109	0	0	1.1009	109	3.6364	99	0.61856	97	4.2547	98.714	0.60606	99	5.5172	87	6.1132	88.333
326	4.0486	98.8	1.3846	130	0	0	1.3846	130	4.2	100	0	0	4.2	100	1.2632	95	5.5172	87	6.772	88.6
327	4.3597	91.75	1.8557	97	0	0	1.8557	97	3.6364	99	1.3636	88	4.987	96.25	0	0	6.2791	86	6.2791	86
328	5.456	95.308	3.4615	104	0	0	3.4615	104	4.6602	103	0	0	4.6602	103	0.63158	95	7.7647	85	8.3883	85.833
329	7.2144	97.029	7.1287	101	0	0	7.1287	101	7.3469	98	1.8947	95	9.2402	97.4	1.875	96	3.4483	87	5.3112	90.375
330	3.6343	99.056	1.7476	103	0	0	1.7476	103	3.8182	110	0	0	3.8182	110	0	0	5.4545	88	5.4545	88
331	3.202	99.938	1.4062	128	0	0	1.4062	128	2.3301	103	1.3333	90	3.6486	98.667	0	0	4.7191	89	4.7191	89
332	2.6783	97.077	1.1111	108	0	0	1.1111	108	2.2642	106	0.68182	88	2.9297	102.4	0	0	4.0449	89	4.0449	89
333	3.6582	92.941	0.61224	98	0	0	0.61224	98	4.2424	99	0	0	4.2424	99	1.2371	97	4.9412	85	6.1597	87.667
334	3.5371	101.78	2.2222	108	0	0	2.2222	108	4.5714	105	0	0	4.5714	105	1.2	100	2.6667	90	3.8571	93.333
335	5.2342	99.346	2.8571	105	0	0	2.8571	105	5.7692	104	0.61224	98	6.3796	103.45	1.2	100	5.3333	90	6.5217	92
336	2.6868	104.21	0.5042	119	0	0	0.5042	119	3.8182	110	0	0	3.8182	110	1.7822	101	2.0225	89	3.7895	95
337	3.7029	97.222	1.7647	102	0	0	1.7647	102	4.7059	102	0.65217	92	5.3524	100.89	1.2245	98	2.8235	85	4.0299	89.333
338	4.704	102.04	2.7778	108	0	0	2.7778	108	6.1682	107	0	0	6.1682	107	1.2121	99	4.0449	89	5.2459	91.5
339	4.8	100	2.7027	111	0	0	2.7027	111	5.9406	101	0	0	5.9406	101	3.0303	99	2.8235	85	5.8204	92.778
340	3.9714	95.684	1.1881	101	0	0	1.1881	101	4.6602	103	0	0	4.6602	103	0.68182	88	5.4545	88	6.1364	88
341	5.204	96.08	3.6364	99	0	0	3.6364	99	6	100	0.625	96	6.6241	99.636	0	0	5.3933	89	5.3933	89
342	8.0293	92.162	5.4054	111	0	0	5.4054	111	5	96	2.1429	84	7.1176	92.727	0	0	12	80	12	80
343	4.0127	104.67	1.3139	137	0	0	1.3139	137	4.7788	113	0.65934	91	5.4152	110.8	0.77922	77	4.8837	86	5.6554	84.875
344	4.2873	111.96	2.0134	149	0	0	2.0134	149	5.8929	112	0	0	5.8929	112	1.2766	94	4.1379	87	5.4085	88.75
345	5.3566	97.077	2.9412	102	0	0	2.9412	102	7.1287	101	0.57143	105	7.6993	101.31	2.0225	89	3.4884	86	5.5093	87.125
346	6.0976	98.4	2.6087	115	0	0	2.6087	115	6.2857	105	1.9355	93	8.2008	102.43	1.9355	93	5.7831	83	7.6988	85.727
347	6.4933	98.562	4.486	107	0.55046	109	5.0363	107.22	5.8824	102	1.9355	93	7.806	99.923	1.2903	93	5.4545	88	6.7416	89
348	7.4559	93.886	3.8532	109	0	0	3.8532	109	8.0412	97	2.1176	85	10.132	94.75	0.72289	83	7.8571	84	8.5799	83.917
349	7.8692	96.579	6.6667	108	0	0	6.6667	108	8.5714	98	1.3953	86	9.9482	96.5	0	0	7.2289	83	7.2289	83
350	6.103	95.034	3.3028	109	0	0	3.3028	109	5.4545	99	2.1687	83	7.5789	95	2.4742	97	5.122	82	7.5468	87.455
351	8.1136	98.6	5.0943	106	0	0	5.0943	106	10.385	104	0	0	10.385	104	0	0	9.0698	86	9.0698	86
352	6.1164	94.828	5.5102	98	0	0	5.5102	98	6.8041	97	0	0	6.8041	97	0	0	6.0674	89	6.0674	89
353	5.8484	99.172	5.0467	107	0	0	5.0467	107	5.8252	103	0.65934	91	6.4764	101.91	1.2632	95	4.8837	86	6.1364	88
354	6.618	99.727	5.8252	103	0	0	5.8252	103	6.8571	105	1.2766	94	8.1215	103.43	3.2258	93	2.7586	87	5.9779	90.333
355	6.0261	99.567	5.5556	108	0	0	5.5556	108	6.4078	103	0	0	6.4078	103	0	0	6.2791	86	6.2791	86
356	7.9801	97.744	4.8	100	0	0	4.8	100	10.485	103	0	0	10.485	103	1.2632	95	7.5	88	8.7565	89.077
357	7.5344	98.216	6.2857	105	0	0	6.2857	105	9.0909	99	0.71429	84	9.7897	98.062	1.8367	98	4.7727	88	6.5934	91
358	3.6965	97.389	0.48387	124	0	0	0.48387	124	4.0777	103	0	0	4.0777	103	2.449	98	4.186	86	6.6079	90.8
359	7.7137	98.526	8.6538	104	0	0	8.6538	104	9.1837	98	0	0	9.1837	98	1.2903	93	4.0909	88	5.3782	89.25
360	6.2322	99.484	3.75	112	0	0	3.75	112	7.0588	102	0	0	7.0588	102	2.5263	95	5.5172	87	8.0297	89.667
361	5.2477	95.28	1.7308	104	0	0	1.7308	104	5.9406	101	0.6	100	6.5405	100.91	3.3333	90	4.2353	85	7.5625	87.273
362	6.9139	98.353	6.2857	105	0	0	6.2857	105	4.6602	103	2.4742	97	7.1287	101	1.2371	97	6.2069	87	7.4309	88.818
363	9.3077	94.545	10.099	101	0	0	10.099	101	8.8421	95	2.0455	88	10.878	93.765	0.58824	102	6.506	83	7.0671	84.9
364	7.889	98.872	5.2427	103	0	0	5.2427	103	11.765	102	0.61856	97	12.382	101.76	4.7727	88	1.3636	88	6.1364	88
365	9.0383	97.364	8.1553	103	0	0	8.1553	103	8.4	100	1.8557	97	10.254	99.471	1.2371	97	7.5862	87	8.8097	88.538
366	8.6393	92.6	8.75	96	0	0	8.75	96	7.0968	93	3.2609	92	10.357	92.688	0.70588	85	6.1364	88	6.8415	87.7
367	11.921	95.632	15	100	0	0	15	100	10	96	3.1915	94	13.19	95.524	1.3333	90	6.3529	85	7.6825	85.909
368	10.557	94.72	11.633	98	0	0	11.633	98	9.1837	98	2.6667	90	11.836	96.316	2.6374	91	5.6471	85	8.2759	87
369	10.53	96.863	11.4	100	0.65217	92	12.048	99.6	12.245	98	1.165	103	13.407	98.455	0.69767	86	5.5172	87	6.2148	86.889
370	13.177	91.067	13.75	96	0	0	13.75	96	8.9362	94	3.2967	91	12.23	93.211	4.0909	88	9.6296	81	13.7	83.211
371	6.9341	95.182	4.486	107	0	0	4.486	107	8.75	96	0	0	8.75	96	2.6667	90	5.0602	83	7.7152	85.545
372	8.0089	94.895	7.3469	98	0.6383	94	7.9843	97.692	7.7228	101	0.67416	89	8.388	100.14	2.6667	90	5.122	82	7.773	84.909
373	8.1967	97.6	6.9903	103	0.63158	95	7.6183	102.38	8.4	100	1.978	91	10.365	98.412	2.5	96	4.186	86	6.6667	90
374	10.554	92.857	12.857	98	0	0	12.857	98	9.6774	93	2.069	87	11.739	92	1.3333	90	5.8537	82	7.177	83.6
375	14.979	88.121	21.818	88	0	0	21.818	88	11.209	91	1.3483	89	12.557	90.789	3.2258	93	7.4074	81	10.588	85
376	16.894	80.5	21.687	83	0	0	21.687	83	15	80	1.4286	84	16.425	80.364	4.7368	76	7.8947	76	12.632	76
377	14.251	88.413	15.652	92	0	0	15.652	92	14.831	89	0.65217	92	15.483	89.13	1.3483	89	10.37	81	11.707	82
378	9.2565	95.068	11.134	97	0.60606	99	11.74	97.105	8.125	96	1.2371	97	9.362	96.133	2.5263	95	4.186	86	6.6964	89.6
379	12.545	92.466	15.625	96	0.59406	101	16.218	96.192	9.0323	93	2.6087	92	11.641	92.778	2.8916	83	6.9767	86	9.8658	85.143
380	19.075	85.976	22.667	90	0	0	22.667	90	22.143	84	0	0	22.143	84	3	80	9.5122	82	12.511	81.529
381	11.127	95.264	15.306	98	0	0	15.306	98	9.2784	97	2	90	11.27	95.833	1.3483	89	5.5172	87	6.865	87.4
382	12.534	92.552	13.939	99	0	0	13.939	99	11.868	91	2.069	87	13.934	90.429	4.0909	88	5.7831	83	9.8658	85.143
383	12.847	91.847	17.053	95	0.65934	91	17.711	94.857	13.846	91	0	0	13.846	91	1.2766	94	5.7831	83	7.0423	85.2
384	10.829	96.038	12.6	100	0	0	12.6	100	11.875	96	0	0	11.875	96	3.1579	95	4.9412	85	8.0748	89.167
385	14.61	90.348	17.872	94	0	0	17.872	94	12.527	91	3.4091	88	15.934	90.375	1.4458	83	8.6747	83	10.12	83
386	20.17	82.301	24.706	85	0	0	24.706	85	21.951	82	0	0	21.951	82	6.2338	77	7.6923	78	13.926	77.556
387	15.637	81.859	20.488	82	0.77922	77	21.264	81.828	12.857	84	2.963	81	15.817	83.455	5.122	82	4.7368	76	9.8447	79.231
388	13.799	88.41	16.957	92	0	0	16.957	92	15	88	0.70588	85	15.705	87.87	2.963	81	5.8537	82	8.8163	81.667
389	13.694	80.327	13.735	83	0	0	13.735	83	14.074	81	1.4458	83	15.519	81.19	5.25	80	6.6667	72	11.884	75.733
390	14.212	84.433	17.442	86	0	0	17.442	86	15.529	85	0	0	15.529	85	5.25	80	4.4444	81	9.6941	80.462
391	11.684	82.167	8.6747	83	0	0	8.6747	83	14.118	85	0	0	14.118	85	3.8462	78	8.4615	78	12.308	78
392	15.59	83.385	17.442	86	0.67416	89	18.115	86.115	17.561	82	0.77922	77	18.337	81.8	4.2857	84	6.0759	79	10.352	81.143
393	14.444	81.695	15.181	83	0	0	15.181	83	17.561	82	0.81081	74	18.364	81.68	3.7975	79	6	80	9.7971	79.615
394	13.941	81.772	15.904	83	0	0	15.904	83	16.296	81	2.2222	81	18.519	81	0.74074	81	6.6667	81	7.4074	81
395	15.013	79.933	19.756	82	0	0	19.756	82	17.468	79	0.76923	78	18.237	78.958	2.3377	77	4.7368	76	7.0742	76.333
396	18.747	80.013	19.024	82	0.77922	77	19.801	81.815	20.506	79	0.68966	87	21.189	79.286	4.5	80	10.769	78	15.267	78.6
397	14.612	83.492	16.047	86	0	0	16.047	86	13.571	84	0.68966	87	14.26	84.15	7.1429	84	6.4865	74	13.575	79.556
398	14.911	83.161	16.744	86	0	0	16.744	86	17.778	81	0	0	17.778	81	3.6585	82	6.5854	82	10.244	82
399	10.943	87.729	8.5714	91	0	0	8.5714	91	14.318	88	0	0	14.318	88	5.5814	86	4.3902	82	9.9661	84.286
400	14.981	80.1	14.074	81	0	0	14.074	81	20.25	80	0	0	20.25	80	3.7037	81	6.9231	78	10.623	79.071
401	21.19	78.337	27.75	80	0	0	27.75	80	22.597	77	0	0	22.597	77	8.5714	77	4.6753	77	13.247	77
402	18.711	78.027	21	80	0	0	21	80	18.462	78	0	0	18.462	78	7.1053	76	9.6	75	16.705	75.429
403	12.101	85.942	8.1818	88	0	0	8.1818	88	17.241	87	0	0	17.241	87	5.7831	83	5.122	82	10.905	82.533
404	8.3613	90.895	6.3158	95	0	0	6.3158	95	13.187	91	0	0	13.187	91	4.8837	86	0.73171	82	5.614	85.5
405	15.732	78.823	19.024	82	0.78947	76	19.81	81.778	13.902	82	0.78947	76	14.688	81.7	3.7975	79	9.2308	65	12.919	69.667
406	25.449	69.159	25.263	76	1.6438	73	26.905	75.824	25.217	69	2.6866	67	27.902	68.812	1.9048	63	20.339	59	22.236	59.364
407	17.036	76.308	17.692	78	0	0	17.692	78	20.526	76	0	0	20.526	76	8.8	75	4.1096	73	12.908	74.375
408	15.207	82.857	17.931	87	0	0	17.931	87	15.904	83	0	0	15.904	83	5.8537	82	6.1765	68	11.926	75.467
409	19.231	80.078	23.415	82	0.68182	88	24.093	82.182	16.296	81	3.3708	89	19.641	82.481	1.4815	81	12.676	71	14.132	72.176
410	22.67	74.107	21.75	80	0	0	21.75	80	24	75	0.84507	71	24.843	74.871	5.4545	66	16.364	66	21.818	66
411	19.678	76.227	20.25	80	0.8	75	21.047	79.821	20.769	78	0	0	20.769	78	3	80	14.545	66	17.442	68.8
412	10.642	80.814	8.7805	82	0	0	8.7805	82	12.593	81	0.8	75	13.388	80.667	4.4444	81	5.3165	79	9.7594	79.923
413	17.231	78.926	19.756	82	0	0	19.756	82	16.5	80	0.70588	85	17.203	80.217	4.7368	76	10.141	71	14.862	72.667
414	15.956	82.727	16.744	86	0	0	16.744	86	18.072	83	0	0	18.072	83	3.8961	77	9.2308	78	13.126	77.706
415	19.578	75.595	20.506	79	0.92308	65	21.401	78.5	20.26	77	1.4634	82	21.717	77.357	3.2877	73	12.537	67	15.805	68.333
416	21.848	74.148	23.544	79	0.8	75	24.342	78.875	21.37	73	1.6901	71	23.059	72.857	5.6757	74	12.727	66	18.35	68.667
417	16.829	77.246	17.468	79	0	0	17.468	79	20.526	76	0.75949	79	21.285	76.111	4.7368	76	7.013	77	11.749	76.6
418	19.829	77.662	18.75	80	0.69767	86	19.444	80.231	20.769	78	0	0	20.769	78	12.329	73	7.013	77	19.329	74.5
419	11.307	86.673	11.087	92	0	0	11.087	92	11.724	87	0	0	11.724	87	5	84	6.2338	77	11.213	80.267
420	12.463	81.843	13.571	84	0	0	13.571	84	11.294	85	1.4118	85	12.706	85	6.2338	77	5	72	11.221	74.857
421	18.597	77.431	23.25	80	0	0	23.25	80	19.2	75	0.67416	89	19.852	75.56	1.4118	85	11.351	74	12.736	75.375
422	18.273	78.806	18.158	76	0	0	18.158	76	22.785	79	0	0	22.785	79	8.6747	83	5.25	80	13.92	81.895
423	17.446	79.101	16.627	83	0	0	16.627	83	17.778	81	0.68966	87	18.464	81.24	1.6	75	15.833	72	17.431	72.286
424	17.738	80.056	19.059	85	0	0	19.059	85	18.987	79	0.75	80	19.737	79.038	3.8961	77	10.685	73	14.573	74.111
425	14.855	78.086	11.538	78	0.77922	77	12.318	77.938	18.75	80	0	0	18.75	80	8	75	5.5263	76	13.526	75.412
426	9.9537	88.409	12.135	89	0	0	12.135	89	9.2308	91	0	0	9.2308	91	6.4286	84	2.093	86	8.5207	84.5
427	21.164	79.381	24.578	83	0	0	24.578	83	23.704	81	0	0	23.704	81	0.9375	64	14.571	70	15.502	69.667
428	14.813	83.71	19.765	85	0.77922	77	20.537	84.724	12.558	86	0.77922	77	13.329	85.526	3.6145	83	7.013	77	10.614	79.143
429	18.18	79.208	19.259	81	0.75	80	20.009	80.963	23.544	79	0.76923	78	24.313	78.969	1.5584	77	8.6842	76	10.242	76.154
430	18.758	83.167	20	87	0	0	20	87	21.22	82	0.65217	92	21.862	82.333	2.963	81	11.538	78	14.498	78.632
431	14.861	87.477	14.043	94	0.63158	95	14.674	94.043	16.047	86	1.3953	86	17.442	86	7.3171	82	5.3165	79	12.629	80.765
432	17.088	81.929	17.143	91	0	0	17.143	91	18.519	81	0.83333	72	19.342	80.654	4.8649	74	10.435	69	15.283	70.667
433	16.495	86.085	18.202	89	0	0	18.202	89	18.621	87	0	0	18.621	87	3	80	9.75	80	12.75	80
434	19.062	83.938	21.628	86	0	0	21.628	86	20.471	85	0.71429	84	21.185	84.967	11.25	80	3.2	75	14.44	78.947
435	23.147	75.172	24.878	82	0	0	24.878	82	25.135	74	0	0	25.135	74	6.6667	72	13.333	63	19.918	66.273
436	17.446	82.542	16.047	86	0	0	16.047	86	19.518	83	0.65217	92	20.163	83.321	6.75	80	9.4737	76	16.213	77.714
437	13.783	85.61	16.552	87	0	0	16.552	87	16.235	85	0	0	16.235	85	2.069	87	6.506	83	8.5714	84
438	17.481	78.942	21	80	0	0	21	80	17.468	79	0	0	17.468	79	8	75	6	80	13.986	77.222
439	11.46	87.26	11.209	91	0	0	11.209	91	13.412	85	0	0	13.412	85	7.6744	86	2.1176	85	9.7918	85.786
440	23.554	73.874	26.4	75	0	0	26.4	75	23.514	74	3.2432	74	26.757	74	8.1081	74	9.4286	70	17.523	71.905
441	18.338	77.437	18.519	81	0	0	18.519	81	17.25	80	1.5	80	18.75	80	0.82192	73	17.143	70	17.963	70.143
442	15.62	79.387	18.293	82	0	0	18.293	82	15.75	80	0	0	15.75	80	5.3165	79	7.6056	71	12.886	74.5
443	20.019	78.924	24	80	0	0	24	80	21	80	0	0	21	80	7.8947	76	7.2	75	15.094	75.526
444	20.25	79.012	22.025	79	0	0	22.025	79	21.75	80	0	0	21.75	80	9	80	8	75	16.982	77.727
445	15.294	79.77	15.366	82	0	0	15.366	82	16.296	81	0	0	16.296	81	9.6	75	4.6753	77	14.273	75.667
446	18.643	78.315	19.5	80	0.83333	72	20.325	79.704	17.468	79	0	0	17.468	79	11.053	76	7.1053	76	18.158	76
447	10.094	87.182	7.8261	92	0	0	7.8261	92	13.953	86	0.64516	93	14.595	86.333	4.2857	84	3.6145	83	7.8999	83.545
448	13.867	86.533	15	88	0	0	15	88	18.14	86	0.6383	94	18.773	86.296	2.7273	88	5.122	82	7.8402	84.182
449	15.76	87.565	19.565	92	0	0	19.565	92	15.333	90	0	0	15.333	90	3.0769	78	9.6	75	12.673	75.75
450	21.716	80.126	24.286	84	0	0	24.286	84	21	80	2.8571	84	23.851	80.5	6.2338	77	10.986	71	17.193	73.286
451	17.601	78.406	18.987	79	0	0	18.987	79	17.692	78	2.8916	83	20.574	78.741	7.013	77	6.2338	77	13.247	77
452	18.922	80.329	19.059	85	0	0	19.059	85	19.231	78	2.9268	82	22.151	78.552	3.2	75	12.468	77	15.666	76.6
453	16.022	79.891	19.259	81	0	0	19.259	81	14.634	82	1.519	79	16.151	81.727	7.1053	76	5.6	75	12.705	75.562
454	19.045	75.611	17.692	78	0.73171	82	18.422	78.167	22.105	76	0	0	22.105	76	8.1081	74	8.5714	70	16.667	72
455	16.661	79.227	15.714	84	0	0	15.714	84	18.228	79	2.25	80	20.478	79.111	3.2432	74	10.685	73	13.928	73.235
456	19.626	77.447	20	81	0.75949	79	20.759	80.929	22.105	76	0.78947	76	22.895	76	8	75	7.2973	74	15.297	74.526
457	20.569	74.87	21.818	77	0	0	21.818	77	20	75	0	0	20	75	12.329	73	7.6056	71	19.931	72.25
458	18.303	79.767	19.747	79	0	0	19.747	79	17.037	81	1.5584	77	18.592	80.68	10.5	80	6.0759	79	16.575	79.636
459	17.39	78.206	19.518	83	0	0	19.518	83	15.75	80	2.4324	74	18.17	79.25	4.9315	73	9.8507	67	14.757	69.118
460	15.194	73.714	18.462	78	0	0	18.462	78	11.2	75	1.6667	72	12.864	74.625	9.0909	66	5.3731	67	14.463	66.375
461	24.831	52.354	22.727	66	0	0	22.727	66	30	52	0.77922	77	30.609	52.926	17.5	24	13.846	26	31.296	24.923
462	22.856	60.377	19.13	69	0	0	19.13	69	24.762	63	0	0	24.762	63	15.6	50	10.667	45	26.198	48.095
463	25.956	60.103	23.284	67	0	0	23.284	67	29	60	0.85714	70	29.834	60.333	13.585	53	12	50	25.563	51.636
464	24.362	65.675	21.081	74	0.83333	72	21.914	73.926	26.25	64	0.9375	64	27.188	64	10.169	59	14.483	58	24.65	58.417
465	26.329	43.298	23.077	52	0	0	23.077	52	33.846	39	0	0	33.846	39	20	36	3.913	46	23.684	38
466	36.518	29.574	37.297	37	0	0	37.297	37	40.714	28	5.4545	11	44.199	27.15	27.692	13	12	25	35.764	18.455
467	28.917	48.414	29.412	51	0	0	29.412	51	30	48	1.3636	44	31.355	47.84	16.25	48	10	42	26.144	45.9
468	24.498	52.25	19	60	0	0	19	60	25.385	52	0	0	25.385	52	24	45	6	50	29.943	46.087
469	32.006	41.242	31.2	50	0	0	31.2	50	37.143	42	0	0	37.143	42	15.652	23	20	24	35.636	23.571
470	33.363	44.96	30.545	55	0	0	30.545	55	35.455	44	0	0	35.455	44	14.118	34	24.375	32	38.459	32.762
471	27.675	41.193	23.529	51	0	0	23.529	51	41.667	36	1.3333	45	42.921	36.346	3.5294	34	15.429	35	18.956	34.818
472	26.938	40.093	25.2	50	0	0	25.2	50	35.676	37	1.3636	44	36.993	37.304	5.625	32	18.261	23	23.346	25.7
473	22.694	43.184	27.059	51	0	0	27.059	51	30	40	1.0909	55	30.947	40.714	22.5	8	3.75	32	17.045	17.6
474	22.419	51.741	22	60	0	0	22	60	23.774	53	1.1538	52	24.927	52.955	9.4737	38	13.333	36	22.791	36.857
475	26.686	42.719	23.077	52	0	0	23.077	52	30.667	45	0	0	30.667	45	12.857	28	20	24	32.667	25.714
476	27.759	36.745	21.6	50	0.92308	65	22.446	50.789	33.529	34	0	0	33.529	34	22.857	21	15.789	19	38.555	20.231
477	28.686	34.163	30	42	0	0	30	42	31.765	34	0	0	31.765	34	20	18	13.333	18	33.333	18
478	27.836	45.984	28.302	53	0	0	28.302	53	28.696	46	0	0	28.696	46	17.647	34	11.053	38	28.614	35.647
479	22.83	48.182	27.692	52	0	0	27.692	52	22.5	48	6	50	28.492	48.435	7.5	32	6	40	13.333	36
480	26.484	39.269	22.8	50	0	0	22.8	50	31.5	40	0.98361	61	32.231	40.955	13.333	18	24.706	17	38.01	17.364
481	23.706	52.306	21.905	63	0	0	21.905	63	28.846	52	1.0345	58	29.867	52.231	6.4865	37	16.875	32	23.257	33.538
482	25.176	45.281	23.077	52	0	0	23.077	52	25.333	45	3.4615	52	28.724	45.955	8.5714	28	17.368	38	25.472	35.333
483	30.052	33.941	31.364	44	0	0	31.364	44	49.655	29	0	0	49.655	29	45	4	5.4545	11	41.739	5.75
484	25.937	46.267	24	55	1.3043	46	25.271	54.609	27.391	46	3.5294	51	30.885	46.625	10.345	29	15	32	25.287	30.846
485	25.457	48.71	27.273	55	0	0	27.273	55	31.915	47	3.6735	49	35.582	47.214	1.3953	43	13.714	35	15.046	35.889
486	26.366	38.686	26.25	48	1.1111	54	27.345	48.273	35.676	37	0	0	35.676	37	7.5	16	23.077	13	30.309	13.857
487	25.89	46.35	24.906	53	0	0	24.906	53	31.915	47	1.2	50	33.11	47.115	4	30	18.182	33	22.154	32.5
488	25.157	49.29	28.364	55	0	0	28.364	55	26.939	49	0	0	26.939	49	6.9767	43	14.595	37	21.46	39.143
489	33.047	39.338	33.191	47	0	0	33.191	47	40.976	41	0	0	40.976	41	7.0588	17	31.765	17	38.824	17
490	28.855	43.667	30.612	49	0	0	30.612	49	36.818	44	1.4286	42	38.244	43.929	3.3333	36	17.143	28	20.27	29.6
491	29.34	40.9	33.191	47	0	0	33.191	47	30	40	2.5	48	32.411	40.727	0	0	25.714	28	25.714	28
492	29.649	41.148	35.51	49	0	0	35.51	49	36	40	1.4286	42	37.425	40.08	6.6667	9	27.692	13	33.793	12.429
493	25.664	44.421	28.846	52	0	0	28.846	52	28.085	47	1.3636	44	29.443	46.87	3.3333	18	28.235	17	31.558	17.111
494	27.639	43.417	32.941	51	0	0	32.941	51	16.957	46	12.308	39	29.077	43.333	7.2	25	20	24	27.191	24.273
495	27.71	41.862	27.6	50	0	0	27.6	50	26.341	41	5.7143	42	32.053	41.182	2.5	24	24.828	29	27.258	28.615
496	27.826	46	26.316	57	0	0	26.316	57	33.333	45	2.5	48	35.823	45.222	6.3158	19	23.077	26	28.993	24.833
497	22.292	51.14	20.69	58	0	0	20.69	58	24.444	54	0	0	24.444	54	4	45	20	36	23.81	37.8
498	23.594	40.688	26.809	47	0	0	26.809	47	28.5	40	2.7907	43	31.277	40.286	17.647	17	1.7143	35	18	20
499	25.046	40.725	31.364	44	0	0	31.364	44	30.698	43	1.6667	36	32.322	42.696	7.5	16	10.588	17	18.072	16.6
500	29.022	39.281	29.388	49	0	0	29.388	49	32.308	39	3.0769	39	35.385	39	8	15	28.235	17	36.145	16.6
501	26.316	38	32.727	44	0	0	32.727	44	36	35	4.1379	29	40.025	34.478	3.1579	19	7.5	16	10.588	17
502	26.24	39.635	26.809	47	0	0	26.809	47	37.5	40	0	0	37.5	40	6.6667	9	23.077	13	29.189	12.333
503	27.038	34.766	34.091	44	1.3333	45	35.424	44.038	26.4	25	9.6	25	36	25	11.429	21	8	15	18.947	19
504	31.986	37.517	46.829	41	0	0	46.829	41	31.765	34	5.625	32	37.373	33.714	1.5385	39	11.25	32	12.727	33
505	31.939	33.189	43.077	39	0	0	43.077	39	28.8	25	13.333	27	42.078	25.667	3.4286	35	11.111	27	14.341	29.286
506	28.944	26.949	42.581	31	2.3077	26	44.831	30.783	24	20	16.667	18	40.56	19.231	2.2222	27	3.6364	33	5.8065	31
507	21.265	38.561	32.609	46	0	0	32.609	46	13.333	27	11.111	27	24.444	27	2	30	9.2308	26	11.194	26.8
508	14.269	26.632	38.571	28	0	0	38.571	28	30	2	0	0	30	2	0	0	0	0	0	0
509	38.496	16.625	56.667	18	0	0	56.667	18	32.308	13	22.5	16	54.225	14.385	2	30	6.6667	9	6.1538	19.5
510	26.533	34.674	44.571	35	0	0	44.571	35	21.667	36	13.548	31	35.036	34.25	0	0	0	0	0	0
511	29.726	27.585	38.182	33	2.2222	27	40.333	32.727	33.913	23	9	20	42.786	22.438	5	12	6	20	10.385	17.333
512	33.019	21.2	50.769	26	0	0	50.769	26	30	14	4	15	33.982	14.125	4.6154	13	21.818	11	26.316	11.4
513	40	22	55	24	0	0	55	24	28.421	19	25.263	19	53.684	19	7.2	25	5.7143	21	12.821	23.4
514	27.088	34.702	42.857	35	0	0	42.857	35	23.333	36	8.5714	28	31.558	34.222	0	0	6.8571	35	6.8571	35
515	34.931	31.491	40	33	0	0	40	33	38.71	31	6	30	44.704	30.87	12	30	8.2759	29	20.27	29.6
516	32.782	32.944	34.737	38	0	0	34.737	38	36.429	28	6.4286	28	42.857	28	12.353	34	10.345	29	22.559	31.917
517	31.717	25.854	40	33	3.6364	33	43.636	33	48	15	0	0	48	15	2.5	24	15	16	17.045	17.6
518	48.263	17.405	68	15	12	10	78.764	14.474	33.333	18	10	18	43.333	18	15.652	23	11.429	21	27.027	22.2
519	38.795	26.808	53.077	26	1.7647	34	54.684	26.333	42.222	27	9.2308	26	51.442	26.826	4.1379	29	6.2069	29	10.345	29
520	32.121	33	45.455	33	0	0	45.455	33	25.714	35	5.1429	35	30.857	35	6.4286	28	14	30	20.408	29.4
521	32.38	30.265	39.31	29	0	0	39.31	29	34.286	28	5.625	32	39.816	28.632	13.714	35	5	36	18.711	35.273
522	37.344	16.067	87.273	11	0	0	87.273	11	25.263	19	4.8	25	29.703	20.2	4.8	25	4.4444	27	9.2308	26
523	31.267	20.469	49.565	23	2.6087	23	52.174	23	33.75	16	10.588	17	44.308	16.25	0	0	0	0	0	0
524	34.883	32.107	38.919	37	0	0	38.919	37	35.556	27	15	28	50.541	27.304	8.8235	34	8.5714	28	17.234	31.333
525	43.276	25.418	60	22	0	0	60	22	47.143	28	0	0	47.143	28	5.2174	23	19.286	28	24.362	27.091
526	42.725	25.278	57.692	26	0	0	57.692	26	49.565	23	7.5	24	57.053	23.136	8.2759	29	6	30	14.272	29.429
527	43.062	27.867	48.889	27	0	0	48.889	27	57.5	24	3.3333	18	60.632	23.75	8.5714	35	14.595	37	23.15	36.286
528	41.982	23.82	42.857	28	2.069	29	44.924	28.048	50	18	10.909	11	59.384	17.176	11.111	27	16.8	25	27.871	25.833
529	45.57	13.167	68	15	0	0	68	15	30	10	4	15	33.231	10.833	6.6667	9	32.727	11	39.2	10.714
530	53.731	11.167	64.286	14	0	0	64.286	14	73.333	9	0	0	73.333	9	20	6	17.143	7	36.923	6.5
531	49.165	13.424	68.571	14	0	0	68.571	14	60	12	5.4545	11	65.419	11.923	10	18	6	10	15	16
532	36.911	14.63	55.714	14	0	0	55.714	14	41.538	13	12.857	14	54.34	13.25	1.5789	38	3.75	16	4.4444	27
533	38.146	12.583	64	15	0	0	64	15	51.429	7	12	10	61.935	7.75	0	0	0	0	0	0
534	36.982	23.795	40.645	31	0	0	40.645	31	45.882	17	5.7143	21	51.331	17.533	11.25	16	17.647	17	28.872	16.625
535	45.173	18.595	63.158	19	0	0	63.158	19	44.211	19	0	0	44.211	19	3.75	16	24.706	17	28.444	16.875
536	33.757	30.216	42.581	31	0	0	42.581	31	33.75	32	7.0588	17	39.344	30.5	5.4545	33	14.4	25	19.518	27.667
537	30.786	22.088	49.091	22	2.3077	26	51.327	22.211	26.25	16	10	12	35.735	15.111	9.375	32	1.8182	33	11.192	32.167
538	26.397	21.214	46.957	23	0	0	46.957	23	23.077	13	13.043	23	33.333	18	0	0	0	0	0	0
539	24.671	34.048	41.667	36	0	0	41.667	36	20	27	10	30	29.924	28.071	1.1765	51	2.7907	43	3.9416	45.667
540	21.609	27.767	40.714	28	0	0	40.714	28	9.4737	19	11.538	26	20.535	23.375	1.4286	42	3.3333	36	4.7368	38
541	33.988	24.714	50.4	25	2.069	29	52.419	25.182	17.5	24	17.143	21	34.49	22.615	7.7419	31	8.1818	22	15.474	27.143
542	27.165	29.45	29.189	37	0.76923	78	29.113	39.158	27	20	7.2	25	33.882	21.25	2.2222	27	25.263	19	27.151	19.889
543	38.111	25.714	50	30	2.2222	27	52.201	29.885	38.182	22	10.588	17	48.301	21.118	6	20	11.429	21	17.419	20.667
544	42.751	20.116	49.565	23	0	0	49.565	23	52.5	16	9	20	61.056	16.706	11.429	21	9	20	20.417	20.571
545	56.963	13.342	72	15	3.1579	19	74.948	15.211	43.636	11	32.727	11	76.364	11	7.0588	17	18	10	23.438	12.8
546	54.861	12.03	68	15	5.4545	11	73.083	14.778	60	8	6	10	65.676	8.2222	8.5714	7	30	10	37.895	9.5
547	39.046	15.367	53.684	19	6	20	59.669	19.105	30	10	22.5	8	51.892	9.25	0	0	22.5	8	22.5	8
548	35.331	17.548	46.957	23	2.5	24	49.452	23.053	9.2308	13	26.667	9	34.839	10.333	20	6	30	8	49.091	7.3333
549	26.946	25.235	40	33	0	0	40	33	10.909	11	27.273	11	38.182	11	0	0	27.273	11	27.273	11
550	15.015	21.312	33.913	23	0	0	33.913	23	3.75	16	9.2308	13	12.857	14	0	0	0	0	0	0
551	25.491	26.676	35.625	32	4	30	39.611	31.81	24.706	17	18	20	42.427	18.385	0	0	0	0	0	0
552	38.177	25.146	50.4	25	0	0	50.4	25	36.923	26	10	18	46.085	24.737	4.2857	28	13.846	26	18.113	26.5
553	38.719	23.761	52.174	23	0	0	52.174	23	35	24	6.2069	29	40.993	24.882	7.5	24	15.652	23	23.143	23.333
554	34.904	18.909	54	20	0	0	54	20	33.75	16	15	16	48.75	16	4.2857	28	0	0	4.2857	28
555	43.802	21.917	44.444	27	0	0	44.444	27	56.25	16	8	15	64.222	15.882	10.909	22	19.091	22	30	22
556	41.113	23.837	53.077	26	0	0	53.077	26	40	21	10.588	17	50.261	20.294	12	25	9.6	25	21.6	25
557	49.307	17.442	56.667	18	0	0	56.667	18	47.143	14	12	20	57.692	15.6	16.667	18	18	20	34.571	19.091
558	35.201	30.113	52.5	32	2.5	24	54.848	31.724	27.857	28	10	30	37.821	28.556	4.8	25	8.5714	28	13.333	27
559	37.606	21.805	57.391	23	0	0	57.391	23	28.421	19	10.435	23	38.555	20.231	2	30	15.789	19	17.28	20.833
560	50.443	12.688	70	12	5.4545	11	75.419	11.933	55	12	6	10	60.845	11.833	10.588	17	7.0588	17	17.647	17
561	41.737	13.897	68.571	14	0	0	68.571	14	23.077	13	11.25	16	33.982	14.125	4.2857	14	18.462	13	22.727	13.2
562	30.593	12.421	60	14	0	0	60	14	30	2	7.5	8	24	5	0	0	18	10	18	10
563	46.763	18.818	65.455	22	0	0	65.455	22	51.429	14	10.588	17	61.644	14.6	4.6154	13	14.118	17	18.519	16.2
564	30.986	26.463	45	32	0	0	45	32	31.579	19	8.5714	14	39.633	18.167	5	24	10.588	17	15.152	19.8
565	29.487	35.269	34.5	40	0	0	34.5	40	30	30	7.7419	31	37.735	30.211	8.5714	35	9.0909	33	17.647	34
566	26.814	32.818	35.676	37	0	0	35.676	37	22.222	27	10.588	17	31.589	24.692	9.7297	37	6.2069	29	15.728	34.333
567	23.01	25.207	43.448	29	0	0	43.448	29	8.5714	14	17.143	14	25.714	14	3	20	3.3333	18	6.3158	19
568	16.329	15.923	38.571	14	4	15	42.553	14.1	0	0	0	0	0	0	5.4545	22	2.7273	22	8.1818	22
569	38.544	15.567	60	17	2.5	24	62.109	17.389	50	12	7.0588	17	56.104	12.833	0	0	0	0	0	0
570	41.002	14.633	68	15	0	0	68	15	25.714	14	25.714	14	51.429	14	0	0	3.75	16	3.75	16
571	36.257	21.513	45.6	25	3.1579	19	48.583	24.7	13.333	18	21.176	17	34.483	17.4	25.263	19	3.1579	19	28.421	19
572	30.573	25.513	36.364	33	2	30	38.348	32.857	15	20	18.75	16	33.333	18	12	15	18.75	16	30.72	15.625
573	29.641	22.941	38	30	0	0	38	30	18.75	16	16	15	34.714	15.556	10.909	11	20	12	30.857	11.667
574	35.604	20.222	52.5	24	0	0	52.5	24	15	16	15	16	30	16	6.6667	18	25	12	30.625	13.714
575	37.984	18.429	49.565	23	0	0	49.565	23	38.182	11	8	15	45.421	11.889	12	15	17.143	14	29.109	14.429
576	24.457	24.533	44	30	0	0	44	30	33.333	9	0	0	33.333	9	12	5	9.2308	13	17.419	10.333
577	16.425	25.571	37.241	29	0	0	37.241	29	40	3	6.6667	9	36	5	0	0	0	0	0	0
578	33.7	20.771	52.5	24	0	0	52.5	24	30	14	15.789	19	44.767	16.083	0	0	8	15	8	15
579	25.853	38.68	33.488	43	0	0	33.488	43	20.571	35	13.714	35	34.286	35	3.6364	33	7.0588	34	10.693	33.667
580	24.564	44.782	32.5	48	0	0	32.5	48	24.286	42	8.3721	43	32.654	42.261	1.1321	53	7.8947	38	8.8889	40.5
581	25.952	50.864	32.727	55	0.96774	62	33.68	55.226	21.6	50	2.9268	41	24.44	49.1	4	45	16.364	44	20.362	44.2
582	24.12	52.238	27.273	55	0	0	27.273	55	25.556	54	1.1321	53	26.687	53.958	6.6667	45	12.273	44	18.937	44.357
583	23.703	53.159	22.105	57	0	0	22.105	57	18.462	52	4.3636	55	22.814	52.6	12.941	51	13.469	49	26.4	50
584	20.18	57.483	18.387	62	0	0	18.387	62	24.211	57	2.1429	56	26.353	56.92	5.6604	53	10.385	52	16.044	52.357
585	17.815	61.745	22.5	64	0	0	22.5	64	12.203	59	4.8387	62	17.033	59.882	4.6875	64	9.3103	58	13.967	60.143
586	19.139	64.79	19.13	69	0	0	19.13	69	22.857	63	3.9344	61	26.788	62.714	0.98361	61	10.645	62	11.629	61.917
587	18.211	69.19	18.082	73	0	0	18.082	73	16.522	69	4.1667	72	20.682	69.625	5.7143	63	10.312	64	16.026	63.647
588	19.764	64.766	20.308	65	0	0	20.308	65	23.077	65	1.8462	65	24.923	65	6.5625	64	7.5	64	14.062	64
589	19.336	67.231	22.609	69	0	0	22.609	69	20.294	68	0.83333	72	21.125	68.167	5.1724	58	9.2308	65	14.362	62.667
590	14.186	76.13	14.286	84	0	0	14.286	84	13.421	76	1.6	75	15.021	75.895	7.3846	65	6.2687	67	13.65	65.933
591	14.096	78.036	12.414	87	0	0	12.414	87	15.2	75	2.4	75	17.6	75	3.3803	71	9.1667	72	12.546	71.733
592	13.891	82.07	17.442	86	0	0	17.442	86	13.902	82	0.82192	73	14.715	81.55	3.75	80	5.9155	71	9.6321	74.75
593	13.118	83.855	14.483	87	0	0	14.483	87	11.034	87	2.2222	81	13.248	86.053	3.9474	76	7.7922	77	11.739	76.667
594	10.737	83.822	10.323	93	0	0	10.323	93	11.86	86	0.78947	76	12.64	85.444	0.90909	66	8.8235	68	9.7319	67.818
595	14.382	77.875	16.296	81	0	0	16.296	81	10.976	82	1.5385	78	12.511	81.529	3.2432	74	11.304	69	14.535	70.176
596	14.877	75.286	14.815	81	0	0	14.815	81	14.026	77	1.6901	71	15.707	76.4	3.4783	69	10.909	66	14.382	66.75
597	16.001	76.246	16.364	77	0.78947	76	17.153	76.955	15.949	79	0.75	80	16.699	79.045	3.2432	74	10.986	71	14.225	71.706
598	15.179	75.105	17.25	80	0	0	17.25	80	13.151	73	3.0769	78	16.216	74	4.4118	68	7.8261	69	12.237	68.643
599	18.083	71.892	19.737	76	0	0	19.737	76	21.429	70	1.7647	68	23.192	69.852	2.6087	69	8.8235	68	11.432	68.231
600	13.5	77.038	17.25	80	0	0	17.25	80	15	76	0	0	15	76	3.1169	77	5.2174	69	8.3102	72.2
601	11.778	78.109	13.171	82	0	0	13.171	82	11.111	81	0.75	80	11.861	80.938	2.8125	64	7.7143	70	10.511	68.5
602	15.355	78.15	17.143	84	0	0	17.143	84	18.158	76	1.5385	78	19.695	76.16	2.4	75	7.0588	68	9.4408	69.909
603	12.843	76.306	12.857	84	0	0	12.857	84	17.838	74	0	0	17.838	74	1.519	79	6.6667	63	8.1135	66.556
604	12.674	77.327	14.074	81	0	0	14.074	81	10.976	82	0	0	10.976	82	4.1667	72	9.0909	66	13.235	68
605	13.722	75.788	13.171	82	0	0	13.171	82	12.911	79	2.3684	76	15.277	78.55	3.6364	66	9.5238	63	13.154	63.857
606	14.653	73.704	15.584	77	0.75949	79	16.343	77.095	13.6	75	2.3684	76	15.968	75.15	0	0	11.818	66	11.818	66
607	14.617	76.625	13.735	83	0	0	13.735	83	17.143	77	2.3684	76	19.511	76.88	0.77922	77	10.154	65	10.909	66
608	12.65	82.212	15	88	0	0	15	88	7.9518	83	1.3953	86	9.3456	83.462	1.6667	72	12.162	74	13.828	73.765
609	15.727	73.759	18.158	76	0	0	18.158	76	15.405	74	1.6216	74	17.027	74	1.7647	68	10.286	70	12.049	69.714
610	16.172	72.966	16.8	75	0.71429	84	17.505	75.409	17.6	75	1.7391	69	19.329	74.5	0	0	11.818	66	11.818	66
611	14.311	72.673	16.364	77	0	0	16.364	77	17.027	74	0	0	17.027	74	2	60	7.8689	61	9.8684	60.8
612	21.524	64.116	23.662	71	0.83333	72	24.495	71.034	19.385	65	1.8182	66	21.202	65.087	4.7059	51	15.294	51	20	51
613	24.348	57.5	24	65	0	0	24	65	25	60	2.1429	56	27.134	59.704	4	45	20	42	23.983	42.529
614	25.621	54.643	22.154	65	0	0	22.154	65	28.846	52	1.9672	61	30.759	52.667	11.489	47	14.286	42	25.694	44.368
615	18.853	68.954	23.143	70	0	0	23.143	70	18.857	70	0.82192	73	19.678	70.13	1.791	67	12	65	13.79	65.267
616	18.136	66.167	21.818	66	0	0	21.818	66	19.701	67	0	0	19.701	67	4.3478	69	8.5714	63	12.895	65.143
617	19.533	63.484	20.909	66	0	0	20.909	66	21.562	64	0	0	21.562	64	4.5455	66	11.786	56	16.237	59.125
618	12.95	78.765	14.458	83	0	0	14.458	83	13.784	74	0	0	13.784	74	5.3846	78	5.3165	79	10.701	78.5
619	15.525	79.871	20.488	82	0	0	20.488	82	15.19	79	1.4815	81	16.67	79.182	1.3793	87	8.1081	74	9.453	76.167
620	15.066	79.65	15.862	87	0	0	15.862	87	20	78	0	0	20	78	0.66667	90	9.0909	66	9.68	68.182
621	15.589	78.262	19.765	85	0	0	19.765	85	15.385	78	0	0	15.385	78	1.5789	76	10.645	62	12.158	64.154
622	19.815	71.662	17.778	81	0.65934	91	18.428	81.4	22.5	72	0.77922	77	23.276	72.179	4.3636	55	14.483	58	18.837	57.333
623	19.74	64.844	15.789	76	0.84507	71	16.631	75.762	20	66	1.6667	72	21.654	66.5	4.2105	57	18.367	49	22.492	50.684
624	16.584	69.948	16.8	75	0.95238	63	17.729	74.455	13.973	73	0	0	13.973	73	4.8387	62	13.548	62	18.387	62
625	16.339	80.788	18.621	87	0	0	18.621	87	15.556	81	0.77922	77	16.333	80.818	4.1096	73	10.286	70	14.39	70.882
626	15.728	80.111	14.824	85	0	0	14.824	85	15.904	83	1.4634	82	17.367	82.917	2.6087	69	12.676	71	15.283	70.667
627	7.8551	89.114	4.375	96	0	0	4.375	96	9.7826	92	1.25	96	11.031	92.471	0.63158	95	7.6923	78	8.2971	79.545
628	7.7498	95.486	5.9459	111	0	0	5.9459	111	7.7419	93	1.3953	86	9.1304	92	2.6667	90	5.7831	83	8.4375	85.333
629	8.0797	96.538	7.6364	110	0	0	7.6364	110	6.1224	98	1.9565	92	8.0732	96.615	2.1687	83	6.75	80	8.9164	80.75
630	7.5677	97.784	5.1923	104	0	0	5.1923	104	8.9109	101	0.67416	89	9.5761	100.25	4.7191	89	3.2967	91	8.0148	89.833
631	14.236	88.508	15.625	96	0	0	15.625	96	14.651	86	1.3636	88	16.014	86.174	1.5584	77	9.75	80	11.307	79.6
632	9.6577	95.261	11.765	102	0	0	11.765	102	10.435	92	1.2632	95	11.697	92.333	0	0	5.6471	85	5.6471	85
633	8.22	99.756	10.755	106	0	0	10.755	106	5.2427	103	1.3043	92	6.5347	101	3.2967	91	4.2353	85	7.5233	87.727
634	12.334	90.804	14.043	94	0	0	14.043	94	8.2979	94	3.2967	91	11.592	93.167	1.4634	82	10	84	11.463	83.75
635	7.202	99.972	5.1923	104	0	0	5.1923	104	9.3204	103	0.67416	89	9.9827	102.18	2.3077	104	4.2353	85	6.4795	92.6
636	9.0383	97.364	11.65	103	0	0	11.65	103	6.6	100	2.0455	88	8.6217	97.429	0	0	6.9767	86	6.9767	86
637	11.202	99.982	9.9083	109	0	0	9.9083	109	14.118	102	0.54545	110	14.66	102.32	0.72289	83	8.6747	83	9.3976	83
638	8.7891	102.4	6.9643	112	0	0	6.9643	112	13.398	103	0	0	13.398	103	0	0	6.2069	87	6.2069	87
639	7.1284	103.81	6.9027	113	0	0	6.9027	113	7.4286	105	0.65217	92	8.0714	104.07	3.0928	97	3.4884	86	6.5574	91.5
640	5.9288	97.828	7.2	100	0	0	7.2	100	6.0606	99	0.6	100	6.6606	99.091	0.61856	97	3.3333	90	3.9488	91.167
641	8.7542	100.52	7.9646	113	0	0	7.9646	113	9.697	99	0.68966	87	10.377	98.294	0.67416	89	7.5	88	8.1741	88.083
642	8.3251	103.3	7.5	112	0	0	7.5	112	10.857	105	0.57143	105	11.429	105	1.9565	92	4.3373	83	6.2791	86
643	7.6503	99.342	7.156	109	0	0	7.156	109	6.6	100	1.3043	92	7.8972	98.769	1.2371	97	6.8182	88	8.0447	89.5
644	8.8583	101.6	8.0357	112	0	0	8.0357	112	8.1553	103	1.8182	99	9.9712	102.29	0.70588	85	8.0899	89	8.7944	88.692
645	12.672	94.7	15.152	99	0	0	15.152	99	11.875	96	1.3187	91	13.19	95.524	0.72289	83	9.0698	86	9.7918	85.786
646	9.1084	96.614	7.4286	105	0	0	7.4286	105	7.6471	102	1.8947	95	9.5345	100.69	0	0	10.588	85	10.588	85
647	7.2626	101.89	3.9252	107	0	0	3.9252	107	12.816	103	0.57692	104	13.392	103.04	2.5806	93	1.9355	93	4.5161	93
648	7.7326	100.87	7.2222	108	0	0	7.2222	108	8.8235	102	1.1538	104	9.977	102.24	2	90	4.1379	87	6.1364	88
649	9.208	102.09	8.1818	110	0	0	8.1818	110	12.816	103	0	0	12.816	103	0.60606	99	6.2069	87	6.8027	88.2
650	7.0339	102.36	4.4262	122	0	0	4.4262	122	8.7379	103	1.25	96	9.9827	102.18	0	0	7.0588	85	7.0588	85
651	10.236	99.647	10.654	107	0	0	10.654	107	12.727	99	1.3333	90	14.05	98.217	1.2766	94	4.8837	86	6.1519	87.778
652	7.4548	101.95	5.3097	113	0	0	5.3097	113	7.7778	108	0.65934	91	8.4217	106.87	3.3708	89	5.5172	87	8.8869	87.769
653	5.4967	105.52	3	120	0	0	3	120	7.8505	107	0	0	7.8505	107	3.0612	98	2.7273	88	5.772	93.556
654	5.114	105.59	2.4	125	0	0	2.4	125	6.2857	105	0.59406	101	6.879	104.67	2.1429	112	4.1379	87	6.1856	97
655	6.4565	99.125	4.486	107	0	0	4.486	107	8.1553	103	0.66667	90	8.812	102.13	1.3187	91	4.8837	86	6.199	87.111
656	6.404	103.06	4.2857	112	0	0	4.2857	112	7.7064	109	1.3333	90	9.0035	106.62	0.58252	103	5.5172	87	6.0826	88.778
657	5.7143	112	3.9024	123	0	0	3.9024	123	8.9474	114	0	0	8.9474	114	0.57692	104	3.871	93	4.4411	94.571
658	6.2389	112.2	4.7619	126	0	0	4.7619	126	6.8421	114	0.55556	108	7.3962	113.57	4.2424	99	2.5	96	6.7409	97.909
659	6.392	106.38	4.4262	122	0	0	4.4262	122	8.4112	107	0.55046	109	8.9615	107.12	1.2245	98	4.8276	87	6.0373	89.444
660	4.7174	101.75	3.75	112	0	0	3.75	112	3.4286	105	0.58252	103	4.0109	104.71	3.0612	98	3.4483	87	6.4865	92.5
