# Time-series
# t	r	v	r_1_P	v_1_P	r_1_L	v_1_L	r_1	v_1	...
900	12.036	99.7	10.811	111	0	0	10.811	111	18.98	98	0	0	18.98	98	3.125	96	3.9344	61	6.7127	80.444
901	10.729	104.39	13.805	113	0	0	13.805	113	12.816	103	0	0	12.816	103	3.2258	93	3.0508	59	5.9813	80.25
902	9.3383	96.378	7.4336	113	0	0	7.4336	113	12	100	0	0	12	100	3.5294	85	6.5455	55	9.6159	68.636
903	13.55	100.37	16.316	114	0	0	16.316	114	14.694	98	0.63158	95	15.325	97.88	2.8916	83	7.5	64	10.237	70.333
904	11.438	104.92	13.393	112	0	0	13.393	112	15.882	102	0	0	15.882	102	2.9412	102	2.3377	77	5.1822	92.625
905	14.25	101.06	21.667	108	0	0	21.667	108	13.939	99	0.70588	85	14.632	98.417	2	90	5	72	6.9231	78
906	12.306	104.02	13.393	112	0	0	13.393	112	14.286	105	0.58252	103	14.868	104.92	3.4951	103	5.7534	73	8.9814	86.846
907	8.3929	112	6.5	120	0	0	6.5	120	11.892	111	0	0	11.892	111	6.2857	105	0.56075	107	6.8463	105.17
908	9.2349	110.45	11.597	119	0	0	11.597	119	10.755	106	0	0	10.755	106	5.5102	98	0	0	5.5102	98
909	15.544	101.65	20.917	109	0	0	20.917	109	18.98	98	0	0	18.98	98	2.9703	101	4.3478	69	7.0588	85
910	16.224	96.154	23.077	104	0	0	23.077	104	20.217	92	0.61224	98	20.827	92.188	0	0	5.5385	65	5.5385	65
911	12.462	105.92	14.054	111	0	0	14.054	111	15	108	0	0	15	108	4.3299	97	4.2353	85	8.5282	91.462
912	12.455	109.19	17.436	117	0	0	17.436	117	11.538	104	0.64516	93	12.177	103.48	7.9592	98	0	0	7.9592	98
913	17.337	98.059	22.642	106	0	0	22.642	106	22.105	95	0	0	22.105	95	1.978	91	5.9155	71	7.7922	77
914	11.369	105.55	13.274	113	0	0	13.274	113	13.269	104	0	0	13.269	104	6.1224	98	1.7647	68	7.7419	93
915	14.11	106.31	17.143	112	0	0	17.143	112	18.058	103	0.625	96	18.68	102.78	5.0943	106	1.6438	73	6.6	100
916	9.7034	105.12	9.1525	118	0	0	9.1525	118	11.429	105	0	0	11.429	105	4.5161	93	4.4444	81	8.9182	87.462
917	9.9716	106.3	10.957	115	0	0	10.957	115	13.019	106	0	0	13.019	106	1.2	100	5.0602	83	6.2228	86.778
918	9.7354	106.83	8.4211	114	0	0	8.4211	114	15	104	0.57692	104	15.577	104	4.6602	103	0.60606	99	5.2654	102.56
919	12.439	104.51	14.867	113	0	0	14.867	113	15.294	102	0	0	15.294	102	3.2967	91	4.1379	87	7.4309	88.818
920	9.4823	107.57	10.5	120	0	0	10.5	120	12.571	105	0	0	12.571	105	2.7907	86	3.0769	78	5.8537	82
921	11.379	107.21	8.6441	118	0.55556	108	9.1958	117.44	15.283	106	0	0	15.283	106	7.1287	101	2.7273	88	9.821	97.75
922	11.21	108.84	13.565	115	0	0	13.565	115	16	105	0	0	16	105	2.9126	103	1.2371	97	4.1467	101.29
923	14.288	103.58	16.174	115	0	0	16.174	115	17.308	104	0	0	17.308	104	1.2766	94	9.1667	72	10.347	75.385
924	13.193	106.11	15.385	117	0	0	15.385	117	15.6	100	1.2245	98	16.824	99.857	6.875	96	0.90909	66	7.7005	93.5
925	15.327	101.78	19.245	106	0	0	19.245	106	19.01	101	0.58252	103	19.592	101.06	5.0526	95	2.25	80	7.26	90.909
926	13.622	95.431	13.889	108	0	0	13.889	108	13.2	100	0.71429	84	13.897	99.304	5.5814	86	9.1525	59	14.225	71.706
927	13.163	103.32	14.336	113	0	0	14.336	113	15.577	104	0.6	100	16.176	103.86	3.1579	95	6.4865	74	9.5033	82.077
928	12.538	108.47	15.13	115	0	0	15.13	115	14.019	107	1.1538	104	15.172	106.78	5.4545	99	2.0225	89	7.4611	96.5
929	11.949	105.44	14.867	113	0	0	14.867	113	15.728	103	0.625	96	16.35	102.75	2.3762	101	2.7273	66	4.8837	86
930	10.413	105.64	10.169	118	0	0	10.169	118	14.706	102	0.625	96	15.329	101.77	3.2609	92	2.7907	86	6.0448	89.333
931	11.073	104.76	12	115	0	0	12	115	14.563	103	0.6	100	15.163	102.88	2.4242	99	4.1667	72	6.4286	84
932	14.325	101.92	18.378	111	0	0	18.378	111	16.8	100	1.3043	92	18.097	99.467	1.25	96	6	70	7.1261	75.778
933	13.958	100.3	15.963	109	0	0	15.963	109	17.938	97	0	0	17.938	97	5.9341	91	2.3684	76	8.2521	87.25
934	9.0311	104.09	10.345	116	0	0	10.345	116	11.068	103	0.60606	99	11.673	102.8	2.1429	84	3.6364	66	5.6977	73.714
935	12.844	101.22	13.274	113	0	0	13.274	113	14.563	103	0	0	14.563	103	7.4157	89	4.8	50	11.45	78.6
936	12.577	104.95	18.889	108	0	0	18.889	108	12.692	104	0.67416	89	13.353	103.35	4.7525	101	0.85714	70	5.5353	97.556
937	17.669	93.952	21.923	104	0	0	21.923	104	21.333	90	1.3333	90	22.667	90	1.5385	78	7.7143	70	9.2366	71.455
938	15.308	101.91	19.459	111	0	0	19.459	111	18	100	0	0	18	100	4.7191	89	4.5455	66	9.0661	79.417
939	10.848	108.78	14.087	115	0	0	14.087	115	14.286	105	0.6	100	14.884	104.81	2.3529	102	1.3333	90	3.6735	98
940	10.192	98.12	9.1892	111	0	0	9.1892	111	12	105	0	0	12	105	3.9474	76	6.7742	62	10.614	67.833
941	12.122	102.29	15.701	107	0	0	15.701	107	13.846	104	0.70588	85	14.529	103.24	3.6	100	3.2727	55	6.3529	85
942	8.831	108.71	7.8049	123	0	0	7.8049	123	10.286	105	0.61856	97	10.901	104.58	5.8824	102	2.2222	81	8.0285	97.154
943	10.17	108.16	12.522	115	0	0	12.522	115	11.429	105	0	0	11.429	105	6.6667	99	0	0	6.6667	99
944	14.777	93.391	22.574	101	0	0	22.574	101	12.667	90	0	0	12.667	90	2.449	98	7.619	63	9.6429	74.667
945	20.748	88.685	25.714	98	0	0	25.714	98	26.024	83	1.4118	85	27.435	83.105	0.73171	82	9.0411	73	9.7627	73.75
946	26.124	81.151	32.857	84	0	0	32.857	84	31.5	80	0	0	31.5	80	10.633	79	3.5294	68	14.107	76.556
947	10.679	106.75	7.1795	117	0	0	7.1795	117	16.822	107	0	0	16.822	107	5.567	97	2.6374	91	8.1973	95.154
948	10.471	108.88	10.435	115	0	0	10.435	115	16.262	107	0	0	16.262	107	4.1584	101	0.625	96	4.7821	100.38
949	6.8433	108.14	4.5	120	0	0	4.5	120	9.1071	112	0	0	9.1071	112	4.8485	99	2.4	75	7.1386	92.455
950	10.388	103.96	12	115	0	0	12	115	12.816	103	0	0	12.816	103	2.6087	92	4.4776	67	6.9132	78.111
951	14.729	99.123	15.413	109	0	0	15.413	109	18	100	1.2903	93	19.284	99.562	6.3158	76	3.8462	78	10.16	76.769
952	12.341	102.1	10.957	115	0	0	10.957	115	19.01	101	0	0	19.01	101	3.6585	82	4	75	7.6433	78.5
953	9.9351	112.73	12	120	0	0	12	120	13.636	110	0	0	13.636	110	2.9703	101	1.3483	89	4.3045	97.571
954	11.234	113.94	13.171	123	0	0	13.171	123	13.636	110	0	0	13.636	110	5.2427	103	1.8367	98	7.0762	101.75
955	9.4607	105.7	7.1186	118	0	0	7.1186	118	14.286	105	0	0	14.286	105	3.125	96	4.0909	88	7.2024	91.636
956	11.836	108.14	12.414	116	0	0	12.414	116	15.14	107	0	0	15.14	107	8.125	96	0	0	8.125	96
957	8.5202	107.98	8.8696	115	0	0	8.8696	115	12.336	107	0	0	12.336	107	4.4681	94	0	0	4.4681	94
958	10.226	105.61	11.695	118	0	0	11.695	118	10.485	103	0.68966	87	11.159	102.16	6.5934	91	1.7391	69	8.2443	87.333
959	9.3393	109.22	11.092	119	0	0	11.092	119	13.398	103	0	0	13.398	103	3	100	0.72289	83	3.705	97.167
960	16.626	96.238	19.817	109	0	0	19.817	109	18.75	96	0.6	100	19.349	96.129	1.4286	84	11.579	57	12.755	61.154
961	11.807	103.33	11.681	113	0	0	11.681	113	15.146	103	0	0	15.146	103	7.0968	93	2.069	58	8.9025	87.615
962	14.287	102.19	15.818	110	0	0	15.818	110	16.471	102	0.60606	99	17.076	101.9	7.0968	93	3.2877	73	10.266	87.667
963	12.282	105.85	15.263	114	0	0	15.263	114	15.728	103	0	0	15.728	103	3.2258	93	2.9268	82	6.1286	88.111
964	11.974	101.89	12.321	112	0	0	12.321	112	14.4	100	0.61856	97	15.018	99.88	4.5652	92	4.3373	83	8.8792	87.846
965	9.8066	110.13	10.084	119	0	0	10.084	119	13.211	109	0	0	13.211	109	4.2424	99	2.093	86	6.3091	95.1
966	8.8811	110.35	7.9339	121	0	0	7.9339	121	12	110	0	0	12	110	3.5644	101	3.3708	89	6.9077	95.545
967	7.288	107.03	4.1379	116	0	0	4.1379	116	12.545	110	0	0	12.545	110	3.913	92	1.4634	82	5.3631	89.5
968	10.328	108.45	12.101	119	0	0	12.101	119	11.215	107	0.6	100	11.812	106.67	5.9341	91	1.519	79	7.4309	88.818
969	10.375	104.09	8.8696	115	0	0	8.8696	115	15	104	0	0	15	104	6	90	1.5789	76	7.5468	87.455
970	17.645	97.477	21.553	103	0	0	21.553	103	22.105	95	0.57143	105	22.671	95.278	4.5652	92	4.3373	83	8.8792	87.846
971	12.693	105.57	17.838	111	0	0	17.838	111	13.981	103	0.61224	98	14.591	102.8	3.5294	102	2.3684	76	5.7857	93.333
972	8.0658	104.14	7.8947	114	0	0	7.8947	114	12.353	102	0	0	12.353	102	3.3333	90	0.83333	72	4.1379	87
973	11.057	88.633	11.215	107	0	0	11.215	107	8.6598	97	0	0	8.6598	97	2.3077	52	13.684	57	15.976	56.333
974	7.9698	107.91	7.8261	115	0	0	7.8261	115	9.4444	108	0	0	9.4444	108	6.0606	99	0.67416	89	6.7285	98.091
975	11.356	105.67	14.087	115	0	0	14.087	115	13.143	105	0.6383	94	13.774	104.54	1.8367	98	5	72	6.6942	80.667
976	14.66	103.68	22.018	109	0	0	22.018	109	14.717	106	0.71429	84	15.401	105.19	3	80	4.1667	72	7.1471	75.556
977	14.463	98.183	19.626	107	0	0	19.626	107	12.5	96	0.70588	85	13.197	95.476	8.7805	82	2.2785	79	11.057	81.4
978	18.54	97.089	22.941	102	0	0	22.941	102	21.25	96	0.66667	90	21.914	95.829	7.2527	91	3.7037	81	10.925	87.875
979	19.886	96.552	27	100	0	0	27	100	23.617	94	0.61856	97	24.235	94.079	6.4516	93	2.0455	88	8.4925	91.846
980	16.257	102.11	20.571	105	0.54545	110	21.116	105.14	19.806	103	0	0	19.806	103	5.7447	94	2.2785	79	7.9778	90.25
981	14.131	101.9	17.778	108	0	0	17.778	108	19.8	100	0.67416	89	20.466	99.676	2.093	86	2.3077	78	4.3902	82
982	13.35	100.37	17.615	109	0	0	17.615	109	14.694	98	0.625	96	15.319	97.92	1.8947	95	5.8333	72	7.6046	78.9
983	18.58	96.878	24.808	104	0	0	24.808	104	20.842	95	0.83333	72	21.628	94.324	6	80	3.75	80	9.75	80
984	16.916	96.951	21.346	104	0	0	21.346	104	17.684	95	0	0	17.684	95	8.6667	90	3.5294	68	12.025	84.824
985	8.5569	105.18	8.3478	115	0	0	8.3478	115	10.485	103	0	0	10.485	103	6.25	96	0.75949	79	6.9875	94.455
986	11.502	106.07	13.158	114	0	0	13.158	114	13.143	105	0	0	13.143	105	6.1224	98	2.4	75	8.4149	92.692
987	11.385	103.64	12	115	0	0	12	115	14.563	103	0.68966	87	15.237	102.38	2.3301	103	5.4545	66	7.4257	80.8
988	13.381	109.11	19.16	119	0	0	19.16	119	15.146	103	0.67416	89	15.808	102.48	2.4742	97	3.3333	72	5.6805	84.5
989	13.881	105.18	19.646	113	0	0	19.646	113	15.882	102	0	0	15.882	102	1.1765	102	5.4545	77	6.541	82.556
990	17.847	93.012	20.588	102	0	0	20.588	102	21.522	92	0	0	21.522	92	5.3846	78	6.7606	71	12.118	74.267
991	15.631	98.519	20.377	106	0	0	20.377	106	18.511	94	0	0	18.511	94	3.913	92	4.3902	82	8.2759	87
992	9.2098	108.58	11.795	117	0	0	11.795	117	10.755	106	0	0	10.755	106	3.913	92	1.3953	86	5.3039	90.5
993	8.7973	109.12	8.6441	118	0	0	8.6441	118	12.778	108	0	0	12.778	108	3.75	96	1.3953	86	5.1337	93.5
994	9.7362	110.93	11.282	117	0	0	11.282	117	13.211	109	0	0	13.211	109	4.8	100	0	0	4.8	100
995	15.36	98.961	22.075	106	0	0	22.075	106	15.789	95	1.3187	91	17.106	94.704	3.7113	97	3.871	62	7.2289	83
996	19.642	92.659	26.286	105	0	0	26.286	105	23.721	86	0.68182	88	24.402	86.057	0	0	10.169	59	10.169	59
997	11.437	103.17	15.536	112	0	0	15.536	112	12	100	0.63158	95	12.63	99.762	3.7895	95	3.1034	58	6.5323	82.667
998	8.8615	108.33	11.478	115	0	0	11.478	115	9.5327	107	0	0	9.5327	107	4.1584	101	1.6667	72	5.7109	94.556
999	20.017	90.923	29.091	99	0	0	29.091	99	18.876	89	1.4815	81	20.347	88.467	0.6	100	11.25	64	11.682	66.769
1000	14.608	102.68	21.468	109	0	0	21.468	109	15	100	0.81081	74	15.758	99	5.3933	89	1.4634	82	6.8493	87.6
1001	15.435	102.37	21.667	108	0	0	21.667	108	15.146	103	0.61856	97	15.762	102.78	3.7113	97	5.6757	74	9.2182	84.615
1002	12.991	101.61	20.556	108	0	0	20.556	108	11.4	100	0.61856	97	12.018	99.85	2.4742	97	4.6154	65	6.8163	79.222
1003	16.813	91.597	20.198	101	0	0	20.198	101	22.326	86	0	0	22.326	86	4.9412	85	3.5294	68	8.3737	78.818
1004	8.06	109.18	6.7241	116	0	0	6.7241	116	11.681	113	0.61224	98	12.283	112.35	2.5806	93	2.8235	85	5.3933	89
1005	13.734	103.39	19.459	111	0	0	19.459	111	14.851	101	0.70588	85	15.54	100.38	4.5161	93	2.8571	42	6.6122	81.667
1006	15.136	91.174	19.615	104	0.61856	97	20.231	103.8	20	84	0	0	20	84	0	0	7.0588	51	7.0588	51
1007	10.14	112.42	15	120	0	0	15	120	10.189	106	0	0	10.189	106	5.4	100	0	0	5.4	100
1008	14.317	97.786	16.262	107	0.57143	105	16.833	106.93	19.175	97	0	0	19.175	97	2.1951	82	5.625	64	7.7143	70
1009	18.829	87.098	21.935	93	0	0	21.935	93	23.448	87	1.519	79	24.955	86.556	6.1538	78	4	60	10	72
1010	12.069	102.74	15.556	108	0	0	15.556	108	15	100	0	0	15	100	3.6364	99	2.1429	84	5.7447	94
1011	18.879	91.105	22.887	97	0	0	22.887	97	23.077	91	0	0	23.077	91	8.3544	79	2.8125	64	11.084	75.786
1012	13.105	105.3	19.636	110	0	0	19.636	110	13.981	103	0	0	13.981	103	4.2	100	1.791	67	5.8273	92.667
1013	15.772	100.18	20.917	109	0	0	20.917	109	15.758	99	0.60606	99	16.364	99	5.25	80	5.4545	77	10.701	78.5
1014	7.634	107.41	7.1186	118	0	0	7.1186	118	10.189	106	0	0	10.189	106	4.375	96	1.3953	86	5.7583	93.778
1015	13.513	97.682	17.547	106	0	0	17.547	106	13.895	95	0.6383	94	14.533	94.957	4.8837	86	4	75	8.8434	81.417
1016	13.574	100.19	14.444	108	0	0	14.444	108	18	100	0	0	18	100	3.3708	89	5.25	80	8.597	83.75
1017	6.2867	114.53	7.8049	123	0	0	7.8049	123	8.1081	111	0	0	8.1081	111	3.0612	98	0	0	3.0612	98
1018	5.4444	102.86	3.0252	119	0	0	3.0252	119	6.7925	106	0	0	6.7925	106	5.3333	90	1.3793	87	6.7114	89.4
1019	8.5308	96.122	10.093	107	0	0	10.093	107	7.8261	92	1.3483	89	9.1732	91.571	3.3708	89	3.3333	72	6.6303	81.444
1020	10.452	97.588	12.336	107	0.58824	102	12.923	106.78	13.548	93	0.69767	86	14.242	92.682	1.2632	95	3.2877	73	4.4813	80.333
1021	16.595	90.387	21.649	97	0	0	21.649	97	18.667	90	0	0	18.667	90	2.3077	78	7.7143	70	10	72
1022	15.605	89.714	19.794	97	0	0	19.794	97	20.471	85	0	0	20.471	85	6.8354	79	0	0	6.8354	79
1023	8.8167	104.35	12.212	113	0.57143	105	12.781	112.67	9	100	0	0	9	100	3.4091	88	1.5385	78	4.9329	85.143
1024	8.6624	99.279	11.429	105	0	0	11.429	105	9.697	99	0.66667	90	10.358	98.471	2.0225	89	2.3684	76	4.3636	82.5
1025	10.735	95.02	12.233	103	0	0	12.233	103	11.368	95	0.66667	90	12.033	94.737	6.6667	81	1.5584	77	8.222	80.273
1026	14.419	91.545	20.204	98	0	0	20.204	98	16.552	87	0	0	16.552	87	3.75	80	3	80	6.75	80
1027	12.817	88.947	15.464	97	0	0	15.464	97	13.636	88	0	0	13.636	88	7.2	75	2.5714	70	9.7627	73.75
1028	11.72	92.148	15.6	100	0	0	15.6	100	11.591	88	0	0	11.591	88	8.25	80	0	0	8.25	80
1029	8.7224	87.132	12.258	93	0	0	12.258	93	9.8824	85	0	0	9.8824	85	1.6667	72	2.5714	70	4.2373	70.8
1030	15.994	73.78	14.286	84	0	0	14.286	84	21.37	73	0.86957	69	22.237	72.852	5.6604	53	6.6667	63	12.238	58.833
1031	7.3482	89.818	7.0213	94	0	0	7.0213	94	7.9121	91	0	0	7.9121	91	6.4286	84	0.73171	82	7.1599	83.8
1032	12.142	82.36	12.135	89	0	0	12.135	89	16.627	83	0	0	16.627	83	3.7975	79	4.5283	53	8.0066	67.444
1033	19.954	69.159	20.526	76	0	0	20.526	76	22.388	67	0	0	22.388	67	16.19	63	1.2	50	17.342	62.278
1034	22.872	68.205	24.658	73	0	0	24.658	73	26.769	65	0.89552	67	27.664	65.067	14.545	66	1.9672	61	16.503	65.444
1035	18.029	72.108	24.8	75	0	0	24.8	75	22.609	69	0	0	22.609	69	6.7606	71	0	0	6.7606	71
1036	17.517	74.215	23.25	80	0	0	23.25	80	16.438	73	0.74074	81	17.171	73.381	9.2308	65	3.5294	51	12.628	61.769
1037	12.824	77.98	15.904	83	0	0	15.904	83	13.077	78	0.83333	72	13.906	77.667	6.087	69	2.8125	64	8.8889	67.5
1038	11.785	81.458	14.348	92	0	0	14.348	92	13.6	75	0.77922	77	14.379	75.111	2.6471	68	4.5455	66	7.191	66.75
1039	16.51	72.683	21.039	77	0	0	21.039	77	21.429	70	0	0	21.429	70	5.5385	65	1.6901	71	7.218	66.5
1040	13.985	67.213	14.595	74	0	0	14.595	74	18.095	63	0.88235	68	18.972	63.25	7.5	64	1.2	50	8.6477	62.444
1041	16.021	63.667	20.87	69	0	0	20.87	69	16.19	63	0	0	16.19	63	0.98361	61	10.588	51	11.538	52
1042	21.22	58.435	21.905	63	0	0	21.905	63	22.759	58	0	0	22.759	58	15.849	53	3.4615	52	19.31	52.824
1043	20.94	58.262	19.688	64	0	0	19.688	64	26.897	58	0	0	26.897	58	12.941	51	3.8298	47	16.752	50.143
1044	20.609	59.197	24.59	61	0	0	24.59	61	22.373	59	1	60	23.373	59.043	3.2143	56	10.714	56	13.929	56
1045	22.36	51.879	25.091	55	0	0	25.091	55	28.163	49	0	0	28.163	49	8.2353	51	5.7692	52	14.003	51.417
1046	31.326	42.776	40.976	41	0	0	40.976	41	35.714	42	0	0	35.714	42	13.469	49	4.186	43	17.605	47.714
1047	32.19	48.462	38.4	50	0	0	38.4	50	36.522	46	0	0	36.522	46	19.2	50	2.6087	46	21.794	49.556
1048	31.243	51.852	37.091	55	0	0	37.091	55	36.735	49	0	0	36.735	49	18	50	2.1818	55	20.163	50.588
1049	24.831	52.354	39.184	49	0	0	39.184	49	22.759	58	0	0	22.759	58	6.6667	54	6.383	47	12.987	50.818
1050	17.595	64.789	24.348	69	0	0	24.348	69	17.538	65	0	0	17.538	65	7.0588	51	4.3636	55	11.407	52.6
1051	24.285	55.179	32.632	57	0	0	32.632	57	26.182	55	1.1111	54	27.293	54.96	6	50	7.0588	51	13.058	50.545
1052	26.014	56.123	28.065	62	0	0	28.065	62	30.566	53	1.0909	55	31.655	53.071	15.294	51	3.6	50	18.893	50.812
1053	29.377	49.699	36.735	49	0	0	36.735	49	36.522	46	0	0	36.522	46	9.3103	58	6.2069	58	15.517	58
1054	27.013	51.087	33.061	49	0	0	33.061	49	32.4	50	0	0	32.4	50	11.786	56	4.0678	59	15.845	56.8
1055	23.476	51.967	27.059	51	0	0	27.059	51	28.846	52	1.1111	54	29.956	52.077	7.7778	54	5.6604	53	13.437	53.583
1056	23.136	53.597	30.545	55	0	0	30.545	55	23.774	53	0	0	23.774	53	8.0769	52	7.0588	51	15.134	51.538
1057	22.794	56.156	30.526	57	0	0	30.526	57	26.182	55	0	0	26.182	55	5.2632	57	6.4286	56	11.691	56.455
1058	28.706	52.253	30.545	55	0	0	30.545	55	33.061	49	1.2245	49	34.286	49	19.245	53	2.2642	53	21.509	53
1059	28.828	47.87	31.2	50	0	0	31.2	50	33.913	46	0	0	33.913	46	20.426	47	1.0909	55	21.487	47.471
1060	25.033	50.333	29.412	51	0	0	29.412	51	29.388	49	1.2	50	30.587	49.04	8	60	7.8947	38	15.134	51.538
1061	33.576	46.462	38.75	48	0	0	38.75	48	35	48	3.6	50	38.594	48.194	8.5714	42	15.385	39	23.925	40.125
1062	28.617	50.319	35.769	52	0	0	35.769	52	27.059	51	0	0	27.059	51	17.872	47	5.3333	45	23.198	46.556
1063	29.697	51.184	35.769	52	0	0	35.769	52	35.769	52	1.2	50	36.968	51.938	11.25	48	5.2174	46	16.461	47.385
1064	13.973	55.821	13.585	53	0	0	13.585	53	15.789	57	0	0	15.789	57	7.2414	58	5.3571	56	12.595	57.167
1065	3.8496	83.125	0	0	0	0	0	0	6.8182	88	0	0	6.8182	88	4.8	75	0	0	4.8	75
1066	6.6278	75.44	2.4742	97	0	0	2.4742	97	10	78	0.83333	72	10.829	77.571	4.6875	64	2.6087	46	7.1359	58.857
1067	5.1012	82.333	2.1176	85	0	0	2.1176	85	6.8182	88	0	0	6.8182	88	4.8	75	1.6667	72	6.4646	74.25
1068	9.851	79.179	8	90	0	0	8	90	13.077	78	0	0	13.077	78	3.5821	67	5.2174	69	8.7977	68.2
1069	10.744	85.63	8.125	96	0	0	8.125	96	11.86	86	1.3187	91	13.175	86.526	10.13	77	1.3043	46	11.232	74.786
1070	10.227	89.957	10	96	0	0	10	96	13.333	90	0	0	13.333	90	5.9259	81	1.5584	77	7.4813	80.2
1071	9.1683	89.439	8.5714	98	0	0	8.5714	98	11.333	90	0	0	11.333	90	7.1053	76	0.74074	81	7.8431	76.5
1072	9.2499	95.136	8.0769	104	0	0	8.0769	104	13.043	92	0	0	13.043	92	6.7416	89	0	0	6.7416	89
1073	8.6991	98.86	8.7273	110	0	0	8.7273	110	11.875	96	0.54545	110	12.41	96.7	2.069	87	3.2432	74	5.2783	79.571
1074	6.5873	97.156	5.4054	111	0	0	5.4054	111	10.213	94	0	0	10.213	94	2.0455	88	2.3377	77	4.3636	82.5
1075	10.089	93.17	8.4906	106	0	0	8.4906	106	13.846	91	0	0	13.846	91	7.5	80	0.76923	78	8.2688	79.818
1076	5.998	100.03	5.4545	110	0	0	5.4545	110	8.5714	98	0.65217	92	9.2213	97.6	2.5	96	1.1321	53	3.4325	87.4
1077	8.3045	89.108	5.8824	102	0	0	5.8824	102	10.213	94	0	0	10.213	94	3.7975	79	5.7143	63	9.392	70.273
1078	8.4618	92.179	4.5714	105	0	0	4.5714	105	12.371	97	0	0	12.371	97	5.4545	77	3.4783	69	8.908	74.091
1079	8.8554	94.857	9.0566	106	0	0	9.0566	106	10.105	95	0.71429	84	10.81	94.353	7.1053	76	0	0	7.1053	76
1080	6.3265	98	5	108	0	0	5	108	8.4848	99	0	0	8.4848	99	5.6471	85	0	0	5.6471	85
1081	8.7598	93.61	7.2222	108	0	0	7.2222	108	12.391	92	0	0	12.391	92	6	80	1.3043	46	7.0845	76.222
1082	8.5631	98.095	7.7064	109	0	0	7.7064	109	10.909	99	0	0	10.909	99	4.2857	84	3.1169	77	7.3892	81.2
1083	10.002	93.979	7.7064	109	0	0	7.7064	109	15.506	89	0	0	15.506	89	5.5814	86	1.5385	78	7.109	84.4
1084	6.879	104.67	6.8421	114	0	0	6.8421	114	8.0769	104	0.58824	102	8.665	103.87	3.75	96	1.5789	76	5.2747	91
1085	8.3861	97.78	7.9646	113	0	0	7.9646	113	11.489	94	0	0	11.489	94	3.75	80	2.4324	74	6.1736	77.75
1086	8.0147	107.3	6.1017	118	0	0	6.1017	118	11.321	106	0	0	11.321	106	6.7347	98	0	0	6.7347	98
1087	6.8753	104.72	7.1795	117	0	0	7.1795	117	7.5728	103	0	0	7.5728	103	2.9703	101	3.3333	72	6.1286	88.111
1088	9.9697	96.292	9.4444	108	0	0	9.4444	108	12.6	100	0	0	12.6	100	5.2174	69	3.5294	68	8.7464	68.6
1089	8.5854	102.5	6.5546	119	0	0	6.5546	119	11.765	102	0	0	11.765	102	4.7191	89	3.2	75	7.8657	83.909
1090	6.8918	104.47	5.8407	113	0	0	5.8407	113	8.4112	107	0.68966	87	9.078	105.75	4.375	96	1.5584	77	5.8838	91.778
1091	7.9933	102.59	6.0504	119	0	0	6.0504	119	9.4118	102	0.59406	101	10.006	101.94	3.3333	90	4.9412	85	8.2679	87.083
1092	7.8475	94.297	6	110	0	0	6	110	11.209	91	0.71429	84	11.919	90.611	2.7907	86	3.1579	76	5.9259	81
1093	9.3296	96.467	8.972	107	0	0	8.972	107	13.125	96	0	0	13.125	96	3.8961	77	2.3684	76	6.2643	76.625
1094	10.277	101.19	11.053	114	0	0	11.053	114	14.375	96	0	0	14.375	96	2.6667	90	3.2	75	5.8182	82.5
1095	11.652	99.552	14.182	110	0	0	14.182	110	13.939	99	0	0	13.939	99	4.1096	73	3.5294	68	7.6295	70.778
1096	18.04	87.582	25.435	92	0	0	25.435	92	20.471	85	0	0	20.471	85	4.186	86	4.2857	70	8.3834	78.727
1097	16.709	89.773	25.263	95	0	0	25.263	95	17.045	88	0.8	75	17.829	87.5	3.8462	78	3.5821	67	7.386	73.111
1098	17.96	84.632	24	90	0	0	24	90	18.072	83	1.4634	82	19.536	82.926	6.3158	76	4.3478	69	10.64	73.308
1099	13.476	92.016	19.394	99	0	0	19.394	99	13.483	89	0.70588	85	14.188	88.81	2.4324	74	4.8	75	7.2321	74.667
1100	14.552	93.456	19.8	100	0	0	19.8	100	15.165	91	0.68182	88	15.846	90.875	1.2632	95	7.1053	76	8.3066	79.455
1101	17.431	94.085	24.124	97	0	0	24.124	97	20.217	92	0	0	20.217	92	8	90	0	0	8	90
1102	11.202	103.55	16.757	111	0	0	16.757	111	12.6	100	0	0	12.6	100	2.3684	76	2.2785	79	4.6452	77.5
1103	18.774	91.616	25.979	97	0	0	25.979	97	22.667	90	0	0	22.667	90	3.7037	81	4.4118	68	8.0537	74.5
1104	17.177	93.15	19.8	100	0	0	19.8	100	17.609	92	0	0	17.609	92	11.294	85	3.1169	77	14.388	83.4
1105	14.283	100.82	19.223	103	0	0	19.223	103	16.471	102	0	0	16.471	102	5.8696	92	1.3636	88	7.2311	91.273
1106	16.987	94.188	21.98	101	0	0	21.98	101	21.099	91	0.66667	90	21.765	90.97	2.9268	82	4.6154	78	7.5377	79.6
1107	18.378	84.885	26.292	89	0	0	26.292	89	19.765	85	0	0	19.765	85	3.4286	70	6	70	9.4286	70
1108	19.227	86.337	26.374	91	0	0	26.374	91	21.687	83	0	0	21.687	83	5.8537	82	3.9474	76	9.7876	79.692
1109	20.437	92.968	26.875	96	0	0	26.875	96	21.935	93	0	0	21.935	93	11.86	86	0.75	80	12.607	85.667
1110	14.494	97.972	22.574	101	0	0	22.574	101	15.306	98	1.4286	84	16.707	96.963	1.2245	98	3.1579	76	4.32	83.333
1111	20.186	91.152	24.375	96	0	0	24.375	96	25.618	89	0	0	25.618	89	7.1429	84	3.5714	84	10.714	84
1112	16.245	93.566	21.875	96	0.625	96	22.5	96	16.774	93	0.72289	83	17.489	92.63	6.7416	89	2.0455	88	8.7868	88.769
1113	15.955	89	25.806	93	0	0	25.806	93	16.047	86	0	0	16.047	86	0.67416	89	5.5263	76	6.1836	77.625
1114	15.341	91.257	19.01	101	0	0	19.01	101	16.364	88	0	0	16.364	88	6.4	75	4.8649	74	11.264	74.571
1115	14.191	95.838	18.857	105	0	0	18.857	105	13.895	95	0	0	13.895	95	0	0	10.541	74	10.541	74
1116	17.387	87.421	22.105	95	0	0	22.105	95	21.429	84	1.4634	82	22.891	83.875	1.4458	83	6.2687	67	7.6535	70.556
1117	9.8827	99.163	12.897	107	0	0	12.897	107	11.875	96	0	0	11.875	96	4.2353	85	0.9375	64	5.122	82
1118	18.796	85.125	27.097	93	0	0	27.097	93	20	81	0.70588	85	20.704	81.143	2	60	7.5	64	9.4937	63.2
1119	26.572	77.524	33.253	83	0	0	33.253	83	30.789	76	0.83333	72	31.621	75.9	8.6957	69	6.6667	63	15.332	66.529
1120	17.963	83.507	18.202	89	0	0	18.202	89	25.185	81	0	0	25.185	81	9.8734	79	0.75949	79	10.633	79
1121	14.654	103.72	18	110	0	0	18	110	16.311	103	0.58824	102	16.899	102.97	7.1739	92	2.1176	85	9.2818	90.5
1122	8.9756	102.5	10.556	108	0	0	10.556	108	10.485	103	0	0	10.485	103	4.5161	93	1.519	79	6.0074	89.889
1123	16.025	91.11	22.653	98	0	0	22.653	98	16.854	89	0	0	16.854	89	4.8	75	4.2857	70	9.075	72.727
1124	17.667	89.43	24	95	0	0	24	95	18.876	89	0	0	18.876	89	6.3158	76	4.2254	71	10.53	74.077
1125	9.4612	109.92	8	120	0	0	8	120	12.432	111	0	0	12.432	111	6.8041	97	1.3636	88	8.1577	95.615
1126	12.262	104.39	15.398	113	0	0	15.398	113	15.882	102	0	0	15.882	102	0.72289	83	5.1852	81	5.9077	81.25
1127	13.048	108.83	17.739	115	0	0	17.739	115	15	108	0.6	100	15.597	107.71	4.6154	91	1.4634	82	6.0674	89
1128	9.0371	106.23	11.56	109	0	0	11.56	109	10.654	107	0	0	10.654	107	4.375	96	0.57143	105	4.9421	97.125
1129	13.075	85.661	16.304	92	0	0	16.304	92	11.461	89	0.83333	72	12.265	88.056	3.4091	88	8.1356	59	11.118	70.154
1130	22.601	80.527	27.273	88	0	0	27.273	88	25.385	78	2.4658	73	27.841	77.583	5.7534	73	7.619	63	13.3	67.667
1131	17.157	87.427	23.333	90	0	0	23.333	90	17.931	87	0.77922	77	18.7	86.63	8.5714	84	1	60	9.4944	82.154
1132	10.657	103.22	12	110	0	0	12	110	14.706	102	0	0	14.706	102	3.1915	94	2.2785	79	5.4314	88.375
1133	13.167	92.656	17.4	100	0.59406	101	17.994	100.03	16.18	89	0	0	16.18	89	0.92308	65	4.8	75	5.7087	73.571
1134	19.231	85.28	25.806	93	0	0	25.806	93	20.964	83	1.4458	83	22.41	83	1.6901	71	8.7097	62	10.371	63.636
1135	18.729	81.158	24	90	0	0	24	90	19.231	78	0.76923	78	20	78	6.6667	72	6.6667	54	13.067	64.286
1136	16.078	94.539	20.388	103	0	0	20.388	103	18.913	92	0.60606	99	19.516	92.233	2.5352	71	6.4	75	8.9299	73.909
1137	13.408	95.469	16.04	101	0	0	16.04	101	17.234	94	0	0	17.234	94	3.125	96	4.1096	73	7.1006	84.5
1138	12.556	98.758	18.462	104	0	0	18.462	104	14.375	96	1.3793	87	15.743	95.28	2.0225	89	1.6438	73	3.632	82.6
1139	9.7276	102.8	10.862	116	0	0	10.862	116	10.485	103	0	0	10.485	103	5.122	82	3.4783	69	8.5412	77.273
1140	9.3533	104.78	10.811	111	0	0	10.811	111	10.962	104	0	0	10.962	104	3.4951	103	3	80	6.3966	93.8
1141	18.767	84.19	26.374	91	0	0	26.374	91	19.5	80	2.9268	82	22.425	80.267	1.791	67	6.2687	67	8.0597	67
1142	27.137	67.804	33.333	72	0	0	33.333	72	30.462	65	1.0526	57	31.499	64.765	11.642	67	5.2632	57	16.817	64.222
1143	19.067	84.963	26.667	90	0	0	26.667	90	19.059	85	0	0	19.059	85	5.3165	79	6.7742	62	11.915	70.5
1144	17.136	89.87	23.265	98	0	0	23.265	98	15.682	88	2.069	87	17.751	87.885	5.2174	69	5.9155	71	11.131	70.077
1145	17.174	90.833	22.424	99	0	0	22.424	99	22.326	86	0.76923	78	23.088	85.758	1.5584	77	4.9315	73	6.4865	74
1146	16.745	95.55	22.353	102	0	0	22.353	102	18.71	93	0	0	18.71	93	5.5172	87	4	75	9.4678	82.385
1147	12.297	104.09	17.297	111	0	0	17.297	111	12.233	103	0.61856	97	12.85	102.73	5.7143	84	1.3483	89	7.0588	85
1148	9.5003	105.26	8.7931	116	0	0	8.7931	116	15.728	103	0	0	15.728	103	1.8947	95	2.4	75	4.2353	85
1149	12.901	97.667	15.849	106	0	0	15.849	106	15.789	95	0	0	15.789	95	6.4286	84	1.1111	54	7.4074	81
1150	17.549	93.451	23.301	103	0	0	23.301	103	18.71	93	0	0	18.71	93	2.5	72	9.5238	63	11.986	65.077
1151	12.388	101.71	14.727	110	0	0	14.727	110	14.4	100	0.58824	102	14.988	100.08	3.956	91	3.8462	78	7.7564	85.091
1152	11.373	102	16.514	109	0	0	16.514	109	13.333	99	0	0	13.333	99	4.6154	78	0	0	4.6154	78
1153	14.269	91.108	17.647	102	0	0	17.647	102	14.667	90	1.5385	78	16.18	89	2.1951	82	8	60	10	66
1154	14.235	96.942	19.429	105	0	0	19.429	105	13.895	95	0.83333	72	14.681	94	6.506	83	2.5714	70	9.0282	79.75
1155	24.876	75.574	32.195	82	0	0	32.195	82	24.8	75	0.9375	64	25.718	74.656	8.4375	64	9.1525	59	17.561	61.5
1156	23.147	76.899	33.947	76	0	0	33.947	76	27.273	77	0	0	27.273	77	3.7975	79	4.4444	81	8.2406	80.091
1157	12.33	102.19	15.701	107	0	0	15.701	107	17.228	101	0	0	17.228	101	2.0225	89	2.1951	82	4.2105	85.5
1158	8.4068	109.43	8.2051	117	0	0	8.2051	117	12.336	107	0	0	12.336	107	4.7525	101	0	0	4.7525	101
1159	12.262	104.39	16.757	111	0	0	16.757	111	12.941	102	0	0	12.941	102	5.7447	94	1.6	75	7.2892	90.545
1160	14.77	94.786	20.571	105	0	0	20.571	105	13.043	92	2.1176	85	15.15	91.087	2.25	80	7.3846	65	9.5526	69.091
1161	13.23	96.75	16.822	107	0	0	16.822	107	13.608	97	0	0	13.608	97	8.4507	71	1.7391	69	10.189	70.667
1162	18.195	92.333	25.2	100	0	0	25.2	100	20.217	92	0	0	20.217	92	0	0	10.312	64	10.312	64
1163	18.853	94.416	23.654	104	0	0	23.654	104	22.174	92	0.67416	89	22.847	91.914	3.2877	73	7.7143	70	10.998	70.923
1164	9.105	101.04	8.9474	114	0	0	8.9474	114	10.2	100	1.2766	94	11.472	99.368	3.871	93	3.6364	66	7.2993	82.2
1165	10.455	107.12	12.308	117	0	0	12.308	117	11.321	106	0.60606	99	11.924	105.67	6.1364	88	1.3333	90	7.4691	88.364
1166	9.5607	106.69	10.088	113	0	0	10.088	113	12	105	0	0	12	105	5.9406	101	0.75949	79	6.6667	99
1167	12.43	99.758	14.444	108	0	0	14.444	108	16.364	99	0	0	16.364	99	2.7907	86	4.1667	72	6.9034	78.222
1168	16.873	87.716	24.49	98	0	0	24.49	98	13.953	86	2.1687	83	16.12	85.609	1.5789	76	10.8	50	12.06	54.727
1169	19.521	85.036	25.625	96	0	0	25.625	96	19.518	83	0.67416	89	20.189	83.214	2.5	48	12.414	58	14.848	56.571
1170	15.841	92.164	19.8	100	0	0	19.8	100	20.455	88	0	0	20.455	88	4.0909	88	3.6923	65	7.6142	78.8
1171	10.79	103.8	13.514	111	0	0	13.514	111	13.529	102	0	0	13.529	102	2.5532	94	3.038	79	5.5491	86.5
1172	10.36	102.32	12	110	0	0	12	110	11.287	101	0	0	11.287	101	6.25	96	1.9355	62	7.9705	90.333
1173	12.59	104.85	17.297	111	0	0	17.297	111	14.118	102	0	0	14.118	102	5.2174	92	1.3043	92	6.5217	92
1174	16.335	93.053	24.848	99	0	0	24.848	99	15.824	91	0.70588	85	16.527	90.76	3.2	75	4.8649	74	8.0645	74.4
1175	15.745	99.077	20.187	107	0	0	20.187	107	20.842	95	0	0	20.842	95	4.9412	85	1.6438	73	6.5587	82.333
1176	14.825	98.479	17.944	107	0	0	17.944	107	17.938	97	1.3187	91	19.252	96.613	3.7037	81	4.1096	73	7.7922	77
1177	15.354	99	20.377	106	0	0	20.377	106	15.758	99	0.6383	94	16.394	98.815	2	90	7.7922	77	9.75	80
1178	11.056	106.73	12.105	114	0	0	12.105	114	14.563	103	0	0	14.563	103	6.6	100	0	0	6.6	100
1179	15.806	99.962	22.569	109	0	0	22.569	109	16.596	94	0	0	16.596	94	3.7113	97	5.3731	67	8.7805	82
1180	17.199	96.518	20.556	108	0	0	20.556	108	21.064	94	0	0	21.064	94	4.4444	81	6.8852	61	11.106	70.231
1181	8.5564	107.52	8.2051	117	0	0	8.2051	117	10.654	107	1.2121	99	11.86	106.24	4.2424	99	1.6	75	5.7651	93.667
1182	11.327	102.41	10	114	0	0	10	114	15.882	102	0	0	15.882	102	3.956	91	4.557	79	8.4706	85
1183	13.174	103.24	17.064	109	0	0	17.064	109	14.563	103	0.59406	101	15.157	102.92	4.4211	95	3.2	75	7.5233	87.727
1184	14.542	96.271	16.415	106	0	0	16.415	106	18.511	94	0	0	18.511	94	3.1915	94	6.2687	67	9.2013	78.25
1185	12.991	98.531	13.274	113	0	0	13.274	113	17.5	96	0.60606	99	18.105	96.103	1.3187	91	7.5	64	8.6455	69.4
1186	12.733	108.38	16.034	116	0	0	16.034	116	15.849	106	0	0	15.849	106	5.8696	92	0.69767	86	6.5646	91.4
1187	9.9503	104.52	9.3103	116	0	0	9.3103	116	12.692	104	0.57143	105	13.264	104.04	3.6364	99	4.1667	72	7.6101	86.727
1188	7.9192	106.07	10.364	110	0	0	10.364	110	8	105	0.60606	99	8.6042	104.6	3.4951	103	1.3483	89	4.8241	99.5
1189	10.052	105.45	11.15	113	0	0	11.15	113	12	110	0	0	12	110	1.8947	95	5.7534	73	7.5377	79.6
1190	11.453	110.02	12.893	121	0	0	12.893	121	14.717	106	0	0	14.717	106	4.4211	95	2.6374	91	7.0554	93.545
1191	10.19	109.91	10.957	115	0	0	10.957	115	14.727	110	0.58252	103	15.308	109.75	1.7822	101	2.6374	91	4.4078	95.286
1192	8.2047	112.13	6.5	120	0	0	6.5	120	11.786	112	0.50847	118	12.293	112.26	5.2941	102	0.61224	98	5.9055	101.6
1193	8.1982	114.66	7.2581	124	0	0	7.2581	124	9.2308	117	1.1881	101	10.399	115.4	5.1429	105	1.9565	92	7.0762	101.75
1194	9.051	114.9	10.732	123	0	0	10.732	123	10.526	114	0.68966	87	11.179	112.71	4.5714	105	0.96774	62	5.388	100.22
1195	13.551	103.31	16.842	114	0	0	16.842	114	16.2	100	0.64516	93	16.842	99.75	1.6071	112	6.4615	65	7.5853	79.1
1196	10.076	107.19	6.4463	121	0	0	6.4463	121	14.862	109	0.6	100	15.458	108.68	5.8696	92	2.7907	86	8.6519	90.154
1197	5.618	106.8	3.871	124	0	0	3.871	124	7.9245	106	0	0	7.9245	106	1.7822	101	3.5294	85	5.2747	91
1198	6.7969	111.82	4.5802	131	0	0	4.5802	131	9.5327	107	0	0	9.5327	107	5.7692	104	0.75	80	6.4821	101.82
1199	9.2959	109.73	6.8852	122	0	0	6.8852	122	13.514	111	0	0	13.514	111	5.7447	94	2.0225	89	7.7628	92.75
1200	11.124	113.27	13.388	121	0	0	13.388	121	13.514	111	0	0	13.514	111	6	100	0.6383	94	6.6362	99.455
