# Time-series
# t	r	v	r_1_P	v_1_P	r_1_L	v_1_L	r_1	v_1	...
900	12.17	123.25	16	135	0	0	16	135	13	120	0	0	13	120	5.4	100	2.6374	91	8.0222	97.231
901	7.9032	124	6.5217	138	0	0	6.5217	138	9.1935	124	0	0	9.1935	124	8.1818	110	0	0	8.1818	110
902	7.6115	126.12	7.7698	139	0	0	7.7698	139	8.8525	122	0	0	8.8525	122	6.3717	113	0	0	6.3717	113
903	9.3724	119.5	9.2647	136	0	0	9.2647	136	10.588	119	0.65934	91	11.212	117.73	4.7059	102	3.4884	86	8.138	95.846
904	7.7602	123.71	6.5693	137	0	0	6.5693	137	11.129	124	0	0	11.129	124	5.1429	105	0.69767	86	5.8196	103.1
905	10.325	122.03	11.471	136	0	0	11.471	136	10.413	121	0.58252	103	10.983	120.18	4.4444	108	4.5652	92	8.9523	100.53
906	12.333	113.51	15.122	123	0	0	15.122	123	12.857	112	0	0	12.857	112	3.9252	107	5.5172	87	9.3426	96.333
907	10.689	129.1	15.429	140	0	0	15.429	140	12.295	122	0	0	12.295	122	3.3333	108	1.4118	85	4.6944	102.25
908	11.382	114.22	15.968	124	0	0	15.968	124	11.15	113	0.57143	105	11.719	112.64	1.4458	83	5.5814	86	7.0258	85.4
909	8.0614	131.49	7.3077	156	0	0	7.3077	156	11.613	124	0.69767	86	12.247	122.48	1.9672	122	3.2967	91	5.1538	104.78
910	6.7225	139.83	8.5714	154	0	0	8.5714	154	7.2727	132	0	0	7.2727	132	3.9024	123	0.68182	88	4.5336	119.11
911	11.281	129.42	14.468	141	0	0	14.468	141	12.787	122	0	0	12.787	122	6.8421	114	0	0	6.8421	114
912	10.454	120.52	14.308	130	0.51724	116	14.819	129.56	12.212	113	0	0	12.212	113	1.9672	122	2.6667	90	4.5283	106
913	12.259	114.2	16.585	123	0	0	16.585	123	12.105	114	1.2121	99	13.298	112.8	2.5532	94	4.7727	88	7.3185	90.182
914	14.738	113.99	19.16	119	0	0	19.16	119	17.143	112	0	0	17.143	112	4.8649	111	3.1915	94	8.0054	104.93
915	11.354	123.3	13.881	134	0	0	13.881	134	14.237	118	0	0	14.237	118	5.5556	108	0.64516	93	6.1893	106.64
916	12.131	117.06	11.642	134	0	0	11.642	134	17.838	111	0	0	17.838	111	3.4951	103	3.956	91	7.4227	97
917	11.616	123.97	15.909	132	0	0	15.909	132	13.5	120	0	0	13.5	120	4.3243	111	1.3483	89	5.6285	106.6
918	8.3901	126.34	10.299	134	0	0	10.299	134	8.0952	126	1.0811	111	9.1624	124.42	3.9669	121	1.9149	94	5.808	113.64
919	8.5213	126.74	10.07	143	0	0	10.07	143	7.619	126	0.65934	91	8.2297	123.94	4.5714	105	3.2258	93	7.7701	100.38
920	9.0231	121.91	9.4964	139	0	0	9.4964	139	9.4215	121	0	0	9.4215	121	6	100	2.7586	87	8.724	96.286
921	10.325	125.91	12.174	138	0	0	12.174	138	11.311	122	0	0	11.311	122	5.4054	111	2.3762	101	7.7675	108.14
922	8.3788	126.51	9.2308	143	0	0	9.2308	143	10.244	123	0	0	10.244	123	3.6735	98	2.4742	97	6.1475	97.6
923	7.2714	121.02	6.6176	136	0	0	6.6176	136	8.9256	121	0	0	8.9256	121	3.8532	109	2.7907	86	6.5583	100.64
924	12.521	118.2	13.636	132	0	0	13.636	132	14.609	115	0.65934	91	15.24	114.17	6.6	100	2.5532	94	9.1463	98.4
925	8.6762	129.09	8.75	144	0	0	8.75	144	12	125	0	0	12	125	4.3243	111	1.25	96	5.5556	108
926	12.973	115.63	16.535	127	0	0	16.535	127	12.973	111	1.7647	102	14.727	110	2.7523	109	5.3933	89	8.0668	96.692
927	12.031	121.36	11.364	132	0	0	11.364	132	17	120	0	0	17	120	7.2897	107	0.68182	88	7.9513	105.64
928	10.533	117.73	11.818	132	0	0	11.818	132	12.743	113	0.58824	102	13.326	112.56	3.6735	98	3.2258	93	6.8946	95.727
929	11.639	115.13	14.762	126	0	0	14.762	126	12.522	115	0.66667	90	13.158	114	2.6966	89	4.8837	86	7.5783	87.091
930	12.683	116.69	15.231	130	0	0	15.231	130	13.043	115	0	0	13.043	115	3.125	96	7.3333	90	10.449	91.875
931	10.079	123.03	13.488	129	0	0	13.488	129	9.6774	124	0.57692	104	10.24	123.05	5.9459	111	0.73171	82	6.6309	108.58
932	8.6666	129.23	9.7183	142	0	0	9.7183	142	8.7692	130	0.625	96	9.3531	128.3	4	120	3.3708	89	7.2171	108.08
933	10.095	120.85	11.278	133	0	0	11.278	133	12.308	117	0.61856	97	12.909	116.2	3.8182	110	2.5806	93	6.3573	103.82
934	11.677	113.05	15.372	121	0	0	15.372	121	11.892	111	2.6374	91	14.455	107.92	2.069	116	3.4091	88	5.3761	100.44
935	11.399	119.31	14.531	128	0	0	14.531	128	12.712	118	0	0	12.712	118	4	105	3.2609	92	7.2301	99.583
936	7.6502	117.64	7.5556	135	0	0	7.5556	135	9.8276	116	0	0	9.8276	116	3.2967	91	2.8235	85	6.1132	88.333
937	9.8729	125.6	13.139	137	0	0	13.139	137	10.413	121	0.55556	108	10.963	120.41	3.2143	112	2.6966	89	5.8366	102.8
938	9.4352	120.82	12.857	126	0	0	12.857	126	9.8361	122	0	0	9.8361	122	3.75	112	2.069	87	5.7416	104.5
939	14.03	115.47	18.689	122	0	0	18.689	122	16.991	113	0	0	16.991	113	4.5714	105	2.069	87	6.594	100.09
940	16.327	107.8	21.724	116	0	0	21.724	116	16.571	105	1.2903	93	17.846	104.23	4.3299	97	5.4545	88	9.7614	92.2
941	10.289	112.74	11.429	126	0	0	11.429	126	12.661	109	0	0	12.661	109	3.6735	98	3.5714	84	7.2024	91.636
942	7.8864	124.27	6.4748	139	0	0	6.4748	139	11.22	123	0	0	11.22	123	3.7168	113	2.5	96	6.1787	106.82
943	8.4858	122.56	7.7143	140	0	0	7.7143	140	10.328	122	0	0	10.328	122	3.8532	109	4.0909	88	7.8544	99.308
944	12.009	114.91	15.122	123	0	0	15.122	123	13.158	114	0	0	13.158	114	4.486	107	3.6585	82	8.0095	97.385
945	7.7149	129.62	8.8732	142	0	0	8.8732	142	8.5714	126	0	0	8.5714	126	4.0336	119	1.9355	93	5.8976	111.91
946	9.3953	123.47	11.364	132	0	0	11.364	132	8.8525	122	0	0	8.8525	122	8.1081	111	0	0	8.1081	111
947	11.217	115.89	13.125	128	0	0	13.125	128	13.274	113	0	0	13.274	113	2.9126	103	4.8276	87	7.6868	93.667
948	19.921	99.394	27.647	102	0	0	27.647	102	20.198	101	0.6383	94	20.833	100.8	4.4681	94	6.9767	86	11.423	89.294
949	19.422	94.739	24.783	92	0	0	24.783	92	22.268	97	0	0	22.268	97	11.25	96	0	0	11.25	96
950	13.438	111.63	15	120	0	0	15	120	14.182	110	2.1429	84	16.215	107.31	6.3717	113	3.1579	76	9.253	103.75
951	4.1001	131.7	2.8378	148	0	0	2.8378	148	4.8889	135	0	0	4.8889	135	4.6957	115	0	0	4.6957	115
952	8.744	121.23	9.7059	136	0	0	9.7059	136	10.256	117	0	0	10.256	117	4.7525	101	1.8947	95	6.6423	99.364
953	8.788	127.45	11.223	139	0	0	11.223	139	7.2	125	1.2245	98	8.3728	121.82	5.6897	116	1.3636	88	6.9835	111.69
954	13.238	105.76	15.789	114	0	0	15.789	114	12.222	108	1.3043	92	13.5	106.67	5.8696	92	4.9412	85	10.794	88.938
955	12.107	120.59	15.338	133	0	0	15.338	133	13.565	115	0.58252	103	14.142	114.56	4.6154	104	2.6966	89	7.2727	99
956	10.561	126.88	14.245	139	0	0	14.245	139	9.8361	122	0	0	9.8361	122	5.5046	109	2.5	96	7.9783	105.29
957	7.5598	129.63	5.7534	146	0	0	5.7534	146	12	130	0	0	12	130	2.6786	112	2.6087	92	5.2371	103.11
958	9.8949	129.36	10.417	144	0	0	10.417	144	12.093	129	0	0	12.093	129	5.1429	105	2.5263	95	7.6528	101.92
959	6.8366	131.64	5.8741	143	0	0	5.8741	143	10.154	130	0	0	10.154	130	4.5763	118	0	0	4.5763	118
960	7.3977	129.77	6.8919	148	0	0	6.8919	148	8.3721	129	0	0	8.3721	129	7.2897	107	0	0	7.2897	107
961	9.6775	121.93	11.387	137	0	0	11.387	137	10.5	120	0	0	10.5	120	5.1064	94	2.6667	90	7.7698	92.667
962	9.9015	123.21	14.091	132	0	0	14.091	132	9	120	0	0	9	120	6.2264	106	0.61224	98	6.8354	105.33
963	13.098	114.52	18.537	123	0	0	18.537	123	11.579	114	1.3483	89	12.867	111.92	2.8571	105	5.4545	88	8.2506	94.538
964	10.416	117.13	11.25	128	0	0	11.25	128	12.203	118	0	0	12.203	118	6.8041	97	1.3793	87	8.1708	95.462
965	14.07	116.56	17.344	128	0	0	17.344	128	14.211	114	0.56075	107	14.769	113.75	6.8041	97	3.7895	95	10.593	96.294
966	8.4064	126.09	6.8919	148	0	0	6.8919	148	12.397	121	0	0	12.397	121	5.7143	105	0.65217	92	6.3573	103.82
967	11.079	113.73	17.355	121	0	0	17.355	121	8.2759	116	1.2632	95	9.5015	113.67	1.9149	94	4.8837	86	6.7873	88.4
968	8.1908	124.53	7.6056	142	0	0	7.6056	142	10.244	123	0.58252	103	10.812	122.09	3.9252	107	2.6667	90	6.5464	100.82
969	5.9472	131.15	4.4	150	0	0	4.4	150	9.0226	133	0	0	9.0226	133	2.8037	107	2	90	4.7702	100.62
970	7.5213	124.98	4.8649	148	0	0	4.8649	148	10.952	126	0	0	10.952	126	5.8824	102	1.3333	90	7.2	100
971	8.7128	121.66	8.7591	137	0	0	8.7591	137	10.588	119	0	0	10.588	119	3.9252	107	3.2609	92	7.1464	100.75
972	10.574	119.16	13.385	130	0	0	13.385	130	9.4215	121	0.6383	94	10.029	119.65	7.4227	97	1.3333	90	8.75	96
973	19.798	97.99	29.691	97	0	0	29.691	97	17.059	102	2.6087	92	19.645	100.79	7.9592	98	2.1687	83	10.085	95.188
974	6.3934	122	3.6986	146	0	0	3.6986	146	9.2683	123	0	0	9.2683	123	4.5714	105	2.0225	89	6.5583	100.64
975	4.9328	137.85	5.6604	159	0	0	5.6604	159	6.5625	128	0	0	6.5625	128	2.9412	102	0	0	2.9412	102
976	11.39	108.87	15.126	119	0	0	15.126	119	7.6364	110	2	90	9.5801	106.47	3.0612	98	6.8182	88	9.854	91.333
977	9.9676	124.4	13.778	135	0	0	13.778	135	9.8361	122	0.67416	89	10.463	120.43	4	105	2.0455	88	6.006	99.9
978	9.9987	122.02	13.846	130	0	0	13.846	130	10.244	123	0	0	10.244	123	2.4242	99	3.8298	94	6.25	96
979	11.537	112.68	17.436	117	0	0	17.436	117	10.619	113	0.625	96	11.231	112.19	4	105	2.1176	85	6.0606	99
980	11.323	116.58	13.182	132	0	0	13.182	132	11.25	112	0.58824	102	11.834	111.55	6.875	96	2.6966	89	9.5609	94.133
981	20.682	98.637	28.515	101	0	0	28.515	101	20.204	98	0.67416	89	20.873	97.735	10.625	96	2.093	86	12.698	94.5
982	20.912	104.25	28.598	107	0	0	28.598	107	22.5	104	0	0	22.5	104	8.4	100	3.3333	90	11.708	97.368
983	10.227	123.21	12.632	133	0	0	12.632	133	11.707	123	0	0	11.707	123	4.7059	102	2	90	6.6851	98.727
984	10.391	119.34	13.228	127	0	0	13.228	127	11.597	119	0	0	11.597	119	4.6602	103	1.9149	94	6.5642	100.55
985	15.054	108.94	22.759	116	0	0	22.759	116	15.146	103	0.68182	88	15.813	102.44	2.0513	117	4.9412	85	6.8297	96.636
986	15.073	110.13	21.026	117	0	0	21.026	117	13.514	111	0.65934	91	14.152	110.23	6.3158	95	4.0909	88	10.392	92.375
987	11.628	113.52	14.032	124	0	0	14.032	124	12.973	111	0	0	12.973	111	5.625	96	2.6087	92	8.2305	94.769
988	8.454	123.02	9.7059	136	0	0	9.7059	136	8.5	120	0	0	8.5	120	7.4286	105	0	0	7.4286	105
989	10.16	122.05	12.263	137	0	0	12.263	137	10.678	118	0.53097	113	11.208	117.77	4.898	98	2.6966	89	7.5789	95
990	11.817	115.09	15.484	124	0	0	15.484	124	12.632	114	1.3187	91	13.9	112.23	2.9126	103	3.5294	85	6.383	94
991	13.236	116.35	12.093	129	0	0	12.093	129	16.174	115	0	0	16.174	115	8.4906	106	3.3333	90	11.765	102
992	12.538	113.25	16.098	123	0	0	16.098	123	13.514	111	0	0	13.514	111	2.8037	107	5.7143	84	8.401	92.846
993	14.779	106.91	20.172	116	0	0	20.172	116	13.663	101	0.58252	103	14.246	101.08	6.3158	95	3.956	91	10.267	93.5
994	12.301	113.81	17.705	122	0	0	17.705	122	12.545	110	0	0	12.545	110	3.6	100	3.3708	89	6.9474	95
995	8.1129	120.8	8.6364	132	0	0	8.6364	132	9.9174	121	0	0	9.9174	121	5.2941	102	0.82192	73	6.0545	99.1
996	9.2392	125.55	10.746	134	0	0	10.746	134	11.22	123	0	0	11.22	123	5.2174	115	0.68966	87	5.869	112.45
997	9.7078	125.67	11.556	135	0	0	11.556	135	11.803	122	0	0	11.803	122	5.2632	114	0.68182	88	5.9121	111.64
998	13.261	116.13	19.512	123	0	0	19.512	123	13.684	114	0	0	13.684	114	4.1176	102	2.7907	86	6.862	96.182
999	14.239	108.16	18.151	119	0	0	18.151	119	15	104	0.61856	97	15.616	103.74	3.2609	92	6.2069	87	9.461	88.786
1000	8.4972	120.04	8.8372	129	0	0	8.8372	129	10.328	122	0	0	10.328	122	3.9252	107	2.6667	90	6.5464	100.82
1001	9.3483	124.09	11.825	137	0	0	11.825	137	11.092	119	0.6383	94	11.704	117.91	3.5294	102	1.3793	87	4.8855	98.25
1002	19.554	97.168	26.733	101	0	0	26.733	101	21.649	97	0	0	21.649	97	0.68966	87	9.7674	86	10.457	86.067
1003	14.635	107.96	17.895	114	0	0	17.895	114	17.944	107	0	0	17.944	107	6.3158	95	1.9355	93	8.2506	94.538
1004	12.15	120.16	18.75	128	0	0	18.75	128	10.256	117	0.56604	106	10.818	116.48	3.1858	113	4.0909	88	7.1642	100.5
1005	8.4093	123.67	10.299	134	0	0	10.299	134	8.4298	121	0	0	8.4298	121	6.1111	108	0.57692	104	6.6873	107.67
1006	15.913	103.06	21.622	111	0	0	21.622	111	17.576	99	0.69767	86	18.262	98.567	1.3043	92	6.8966	87	8.1973	87.833
1007	8.3445	119.84	9.4737	133	0	0	9.4737	133	9.7436	117	0	0	9.7436	117	4.2	100	1.9565	92	6.1475	97.6
1008	11.499	114.79	15.36	125	0	0	15.36	125	10.27	111	0.58824	102	10.855	110.55	6.6667	99	1.9565	92	8.6154	97.5
1009	13.973	105.92	18.214	112	0	0	18.214	112	16.571	105	0.63158	95	17.197	104.67	3.956	91	2.7907	86	6.7416	89
1010	7.7974	120.55	8.5075	134	0	0	8.5075	134	8.2051	117	0	0	8.2051	117	5.5556	108	1.4286	84	6.9231	104
1011	13.645	109.93	16.23	122	0	0	16.23	122	14.717	106	0.58252	103	15.299	105.89	6.5217	92	3.4091	88	9.9265	90.667
1012	16.029	102.32	22.018	109	0	0	22.018	109	20	99	0.68966	87	20.68	98.647	2.8571	84	2.8235	85	5.6805	84.5
1013	12.326	120.07	15.469	128	0	0	15.469	128	14.483	116	0	0	14.483	116	5.8407	113	1.4118	85	7.1762	108.69
1014	17.312	102.82	22.222	108	0	0	22.222	108	19.806	103	0	0	19.806	103	8.0899	89	2.069	87	10.158	88.6
1015	10.479	120.24	13.953	129	0	0	13.953	129	10.588	119	0	0	10.588	119	5.8252	103	1.3636	88	7.1642	100.5
1016	9.3687	115.28	12.093	129	0	0	12.093	129	6.8421	114	1.2903	93	8.0935	111.2	5.6842	95	2.7586	87	8.4289	92.538
1017	6.729	124.83	6.338	142	0	0	6.338	142	8.16	125	0	0	8.16	125	3.3962	106	2.7273	88	6.0729	98.8
1018	12.963	111.08	17	120	0	0	17	120	10.556	108	1.2121	99	11.76	107.14	7.8	100	2.6087	92	10.396	98.118
1019	9.8544	115.68	11.811	127	0.52174	115	12.328	126.54	9.913	115	0	0	9.913	115	4.3299	97	3.4091	88	7.7212	93.25
1020	4.6983	123.45	1.7143	140	0	0	1.7143	140	7.9688	128	0	0	7.9688	128	3.2432	111	1.3483	89	4.5498	105.5
1021	6.1017	118	3.4783	138	0	0	3.4783	138	7.8689	122	0.57692	104	8.4339	120.94	5.9406	101	0.76923	78	6.6728	98.909
1022	7.6019	121.02	7.3913	138	0	0	7.3913	138	7.8689	122	0	0	7.8689	122	3.4951	103	4.5161	93	7.9905	97.615
1023	10.441	113.02	12.787	122	0	0	12.787	122	12.545	110	0	0	12.545	110	4.1176	102	2.1429	84	6.2112	96.6
1024	14.09	112.14	17.851	121	0	0	17.851	121	15.135	111	0.52174	115	15.656	111.14	3.1915	94	6	90	9.1875	91.429
1025	10.181	119.84	13.125	128	0	0	13.125	128	10	120	0	0	10	120	7.6471	102	0	0	7.6471	102
1026	6.5772	127.71	8.0282	142	0	0	8.0282	142	7.68	125	0	0	7.68	125	1.7647	102	2.6667	90	4.4144	95.143
1027	7.2979	134.29	7.6923	156	0	0	7.6923	156	7.5591	127	0	0	7.5591	127	3.9669	121	3.2609	92	7.1008	109.85
1028	10.843	121.74	14.198	131	0	0	14.198	131	13.22	118	0	0	13.22	118	3.4951	103	1.875	96	5.3642	100.67
1029	8.7905	127.41	11.655	139	0	0	11.655	139	9.8361	122	0	0	9.8361	122	2.6316	114	2.5806	93	5.1592	104.67
1030	9.1911	121.86	9.8507	134	0	0	9.8507	134	12	120	0	0	12	120	4.7525	101	1.2766	94	6.0241	99.6
1031	6.3774	131.71	6.9863	146	0	0	6.9863	146	6.5116	129	0	0	6.5116	129	5.2632	114	0.57692	104	5.836	113.09
1032	5.6817	130.24	5.5263	152	0	0	5.5263	152	7.2	125	0	0	7.2	125	2.1429	112	2.6087	92	4.7059	102
1033	8.8868	128.28	8.3916	143	0	0	8.3916	143	10.909	132	0	0	10.909	132	3.5294	102	4.375	96	7.8972	98.769
1034	5.5704	140.03	5.8442	154	0	0	5.8442	154	7.3913	138	0	0	7.3913	138	3.6522	115	0	0	3.6522	115
1035	7.3028	125.98	7.0833	144	0	0	7.0833	144	8.8525	122	0	0	8.8525	122	5.0467	107	1.2766	94	6.3076	104.64
1036	10.507	116.11	13.279	122	0	0	13.279	122	12.105	114	0	0	12.105	114	4.2105	114	2.1176	85	6.2211	106.09
1037	15.22	103.81	18.214	112	0	0	18.214	112	18.824	102	0	0	18.824	102	7.5862	87	1.3953	86	8.9814	86.846
1038	12.775	114.29	17.213	122	0	0	17.213	122	12.432	111	0	0	12.432	111	8.3168	101	0.56604	106	8.8816	101.33
1039	9.5895	123.05	12.263	137	0	0	12.263	137	9.5	120	0	0	9.5	120	4.898	98	2.6667	90	7.5524	95.333
1040	8.142	122.82	9.635	137	0	0	9.635	137	7.8049	123	0.57143	105	8.3647	121.94	5.5102	98	1.3953	86	6.888	95.818
1041	6.4218	124.57	6.6667	144	0	0	6.6667	144	7.3171	123	0	0	7.3171	123	3.0612	98	2.7907	86	5.8273	92.667
1042	12.168	115.06	15.122	123	0	0	15.122	123	13.274	113	0	0	13.274	113	5.6604	106	2.6966	89	8.3051	101.14
1043	4.8768	135.33	4	165	0	0	4	165	5.8209	134	0	0	5.8209	134	3.4286	105	1.9355	93	5.3465	101
1044	9.3902	121.4	13.083	133	0	0	13.083	133	8.5714	119	0.625	96	9.1741	117.72	1.6822	107	4.7191	89	6.3559	94.4
1045	11.543	117.82	14.198	131	0	0	14.198	131	10.526	114	1.1111	108	11.635	113.45	6.5347	101	2.7907	86	9.2784	97
1046	9.3387	115.65	9.3333	135	0	0	9.3333	135	9.9083	109	0	0	9.9083	109	8.75	96	0.57692	104	9.3232	96.533
1047	9.2982	114	10.781	128	0	0	10.781	128	8.2051	117	0	0	8.2051	117	0.73171	82	8.8636	88	9.5922	87.571
1048	15.096	95.389	18.857	105	0	0	18.857	105	15.484	93	1.6216	74	17.042	91.538	6.8354	79	3.0769	78	9.912	78.692
1049	11.264	110.08	16.41	117	0	0	16.41	117	10.654	107	0	0	10.654	107	3.6735	98	3.2609	92	6.9275	95.273
1050	11.123	111.48	14.754	122	0	0	14.754	122	13.143	105	0	0	13.143	105	5.1064	94	0.70588	85	5.8065	93
1051	13.642	99.691	15.701	107	0	0	15.701	107	15.306	98	0	0	15.306	98	8.764	89	1.3636	88	10.128	88.867
1052	14.34	100.42	20.571	105	0	0	20.571	105	14.082	98	0	0	14.082	98	8.4783	92	0	0	8.4783	92
1053	9.858	101.44	13.846	104	0	0	13.846	104	11.068	103	0.60606	99	11.673	102.8	1.3043	92	2.8571	84	4.1538	86.667
1054	13.209	92.361	16.531	98	0	0	16.531	98	11.613	93	0.67416	89	12.286	92.789	7.4074	81	3.6145	83	11.02	81.667
1055	16.991	88.28	23.226	93	0	0	23.226	93	16.235	85	2.093	86	18.328	85.115	6.75	80	2.8235	85	9.566	81.538
1056	15.612	88.391	16.304	92	0	0	16.304	92	18.409	88	0	0	18.409	88	8.5714	84	3.6145	83	12.186	83.706
1057	16.631	86.583	25.116	86	0	0	25.116	86	14.318	88	0	0	14.318	88	7.6744	86	2.7907	86	10.465	86
1058	15.666	91.917	18.367	98	0	0	18.367	98	15.824	91	0.65934	91	16.484	91	6.506	83	5.8537	82	12.359	82.529
1059	13.938	97.574	19.038	104	0	0	19.038	104	13.263	95	0.69767	86	13.955	94.591	7.6744	86	1.3636	88	9.0374	86.308
1060	13.404	99.97	16.667	108	0	0	16.667	108	13.469	98	0.65217	92	14.119	97.739	5.5814	86	4.1379	87	9.719	86.429
1061	14.569	102.96	20.187	107	0	0	20.187	107	16.2	100	0	0	16.2	100	5.5102	98	1.875	96	7.3846	97.5
1062	12.21	103.19	15.818	110	0	0	15.818	110	11.068	103	1.3043	92	12.359	101.95	8.6667	90	0	0	8.6667	90
1063	13.24	101.21	16.667	108	0	0	16.667	108	13.469	98	1.3333	90	14.795	97.333	7.7419	93	0.67416	89	8.4149	92.692
1064	11.618	99.845	16.111	108	0	0	16.111	108	7.6596	94	4.1379	87	11.782	91.667	3.1579	95	4.0449	89	7.1952	91.727
1065	15.767	93.865	21.429	98	0	0	21.429	98	12.128	94	0.68182	88	12.807	93.7	7.6744	86	5.5172	87	13.191	86.421
1066	16.257	93.5	20.816	98	0	0	20.816	98	19.78	91	0	0	19.78	91	5.3333	90	2.963	81	8.2759	87
1067	12.772	95.525	17.576	99	0	0	17.576	99	9.8969	97	1.3043	92	11.198	96.444	5.4545	88	4.186	86	9.6393	87.143
1068	2.9687	114.53	1.25	144	0	0	1.25	144	2.8571	126	0	0	2.8571	126	4.5652	92	0.52174	115	5.0593	94.875
1069	4.6468	107.6	2.2556	133	0	0	2.2556	133	5.2632	114	0	0	5.2632	114	4.8276	87	1.9565	92	6.7797	88.5
1070	5.791	113.97	3.609	133	0	0	3.609	133	7.8261	115	0	0	7.8261	115	4.8	100	1.3953	86	6.1728	97.2
1071	7.9594	115.59	8.3721	129	0	0	8.3721	129	9.913	115	0	0	9.913	115	1.875	96	4.1379	87	6	90
1072	9.1542	109.24	7.5591	127	0	0	7.5591	127	9.5575	113	0	0	9.5575	113	9.7674	86	1.25	96	11.003	87.25
1073	7.5885	118.6	9.1603	131	0	0	9.1603	131	8.2759	116	0	0	8.2759	116	4.2424	99	1.4286	84	5.6446	95.667
1074	7.1847	125.27	8.4507	142	0	0	8.4507	142	7.9339	121	0	0	7.9339	121	4.8485	99	0.86957	69	5.6446	95.667
1075	8.3472	119.8	8.0597	134	0	0	8.0597	134	10.084	119	0	0	10.084	119	6.6	100	0.61224	98	7.212	99.833
1076	4.96	129.03	3.5526	152	0	0	3.5526	152	7.5	128	0	0	7.5	128	2.1239	113	2.069	87	4.1234	101.86
1077	6.697	125.43	8.3916	143	0	0	8.3916	143	6.5546	119	0	0	6.5546	119	2.9703	101	2.6966	89	5.6446	95.667
1078	5.9834	120.33	4.8889	135	0	0	4.8889	135	8	120	0	0	8	120	5.2427	103	0	0	5.2427	103
1079	3.7694	143.26	2.4419	172	0	0	2.4419	172	5.4545	143	0	0	5.4545	143	3.0769	117	0.58252	103	3.6522	115
1080	7.1583	120.14	6.2069	145	0	0	6.2069	145	8.5714	119	0	0	8.5714	119	1.875	96	5.6471	85	7.5	88
1081	5.9043	121.94	5.5263	152	0	0	5.5263	152	5.5932	118	0.68182	88	6.2338	115.5	4.8276	87	2.0225	89	6.8493	87.6
1082	6.4062	128	5.2	150	0	0	5.2	150	8.5039	127	0	0	8.5039	127	5.2427	103	0.70588	85	5.9289	101.2
1083	5.5826	128.97	3.3962	159	0	0	3.3962	159	8.0952	126	0	0	8.0952	126	5.6075	107	0	0	5.6075	107
1084	4.1569	134.71	5.5629	151	0	0	5.5629	151	4.2188	128	0	0	4.2188	128	2.3077	104	0.66667	90	2.9644	101.2
1085	9.62	114.35	10.992	131	0	0	10.992	131	10.364	110	0.68966	87	11.024	108.85	5.4545	88	2.0455	88	7.5	88
1086	6.7492	130.39	6.7606	142	0	0	6.7606	142	8.1818	132	0	0	8.1818	132	4.8649	111	0.66667	90	5.5096	108.9
1087	5.383	141.18	5.2174	161	0	0	5.2174	161	7.7143	140	0	0	7.7143	140	1.7476	103	1.9149	94	3.6548	98.5
1088	7.1373	131.7	6.5806	155	0	0	6.5806	155	8.3721	129	0	0	8.3721	129	5.0467	107	2	90	7.0073	102.75
1089	5.6828	137.26	4.4172	163	0	0	4.4172	163	8.4444	135	0	0	8.4444	135	4.6154	104	0	0	4.6154	104
1090	7.7099	116.73	10.169	118	0	0	10.169	118	9.1935	124	0	0	9.1935	124	0.73171	82	3.2967	91	4.0223	89.5
1091	5.4968	138.26	4.0491	163	0	0	4.0491	163	7.1329	143	0	0	7.1329	143	3.1858	113	2.7273	88	5.8252	103
1092	6.8925	133.48	8.4	150	0	0	8.4	150	6.5116	129	0.65934	91	7.1165	126.47	3.5593	118	2.0225	89	5.4895	109.3
1093	4.3753	137.13	4.0491	163	0	0	4.0491	163	4.8889	135	0	0	4.8889	135	2.069	116	2.5806	93	4.5933	104.5
1094	7.7737	118.35	6.8085	141	0	0	6.8085	141	9.8276	116	0.6383	94	10.444	114.9	2.0225	89	4.7191	89	6.7416	89
1095	5.8834	135.98	4.3373	166	0	0	4.3373	166	7.8462	130	0	0	7.8462	130	2.8346	127	3.1579	95	5.869	112.45
1096	8.8734	128.47	10.135	148	0	0	10.135	148	9.7561	123	0.54545	110	10.296	122.38	4.0777	103	2.8916	83	6.8946	95.727
1097	8.3775	138.47	10.658	152	0	0	10.658	152	9.1971	137	0	0	9.1971	137	3.0252	119	2.8571	84	5.7143	105
1098	10.274	126.54	14.783	138	0	0	14.783	138	10.161	124	0.65934	91	10.776	122.5	4.4681	94	1.3333	90	5.7995	93.111
1099	14.904	104.67	25.143	105	0	0	25.143	105	11.776	107	0.59406	101	12.368	106.73	4.6602	103	2.5806	93	7.2241	99.667
1100	11.176	123.48	17.077	130	0	0	17.077	130	9.12	125	0.68966	87	9.7482	123.1	4.3243	111	2.6667	90	6.9231	104
1101	14.582	104.24	20.357	112	0	0	20.357	112	12.353	102	1.3333	90	13.669	100.96	5.8696	92	4.186	86	10.045	89.6
1102	11.129	116.82	15.238	126	0	0	15.238	126	10.862	116	0.68182	88	11.506	114.73	2.4	100	4.6154	91	7.001	94.273
1103	13.933	111.96	18.049	123	0	0	18.049	123	14.444	108	0.625	96	15.062	107.56	4.8485	99	4.4444	81	9.2019	91.286
1104	10.876	117.69	14.38	121	0	0	14.38	121	11.795	117	0	0	11.795	117	6.4865	111	0	0	6.4865	111
1105	11.025	114.29	13.92	125	0	0	13.92	125	14.862	109	0	0	14.862	109	1.9565	92	2.6966	89	4.6519	90.286
1106	14.952	111.02	20	117	0	0	20	117	15.135	111	0	0	15.135	111	6.6667	99	3.2967	91	9.9482	96.5
1107	16.332	107.76	24.522	115	0	0	24.522	115	17.647	102	0	0	17.647	102	4.4681	94	2.6667	90	7.1316	92.545
1108	13.462	112.91	18.655	119	0	0	18.655	119	13.805	113	0	0	13.805	113	6.1856	97	2	90	8.1774	95.385
1109	12.478	115.4	19.355	124	0	0	19.355	124	11.455	110	1.2371	97	12.676	108.87	2.4	100	3.3708	89	5.7515	93.889
1110	10.857	106.84	18.214	112	0	0	18.214	112	9.2308	104	0.65217	92	9.8747	103.29	2.6667	90	1.978	91	4.6445	90.429
1111	20.73	91.653	27.5	96	0	0	27.5	96	20.667	90	0	0	20.667	90	9.1765	85	5	84	14.176	84.65
1112	21.465	88.516	28.667	90	0	0	28.667	90	22.5	88	0	0	22.5	88	12.558	86	0.68966	87	13.248	86.053
1113	15.679	94.392	22.105	95	0	0	22.105	95	16.421	95	0.64516	93	17.066	94.926	4.375	96	3.5294	85	7.876	91.417
1114	18.376	100.13	25.049	103	0	0	25.049	103	20.606	99	0.57143	105	21.175	99.171	6.9474	95	2.0225	89	8.9634	93.714
1115	16.224	96.154	24.375	96	0	0	24.375	96	15.306	98	1.2371	97	16.543	97.926	6.383	94	1.3953	86	7.7698	92.667
1116	12.772	106.49	16.46	113	0	0	16.46	113	12.222	108	0	0	12.222	108	3.6735	98	6.2791	86	9.9119	90.8
1117	14.926	104.51	19.817	109	0	0	19.817	109	15.728	103	0.57143	105	16.299	103.07	6.0606	99	2.7273	88	8.763	95.857
1118	12.736	109.93	17	120	0	0	17	120	11.776	107	1.3043	92	13.056	105.7	1.8367	98	6.7416	89	8.5642	91.077
1119	10.625	109.17	12.203	118	0	0	12.203	118	13.458	107	0.6	100	14.055	106.72	1.2766	94	4.5652	92	5.8413	92.444
1120	11.505	118.21	14.198	131	0	0	14.198	131	11.681	113	0	0	11.681	113	7.7228	101	1.3483	89	9.0543	99.4
1121	12.121	112.21	15.63	119	0	0	15.63	119	12.432	111	0	0	12.432	111	5.7692	104	2.7586	87	8.4726	99.143
1122	18.664	98.587	22.018	109	0	0	22.018	109	18.316	95	0	0	18.316	95	8.4706	85	7.7647	85	16.235	85
1123	19.173	94.923	25.102	98	0	0	25.102	98	20.426	94	0	0	20.426	94	11.333	90	0.73171	82	12.06	89.556
1124	15.661	94.5	21.702	94	0	0	21.702	94	15.918	98	0	0	15.918	98	7.4157	89	2	90	9.4155	89.214
1125	8.9861	120.19	10	132	0	0	10	132	12.203	118	0	0	12.203	118	3.0612	98	2.0455	88	5.0928	94.25
1126	13.746	110.58	18.814	118	0	0	18.814	118	13.514	111	0	0	13.514	111	5.8696	92	3.4483	87	9.3112	90.214
1127	15.313	105.79	20.526	114	0	0	20.526	114	15.446	101	0.6	100	16.045	100.96	5.0526	95	4.6154	91	9.6636	93.133
1128	7.0178	128.24	7.3973	146	0	0	7.3973	146	6.6667	126	0	0	6.6667	126	6.729	107	0.63158	95	7.3532	106.08
1129	13.738	115.01	17.76	125	0	0	17.76	125	14.336	113	0.57692	104	14.91	112.68	4.898	98	4.1379	87	9.0046	93.286
1130	8.3006	122.88	10.746	134	0	0	10.746	134	10.256	117	0	0	10.256	117	2.9126	103	1.2245	98	4.135	101.57
1131	5.4381	117.69	4.0299	134	0	0	4.0299	134	7.2414	116	0	0	7.2414	116	5.1923	104	0	0	5.1923	104
1132	11.235	119.27	14.436	133	0	0	14.436	133	10	114	1.1009	109	11.099	113.52	6.7347	98	1.978	91	8.7047	96.5
1133	15.096	102.01	18.378	111	0	0	18.378	111	11.515	99	2.6667	90	14.163	97.435	6.3158	95	6.7416	89	13.043	92
1134	21.991	85.489	32.414	87	0	0	32.414	87	20.93	86	0.69767	86	21.628	86	11.25	80	0.74074	81	11.991	80.062
1135	11.984	101.8	12.545	110	0	0	12.545	110	14.851	101	0	0	14.851	101	5.9341	91	2.8571	84	8.7792	88.846
1136	11.378	112.5	17.213	122	0	0	17.213	122	8.2569	109	0.6	100	8.853	108.44	3.871	93	4.6154	91	8.4854	91.923
1137	15.289	103.34	21.081	111	0	0	21.081	111	15.306	98	0	0	15.306	98	4.9485	97	4.8276	87	9.7473	92.333
1138	14.454	105.16	21.429	112	0	0	21.429	112	11.176	102	2.6667	90	13.812	99.913	4.2857	98	4.0909	88	8.3526	93.385
1139	15.446	99.701	20.187	107	0	0	20.187	107	13.939	99	1.2371	97	15.176	98.84	4.2857	84	7.0588	85	11.344	84.625
1140	10.501	116.18	14.634	123	0	0	14.634	123	12	115	0	0	12	115	3.75	96	1.3636	88	5.1064	94
1141	8.7381	119.02	10.746	134	0	0	10.746	134	10.27	111	0.58824	102	10.855	110.55	2.9412	102	2.1429	84	5.0394	95.25
1142	10.012	117.86	10.588	136	0	0	10.588	136	10.179	112	1.3043	92	11.445	110.1	7.1287	101	1.4458	83	8.5341	98.429
1143	9.584	121.03	12.444	135	0	0	12.444	135	8.7179	117	0.60606	99	9.3103	116	2.3077	104	5.2174	92	7.5	96
1144	11.996	106.7	13.333	117	0	0	13.333	117	14.151	106	0	0	14.151	106	4.8276	87	4.0909	88	8.9182	87.462
1145	18.817	97.783	24.706	102	0	0	24.706	102	16.531	98	1.2632	95	17.793	97.793	9.2308	91	4.8837	86	14.104	89.333
1146	15.883	103.26	21.869	107	0	0	21.869	107	15	104	0.58824	102	15.588	103.93	7.7419	93	2.5806	93	10.323	93
1147	15.604	106.39	20.893	112	0	0	20.893	112	15.429	105	0.59406	101	16.022	104.86	4.1584	101	5.9341	91	10.066	95.375
1148	15.344	101.67	22.222	108	0	0	22.222	108	16.364	99	0.65217	92	17.013	98.75	3.7037	81	3.4091	88	7.1006	84.5
1149	15.022	101.18	18.889	108	0	0	18.889	108	16.364	99	0	0	16.364	99	6.383	94	3.7037	81	10.037	89.667
1150	12.582	109.68	15.868	121	0	0	15.868	121	12.222	108	0	0	12.222	108	6.8182	88	3.4091	88	10.227	88
1151	7.2752	126.46	6.5217	138	0	0	6.5217	138	9.6774	124	0	0	9.6774	124	5.0847	118	0.68966	87	5.7301	115.18
1152	11.167	114.62	11.811	127	0	0	11.811	127	11.379	116	0.67416	89	12.018	114.83	10.105	95	0	0	10.105	95
1153	17.511	103.93	25.946	111	0	0	25.946	111	15.758	99	1.8947	95	17.65	98.586	3.1915	94	6.0674	89	9.2526	90.786
1154	9.224	119.25	10.698	129	0	0	10.698	129	11.597	119	0	0	11.597	119	3.6735	98	2.0225	89	5.6842	95
1155	9.3915	117.13	9.6183	131	0	0	9.6183	131	11.053	114	0.61856	97	11.658	113.23	7.2	100	0	0	7.2	100
1156	14.246	113.72	20.656	122	0	0	20.656	122	14.182	110	0	0	14.182	110	2.9126	103	5.3933	89	8.2641	94.385
1157	10.703	119.59	13.282	131	0	0	13.282	131	10	120	0	0	10	120	5.9406	101	3.3708	89	9.2784	97
1158	17.071	105.44	19.655	116	0	0	19.655	116	18.641	103	0	0	18.641	103	7.1739	92	6.2791	86	13.438	89.3
1159	18.707	98.359	28.485	99	0	0	28.485	99	17.143	98	0.65217	92	17.793	97.793	7.2	100	2.6667	90	9.8462	97.5
1160	8.8542	119.72	10.698	129	0	0	10.698	129	10.256	117	0	0	10.256	117	3.8889	108	1.9149	94	5.7803	103.8
1161	10.717	126.9	16.444	135	0	0	16.444	135	10.909	121	0	0	10.909	121	5	108	0	0	5	108
1162	10.243	123.02	13.043	138	0	0	13.043	138	11.379	116	0.58824	102	11.959	115.39	3.5294	102	2.7907	86	6.2762	95.6
1163	11.946	110.5	14.516	124	0	0	14.516	124	10.755	106	0.57143	105	11.326	105.95	4.5652	92	6	90	10.564	90.875
1164	12.285	109.07	16.5	120	0	0	16.5	120	11.429	105	0	0	11.429	105	8.0899	89	1.3333	90	9.4231	89.143
1165	15.037	109.06	20.172	116	0	0	20.172	116	18.113	106	0	0	18.113	106	1.0619	113	6.0674	89	7.0691	93.364
1166	13.89	106.55	17.739	115	0	0	17.739	115	13.143	105	1.25	96	14.384	104.28	1.875	96	8	90	9.8684	91.2
1167	8.9651	124.93	9.9281	139	0	0	9.9281	139	10.82	122	0.58252	103	11.389	121.17	3.3962	106	2.5532	94	5.9289	101.2
1168	8.3432	122.25	7.8832	137	0	0	7.8832	137	9.8361	122	0	0	9.8361	122	6.9231	104	0.74074	81	7.6298	102.23
1169	8.2171	129	8.4444	135	0	0	8.4444	135	9.6183	131	0	0	9.6183	131	6.6667	117	0	0	6.6667	117
1170	11.99	120.1	16.692	133	0	0	16.692	133	11.053	114	1.2766	94	12.293	112.26	4.8	100	2.7907	86	7.5524	95.333
1171	10.982	109.27	13.448	116	0	0	13.448	116	9.3103	116	1.9565	92	11.193	112.57	2.5	96	6.1364	88	8.6224	90.462
1172	16.908	98.181	22.941	102	0	0	22.941	102	14.257	101	0.65217	92	14.905	100.64	5.3333	90	7.7647	85	13.088	87.105
1173	13.225	104.35	14.867	113	0	0	14.867	113	17.822	101	0.65934	91	18.475	100.68	3.0303	99	3.5714	84	6.5574	91.5
1174	11.15	113	12.787	122	0	0	12.787	122	15	112	0.6383	94	15.622	111.38	3.3333	90	2.0225	89	5.3556	89.625
1175	10.289	122.46	9.8507	134	0	0	9.8507	134	14.38	121	0	0	14.38	121	5.5046	109	1.4286	84	6.868	104.83
1176	8.8043	122.67	9.9248	133	0	0	9.9248	133	10.82	122	0	0	10.82	122	4.6154	104	1.3187	91	5.9172	101.4
1177	16.331	107.77	22.957	115	0	0	22.957	115	17.143	105	0	0	17.143	105	4.5652	92	4.6667	90	9.2308	91
1178	11.653	116.71	15.591	127	0	0	15.591	127	12.857	112	0	0	12.857	112	4.898	98	1.978	91	6.8685	96.091
1179	13.96	113.18	17.28	125	0	0	17.28	125	13.091	110	0.61856	97	13.701	109.48	7.4227	97	4	90	11.408	94.667
1180	15.897	106.94	19.655	116	0	0	19.655	116	17.885	104	2	90	19.851	102.76	3.871	93	4.6667	90	8.5354	91.385
1181	9.6499	130.57	11.489	141	0	0	11.489	141	10.952	126	0	0	10.952	126	6.6667	117	0	0	6.6667	117
1182	10.214	121.4	12.889	135	0	0	12.889	135	9.661	118	2.0455	88	11.588	113.91	3.9623	106	2.6374	91	6.5642	100.55
1183	13.831	108.45	14.746	118	0	0	14.746	118	17.547	106	0.66667	90	18.199	105.5	4.7525	101	4.0909	88	8.8024	95.429
1184	8.4229	121.1	11.077	130	0	0	11.077	130	8.3607	122	0.65217	92	8.9751	120.33	2.2857	105	3.1915	94	5.4607	98.889
1185	10.046	119.45	13.065	124	0	0	13.065	124	10.5	120	0	0	10.5	120	6	110	0.67416	89	6.6513	108.25
1186	11.629	120.39	13.282	131	0	0	13.282	131	14	120	0	0	14	120	4.0385	104	4	90	7.9968	97.538
1187	10.171	114.05	10.233	129	0	0	10.233	129	12.857	112	1.9149	94	14.727	110	1.8947	95	4.1379	87	6.0223	89.667
1188	14.438	109.43	20.69	116	0.56604	106	21.252	115.76	15.849	106	0.65934	91	16.496	105.48	1.6667	108	4.186	86	5.7857	93.333
1189	9.9837	116.19	10.615	130	0	0	10.615	130	11.053	114	0.64516	93	11.677	113.05	6.1224	98	1.9149	94	8.0349	97.077
1190	6.5346	122.43	8.4444	135	0	0	8.4444	135	6.1017	118	0	0	6.1017	118	2.6786	112	2.6966	89	5.3057	101.78
1191	7.8438	124.94	7.8832	137	0	0	7.8832	137	10.732	123	0	0	10.732	123	3.8889	108	1.2371	97	5.1158	105.56
1192	12.366	113.21	17.355	121	0	0	17.355	121	10.862	116	1.8367	98	12.659	113.75	2.7907	86	4.7727	88	7.5625	87.273
1193	8.0608	133.98	9.3878	147	0	0	9.3878	147	10.698	129	0.58824	102	11.261	127.88	2.521	119	1.2632	95	3.7452	112.14
1194	9.1388	126.93	10	138	0	0	10	138	11.811	127	0.61856	97	12.396	125.85	2.6786	112	2.6966	89	5.3057	101.78
1195	7.1791	142.08	7.5	160	0	0	7.5	160	9.0647	139	0	0	9.0647	139	3.5294	119	1.8367	98	5.3239	112.7
1196	5.891	135.8	5.3165	158	0	0	5.3165	158	7.1111	135	0	0	7.1111	135	5	108	0.68182	88	5.6604	106
1197	8.8725	130.74	9.7183	142	0	0	9.7183	142	11.628	129	0	0	11.628	129	4.2105	114	1.3333	90	5.4945	109.2
1198	11.605	118.91	10.435	138	0	0	10.435	138	13.22	118	0.57143	105	13.785	117.52	6.5347	101	4.8276	87	11.302	95.556
1199	4.4168	122.26	1.5484	155	0	0	1.5484	155	5.8647	133	0	0	5.8647	133	2.4742	97	3.8298	94	6.3025	95.2
1200	6.9471	138.19	6.6667	153	0	0	6.6667	153	8.6331	139	0	0	8.6331	139	3.9344	122	1.9565	92	5.7987	113.82
