# Time-series
# t	r	v	r_1_P	v_1_P	r_1_L	v_1_L	r_1	v_1	...
900	9.4253	127.32	12.429	140	0	0	12.429	140	10.82	122	0	0	10.82	122	4.7525	101	0.68966	87	5.4302	99.444	0	0	0	0	0	0	3.6	50	0	0	3.6	50
901	12.435	115.81	18.72	125	0	0	18.72	125	11.56	109	0.57143	105	12.13	108.82	4.7525	101	2.069	87	6.7914	97.182	6.6667	45	0	0	6.6667	45	2.449	49	0	0	2.449	49
902	7.2343	129.94	7.3973	146	0	0	7.3973	146	9.6774	124	0	0	9.6774	124	4.8649	111	0	0	4.8649	111	7.8261	46	0	0	7.8261	46	2.069	58	0	0	2.069	58
903	6.0054	126.55	5	144	0	0	5	144	9.3443	122	0	0	9.3443	122	3.8532	109	0	0	3.8532	109	5.4545	44	0	0	5.4545	44	2.4	50	0	0	2.4	50
904	8.7353	119.06	10.615	130	0	0	10.615	130	10.169	118	0.67416	89	10.804	116.62	2.3301	103	2.8235	85	5.1064	94	8.3721	43	0	0	8.3721	43	1.1538	52	1.2	50	2.3529	51
905	8.0283	124.56	6.8919	148	0	0	6.8919	148	10.328	122	0	0	10.328	122	6.1224	98	1.4118	85	7.513	95.833	6.8182	44	0	0	6.8182	44	6.5455	55	0	0	6.5455	55
906	9.7753	120.71	14.198	131	0	0	14.198	131	10.957	115	0.58252	103	11.533	114.45	0.68182	88	3.2967	91	3.9779	90.5	3.75	48	0	0	3.75	48	1.4634	41	0	0	1.4634	41
907	10.743	111.7	15.61	123	0	0	15.61	123	11.287	101	0.73171	82	11.994	100.05	0.3681	163	4.8837	86	5.0196	95.625	1.5385	39	0	0	1.5385	39	10	48	0	0	10	48
908	10.406	119.16	16.063	127	0	0	16.063	127	10.435	115	0	0	10.435	115	3.5644	101	1.4634	82	4.987	96.25	4.6154	39	0	0	4.6154	39	1.0909	55	0	0	1.0909	55
909	10.517	116	15.36	125	0	0	15.36	125	10	114	0.68182	88	10.648	112.7	1.8	100	4.1379	87	5.9124	91.333	4.3902	41	0	0	4.3902	41	3.75	48	1.5385	39	5.2459	45.75
910	8.8752	119.43	12.093	129	0	0	12.093	129	9.8276	116	0.67416	89	10.467	114.65	1.0526	114	3.2967	91	4.3045	97.571	4	45	0	0	4	45	5.7692	52	0	0	5.7692	52
911	6.4255	136.95	7.947	151	0	0	7.947	151	9.2308	130	0	0	9.2308	130	1.6981	106	0.68182	88	2.3645	101.5	5.2174	46	0	0	5.2174	46	8.75	48	0	0	8.75	48
912	10.594	118.94	13.125	128	0	0	13.125	128	13.684	114	0	0	13.684	114	5.1429	105	0	0	5.1429	105	2.5	48	0	0	2.5	48	0	0	0	0	0	0
913	9.2181	121.5	13.74	131	0	0	13.74	131	8.7179	117	0	0	8.7179	117	3.4951	103	2.0225	89	5.4915	98.333	4.8	50	0	0	4.8	50	2.5	48	0	0	2.5	48
914	11.726	115.99	13.385	130	0	0	13.385	130	13.684	114	0	0	13.684	114	3.2258	93	5.5814	86	8.7944	88.692	2.4	50	0	0	2.4	50	5.7692	52	0	0	5.7692	52
915	13.948	108.97	24.211	114	0	0	24.211	114	13.981	103	0.6	100	14.58	102.88	1.2245	98	2	90	3.2189	93.2	2.4	50	0	0	2.4	50	2.3529	51	0	0	2.3529	51
916	10.576	119.14	11.628	129	0	0	11.628	129	14.359	117	0	0	14.359	117	5.3465	101	0.625	96	5.9701	100.5	6.6667	45	0	0	6.6667	45	5.8824	51	0	0	5.8824	51
917	12.795	112.54	20	120	0	0	20	120	11.351	111	1.3187	91	12.63	109.26	2.6667	90	3.4884	86	6.1519	87.778	2.449	49	1.9355	31	4.186	43	9.2308	39	0	0	9.2308	39
918	11.531	119.68	15.115	131	0	0	15.115	131	13.565	115	0	0	13.565	115	4.375	96	1.978	91	6.3492	94.5	5.4545	44	0	0	5.4545	44	1.1321	53	0	0	1.1321	53
919	7.1186	129.24	10.073	137	0	0	10.073	137	6.9767	129	0	0	6.9767	129	2.5862	116	1.9355	93	4.4703	107.38	6.9767	43	0	0	6.9767	43	7.8261	46	0	0	7.8261	46
920	7.2354	127.15	7.1329	143	0	0	7.1329	143	9.3023	129	0	0	9.3023	129	2.4742	97	3.3333	90	5.7995	93.111	2.6667	45	0	0	2.6667	45	3.75	48	1.2245	49	4.9741	48.25
921	10.605	118.81	15.692	130	0	0	15.692	130	10.088	113	0	0	10.088	113	2.4242	99	4.1379	87	6.5359	91.8	5.1064	47	1.7647	34	6.7568	44.4	5.8824	51	1.2245	49	7.1053	50.667
922	9.5926	118.84	12.093	129	0	0	12.093	129	9.5	120	1.1321	106	10.618	118.67	5.8696	92	0.6	100	6.4655	92.8	4.898	49	3.4286	35	8.1203	44.333	2.4	50	0	0	2.4	50
923	9.0097	119.87	14.531	128	0	0	14.531	128	6.5546	119	0.65934	91	7.1795	117	3.6735	98	1.9355	93	5.6055	96.333	4.6154	39	0	0	4.6154	39	7.0588	51	0	0	7.0588	51
924	6.8987	121.76	7.0073	137	0	0	7.0073	137	9	120	0	0	9	120	3.6364	99	1.4286	84	5.0394	95.25	2.7907	43	0	0	2.7907	43	6.2069	58	0	0	6.2069	58
925	12.346	116.64	17.903	124	0	0	17.903	124	14.211	114	0	0	14.211	114	2.7273	88	2.5263	95	5.2459	91.5	3.0769	39	0	0	3.0769	39	4.3636	55	0	0	4.3636	55
926	8.4634	125.25	10	138	0	0	10	138	8.7805	123	0	0	8.7805	123	5.6075	107	1.3333	90	6.912	104.17	5.1064	47	0	0	5.1064	47	5.2174	46	0	0	5.2174	46
927	11.542	114.36	15.238	126	0	0	15.238	126	12	110	1.8	100	13.787	108.8	0.55556	108	5.5814	86	6.1055	88.444	1.2245	49	0	0	1.2245	49	6.1224	49	1.3953	43	7.5	48
928	11.427	115.52	14.762	126	0	0	14.762	126	14.862	109	0.6	100	15.458	108.68	3.0928	97	1.2632	95	4.3556	96.429	8.9362	47	0	0	8.9362	47	1.0345	58	0	0	1.0345	58
929	8.9217	118.81	12.462	130	0	0	12.462	130	10.179	112	0.59406	101	10.767	111.45	2.5	96	1.3793	87	3.871	93	12	45	0	0	12	45	0	0	1.3953	43	1.3953	43
930	12.396	114.55	18.72	125	0	0	18.72	125	9.5575	113	0.67416	89	10.203	111.74	3.2967	91	5.6471	85	8.9339	87.308	3.913	46	0	0	3.913	46	2.5	48	0	0	2.5	48
931	11.832	113.25	17.073	123	0	0	17.073	123	9.6429	112	1.8182	99	11.44	110.14	2.6087	92	4.8837	86	7.4845	88.182	5.4545	44	0	0	5.4545	44	11.111	54	1.1321	53	12.243	53.909
932	9.2548	121.02	15	128	0	0	15	128	8.6441	118	0	0	8.6441	118	3.1579	95	1.2	100	4.3556	96.429	4.0909	44	0	0	4.0909	44	6.3158	57	0	0	6.3158	57
933	7.0528	124.77	8.5075	134	0	0	8.5075	134	8.0315	127	0.59406	101	8.6018	125.56	1.6667	108	2.6667	90	4.2982	97.714	0	0	0	0	0	0	3.3333	54	0	0	3.3333	54
934	9.2791	118.55	10.534	131	0	0	10.534	131	11.897	116	0	0	11.897	116	2.5	96	3.2967	91	5.7926	93.222	8.1818	44	0	0	8.1818	44	6.5455	55	0	0	6.5455	55
935	10.915	111.77	15.254	118	0	0	15.254	118	10.811	111	0.6	100	11.405	110.48	0.97561	123	5.3933	89	6.263	95.8	2.7273	44	0	0	2.7273	44	2.1053	57	0	0	2.1053	57
936	10.416	113.29	14.262	122	0	0	14.262	122	12.11	109	0	0	12.11	109	3.0612	98	2.093	86	5.1337	93.5	0	0	1.3043	46	1.3043	46	1.0526	57	0	0	1.0526	57
937	7.8341	117.43	10.615	130	0	0	10.615	130	6.2069	116	1.0811	111	7.2862	115.29	4	90	2.093	86	6.0902	88.667	2.5532	47	1.4634	41	4	45	3.4615	52	0	0	3.4615	52
938	10.322	118.2	13.701	127	0	0	13.701	127	11.795	117	0	0	11.795	117	2.5532	94	3.2609	92	5.8134	92.889	4.2857	42	1.6667	36	5.9259	40.5	7.5	40	0	0	7.5	40
939	9.4457	116.45	11.719	128	0	0	11.719	128	10.714	112	0.65217	92	11.346	111.05	3.5294	102	2.069	87	5.567	97	7.6596	47	0	0	7.6596	47	3.3962	53	0	0	3.3962	53
940	12.349	113.37	16.86	121	0	0	16.86	121	14.727	110	0	0	14.727	110	3.6364	99	2.093	86	5.7042	94.667	5.3333	45	0	0	5.3333	45	4.8	50	0	0	4.8	50
941	13.544	110.75	18.814	118	0	0	18.814	118	14.862	109	0	0	14.862	109	1.2245	98	6.0674	89	7.2818	90.636	1.2766	47	0	0	1.2766	47	2.3077	52	0	0	2.3077	52
942	9.727	115.14	11.25	128	0	0	11.25	128	14.182	110	0	0	14.182	110	2.0455	88	2.1429	84	4.186	86	3.8298	47	0	0	3.8298	47	3.3962	53	0	0	3.3962	53
943	7.9532	118.19	10.154	130	0	0	10.154	130	7.7586	116	1.2121	99	8.9474	114	1.6514	109	3.4884	86	5.0727	94.625	0	0	0	0	0	0	5.3571	56	0	0	5.3571	56
944	8.3405	122.29	9.7059	136	0	0	9.7059	136	10.588	119	0.63158	95	11.195	117.91	1.0619	113	3.5294	85	4.5161	93	1.1538	52	0	0	1.1538	52	5.7692	52	0	0	5.7692	52
945	12.484	112.14	17.797	118	0	0	17.797	118	13.805	113	0.78947	76	14.512	111.63	4.0449	89	1.3953	86	5.4391	88.25	3.913	46	1.5	40	5.3933	44.5	2.4	50	0	0	2.4	50
946	7.0158	125.43	9.635	137	0	0	9.635	137	8	120	0	0	8	120	1.7476	103	1.9565	92	3.6923	97.5	2.449	49	0	0	2.449	49	9.0566	53	0	0	9.0566	53
947	9.4045	123.34	11.387	137	0	0	11.387	137	12.203	118	0	0	12.203	118	5.0526	95	0	0	5.0526	95	6.383	47	0	0	6.383	47	5.5556	54	0	0	5.5556	54
948	8.9674	113.75	11.719	128	0	0	11.719	128	8.972	107	0.6383	94	9.6013	106.24	1.9355	93	4.186	86	6.1132	88.333	6.383	47	0	0	6.383	47	1.3953	43	0	0	1.3953	43
949	19.026	95.659	29.4	100	0.58824	102	29.988	100.04	18.913	92	2.0225	89	20.934	91.719	2.093	86	4.2353	85	6.3281	85.333	2.8571	42	0	0	2.8571	42	6	50	0	0	6	50
950	17.377	101.28	22.857	105	0	0	22.857	105	19.604	101	0	0	19.604	101	9.7826	92	0	0	9.7826	92	6.5217	46	1.2766	47	7.7978	46.167	9.7959	49	0	0	9.7959	49
951	11.215	110.56	13.44	125	0	0	13.44	125	11.776	107	0.57692	104	12.352	106.86	3.4884	86	5.122	82	8.6056	83.667	6.3158	38	0	0	6.3158	38	5.1064	47	0	0	5.1064	47
952	5.4368	121.39	6.7164	134	0	0	6.7164	134	7.5	112	0	0	7.5	112	2.243	107	0	0	2.243	107	6.9767	43	0	0	6.9767	43	4.6154	52	0	0	4.6154	52
953	9.7057	119.52	12.366	131	0	0	12.366	131	11.053	114	0.66667	90	11.691	112.91	4.6602	103	0.68966	87	5.3348	101.22	0	0	0	0	0	0	3.1034	58	0	0	3.1034	58
954	5.6867	126.61	6.8571	140	0	0	6.8571	140	6.8852	122	0	0	6.8852	122	2.243	107	1.3187	91	3.541	101.67	4	45	0	0	4	45	4.2857	42	0	0	4.2857	42
955	15.386	100.09	18.919	111	0	0	18.919	111	15.625	96	2.0225	89	17.638	95.25	5.25	80	4.9412	85	10.182	82.5	3.913	46	0	0	3.913	46	3.6923	65	0	0	3.6923	65
956	10.614	118.71	13.282	131	0	0	13.282	131	13.274	113	0.58252	103	13.852	112.62	2.4	100	2.7273	88	5.1064	94	2.8571	42	0	0	2.8571	42	2.3529	51	0	0	2.3529	51
957	9.6574	122.19	11.194	134	0	0	11.194	134	11.405	121	1.1881	101	12.563	119.4	4.2	100	1.3793	87	5.5606	97.111	3	40	0	0	3	40	4.8	50	0	0	4.8	50
958	6.6996	125.38	7.234	141	0	0	7.234	141	8.5	120	0	0	8.5	120	2.6549	113	2.0455	88	4.6321	103.62	3.5294	51	0	0	3.5294	51	2.069	58	0	0	2.069	58
959	9.65	120.21	14.062	128	0	0	14.062	128	9.2308	117	0	0	9.2308	117	3.3028	109	2.5806	93	5.848	102.6	3.8298	47	0	0	3.8298	47	0.98361	61	0	0	0.98361	61
960	6.183	135.86	6.2338	154	0	0	6.2338	154	7.2727	132	0	0	7.2727	132	5.3097	113	0	0	5.3097	113	6.1538	39	2.069	29	8.1081	37	3.913	46	1.3333	45	5.2459	45.75
961	7.1826	128.09	9.2958	142	0	0	9.2958	142	8.5	120	0	0	8.5	120	4.0385	104	0	0	4.0385	104	6.8182	44	0	0	6.8182	44	1.9048	63	0	0	1.9048	63
962	9.5392	117.41	12	130	0	0	12	130	10.862	116	0	0	10.862	116	4.3373	83	2.069	87	6.4032	84.333	1.4286	42	0	0	1.4286	42	4.2105	57	0	0	4.2105	57
963	10.406	121.08	13.282	131	0	0	13.282	131	12.5	120	0	0	12.5	120	4.5161	93	1.3483	89	5.8625	92.111	3.8298	47	0	0	3.8298	47	4.7059	51	1.2766	47	5.9761	50.2
964	11.374	110.78	15.63	119	0	0	15.63	119	10.619	113	1.3187	91	11.892	111	1.4286	84	5.6471	85	7.0755	84.8	5.8537	41	0	0	5.8537	41	3.6	50	0	0	3.6	50
965	11.178	110.94	15	120	0	0	15	120	12	110	0	0	12	110	4.3373	83	2.6667	90	6.993	85.8	1.875	32	0	0	1.875	32	1.0714	56	0	0	1.0714	56
966	12.575	114.51	16.535	127	0	0	16.535	127	13.333	108	0.61224	98	13.941	107.6	3.871	93	3.913	92	7.7838	92.5	2.7907	43	0	0	2.7907	43	1.1111	54	0	0	1.1111	54
967	8.2424	118.9	10.076	131	0	0	10.076	131	11.053	114	0	0	11.053	114	3.2609	92	0.66667	90	3.9273	91.667	4	45	0	0	4	45	9.4118	51	0	0	9.4118	51
968	10.654	112.63	15.738	122	0	0	15.738	122	8.4956	113	0.625	96	9.1071	112	2.1951	82	5.4545	88	7.6421	86.364	5.1429	35	0	0	5.1429	35	1.9672	61	0	0	1.9672	61
969	6.3618	125.75	6.2069	145	0	0	6.2069	145	7.1429	126	0	0	7.1429	126	2.9412	102	3.2967	91	6.2176	96.5	4.8	50	0	0	4.8	50	5.2174	46	1.1765	51	6.383	47
970	5.3787	133.86	6.8456	149	0	0	6.8456	149	6.0465	129	0.65934	91	6.6516	126.29	2.2222	108	0.69767	86	2.8958	103.6	2.1429	56	0	0	2.1429	56	4.0909	44	0	0	4.0909	44
971	7.0779	127.16	7.9167	144	0	0	7.9167	144	7.1429	126	0	0	7.1429	126	5.2941	102	1.3483	89	6.6241	99.636	4	45	0	0	4	45	6.9231	52	0	0	6.9231	52
972	8.8918	116.96	9.2308	130	0	0	9.2308	130	11.478	115	0	0	11.478	115	3.6735	98	2.6374	91	6.3025	95.2	0	0	0	0	0	0	0	0	1.3953	43	1.3953	43
973	9.3836	119.36	13.488	129	0	0	13.488	129	8.0672	119	0.65934	91	8.6917	117.35	4.9485	97	1.3953	86	6.3291	94.8	1.2	50	1.6667	36	2.7907	43	5.1064	47	1.4634	41	6.5502	45.8
974	15.159	102.91	21.468	109	0	0	21.468	109	13.8	100	2.3529	102	16.152	100.3	5.9341	91	2.1687	83	8.0899	89	5.3333	45	0	0	5.3333	45	5.6604	53	0	0	5.6604	53
975	8.0533	114.24	10.678	118	0	0	10.678	118	7.563	119	0	0	7.563	119	4.7059	102	1.3636	88	6.0484	99.2	4.0909	44	0	0	4.0909	44	9.2308	52	0	0	9.2308	52
976	5.5549	133.22	6.1538	156	0	0	6.1538	156	6.72	125	0	0	6.72	125	3.6	100	0.72289	83	4.3045	97.571	0	0	0	0	0	0	4.898	49	0	0	4.898	49
977	10.322	110.44	12.097	124	0	0	12.097	124	9.1071	112	0.67416	89	9.7541	110.72	2.7273	88	7.0588	85	9.7837	85.857	5.5814	43	0	0	5.5814	43	1	60	0	0	1	60
978	8.5787	121.23	12.462	130	0	0	12.462	130	8.1356	118	0	0	8.1356	118	3.3333	108	2.093	86	5.3642	100.67	2.2222	54	0	0	2.2222	54	0	0	0	0	0	0
979	11.656	113.24	15.868	121	0	0	15.868	121	10.619	113	1.3483	89	11.911	110.82	3.4615	104	4	90	7.4227	97	5.5556	54	0	0	5.5556	54	3.1579	57	0	0	3.1579	57
980	12.301	112.19	18.151	119	0	0	18.151	119	12.661	109	0.57143	105	13.231	108.83	2.9703	101	2.8235	85	5.7515	93.889	3.0769	39	0	0	3.0769	39	2.1429	56	0	0	2.1429	56
981	8.4442	113.69	10.312	128	0	0	10.312	128	7.6364	110	0	0	7.6364	110	4.5161	93	3.3333	90	7.8474	91.75	5.2174	46	0	0	5.2174	46	8.5714	49	0	0	8.5714	49
982	18.868	97.522	24.706	102	0	0	24.706	102	20.211	95	1.2903	93	21.5	94.882	9.1304	92	1.3793	87	10.506	91.375	2.5	48	0	0	2.5	48	1.1111	54	0	0	1.1111	54
983	16.533	96.775	19.429	105	0	0	19.429	105	22.174	92	1.3333	90	23.507	91.889	4.186	86	2.7586	87	6.9444	86.4	2.0339	59	0	0	2.0339	59	2.2222	54	0	0	2.2222	54
984	16.268	99.58	20.571	105	0	0	20.571	105	20.625	96	0	0	20.625	96	6.383	94	1.3483	89	7.7281	93.167	2.2642	53	0	0	2.2642	53	3.6	50	0	0	3.6	50
985	15.464	99.584	21.346	104	0	0	21.346	104	16.04	101	0	0	16.04	101	7.0588	85	2.2222	81	9.2772	84.077	2.8571	42	0	0	2.8571	42	0.90909	66	0	0	0.90909	66
986	11.83	109.89	18.814	118	0	0	18.814	118	9.4118	102	0.65934	91	10.064	101.35	2.7273	110	4.2857	84	6.888	95.818	6	40	0	0	6	40	7.2	50	0	0	7.2	50
987	16.363	96.557	22.941	102	0	0	22.941	102	16.774	93	0.63158	95	17.405	93.074	4.8276	87	4.0909	88	8.9182	87.462	3.0769	39	1.7647	34	4.8214	37.333	4.6154	52	0	0	4.6154	52
988	12.154	108.61	18.261	115	0	0	18.261	115	12	105	0.67416	89	12.659	104.27	5.0526	95	0.67416	89	5.7244	94.333	2.1818	55	0	0	2.1818	55	3.1034	58	0	0	3.1034	58
989	6.9128	133.09	7.0588	153	0	0	7.0588	153	9.3023	129	0	0	9.3023	129	4.2	100	0.68182	88	4.8731	98.5	1.1765	51	1.5789	38	2.6966	44.5	2.449	49	0	0	2.449	49
990	9.4958	120.05	12.923	130	0	0	12.923	130	8.9256	121	0.53097	113	9.4544	120.58	3.75	96	2.8571	84	6.5789	91.2	8.1818	44	0	0	8.1818	44	3.8298	47	1.25	48	5.0794	47.25
991	9.6806	119.83	14.308	130	0	0	14.308	130	10.435	115	0	0	10.435	115	1.3333	90	3.4091	88	4.7419	88.571	3.8298	47	0	0	3.8298	47	10.8	50	0	0	10.8	50
992	11.272	118.88	13.385	130	0	0	13.385	130	13.805	113	0	0	13.805	113	4.9541	109	1.9565	92	6.8735	104.75	5.4545	44	0	0	5.4545	44	1.2245	49	0	0	1.2245	49
993	12.272	109.19	19.138	116	0	0	19.138	116	10.459	109	0.68966	87	11.121	107.9	1.2903	93	5.6471	85	6.9284	86.6	0	0	0	0	0	0	6.9767	43	0	0	6.9767	43
994	14.59	100.07	20.943	106	0	0	20.943	106	10.105	95	2.4742	97	12.579	95.4	6.9474	95	3.4884	86	10.414	92.188	4.2857	42	0	0	4.2857	42	1.2245	49	0	0	1.2245	49
995	12.823	107.62	20.541	111	0	0	20.541	111	11.009	109	0	0	11.009	109	3.6735	98	3.4091	88	7.0623	93.455	1.3636	44	0	0	1.3636	44	0.86957	69	0	0	0.86957	69
996	6.6566	126.19	5.7931	145	0	0	5.7931	145	9.12	125	0.54054	111	9.6541	124.3	4.898	98	0	0	4.898	98	4.7368	38	1.6667	36	6.4	37.5	5.1064	47	0	0	5.1064	47
997	9.9919	122.1	12.632	133	0	0	12.632	133	13.109	119	0	0	13.109	119	3.125	96	1.6	75	4.6667	90	1.5	40	1.6216	37	3.1169	38.5	1.0909	55	0	0	1.0909	55
998	9.6599	126.3	15.672	134	0	0	15.672	134	9.0756	119	0	0	9.0756	119	4.4037	109	0	0	4.4037	109	2.6087	46	0	0	2.6087	46	4.7059	51	0	0	4.7059	51
999	10.118	118.6	13.81	126	0	0	13.81	126	11.897	116	0	0	11.897	116	2.8302	106	2.0455	88	4.8363	99.25	9.7674	43	0	0	9.7674	43	3.5294	51	0	0	3.5294	51
1000	14.752	107.1	20.172	116	0	0	20.172	116	15.728	103	1.2121	99	16.939	102.72	1.3043	92	6.2791	86	7.5783	87.091	2.9268	41	0	0	2.9268	41	7.7778	54	0	0	7.7778	54
1001	7.9599	120.6	10.534	131	0	0	10.534	131	6.9421	121	0.65217	92	7.5588	119.07	3.3645	107	2.7586	87	6.0606	99	1.4286	42	1.7647	34	3.1579	38	4.6154	52	0	0	4.6154	52
1002	7.4263	129.27	8.3444	151	0	0	8.3444	151	7.8689	122	0.6383	94	8.4751	120.35	4.7059	102	1.3953	86	6.0729	98.8	2.5532	47	0	0	2.5532	47	3.3333	54	1.3333	45	4.6377	51.75
1003	15.504	101.91	21.622	111	0	0	21.622	111	16.25	96	1.3333	90	17.578	95.571	0	0	7.7647	85	7.7647	85	2.4	50	0	0	2.4	50	2.6087	46	1.5	40	4.0909	44
1004	18.124	98.213	27.059	102	0	0	27.059	102	20	96	0.57143	105	20.567	96.273	5.4545	88	1.4286	84	6.8807	87.2	5.5814	43	0	0	5.5814	43	6.383	47	0	0	6.383	47
1005	12.401	114.51	19.835	121	0	0	19.835	121	11.053	114	0.6	100	11.644	113.36	0.6	100	5.5172	87	6.1055	88.444	8.1818	44	0	0	8.1818	44	3.75	48	0	0	3.75	48
1006	6.9967	125.77	5.7931	145	0	0	5.7931	145	9	120	0	0	9	120	6.4286	112	0	0	6.4286	112	3.913	46	0	0	3.913	46	4.2857	56	0	0	4.2857	56
1007	14.86	103.64	18.421	114	0	0	18.421	114	16.97	99	0	0	16.97	99	2.6087	92	7.0588	85	9.6552	87	2.9268	41	0	0	2.9268	41	1.9355	62	0	0	1.9355	62
1008	8.4216	121.12	9.1971	137	0	0	9.1971	137	9.5798	119	0	0	9.5798	119	4.3299	97	2.6667	90	6.9875	94.455	8.1818	44	0	0	8.1818	44	4.8	50	1.3953	43	6.1728	48.6
1009	10.473	116.49	15.118	127	0	0	15.118	127	11.009	109	0.58252	103	11.59	108.71	3.125	96	1.9355	93	5.0593	94.875	2.5532	47	0	0	2.5532	47	4	45	0	0	4	45
1010	12.202	106.54	17.838	111	0	0	17.838	111	12.336	107	1.2766	94	13.596	105.92	2.5	96	2.8571	84	5.3333	90	3.0769	39	0	0	3.0769	39	3.1579	57	0	0	3.1579	57
1011	8.5765	114.27	10.256	117	0	0	10.256	117	10.862	116	0	0	10.862	116	4.0777	103	0.58824	102	4.6659	102.88	2.9268	41	0	0	2.9268	41	15	44	1.4286	42	16.426	43.833
1012	12.186	106.68	17.895	114	0	0	17.895	114	12.115	104	1.2903	93	13.392	103.04	2.7907	86	2.7907	86	5.5814	86	8.5714	42	0	0	8.5714	42	1.1765	51	0	0	1.1765	51
1013	16.649	100.9	22.991	107	0	0	22.991	107	20.204	98	0.68182	88	20.879	97.706	2.7273	88	3.6145	83	6.3364	85.222	1.1111	54	0	0	1.1111	54	4.3636	55	0	0	4.3636	55
1014	10.926	115.32	14.622	119	0	0	14.622	119	15.789	114	0	0	15.789	114	1.7308	104	0.73171	82	2.4365	98.5	3	40	0	0	3	40	1.8462	65	0	0	1.8462	65
1015	15.324	104.41	21.818	110	0	0	21.818	110	15.577	104	0	0	15.577	104	6.0674	89	2.7907	86	8.8559	88.077	5.1064	47	0	0	5.1064	47	5.6604	53	0	0	5.6604	53
1016	10.788	116.79	15.122	123	0	0	15.122	123	11.379	116	0.59406	101	11.964	115.35	4.1176	102	1.3483	89	5.4484	99.111	1.3333	45	0	0	1.3333	45	3.6364	66	1.2766	47	4.8232	62.2
1017	8.4318	113.85	10.076	131	0	0	10.076	131	8.3333	108	0.68182	88	8.993	106.75	3.4091	88	3.4483	87	6.8571	87.5	7.3171	41	0	0	7.3171	41	5.5556	54	0	0	5.5556	54
1018	7.0277	122.37	7.3381	139	0	0	7.3381	139	10.084	119	0	0	10.084	119	2.093	86	2.069	87	4.1618	86.5	2.5	48	0	0	2.5	48	3.6	50	0	0	3.6	50
1019	12.172	113.38	14.88	125	0	0	14.88	125	12.545	110	0.61224	98	13.151	109.5	5.6842	95	3.2258	93	8.9091	94.286	3.3333	54	0	0	3.3333	54	4.4444	54	0	0	4.4444	54
1020	8.5397	112.42	9.12	125	0	0	9.12	125	9.6429	112	0.52174	115	10.164	112.16	2.6087	92	4.1379	87	6.7416	89	1.25	48	0	0	1.25	48	0	0	0	0	0	0
1021	3.3748	136.3	2.2222	162	0	0	2.2222	162	4.3478	138	0	0	4.3478	138	3.1034	116	0.68966	87	3.7548	111.86	5.4545	44	0	0	5.4545	44	2.6087	46	0	0	2.6087	46
1022	6.9014	121.71	9.0647	139	0	0	9.0647	139	5.7895	114	0.58824	102	6.3717	113	5.0526	95	0.77922	77	5.8065	93	2.6087	46	0	0	2.6087	46	4.4444	54	0	0	4.4444	54
1023	6.389	112.69	7.2	125	0	0	7.2	125	8.3333	108	0.50847	118	8.8377	108.62	1.2903	93	2.093	86	3.3784	88.8	6.9767	43	0	0	6.9767	43	6.9231	52	0	0	6.9231	52
1024	13.43	101.26	15.676	111	0	0	15.676	111	17.5	96	0.64516	93	18.145	95.897	3.871	93	2.9268	82	6.772	88.6	10	42	1.7143	35	11.672	41.125	6.9231	52	0	0	6.9231	52
1025	13.777	105.97	20.893	112	0	0	20.893	112	12.692	104	1.2	100	13.891	103.67	1.3636	88	5.4545	88	6.8182	88	5.7143	42	0	0	5.7143	42	3.8298	47	0	0	3.8298	47
1026	9.5406	117.39	13.333	126	0	0	13.333	126	9.6429	112	0	0	9.6429	112	5.8252	103	0	0	5.8252	103	2.6667	45	0	0	2.6667	45	0	0	1.25	48	1.25	48
1027	6.4877	132.56	9.4521	146	0	0	9.4521	146	6.0938	128	0	0	6.0938	128	2.3529	102	2	90	4.3363	96.857	7.3469	49	0	0	7.3469	49	9.2308	52	0	0	9.2308	52
1028	6.272	133.93	8.4564	149	0	0	8.4564	149	5.5814	129	0.67416	89	6.1943	125.92	2.5862	116	1.9355	93	4.4703	107.38	10.244	41	1.7143	35	11.925	40.25	2.449	49	0	0	2.449	49
1029	11.144	114.86	14.516	124	0	0	14.516	124	13.091	110	0.59406	101	13.681	109.64	4.1176	102	1.3636	88	5.4607	98.889	2.3077	52	0	0	2.3077	52	1.0526	57	0	0	1.0526	57
1030	8.7643	125.51	12.18	133	0	0	12.18	133	9.5238	126	0	0	9.5238	126	2.2018	109	2.6966	89	4.8485	99	3.75	48	0	0	3.75	48	8.4	50	0	0	8.4	50
1031	7.3294	130.98	7.4483	145	0	0	7.4483	145	11.429	126	0	0	11.429	126	2.7273	110	0.58252	103	3.3078	108.83	2.5532	47	1.7647	34	4.2188	42.667	0	0	0	0	0	0
1032	5.8882	125.68	4.6809	141	0	0	4.6809	141	7.5591	127	0.58252	103	8.1218	125.59	4.3636	110	0.71429	84	5.0415	107.11	0	0	0	0	0	0	2.3529	51	1.3333	45	3.6735	49
1033	6.1824	129.4	8.0851	141	0	0	8.0851	141	6.4615	130	0	0	6.4615	130	2.3762	101	1.978	91	4.3427	96.714	4.0909	44	0	0	4.0909	44	12.692	52	0	0	12.692	52
1034	8.2874	113.43	10.161	124	0	0	10.161	124	9.0265	113	1.2245	98	10.231	111.42	0.73171	82	4.0909	88	4.8197	87.143	7.6596	47	0	0	7.6596	47	4.5283	53	1.2245	49	5.7471	52.2
1035	5.8429	126.65	6.25	144	0	0	6.25	144	7.8049	123	0	0	7.8049	123	3.871	93	0	0	3.871	93	2.6087	46	0	0	2.6087	46	1.0345	58	1.7143	35	2.5806	46.5
1036	7.2131	122	8.7591	137	0	0	8.7591	137	6.1538	117	0	0	6.1538	117	5.7143	105	1.3793	87	7.0588	102	5.3333	45	0	0	5.3333	45	3.3962	53	0	0	3.3962	53
1037	10.578	107.77	14.336	113	0	0	14.336	113	12.897	107	0.67416	89	13.553	106.25	2.5806	93	1.4118	85	3.9852	90.333	5.7143	42	0	0	5.7143	42	6.4286	56	0	0	6.4286	56
1038	15.153	102.95	21.818	110	0	0	21.818	110	16.04	101	0	0	16.04	101	5.9259	81	2.1176	85	8.0399	82.091	4.0909	44	0	0	4.0909	44	4.2105	57	0	0	4.2105	57
1039	13.851	106.85	18.421	114	0	0	18.421	114	15	104	0	0	15	104	7.6596	94	0.70588	85	8.3594	93.308	2.7907	43	0	0	2.7907	43	2.7907	43	0	0	2.7907	43
1040	7.5419	119.33	9.6183	131	0	0	9.6183	131	8.7931	116	0	0	8.7931	116	1.7822	101	2.7907	86	4.544	92.429	5.4545	44	0	0	5.4545	44	1.5385	39	0	0	1.5385	39
1041	9.4443	116.47	13.228	127	0	0	13.228	127	8.2051	117	0.56604	106	8.7664	116.35	5.5172	87	1.3636	88	6.8807	87.2	3.8298	47	0	0	3.8298	47	3.6	50	0	0	3.6	50
1042	7.0118	122.65	8.1429	140	0	0	8.1429	140	6.9421	121	0	0	6.9421	121	3.75	96	2.7907	86	6.5217	92	6.383	47	0	0	6.383	47	5.2174	46	0	0	5.2174	46
1043	11.194	112.56	13.388	121	0	0	13.388	121	13.393	112	0	0	13.393	112	4.375	96	2.7273	88	7.0898	93.091	1.3043	46	0	0	1.3043	46	1.4634	41	0	0	1.4634	41
1044	4.5806	126.62	5.0704	142	0	0	5.0704	142	4.7244	127	0	0	4.7244	127	2.3077	104	1.9149	94	4.212	99.714	1.4286	42	0	0	1.4286	42	2.4	50	0	0	2.4	50
1045	9.1409	115.96	12.857	126	0	0	12.857	126	8.9474	114	0.64516	93	9.5716	112.83	0.57692	104	4.8276	87	5.3857	89.125	1.3043	46	2.069	29	3.2	37.5	6	50	0	0	6	50
1046	10.205	115.63	14.173	127	0	0	14.173	127	9.4737	114	0.65217	92	10.103	112.84	5.5172	87	1.3953	86	6.9124	86.8	2.5532	47	0	0	2.5532	47	4.2857	56	0	0	4.2857	56
1047	8.3139	122.69	9.2958	142	0	0	9.2958	142	8.7179	117	0	0	8.7179	117	7.0213	94	0.54545	110	7.5524	95.333	6.383	47	0	0	6.383	47	4.6154	52	0	0	4.6154	52
1048	9.276	109.96	13.5	120	0	0	13.5	120	7.8505	107	0	0	7.8505	107	0.68966	87	6.2069	87	6.8966	87	2.9268	41	1.875	32	4.7368	38	3.4615	52	0	0	3.4615	52
1049	9.2893	109.8	11.311	122	0	0	11.311	122	9.0566	106	0.65934	91	9.7034	105.12	2.5	96	4.7191	89	7.2095	91.545	5.5814	43	0	0	5.5814	43	3.4615	52	0	0	3.4615	52
1050	13.839	102.61	20	108	0	0	20	108	15.152	99	0	0	15.152	99	5.0526	95	1.4815	81	6.5076	92.2	2.3077	52	0	0	2.3077	52	2.2642	53	0	0	2.2642	53
1051	8.8598	117.38	13.385	130	0	0	13.385	130	9.5327	107	0	0	9.5327	107	3.4884	86	0.70588	85	4.1942	85.833	2.449	49	0	0	2.449	49	2.449	49	0	0	2.449	49
1052	12.159	101.98	16.111	108	0	0	16.111	108	14.257	101	0	0	14.257	101	5.6471	85	0.68966	87	6.3364	85.222	4.8	50	0	0	4.8	50	3.75	48	0	0	3.75	48
1053	12.633	106.07	19.286	112	0	0	19.286	112	11.65	103	0	0	11.65	103	6.5217	92	0.63158	95	7.1527	92.273	6	40	0	0	6	40	4.6154	52	0	0	4.6154	52
1054	7.9967	110.05	12.743	113	0	0	12.743	113	6.8421	114	0.65217	92	7.4714	112.43	1.1321	106	2.7907	86	3.8849	92.667	2.449	49	0	0	2.449	49	1.2766	47	0	0	1.2766	47
1055	11.296	102.69	14.595	111	0	0	14.595	111	12.727	99	0	0	12.727	99	2.6374	91	4.186	86	6.8182	88	6.5217	46	0	0	6.5217	46	6.9231	52	0	0	6.9231	52
1056	13.586	100.1	19.811	106	0	0	19.811	106	9.697	99	3.2967	91	12.977	97.095	6.7416	89	1.4286	84	8.1664	88.167	2.6087	46	0	0	2.6087	46	1.1321	53	0	0	1.1321	53
1057	12.658	99.54	18.462	104	0	0	18.462	104	11.515	99	1.2632	95	12.776	98.619	4.0909	88	2.7907	86	6.8807	87.2	8.3721	43	2.7273	44	11.098	43.25	2.2642	53	0	0	2.2642	53
1058	13.372	100.21	17.944	107	0	0	17.944	107	14.845	97	0.65217	92	15.496	96.8	4.8276	87	2.069	87	6.8966	87	1.3636	44	0	0	1.3636	44	0.9375	64	0	0	0.9375	64
1059	14.371	96.029	19.245	106	0	0	19.245	106	14.831	89	1.2632	95	16.089	89.5	4.557	79	3.75	80	8.3066	79.455	5.1064	47	0	0	5.1064	47	3.1034	58	0	0	3.1034	58
1060	15.03	97.137	23.529	102	0	0	23.529	102	13.548	93	0	0	13.548	93	4.7191	89	3.4483	87	8.1664	88.167	3.0769	39	0	0	3.0769	39	6.25	48	0	0	6.25	48
1061	11.187	103.69	12.857	112	0	0	12.857	112	10.189	106	0.67416	89	10.846	105.11	6.2069	87	3.956	91	10.158	88.6	4.186	43	0	0	4.186	43	2.1818	55	0	0	2.1818	55
1062	12.567	103.45	18.716	109	0	0	18.716	109	15.918	98	0	0	15.918	98	1.8367	98	1.3636	88	3.1915	94	2.6667	45	0	0	2.6667	45	2.2222	54	0	0	2.2222	54
1063	10.926	111.66	16.86	121	0	0	16.86	121	9.0566	106	0.68182	88	9.7197	104.94	5.9341	91	0.6383	94	6.5717	91.3	0	0	0	0	0	0	3.1034	58	0	0	3.1034	58
1064	12.375	108.28	19.474	114	0	0	19.474	114	9.6226	106	0.60606	99	10.226	105.61	6.25	96	1.3636	88	7.6056	94.667	1.6667	36	1.6216	37	3.2877	36.5	2.7692	65	0	0	2.7692	65
1065	8.6632	113.12	10.645	124	0	0	10.645	124	6.6667	117	2.6374	91	9.1989	110.88	3	100	3.4884	86	6.4516	93	4	45	0	0	4	45	2.3529	51	0	0	2.3529	51
1066	14.744	97.667	20.388	103	0	0	20.388	103	13.608	97	1.9355	93	15.541	96.52	4.3902	82	4.1379	87	8.5207	84.5	1.3953	43	0	0	1.3953	43	1.0169	59	0	0	1.0169	59
1067	13.162	100.29	19.038	104	0	0	19.038	104	13.939	99	0	0	13.939	99	3.7895	95	2.8235	85	6.5934	91	3.1579	38	1.4286	42	4.5763	39.333	2.1818	55	0	0	2.1818	55
1068	12.26	101.15	15.135	111	0	0	15.135	111	10.693	101	1.9355	93	12.618	99.857	5.8537	82	3.6585	82	9.5122	82	6.9767	43	0	0	6.9767	43	4.3636	55	0	0	4.3636	55
1069	3.3195	120.5	2.069	145	0	0	2.069	145	4.7619	126	0	0	4.7619	126	3.5294	85	0	0	3.5294	85	0	0	0	0	0	0	1.2	50	0	0	1.2	50
1070	3.7822	111.05	2.6087	138	0	0	2.6087	138	5.0467	107	0.68966	87	5.7143	105	2.0455	88	1.2632	95	3.304	90.8	4.898	49	0	0	4.898	49	0.8	75	0	0	0.8	75
1071	5.4045	122.12	5.035	143	0	0	5.035	143	7.1186	118	0	0	7.1186	118	3.0612	98	1.3953	86	4.4411	94.571	5.8537	41	0	0	5.8537	41	1.1321	53	0	0	1.1321	53
1072	6.3827	122.21	7.8261	138	0	0	7.8261	138	7.7586	116	0	0	7.7586	116	1.2371	97	2.7586	87	3.9852	90.333	5.8537	41	0	0	5.8537	41	3.2143	56	0	0	3.2143	56
1073	8.6027	113.92	7.5556	135	0	0	7.5556	135	10.811	111	0.6383	94	11.435	110.19	6.0674	89	1.3953	86	7.4615	88.455	2.6667	45	0	0	2.6667	45	9	40	1.6667	36	10.652	39.429
1074	6.9109	124.44	6.9565	138	0	0	6.9565	138	9.12	125	0	0	9.12	125	3.6	100	1.4286	84	5	96	2.9268	41	1.5789	38	4.5	40	6.9231	52	1.0909	55	8.0109	52.429
1075	6.2503	124.79	6.2069	145	0	0	6.2069	145	7.3171	123	0	0	7.3171	123	4.2424	99	1.5584	77	5.7379	94.111	7.1429	42	0	0	7.1429	42	5.1064	47	0	0	5.1064	47
1076	7.9424	123.39	7.4483	145	0	0	7.4483	145	9.5	120	0	0	9.5	120	6.8041	97	0.67416	89	7.474	96.333	0	0	0	0	0	0	6	50	0	0	6	50
1077	5.0731	126.16	4.1096	146	0	0	4.1096	146	8.16	125	0	0	8.16	125	1.2766	94	2.0455	88	3.3186	90.4	4.8	50	0	0	4.8	50	6.7925	53	0	0	6.7925	53
1078	5.115	132.94	5.7325	157	0	0	5.7325	157	4.5802	131	0	0	4.5802	131	3.0303	99	2.6667	90	5.6842	95	2.7273	44	0	0	2.7273	44	3.0508	59	0	0	3.0508	59
1079	6.1591	126.64	6.383	141	0	0	6.383	141	7.5	128	0	0	7.5	128	4.9485	97	0	0	4.9485	97	1.5385	39	0	0	1.5385	39	4.6154	52	0	0	4.6154	52
1080	3.9609	136.33	4.0491	163	0	0	4.0491	163	5.76	125	0	0	5.76	125	2.4742	97	0	0	2.4742	97	4.186	43	0	0	4.186	43	4.8	50	0	0	4.8	50
1081	5.4806	120.42	4.9655	145	0	0	4.9655	145	5.9016	122	0	0	5.9016	122	1.3187	91	5	84	6.3117	85.556	4.3902	41	0	0	4.3902	41	0	0	0	0	0	0
1082	5.9496	124.38	6.5753	146	0	0	6.5753	146	5.2381	126	0.68182	88	5.8616	122.83	4.0449	89	2.093	86	6.1364	88	5.3333	45	0	0	5.3333	45	2.2642	53	0	0	2.2642	53
1083	6.193	125.95	5.4167	144	0	0	5.4167	144	8.0315	127	0	0	8.0315	127	4.8	100	0.74074	81	5.5165	97.889	7.1429	42	0	0	7.1429	42	5.8824	51	0	0	5.8824	51
1084	5.3099	131.83	5.3061	147	0	0	5.3061	147	7.907	129	0	0	7.907	129	2.9412	102	0	0	2.9412	102	7.3171	41	0	0	7.3171	41	3.6	50	0	0	3.6	50
1085	4.5169	132.83	4.898	147	0	0	4.898	147	6	130	0	0	6	130	2.1622	111	0.68966	87	2.8249	106.2	3.75	32	0	0	3.75	32	5.8824	51	0	0	5.8824	51
1086	10.742	113.57	12.857	126	0	0	12.857	126	11.681	113	0	0	11.681	113	5.5172	87	2.7907	86	8.3077	86.667	3.913	46	0	0	3.913	46	1.5	40	0	0	1.5	40
1087	4.0559	138.07	4.557	158	0	0	4.557	158	5.9542	131	0	0	5.9542	131	1.3483	89	0.67416	89	2.0225	89	2.449	49	0	0	2.449	49	1.6216	37	0	0	1.6216	37
1088	5.011	147.68	6.8675	166	0	0	6.8675	166	6.087	138	0	0	6.087	138	1.2	100	1.3483	89	2.5397	94.5	4.0909	44	0	0	4.0909	44	6.7925	53	0	0	6.7925	53
1089	6.7469	127.47	6.9388	147	0	0	6.9388	147	8.2927	123	0	0	8.2927	123	4.1584	101	1.3043	92	5.4545	99	3.8298	47	0	0	3.8298	47	3.6	50	0	0	3.6	50
1090	4.7573	134.53	4.3137	153	0	0	4.3137	153	6.5693	137	0	0	6.5693	137	3.0928	97	0.73171	82	3.8095	94.5	5.625	32	0	0	5.625	32	1.0909	55	0	0	1.0909	55
1091	7.5222	122.3	10.827	133	0	0	10.827	133	8.0672	119	0	0	8.0672	119	1.2632	95	2.8235	85	4.0755	88.333	5.7143	42	0	0	5.7143	42	7.2	50	0	0	7.2	50
1092	6.3636	132	7.451	153	0	0	7.451	153	7.5591	127	0	0	7.5591	127	2.7907	86	2.069	87	4.8595	86.429	6.8182	44	0	0	6.8182	44	3.2143	56	0	0	3.2143	56
1093	5.8467	126.57	7.234	141	0	0	7.234	141	6.24	125	0.65934	91	6.8531	122.57	1.0619	113	2.7907	86	3.7895	95	7.8261	46	0	0	7.8261	46	5.3333	45	0	0	5.3333	45
1094	3.8376	135.5	4.125	160	0	0	4.125	160	4.2857	126	1.2245	98	5.4586	120.91	1.5652	115	0.68182	88	2.2171	108.25	5.2174	46	3.1579	38	8.3077	43.333	5.0847	59	1.2766	47	6.3158	57
1095	8.6751	122.19	10.141	142	0	0	10.141	142	10.179	112	0.6	100	10.772	111.4	2.2857	105	3.5714	84	5.7857	93.333	0	0	0	0	0	0	6.7925	53	0	0	6.7925	53
1096	6.5836	130.63	7.6	150	0	0	7.6	150	6.6667	126	0.6383	94	7.2659	123.87	2.069	116	3.3708	89	5.3465	101	9.3333	45	1.875	32	11.066	43.375	4.6154	39	0	0	4.6154	39
1097	8.8388	126.71	11.915	141	0	0	11.915	141	9.8361	122	0	0	9.8361	122	3.956	91	1.4815	81	5.4237	88.5	15.385	39	0	0	15.385	39	5.8824	51	0	0	5.8824	51
1098	7.2593	135	8.9796	147	0	0	8.9796	147	8.9552	134	0	0	8.9552	134	2.1818	110	2.069	87	4.194	100.14	1.1765	51	0	0	1.1765	51	4.8	50	0	0	4.8	50
1099	11.193	114.36	15.61	123	0	0	15.61	123	10.345	116	0.68966	87	10.993	114.62	3.956	91	3.4884	86	7.4385	88.727	5	48	0	0	5	48	1.3043	46	0	0	1.3043	46
1100	13.174	106.27	18.75	112	0	0	18.75	112	14.563	103	1.1765	102	15.739	102.93	2.449	98	2.7586	87	5.1892	92.5	5.5814	43	0	0	5.5814	43	1.4634	41	1.5385	39	3	40
1101	12.421	111.1	16.552	116	0	0	16.552	116	13.636	110	0	0	13.636	110	5.8824	102	1.3043	92	7.1761	100.33	7.6596	47	0	0	7.6596	47	5.6604	53	0	0	5.6604	53
1102	12.125	103.92	12.203	118	0	0	12.203	118	12.692	104	0	0	12.692	104	4.3902	82	7.7647	85	12.151	83.941	1.1111	54	0	0	1.1111	54	2.1429	56	0	0	2.1429	56
1103	14.236	103.96	22.018	109	0	0	22.018	109	12.941	102	0.65217	92	13.587	101.57	2.4742	97	4.8276	87	7.2818	90.636	4.6154	39	0	0	4.6154	39	3.3333	54	0	0	3.3333	54
1104	11.762	112.23	16.098	123	0	0	16.098	123	10.811	111	0.68182	88	11.464	109.9	2.8571	84	5.4545	88	8.3077	86.667	13.953	43	0	0	13.953	43	3.913	46	0	0	3.913	46
1105	14.539	99.042	18.824	102	0	0	18.824	102	16.701	97	0	0	16.701	97	8.125	96	0	0	8.125	96	4.6154	39	0	0	4.6154	39	1	60	0	0	1	60
1106	11.519	111.12	16.5	120	0	0	16.5	120	13.585	106	0	0	13.585	106	2.0455	88	2.7907	86	4.8355	86.857	8	45	0	0	8	45	0.96774	62	0	0	0.96774	62
1107	15.436	107.54	22.703	111	0	0	22.703	111	16.667	108	0	0	16.667	108	4.375	96	2.7273	88	7.0898	93.091	3.8298	47	0	0	3.8298	47	3.1579	57	0	0	3.1579	57
1108	14.145	107.46	22.5	112	0	0	22.5	112	14.423	104	0.66667	90	15.078	103.46	2.9126	103	2.093	86	4.9677	96.625	4.8649	37	0	0	4.8649	37	2.449	49	0	0	2.449	49
1109	17.203	103.47	25.794	107	0	0	25.794	107	16.893	103	0.61856	97	17.51	102.8	7.0968	93	1.3333	90	8.4289	92.538	1.3333	45	1.7143	35	3	40	7.6596	47	1.7647	34	9.3038	45.143
1110	12.31	108.85	18.261	115	0	0	18.261	115	13.458	107	0	0	13.458	107	1.3953	86	4.0909	88	5.4857	87.5	1.5789	38	0	0	1.5789	38	3.3333	54	0	0	3.3333	54
1111	9.2793	109.92	14.483	116	0	0	14.483	116	8.8889	108	0	0	8.8889	108	0.58824	102	4.0909	88	4.6667	90	5.3333	45	0	0	5.3333	45	3.6735	49	0	0	3.6735	49
1112	16.277	98.3	19.626	107	0	0	19.626	107	16.25	96	0	0	16.25	96	8.9655	87	4.3902	82	13.346	85.421	2.4	50	0	0	2.4	50	1.1765	51	0	0	1.1765	51
1113	17.365	89.833	24.396	91	0	0	24.396	91	18.667	90	0	0	18.667	90	8.3721	86	0.68182	88	9.0536	86.154	1.3333	45	0	0	1.3333	45	5.3333	45	1.5	40	6.8182	44
1114	20.132	79.475	30.769	78	0	0	30.769	78	19.5	80	0.8	75	20.297	79.815	6.506	83	2.8571	84	9.3629	83.308	5.4545	44	0	0	5.4545	44	3.4615	52	0	0	3.4615	52
1115	21.569	79.744	31.899	79	0	0	31.899	79	27.342	79	0	0	27.342	79	3.4483	87	2.069	87	5.5172	87	1.3953	43	0	0	1.3953	43	8.75	48	0	0	8.75	48
1116	17.119	93.463	22.887	97	0	0	22.887	97	17.609	92	0.64516	93	18.254	92.036	8.9655	87	1.3333	90	10.297	87.4	9.5455	44	0	0	9.5455	44	0	0	0	0	0	0
1117	14.881	95.423	23.636	99	0	0	23.636	99	12	95	0	0	12	95	3.3708	89	5.7831	83	9.1434	85.308	1.3636	44	1.4634	41	2.8235	42.5	1.3333	45	0	0	1.3333	45
1118	13.72	106.41	19.646	113	0	0	19.646	113	15.728	103	0.66667	90	16.385	102.54	2.6374	91	2.7273	88	5.3631	89.5	3.913	46	0	0	3.913	46	5.4545	44	0	0	5.4545	44
1119	12.298	105.71	16.41	117	0	0	16.41	117	10	102	1.2245	98	11.223	101.58	0.75949	79	9.0698	86	9.8246	85.5	1.3636	44	0	0	1.3636	44	4.3636	55	0	0	4.3636	55
1120	11.948	112.15	17.5	120	0	0	17.5	120	12.11	109	0.6	100	12.706	108.61	1.8367	98	4.1379	87	5.9559	90.667	2.7907	43	1.7647	34	4.5	40	1.1111	54	0	0	1.1111	54
1121	9.3347	119.98	13.282	131	0	0	13.282	131	9.3103	116	0	0	9.3103	116	5.2174	92	0.625	96	5.8413	92.444	1.2	50	0	0	1.2	50	5.5556	54	0	0	5.5556	54
1122	10.75	113.49	14.146	123	0	0	14.146	123	12.545	110	0	0	12.545	110	3.0612	98	2.8571	84	5.8838	91.778	5.5814	43	0	0	5.5814	43	0	0	0	0	0	0
1123	14.437	102.51	14.5	120	0	0	14.5	120	14.227	97	1.3483	89	15.567	96.36	7.5	88	6.6667	81	14.143	84.85	5	48	0	0	5	48	0	0	0	0	0	0
1124	18.833	94.517	25.625	96	0	0	25.625	96	20.645	93	0.58252	103	21.221	93.303	8.9362	94	0.74074	81	9.6636	93.133	1.2766	47	0	0	1.2766	47	2.1818	55	2.2222	54	4.4037	54.5
1125	14.77	100.2	23.883	103	0	0	23.883	103	13.469	98	0.63158	95	14.1	97.87	5.6842	95	0.69767	86	6.3762	94.1	4.186	43	0	0	4.186	43	3.2727	55	0	0	3.2727	55
1126	9.2522	118.89	12.824	131	0	0	12.824	131	10.909	110	0	0	10.909	110	3.0303	99	1.3636	88	4.3815	95.857	5.2174	46	0	0	5.2174	46	1.9048	63	0	0	1.9048	63
1127	11.225	112.25	17.5	120	0	0	17.5	120	11.009	109	0	0	11.009	109	2.1429	84	3.4091	88	5.5491	86.5	6	40	0	0	6	40	1.1321	53	1.25	48	2.3762	50.5
1128	16.358	100.26	23.889	108	0	0	23.889	108	17.872	94	1.3043	92	19.176	93.867	2.8571	84	3.5294	85	6.3863	84.556	3.913	46	0	0	3.913	46	5.6604	53	0	0	5.6604	53
1129	7.3278	120.09	9.5455	132	0	0	9.5455	132	7.1795	117	0	0	7.1795	117	4.2	100	1.3793	87	5.5606	97.111	7.3171	41	1.5	40	8.8163	40.833	1.0909	55	1.25	48	2.3301	51.5
1130	13.119	108.24	20.526	114	0	0	20.526	114	11.776	107	1.25	96	13.014	106.04	2.6667	90	3.4091	88	6.075	88.889	5	36	0	0	5	36	3.6735	49	0	0	3.6735	49
1131	8.5869	121.12	11.538	130	0	0	11.538	130	9.8276	116	0	0	9.8276	116	3.2727	110	1.3043	92	4.5498	105.5	10	30	6.9231	26	16.842	28.5	3.6	50	0	0	3.6	50
1132	6.0335	122.65	8.8889	135	0	0	8.8889	135	5.8407	113	0	0	5.8407	113	2.9126	103	0.75	80	3.6303	99.167	3.3333	36	1.7143	35	5.0467	35.667	3.1579	57	0	0	3.1579	57
1133	9.8622	117.62	14.531	128	0	0	14.531	128	8.4211	114	0	0	8.4211	114	3.7895	95	3.2609	92	7.0485	93.636	1.2245	49	0	0	1.2245	49	3.3333	54	0	0	3.3333	54
1134	11.423	105.05	13.966	116	0	0	13.966	116	9.4118	102	0.67416	89	10.076	101.24	3.7895	95	6.8182	88	10.593	90.625	1.0714	56	0	0	1.0714	56	1.1321	53	0	0	1.1321	53
1135	17.457	96.238	24	100	0	0	24	100	19.149	94	1.3483	89	20.494	93.688	7.2527	91	0.70588	85	7.9558	90.5	5.3333	45	0	0	5.3333	45	3.4615	52	0	0	3.4615	52
1136	14.244	96.884	19.412	102	0	0	19.412	102	15.957	94	0	0	15.957	94	6.0674	89	1.4286	84	7.4923	88.091	5.1064	47	0	0	5.1064	47	4	60	0	0	4	60
1137	12.547	102.02	18.505	107	0	0	18.505	107	11.176	102	0.625	96	11.799	101.7	1.3953	86	6.1364	88	7.5311	87.636	2.6667	45	0	0	2.6667	45	1.1111	54	0.95238	63	2.0513	58.5
1138	14.386	98.704	20.388	103	0	0	20.388	103	14.082	98	0	0	14.082	98	4	90	4.8276	87	8.8251	88.385	4	45	0	0	4	45	3.4615	52	0	0	3.4615	52
1139	14.867	100.89	20.748	107	0	0	20.748	107	11.515	99	1.2766	94	12.789	98.524	6.4516	93	4.8276	87	11.267	90.529	2.7907	43	0	0	2.7907	43	0	0	0	0	0	0
1140	14.205	98.557	20.943	106	0	0	20.943	106	9.375	96	2.6087	92	11.98	95.158	5	84	5.0602	83	10.06	83.5	12	45	0	0	12	45	2.4	50	0	0	2.4	50
1141	13.856	99.594	22.136	103	0	0	22.136	103	13.608	97	0.65217	92	14.259	96.783	3.7895	95	1.4815	81	5.2459	91.5	2.2642	53	0	0	2.2642	53	2.5	48	0	0	2.5	48
1142	8.5369	114.8	9.4488	127	0	0	9.4488	127	9.913	115	0.58824	102	10.494	114.35	4.7727	88	1.3187	91	6.0902	88.667	8.5714	42	0	0	8.5714	42	1.0169	59	0	0	1.0169	59
1143	10.239	107.44	10.588	119	0	0	10.588	119	11.321	106	0.67416	89	11.978	105.19	6.383	94	2.069	87	8.443	92.385	8	45	0	0	8	45	5.1724	58	0	0	5.1724	58
1144	9.2051	112.98	13.065	124	0	0	13.065	124	8.0769	104	1.7822	101	9.8579	103.47	2.4	100	2.6087	92	5	96	7.6596	47	0	0	7.6596	47	3.6	50	0	0	3.6	50
1145	10.802	109.24	13.613	119	0	0	13.613	119	12.897	107	0	0	12.897	107	1.3636	88	4.9412	85	6.3035	85.667	5.5814	43	0	0	5.5814	43	7.0588	51	0	0	7.0588	51
1146	16.492	94.59	23.4	100	0.63158	95	24.03	99.875	11.868	91	1.978	91	13.846	91	8.3721	86	3.4091	88	11.78	86.588	2.9268	41	0	0	2.9268	41	3.2143	56	0	0	3.2143	56
1147	18.971	89.612	27.742	93	0	0	27.742	93	17.931	87	0.74074	81	18.668	86.778	8.4706	85	2.1176	85	10.588	85	5.2174	46	0	0	5.2174	46	8.75	48	0	0	8.75	48
1148	16.127	97.975	21.714	105	0	0	21.714	105	15.158	95	1.978	91	17.133	94.556	5.0602	83	4.7727	88	9.8246	85.5	4	45	0	0	4	45	1.1538	52	0	0	1.1538	52
1149	12.879	104.04	19.091	110	0	0	19.091	110	12.233	103	1.3793	87	13.582	101.61	3.4091	88	2.7907	86	6.199	87.111	5.4545	44	0	0	5.4545	44	2.4	50	0	0	2.4	50
1150	16.579	91.684	22.105	95	0	0	22.105	95	18.462	91	0.68966	87	19.15	90.862	5.7831	83	2.7907	86	8.5714	84	8.3721	43	0	0	8.3721	43	2.3529	51	0	0	2.3529	51
1151	15.973	93.907	25.455	99	0	0	25.455	99	16	90	0.66667	90	16.667	90	3.6585	82	2.4	75	6.0472	79.375	2.7907	43	0	0	2.7907	43	6.1224	49	1.5	40	7.5789	47.5
1152	6.8145	129.14	9.2958	142	0	0	9.2958	142	8.2927	123	0	0	8.2927	123	1.165	103	2.069	87	3.212	93.4	1.3333	45	0	0	1.3333	45	3.3962	53	0	0	3.3962	53
1153	9.0118	115.4	8.7692	130	0	0	8.7692	130	11.579	114	0	0	11.579	114	7.0968	93	0	0	7.0968	93	5.4545	44	0	0	5.4545	44	3.3333	54	0	0	3.3333	54
1154	17.119	94.63	24	100	0	0	24	100	15	92	2.6374	91	17.637	91.852	3.5714	84	6.3529	85	9.9241	84.643	5.4545	44	0	0	5.4545	44	2.6087	46	0	0	2.6087	46
1155	12.082	107.6	17.586	116	0	0	17.586	116	12.692	104	0	0	12.692	104	4.2857	84	2.093	86	6.378	84.667	3.6	50	0	0	3.6	50	2.5	48	0	0	2.5	48
1156	8.7399	116.71	10.781	128	0	0	10.781	128	8.8696	115	0	0	8.8696	115	6.25	96	0.64516	93	6.8946	95.727	1.2	50	0	0	1.2	50	1.2766	47	0	0	1.2766	47
1157	14.265	106.55	20.526	114	0	0	20.526	114	14.423	104	0	0	14.423	104	2.6374	91	5.5814	86	8.2129	87.667	3.913	46	0	0	3.913	46	2.3077	52	0	0	2.3077	52
1158	10.008	113.91	14.754	122	0.60606	99	15.339	121.26	7.7586	116	0.58824	102	8.3388	115.12	4	90	2.7273	88	6.7265	89.2	2.449	49	0	0	2.449	49	2.2642	53	0	0	2.2642	53
1159	16.026	101.09	22.778	108	0	0	22.778	108	17.755	98	0.66667	90	18.417	97.733	1.5385	78	5.7143	84	7.2464	82.8	5.4545	44	0	0	5.4545	44	4.1379	58	0	0	4.1379	58
1160	14.957	96.278	23.636	99	0	0	23.636	99	15.158	95	0.68966	87	15.843	94.68	2.5806	93	2.8916	83	5.4545	88	11.739	46	0	0	11.739	46	3.2727	55	0	0	3.2727	55
1161	13.162	101.81	20.388	103	0	0	20.388	103	11.881	101	0.64516	93	12.522	100.62	5.2427	103	1.3636	88	6.582	100.27	3	40	0	0	3	40	3.3962	53	0	0	3.3962	53
1162	9.296	120.48	14.308	130	0	0	14.308	130	8.4956	113	0	0	8.4956	113	5.3465	101	0	0	5.3465	101	1.2245	49	0	0	1.2245	49	2.5	48	0	0	2.5	48
1163	8.831	122.3	11.729	133	0	0	11.729	133	10.588	119	0.57692	104	11.156	118.32	2	90	1.978	91	3.9779	90.5	4	45	0	0	4	45	1.2245	49	0	0	1.2245	49
1164	9.2985	111.85	13.171	123	0	0	13.171	123	6	110	0.68182	88	6.6564	108.17	3.6735	98	4.8276	87	8.4712	92.077	2.5	48	0	0	2.5	48	2.3529	51	0	0	2.3529	51
1165	10.899	110.1	17.069	116	0	0	17.069	116	10.364	110	0	0	10.364	110	4.8276	87	0.75949	79	5.5814	86	4.0909	44	0	0	4.0909	44	3.6735	49	0	0	3.6735	49
1166	15.368	104.11	22.162	111	0	0	22.162	111	17.228	101	0.68966	87	17.905	100.53	0.90909	66	5.5172	87	6.378	84.667	2.8571	42	0	0	2.8571	42	1.2	50	2.6667	45	3.8571	46.667
1167	12.016	103.19	15.263	114	0	0	15.263	114	11.515	99	0.60606	99	12.121	99	1.4458	83	7.6744	86	9.1187	85.538	3.8298	47	0	0	3.8298	47	2.2222	54	0	0	2.2222	54
1168	10.032	111.64	12.96	125	0.6383	94	13.56	123.89	9.8077	104	1.3953	86	11.165	102.11	3.1579	95	2.6087	92	5.7651	93.667	0	0	0	0	0	0	1.0526	57	0	0	1.0526	57
1169	8.285	118.29	8.1818	132	0	0	8.1818	132	11.282	117	0	0	11.282	117	5.7447	94	0	0	5.7447	94	5.4545	44	0	0	5.4545	44	2.449	49	0	0	2.449	49
1170	9.6321	120.43	13.701	127	0	0	13.701	127	9.661	118	0	0	9.661	118	5.6604	106	0	0	5.6604	106	1.25	48	0	0	1.25	48	0	0	0	0	0	0
1171	10.537	115.79	13.92	125	0	0	13.92	125	10.256	117	0	0	10.256	117	3.7113	97	4.186	86	7.8689	91.5	2.5	48	0	0	2.5	48	1.0345	58	0	0	1.0345	58
1172	10.157	106.33	13.966	116	0	0	13.966	116	8.8235	102	2.0455	88	10.836	99.667	2.5532	94	3.4091	88	5.9559	90.667	2.1053	57	0	0	2.1053	57	2.069	58	0	0	2.069	58
1173	14.734	97.736	21.923	104	0	0	21.923	104	10.303	99	0.67416	89	10.971	98.444	2.3077	78	9.3976	83	11.698	82.062	2.7907	43	0	0	2.7907	43	5.7692	52	0	0	5.7692	52
1174	16.314	93.171	22.653	98	0	0	22.653	98	19.551	89	0	0	19.551	89	1.9355	93	4.9412	85	6.865	87.4	4.6154	39	1.8182	33	6.4	37.5	6	50	0	0	6	50
1175	10.789	114.94	15.968	124	0	0	15.968	124	10.459	109	0.68966	87	11.121	107.9	3.5644	101	2	90	5.5479	97.333	2.8571	42	0	0	2.8571	42	4.8	50	0	0	4.8	50
1176	9.3658	121.72	10.299	134	0	0	10.299	134	12.101	119	0	0	12.101	119	4.6154	104	1.4286	84	6	100	1.3333	45	0	0	1.3333	45	1.3043	46	0	0	1.3043	46
1177	7.8967	124.1	10.222	135	0	0	10.222	135	9.3443	122	0	0	9.3443	122	3.125	96	1.3483	89	4.4681	94	6.25	48	0	0	6.25	48	5.8824	51	0	0	5.8824	51
1178	15.091	104.7	22.703	111	0	0	22.703	111	13.529	102	1.2121	99	14.741	101.76	4.6667	90	3.4483	87	8.1127	88.75	2.7907	43	0	0	2.7907	43	3.4615	52	0	0	3.4615	52
1179	13.226	113.41	18.197	122	0	0	18.197	122	15.963	109	0	0	15.963	109	3.7895	95	2.069	87	5.8484	92.333	2.5532	47	0	0	2.5532	47	0	0	0	0	0	0
1180	11.099	113.52	16.585	123	0	0	16.585	123	8.8073	109	1.7647	102	10.566	107.89	3.1915	94	3.3333	90	6.5217	92	4.898	49	0	0	4.898	49	4.4444	54	0	0	4.4444	54
1181	14.42	102.64	18.919	111	0	0	18.919	111	13.663	101	1.9565	92	15.606	99.962	4.186	86	4.9412	85	9.1269	85.462	4.898	49	0	0	4.898	49	3.3333	54	0	0	3.3333	54
1182	10.171	121.92	15.118	127	0	0	15.118	127	11.5	120	0	0	11.5	120	4	105	0	0	4	105	5.4545	44	0	0	5.4545	44	0.96774	62	0	0	0.96774	62
1183	9.6931	119.67	12.093	129	0	0	12.093	129	9.2683	123	0.63158	95	9.8684	121.6	4.2	100	3.2967	91	7.4805	96.25	1.1765	51	0	0	1.1765	51	3.1034	58	0	0	3.1034	58
1184	13.281	100.9	16.364	110	0	0	16.364	110	15	96	1.3333	90	16.329	95.538	3.956	91	3.4884	86	7.4385	88.727	1.2	50	0	0	1.2	50	1.9048	63	0	0	1.9048	63
1185	7.3775	130.12	11.064	141	0	0	11.064	141	6.6667	126	0	0	6.6667	126	2.7778	108	1.9565	92	4.7059	102	2.6667	45	0	0	2.6667	45	1.1321	53	0	0	1.1321	53
1186	11.528	114.5	16.721	122	0	0	16.721	122	13.091	110	0.65934	91	13.731	109.24	3	100	1.3483	89	4.3363	96.857	6.6667	45	0	0	6.6667	45	2.8571	42	0	0	2.8571	42
1187	9.9692	122.38	12	135	0	0	12	135	12.712	118	0	0	12.712	118	1.6071	112	4.0449	89	5.5862	96.667	2.449	49	0	0	2.449	49	1.5385	39	2.9268	41	4.4628	40.333
1188	7.7419	124	7.3469	147	0	0	7.3469	147	10.678	118	0.56604	106	11.238	117.45	1.2766	94	4.0449	89	5.3186	90.25	1.25	48	0	0	1.25	48	0.84507	71	0	0	0.84507	71
1189	14.422	106.78	19.138	116	0	0	19.138	116	14.857	105	1.3636	88	16.187	103.79	2.7907	86	5.6471	85	8.4375	85.333	1.3953	43	0	0	1.3953	43	2.4	50	0	0	2.4	50
1190	10.903	113.73	13.659	123	0	0	13.659	123	10.957	115	0	0	10.957	115	6.5934	91	1.9149	94	8.5067	91.692	1.3953	43	0	0	1.3953	43	1.791	67	0	0	1.791	67
1191	7.5566	127.04	11.064	141	0	0	11.064	141	7.563	119	0	0	7.563	119	1.1321	106	3.4483	87	4.544	92.429	1.1765	51	0	0	1.1765	51	0	0	0	0	0	0
1192	7.1203	123.59	8.3824	136	0	0	8.3824	136	8.5	120	0	0	8.5	120	3.4951	103	1.2245	98	4.7174	101.75	2.5	48	0	0	2.5	48	1.0526	57	0	0	1.0526	57
1193	11.311	116.7	15.115	131	0	0	15.115	131	10.811	111	1.8557	97	12.64	109.17	2.1429	84	4.7727	88	6.9124	86.8	6	50	0	0	6	50	3.6	50	0	0	3.6	50
1194	7.7501	134.19	10.067	149	0	0	10.067	149	9.5238	126	0	0	9.5238	126	2.7523	109	1.2766	94	4.0109	104.71	5.7143	42	0	0	5.7143	42	0	0	0	0	0	0
1195	8.862	130.9	11.429	147	0	0	11.429	147	8.0315	127	1.9149	94	9.832	122.05	3.7838	111	2.093	86	5.7971	103.5	4.0909	44	0	0	4.0909	44	4.3636	55	0	0	4.3636	55
1196	6.9096	136.04	7.6	150	0	0	7.6	150	8.5714	133	0	0	8.5714	133	2.9268	123	1.9355	93	4.7788	113	4.2857	42	0	0	4.2857	42	2.8571	42	0	0	2.8571	42
1197	5.037	138.97	4.6988	166	0	0	4.6988	166	6.2222	135	0	0	6.2222	135	4.0385	104	0.68182	88	4.7059	102	2.6087	46	0	0	2.6087	46	0.9375	64	0	0	0.9375	64
1198	8.7718	132.24	12.414	145	0	0	12.414	145	10.732	123	0	0	10.732	123	2.2018	109	1.3483	89	3.5179	102.33	2.6667	45	0	0	2.6667	45	1.1765	51	0	0	1.1765	51
1199	9.5021	115.76	9.0226	133	0	0	9.0226	133	10.862	116	0.57692	104	11.433	115.45	3.0303	99	5.7143	84	8.6889	89.769	3.6735	49	0	0	3.6735	49	5.0847	59	0	0	5.0847	59
1200	4.9857	124.35	4.5517	145	0	0	4.5517	145	5.1562	128	0.55556	108	5.6992	126.33	2.5263	95	2.6374	91	5.1613	93	5.4545	44	0	0	5.4545	44	4.3636	55	0	0	4.3636	55
