# Time-series
# t	r	v	r_1_P	v_1_P	r_1_L	v_1_L	r_1	v_1	...
900	7.7943	123.17	7.3381	139	0	0	7.3381	139	10.588	119	0	0	10.588	119	5.7143	105	0	0	5.7143	105
901	7.7468	121.34	7.907	129	0	0	7.907	129	10.5	120	0	0	10.5	120	4.9091	110	0	0	4.9091	110
902	11.795	110.22	12.5	120	0	0	12.5	120	13.211	109	0	0	13.211	109	5.2941	102	4.6667	90	9.9225	96.75
903	6.9055	121.64	3.5036	137	0	0	3.5036	137	8.0315	127	0	0	8.0315	127	7.3684	114	2.093	86	9.3528	109.06
904	10.201	115.68	8.5039	127	0	0	8.5039	127	13.109	119	0	0	13.109	119	2.8037	107	6.5934	91	9.3426	96.333
905	11.873	116.23	14.419	129	0	0	14.419	129	15.273	110	0	0	15.273	110	1.6981	106	4.7191	89	6.3762	94.1
906	11.841	124.99	14.453	137	0	0	14.453	137	13.659	123	0	0	13.659	123	6.6	100	1.3043	92	7.8972	98.769
907	11.53	117.96	12.923	130	0	0	12.923	130	12.821	117	0.51282	117	13.333	117	1.6514	109	7.1739	92	8.7827	95.643
908	6.3101	133.12	5.7931	145	0	0	5.7931	145	7.7273	132	0	0	7.7273	132	4.9587	121	0.56075	107	5.5125	119.73
909	7.9712	127.96	8.1429	140	0	0	8.1429	140	10.732	123	0	0	10.732	123	5.1724	116	0	0	5.1724	116
910	13.029	119.73	16.279	129	0	0	16.279	129	13.448	116	0	0	13.448	116	6.9643	112	2.7273	88	9.5907	106.35
911	12.574	112.93	16.585	123	0	0	16.585	123	13.761	109	0.56075	107	14.322	108.92	3	100	4.2857	84	7.2311	91.273
912	12.756	114.45	14.516	124	0	0	14.516	124	16.46	113	0	0	16.46	113	2.5263	95	5.1064	94	7.6325	94.333
913	11	123.63	13.488	129	0	0	13.488	129	13.065	124	0	0	13.065	124	5.9459	111	0.61856	97	6.5554	109.83
914	13.451	114.49	15.484	124	0	0	15.484	124	17.679	112	0	0	17.679	112	4.898	98	2.6087	92	7.5	96
915	11.745	117.49	14.286	126	0	0	14.286	126	13.565	115	0	0	13.565	115	4.4037	109	3.2258	93	7.5841	102.85
916	12.42	120.77	14.419	129	0	0	14.419	129	15.254	118	0.54054	111	15.793	117.77	6	110	1.2121	99	7.2017	108.31
917	6.6894	125.57	6.1314	137	0	0	6.1314	137	8.2927	123	0	0	8.2927	123	5.0847	118	0.70588	85	5.7391	115
918	10.094	116.9	11.811	127	0	0	11.811	127	10.169	118	1.2245	98	11.362	116.18	4.0777	103	3.3708	89	7.4099	97.167
919	9.7173	113.2	7.1429	126	0	0	7.1429	126	14.737	114	0	0	14.737	114	5.0526	95	2.5	96	7.5524	95.333
920	10.915	120.94	12.462	130	0	0	12.462	130	12	120	1.165	103	13.143	118.69	5.4054	111	1.9565	92	7.316	106.62
921	9.1848	119.76	8.5075	134	0	0	8.5075	134	11.803	122	0	0	11.803	122	4.4681	94	3.2967	91	7.7628	92.75
922	8.862	115.1	6.9231	130	0	0	6.9231	130	11.379	116	0	0	11.379	116	5.8824	102	2.7586	87	8.5965	97.714
923	11.347	119.85	11.52	125	0	0	11.52	125	14.5	120	0	0	14.5	120	6.9643	112	1.1215	107	8.0838	111.33
924	10.363	121.59	11.908	131	0	0	11.908	131	12.787	122	0	0	12.787	122	2.8302	106	3.913	92	6.7098	98.364
925	12.447	115.69	12.093	129	0	0	12.093	129	15.536	112	0.56604	106	16.1	111.8	5.6075	107	3.913	92	9.4698	101.38
926	12.543	116.4	15.246	122	0	0	15.246	122	13.966	116	1.1321	106	15.09	115.31	6.729	107	0.68966	87	7.3961	105.46
927	11.829	111.59	12.48	125	0	0	12.48	125	12.545	110	0.57143	105	13.116	109.79	4.8	100	5.6471	85	10.378	92.5
928	11.879	114.49	12.581	124	0	0	12.581	124	13.846	117	0.63158	95	14.456	116.21	2.9126	103	6.1364	88	8.9977	93.357
929	11.441	115.38	14.4	125	0	0	14.4	125	12.212	113	0	0	12.212	113	4.375	96	3.6364	99	8.0095	97.385
930	9.0882	121.04	9.9213	127	0	0	9.9213	127	10.82	122	0	0	10.82	122	5.9459	111	0.70588	85	6.6156	108.83
931	9.7174	117.32	11.52	125	0	0	11.52	125	10.169	118	0.55046	109	10.717	117.57	3.3962	106	3.7113	97	7.0936	101.5
932	10.306	118.38	10.698	129	0	0	10.698	129	11.379	116	0.58252	103	11.955	115.43	6.5455	110	1.9355	93	8.4428	106.6
933	11.737	114.16	14.516	124	0	0	14.516	124	12.973	111	0	0	12.973	111	2.243	107	5.8065	93	8.0158	97.308
934	12.598	111.13	13.659	123	0	0	13.659	123	15.413	109	0.59406	101	16.004	108.72	5.1064	94	3.4884	86	8.5787	90.923
935	8.2183	116.81	5.9091	132	0	0	5.9091	132	12.821	117	0.55046	109	13.368	116.69	5	96	0.67416	89	5.6709	95.222
936	11.492	114.86	15.122	123	0	0	15.122	123	13.158	114	0	0	13.158	114	1.875	96	4.6667	90	6.5359	91.8
937	8.6591	122.42	9.3023	129	0	0	9.3023	129	11.901	121	0	0	11.901	121	3.5593	118	1.3483	89	4.8406	111.56
938	16.484	109.2	22.632	114	0	0	22.632	114	15.963	109	0	0	15.963	109	6.6	100	4.4211	95	11.014	98.056
939	12.458	118.8	15.591	127	0	0	15.591	127	15	116	0	0	15	116	5.0467	107	1.978	91	6.9903	103
940	11.415	110.38	12.787	122	0	0	12.787	122	12.778	108	0	0	12.778	108	3.7895	95	5.2747	91	9.0601	92.714
941	7.9668	120.5	5.4545	132	0	0	5.4545	132	12.101	119	0	0	12.101	119	4.5763	118	1.9149	94	6.4286	112
942	12.622	110.91	13.22	118	0	0	13.22	118	15	112	1.2766	94	16.245	110.8	4.486	107	4.186	86	8.5714	98
943	8.557	121.54	8.3721	129	0	0	8.3721	129	9.12	125	0	0	9.12	125	6.4865	111	1.8557	97	8.3179	108.2
944	8.3998	121.43	11.339	127	0	0	11.339	127	8.5714	119	0	0	8.5714	119	4.7368	114	0.625	96	5.3476	112.2
945	9.1554	117.96	9.9213	127	0	0	9.9213	127	11.186	118	0	0	11.186	118	4.5714	105	2.0225	89	6.5583	100.64
946	17.802	104.48	21.391	115	0	0	21.391	115	20.606	99	0.59406	101	21.2	99.057	2.069	87	9.2308	91	11.296	90.294
947	18.762	106.6	27.273	110	0	0	27.273	110	19.223	103	0	0	19.223	103	8.5714	105	1.2903	93	9.8467	103.59
948	15.14	110.96	16.639	119	0	0	16.639	119	17.895	114	0	0	17.895	114	6	100	5.6757	74	11.423	89.294
949	8.385	119.26	7.0866	127	0	0	7.0866	127	12.203	118	0	0	12.203	118	5.3571	112	0.56604	106	5.9217	111.45
950	6.3102	117.27	3.3071	127	0	0	3.3071	127	10.169	118	0	0	10.169	118	4.2105	114	1.3483	89	5.5046	109
951	7.8654	119.51	8.3721	129	0	0	8.3721	129	9.2308	117	0	0	9.2308	117	4.8649	111	1.2632	95	6.106	108.09
952	14.758	105.71	18.305	118	0	0	18.305	118	14.423	104	2.7273	88	17.093	101.79	5.3165	79	4.3902	82	9.7033	80.385
953	9.7679	114.66	9.375	128	0	0	9.375	128	12.973	111	0	0	12.973	111	5.2427	103	2	90	7.218	99.75
954	11.538	121.34	12.273	132	0	0	12.273	132	14.5	120	0	0	14.5	120	4.9091	110	3.2609	92	8.1103	103.57
955	10.512	121.77	11.908	131	0	0	11.908	131	12.5	120	0	0	12.5	120	6.1682	107	1.1429	105	7.3107	106.69
956	8.2399	121.36	7.5	136	0	0	7.5	136	10.5	120	0	0	10.5	120	3.1858	113	3.871	93	6.9903	103
957	10.524	121.62	9.9248	133	0	0	9.9248	133	13.388	121	0	0	13.388	121	7.2897	107	1.2	100	8.4852	106.07
958	6.7354	124.71	5.3333	135	0	0	5.3333	135	10.732	123	0	0	10.732	123	4.2105	114	0	0	4.2105	114
959	9.7685	116.7	9.3023	129	0	0	9.3023	129	11.897	116	0	0	11.897	116	5.6604	106	2.7907	86	8.3761	100.29
960	8.5732	121.31	8.9552	134	0	0	8.9552	134	9.661	118	0	0	9.661	118	6.6667	108	0.66667	90	7.316	106.62
961	12.588	119.16	14.769	130	0	0	14.769	130	15.517	116	0	0	15.517	116	4.6154	104	3.2258	93	7.818	99.769
962	11.09	115.42	9.6183	131	0	0	9.6183	131	15	116	0	0	15	116	3.913	92	5.3333	90	9.2453	90.857
963	11.478	116.75	14.646	127	0	0	14.646	127	13.274	113	0	0	13.274	113	3.0612	98	3.7895	95	6.8491	96.364
964	12.791	117.27	15.349	129	0	0	15.349	129	15.398	113	0	0	15.398	113	6.1856	97	1.8557	97	8.0412	97
965	9.4178	116.8	10.615	130	0	0	10.615	130	9.4737	114	0	0	9.4737	114	5.8252	103	2.7273	88	8.5094	98.714
966	9.6587	122.17	10.376	133	0	0	10.376	133	12	120	0	0	12	120	4.9091	110	1.9355	93	6.8085	105.75
967	7.8139	120.3	6.2687	134	0	0	6.2687	134	9.2683	123	1.1881	101	10.421	120.9	3.75	112	3.2967	91	6.9734	103.25
968	6.6456	123.39	5.1429	140	0	0	5.1429	140	9.2683	123	0	0	9.2683	123	4.486	107	1.2903	93	5.7582	104.2
969	7.7009	122.06	5.6522	138	0	0	5.6522	138	11.311	122	0	0	11.311	122	5.1429	105	1.25	96	6.3852	103.36
970	9.2571	116.67	6.4615	130	0	0	6.4615	130	13.613	119	0	0	13.613	119	6	100	2.0225	89	8.0032	97.462
971	14.832	109.22	18.621	116	0	0	18.621	116	16.514	109	0	0	16.514	109	6.9474	95	2.6966	89	9.636	93.4
972	12.071	117.63	16	120	0	0	16	120	11.597	119	1.7308	104	13.303	117.27	5.7391	115	1.2121	99	6.931	112.54
973	7.5829	121.33	5.6115	139	0	0	5.6115	139	11	120	0	0	11	120	3.8182	110	2.6374	91	6.4021	103.09
974	6.2554	124.69	5.2349	149	0	0	5.2349	149	6.72	125	0	0	6.72	125	2.6786	112	4.7727	88	7.3469	98
975	9.7421	117.02	10.781	128	0	0	10.781	128	10	120	0	0	10	120	4.7059	102	4.2353	85	8.8688	94.714
976	10.027	117.68	12	125	0	0	12	125	11.282	117	0.63158	95	11.892	116.04	3.7838	111	2.5806	93	6.3185	104.45
977	12.268	117.38	15.84	125	0	0	15.84	125	12.203	118	0.59406	101	12.786	117.32	3.9252	107	4.5652	92	8.4422	99.5
978	9.36	126.07	10.87	138	0	0	10.87	138	11.311	122	0.55556	108	11.86	121.42	4.3636	110	1.2371	97	5.5866	107.4
979	15.473	111.16	17.073	123	0	0	17.073	123	17.064	109	0.625	96	17.681	108.59	7.4227	97	4.7727	88	12.169	93.684
980	18.771	108.68	25.263	114	0	0	25.263	114	19.626	107	0	0	19.626	107	9	100	2.6087	92	11.595	98.316
981	14.966	114.93	19.5	120	0	0	19.5	120	17.143	112	0	0	17.143	112	5.8929	112	2.4742	97	8.3333	108
982	12.97	115.65	16.098	123	0	0	16.098	123	15.263	114	0.54054	111	15.803	113.9	5.9406	101	1.2766	94	7.212	99.833
983	10.309	116.4	12	125	0	0	12	125	11.795	117	0	0	11.795	117	2.1429	112	5.3333	90	7.3973	97.333
984	14.892	112.81	19.835	121	0	0	19.835	121	18.716	109	0	0	18.716	109	2.4242	99	4.0449	89	6.4516	93
985	16.984	108.34	23.276	116	0	0	23.276	116	17.383	107	0	0	17.383	107	6.7416	89	4	90	10.741	89.375
986	8.2256	116.71	6.9231	130	0	0	6.9231	130	10.526	114	0	0	10.526	114	6.729	107	0.68182	88	7.3907	105.54
987	9.4531	116.36	11.52	125	0	0	11.52	125	8.5714	112	0	0	8.5714	112	6.4865	111	1.9565	92	8.3955	107.2
988	9.9728	118.32	10.394	127	0	0	10.394	127	12.605	119	0	0	12.605	119	4.6154	104	2.5263	95	7.1287	101
989	11.715	119.5	15.469	128	0	0	15.469	128	11.695	118	0	0	11.695	118	5	108	3.2967	91	8.2411	101.93
990	11.919	115.78	11.905	126	0	0	11.905	126	16.316	114	0	0	16.316	114	3.7838	111	4.0909	88	7.7701	100.38
991	15.1	108.61	18.305	118	0	0	18.305	118	14.717	106	0.57143	105	15.288	105.96	4.2424	99	7.8261	92	12.053	94.579
992	14.376	111.3	17.5	120	0	0	17.5	120	17.778	108	0.57692	104	18.354	107.88	5	96	2.5532	94	7.5524	95.333
993	9.5968	118.79	10.866	127	0	0	10.866	127	10.769	117	0	0	10.769	117	6.6667	108	0.61856	97	7.2793	107.15
994	8.4364	116.16	7.5591	127	0	0	7.5591	127	10.769	117	0	0	10.769	117	5.2427	103	1.9565	92	7.182	100.25
995	9.0649	123.55	8.7692	130	0	0	8.7692	130	12.48	125	0	0	12.48	125	6.055	109	0	0	6.055	109
996	10.611	120.62	13.228	127	0	0	13.228	127	11.405	121	0.50847	118	11.913	120.88	6.1682	107	0.69767	86	6.8409	105.25
997	15.029	111.79	20.672	119	0	0	20.672	119	16.514	109	0.58252	103	17.095	108.81	2.9126	103	4.7191	89	7.5923	94.833
998	13.8	110.14	17.143	119	0	0	17.143	119	15.413	109	0.56075	107	15.973	108.93	1.7647	102	6.9767	86	8.6964	89.692
999	6.4935	123.2	6.087	138	0	0	6.087	138	9.1525	118	0	0	9.1525	118	4.4037	109	0	0	4.4037	109
1000	16.422	105.95	20.87	115	0	0	20.87	115	19.01	101	0	0	19.01	101	1.6981	106	8.0899	89	9.7403	92.4
1001	14.345	111.54	17.851	121	0	0	17.851	121	18.333	108	0	0	18.333	108	3.3708	89	3.871	93	7.2383	91.182
1002	12.261	117.44	14.4	125	0	0	14.4	125	13.729	118	0	0	13.729	118	3.75	112	5.2174	92	8.8816	101.33
1003	11.034	123.25	15.349	129	0	0	15.349	129	11.707	123	0.57143	105	12.267	122.28	5.0467	107	0.57692	104	5.6232	106.7
1004	15.297	107.21	18.814	118	0	0	18.814	118	17.647	102	0	0	17.647	102	4.2424	99	5.7143	84	9.8901	91
1005	7.3797	121.96	7.7863	131	0	0	7.7863	131	9.5	120	0	0	9.5	120	3.0508	118	1.978	91	4.9541	109
1006	11.435	115.44	13.44	125	0	0	13.44	125	13.684	114	0	0	13.684	114	5.567	97	1.9149	94	7.4805	96.25
1007	11.749	112.35	14.38	121	0	0	14.38	121	13.091	110	0.56075	107	13.651	109.88	2.9126	103	4.5652	92	7.4547	96.583
1008	11.682	114.7	14.754	122	0	0	14.754	122	14.054	111	0.59406	101	14.643	110.63	4.5283	106	1.2632	95	5.7803	103.8
1009	10.238	115.25	12.195	123	0.51724	116	12.711	122.73	11.681	113	0	0	11.681	113	4.486	107	2.0225	89	6.4648	102.09
1010	15.648	106.08	21.77	113	0	0	21.77	113	16.893	103	0	0	16.893	103	3.75	96	4.8276	87	8.557	91.154
1011	12.113	110.63	13.333	117	0	0	13.333	117	13.761	109	0.55556	108	14.317	108.96	7.4286	105	1.3953	86	8.7833	102.47
1012	14.371	112.73	18.689	122	0	0	18.689	122	14.862	109	0	0	14.862	109	7.2	100	2.7273	88	9.8969	97
1013	11.434	118.94	15.36	125	0	0	15.36	125	12.414	116	0.57143	105	12.98	115.56	5.3571	112	0.75949	79	6.055	109
1014	14.338	112.99	19.835	121	0	0	19.835	121	12.857	112	0.55556	108	13.412	111.84	6.1856	97	3.956	91	10.132	94.75
1015	7.0988	115.51	5.9091	132	0	0	5.9091	132	9.5575	113	0	0	9.5575	113	3.4286	105	2.6966	89	6.0852	98.6
1016	10.391	113.56	12.683	123	0	0	12.683	123	11.25	112	0.6	100	11.843	111.45	5.625	96	1.2903	93	6.9143	95.455
1017	10.134	114.47	12.097	124	0	0	12.097	124	9.0265	113	1.2371	97	10.241	111.32	3.2143	112	5.1064	94	8.2584	101.71
1018	8.6975	117.27	9.7674	129	0	0	9.7674	129	11.25	112	0.53571	112	11.786	112	4.0777	103	0.68966	87	4.7525	101
1019	4.3844	114.04	1.875	128	0	0	1.875	128	7.1186	118	0	0	7.1186	118	3.0303	99	1.25	96	4.2795	98.143
1020	5.7337	122.09	4.2553	141	0	0	4.2553	141	6.2903	124	0	0	6.2903	124	5.0467	107	1.875	96	6.9065	104.25
1021	10.425	109.35	9.5238	126	0	0	9.5238	126	14.423	104	0.68966	87	15.095	103.35	2.4242	99	4.6667	90	7.076	93.273
1022	10.619	113	11.901	121	0	0	11.901	121	14.727	110	0	0	14.727	110	2.8302	106	2.5532	94	5.3642	100.67
1023	15.336	110.85	18.305	118	0.50847	118	18.814	118	16.909	110	0	0	16.909	110	7.3469	98	3.1915	94	10.535	96.824
1024	6.4134	130.98	8.4507	142	0	0	8.4507	142	5.5814	129	0.52174	115	6.0974	127.92	3.6207	116	1.2903	93	4.8697	110.89
1025	6.8002	120.59	9.0909	132	0	0	9.0909	132	6.5546	119	1.3043	92	7.799	115.4	1.7143	105	2.093	86	3.7696	95.5
1026	7.9503	123.27	8.2609	138	0	0	8.2609	138	8.9256	121	0.56075	107	9.4792	120.26	5.8252	103	0.58252	103	6.4078	103
1027	11.072	121.03	13.083	133	0	0	13.083	133	13.448	116	0	0	13.448	116	3.8889	108	3.125	96	6.9903	103
1028	9.0573	119.24	11.25	128	0	0	11.25	128	9.8276	116	0	0	9.8276	116	5.0467	107	1.2	100	6.2425	105.73
1029	9.3456	121.98	10.827	133	0	0	10.827	133	12.101	119	0	0	12.101	119	4.1584	101	1.2121	99	5.3702	100.56
1030	6.129	124	6.5693	137	0	0	6.5693	137	7.563	119	0	0	7.563	119	3.8182	110	0.58824	102	4.4037	109
1031	7.3025	117.77	7.3846	130	0	0	7.3846	130	7.6271	118	1.2121	99	8.811	115.76	1.5385	117	4.4211	95	5.9055	101.6
1032	8.285	120.7	8.2443	131	0	0	8.2443	131	9.2683	123	0.63158	95	9.8684	121.6	6.3462	104	0.59406	101	6.9398	103.75
1033	6.8698	125.19	6.087	138	0	0	6.087	138	9.6774	124	0	0	9.6774	124	3.7168	113	1.3333	90	5.0051	107.89
1034	10.961	109.48	12.893	121	0	0	12.893	121	10.654	107	0	0	10.654	107	6.5217	92	3.1915	94	9.7122	92.667
1035	12.919	109.92	17	120	0	0	17	120	15	104	0.67416	89	15.661	103.44	5.8065	93	0.6383	94	6.4447	93.1
1036	13.895	110.83	18.621	116	0	0	18.621	116	16.667	108	0	0	16.667	108	5.8252	103	0.68182	88	6.4937	101.64
1037	9.7862	118.53	13.81	126	0.5	120	14.308	125.8	7.1795	117	0	0	7.1795	117	6.2264	106	1.8182	99	8.0383	104.5
1038	10.354	113.97	13.701	127	0	0	13.701	127	8.1818	110	1.2632	95	9.4239	108.24	7.0968	93	1.3483	89	8.443	92.385
1039	8.667	115.38	9.8438	128	0	0	9.8438	128	8.4211	114	0.55556	108	8.9752	113.65	5.5102	98	2.0225	89	7.5196	95.75
1040	9.3089	116.02	11.905	126	0	0	11.905	126	10.714	112	0.63158	95	11.332	111.19	2.2018	109	2.7907	86	4.9231	97.5
1041	8.8918	116.96	9.375	128	0	0	9.375	128	10.169	118	0	0	10.169	118	6.3158	95	1.1321	106	7.4355	96.833
1042	6.7955	117.72	9.0226	133	0	0	9.0226	133	4.6957	115	0.625	96	5.305	113.1	2.0225	89	4.5161	93	6.5359	91.8
1043	11.113	106.19	14.336	113	0	0	14.336	113	11.887	106	0	0	11.887	106	3.871	93	3.4884	86	7.3482	89.818
1044	13.112	105.25	13.846	117	0	0	13.846	117	14.019	107	0	0	14.019	107	12.143	84	0	0	12.143	84
1045	9.3301	107.18	12.931	116	0	0	12.931	116	8.4112	107	1.4634	82	9.8021	104.06	3.3333	90	2.25	80	5.5652	86.25
1046	14.105	97.841	13.091	110	0	0	13.091	110	16.25	96	0.625	96	16.875	96	4.9412	85	7.8571	84	12.798	84.389
1047	11.202	103.55	14.464	112	0	0	14.464	112	14.845	97	0	0	14.845	97	3.8298	94	0.66667	90	4.4954	93.429
1048	11.586	100.12	16.981	106	0	0	16.981	106	11.753	97	0.71429	84	12.455	96.35	2.8235	85	2.6667	90	5.4857	87.5
1049	16.814	89.213	20.211	95	0	0	20.211	95	21.882	85	0	0	21.882	85	7.1429	84	1.3636	88	8.5039	84.667
1050	15.513	88.957	20.217	92	0	0	20.217	92	15.529	85	0	0	15.529	85	10.227	88	0.625	96	10.847	88.5
1051	13.315	93.129	18.182	99	0	0	18.182	99	14.348	92	0.67416	89	15.021	91.87	3.6145	83	3.4783	69	7.0333	76.778
1052	16.511	83.58	23.448	87	0	0	23.448	87	15.714	84	0.77922	77	16.488	83.696	5.8333	72	3.9474	76	9.7738	73.667
1053	17.565	78.565	24.444	81	0	0	24.444	81	17.922	77	0	0	17.922	77	6.4865	74	3.8961	77	10.379	75.154
1054	20.866	73.805	23.077	78	0	0	23.077	78	24.507	71	0	0	24.507	71	10.286	70	4.8649	74	15.14	71.333
1055	18.855	73.188	25.135	74	0	0	25.135	74	17.5	72	0.625	96	18.06	73.091	10	72	3.3803	71	13.38	71.75
1056	20.63	74.649	26.053	76	0	0	26.053	76	20.8	75	0	0	20.8	75	10.286	70	4.8	75	15.07	71.667
1057	13.904	83.431	20.233	86	0	0	20.233	86	12.143	84	0.77922	77	12.917	83.611	6.1538	78	2.5	72	8.6429	76.364
1058	15.692	84.121	17.234	94	0	0	17.234	94	16.923	78	0.73171	82	17.653	78.174	6.2338	77	6.4	75	12.632	76
1059	14.816	86.391	18.667	90	0	0	18.667	90	15.181	83	0.66667	90	15.843	83.318	7.8571	84	2.1429	84	10	84
1060	15.381	87.119	18.065	93	0	0	18.065	93	15.862	87	0	0	15.862	87	11.688	77	0.77922	77	12.468	77
1061	16.831	84.366	17.528	89	0	0	17.528	89	18.14	86	0.71429	84	18.853	85.926	12.632	76	1.7143	70	14.336	75.333
1062	13.864	83.672	18.409	88	0	0	18.409	88	14.634	82	0	0	14.634	82	3.7037	81	5	72	8.6738	76.091
1063	17.919	80.361	23.855	83	0	0	23.855	83	17.037	81	2.25	80	19.287	80.885	4.1667	72	6.5753	73	10.742	72.615
1064	16.99	85.932	19.355	93	0	0	19.355	93	20	84	0	0	20	84	7.2	75	4.7368	76	11.936	75.4
1065	17.273	82.211	20.233	86	0	0	20.233	86	21.22	82	0	0	21.22	82	7.3973	73	3.1169	77	10.508	74.231
1066	8.3104	86.639	5.625	96	0	0	5.625	96	7.4157	89	0	0	7.4157	89	10.5	80	1.5385	78	12.038	79.75
1067	5.0958	98.12	4.2857	112	0	0	4.2857	112	5.4545	99	0	0	5.4545	99	4.3902	82	1.3793	87	5.7658	83.25
1068	4.1047	97.45	1.6071	112	0	0	1.6071	112	4.7059	102	0	0	4.7059	102	4.6154	91	1.5	80	6.0979	88.556
1069	6.13	107.67	4	120	0	0	4	120	8.8073	109	0	0	8.8073	109	3.7113	97	2.0225	89	5.7244	94.333
1070	10.571	98.385	8.8073	109	0	0	8.8073	109	10.909	99	1.2903	93	12.195	98.4	8.1818	88	2.7586	87	10.94	87.75
1071	8.4742	108.57	8.8696	115	0	0	8.8696	115	13.143	105	0	0	13.143	105	3.4615	104	0	0	3.4615	104
1072	7.0251	108.18	7.619	126	0	0	7.619	126	6.3462	104	0	0	6.3462	104	4.7191	89	2.9268	82	7.6341	86.455
1073	10.255	109.21	12.893	121	0	0	12.893	121	11.538	104	0	0	11.538	104	6.7416	89	0	0	6.7416	89
1074	6.6754	116.85	5.5385	130	0	0	5.5385	130	8.8696	115	0	0	8.8696	115	4.5283	106	1.2371	97	5.7582	104.2
1075	5.6206	117.42	3.0657	137	0	0	3.0657	137	8.7179	117	0	0	8.7179	117	3.3962	106	1.8557	97	5.2427	103
1076	7.8651	111.89	4.4444	135	0	0	4.4444	135	10	114	0	0	10	114	7.5	96	2.1176	85	9.5949	93.8
1077	4.5305	123.61	2.6667	135	0	0	2.6667	135	6.24	125	0	0	6.24	125	4.7368	114	0	0	4.7368	114
1078	7.4936	112.1	4.4776	134	0	0	4.4776	134	9.3913	115	0	0	9.3913	115	3.6364	99	5.4545	88	9.0601	92.714
1079	6.7766	115.1	6.3636	132	0	0	6.3636	132	7.8947	114	0	0	7.8947	114	4.4681	94	1.978	91	6.4447	93.1
1080	6.9389	112.41	5.6693	127	0	0	5.6693	127	7.8947	114	0	0	7.8947	114	6.1224	98	1.4118	85	7.513	95.833
1081	5.9902	116.86	3	140	0	0	3	140	8.5714	119	0	0	8.5714	119	6	100	0.68966	87	6.6789	98.818
1082	6.1553	116.97	5.0769	130	0	0	5.0769	130	6.6667	117	0	0	6.6667	117	6.8571	105	0	0	6.8571	105
1083	7.5659	111.02	7.3171	123	0	0	7.3171	123	8.2759	116	0	0	8.2759	116	4.6667	90	2.8916	83	7.5468	87.455
1084	8.3996	114.29	8.0315	127	0	0	8.0315	127	12	110	0	0	12	110	4	105	1.3953	86	5.3583	100.78
1085	6.1109	127.64	5.2174	138	0	0	5.2174	138	7.5	128	0	0	7.5	128	5.0847	118	0.6383	94	5.6986	115.82
1086	7.0115	116.95	6.3636	132	0	0	6.3636	132	10	114	0.54545	110	10.545	113.8	3.0928	97	1.2903	93	4.3815	95.857
1087	7.0532	121.93	5.8741	143	0	0	5.8741	143	7.8689	122	0	0	7.8689	122	6.5347	101	1.3483	89	7.8666	99.154
1088	5.387	129.94	4.7143	140	0	0	4.7143	140	7.3282	131	0	0	7.3282	131	4.2105	114	0	0	4.2105	114
1089	7.0864	124.18	7.8261	138	0	0	7.8261	138	9.5	120	0.58824	102	10.076	119.1	1.0084	119	2.6667	90	3.612	99.667
1090	8.1227	118.19	6.383	141	0	0	6.383	141	10	120	0	0	10	120	4.6667	90	4.0909	88	8.7565	89.077
1091	5.6007	128.56	4.7143	140	0	0	4.7143	140	7.8462	130	0	0	7.8462	130	3.0769	117	1.3636	88	4.3736	109.75
1092	7.2697	115.55	3.913	138	0	0	3.913	138	10	120	0.56604	106	10.559	119.33	3.1579	95	4.6667	90	7.819	92.083
1093	5.8922	122.19	4.8175	137	0	0	4.8175	137	9.5	120	0	0	9.5	120	1.0714	112	2.4742	97	3.5294	102
1094	7.9579	115.61	4.6809	141	0	0	4.6809	141	9.0756	119	1.1765	102	10.23	117.3	6.6667	99	2.8916	83	9.5004	94.733
1095	8.0883	121.16	9.0226	133	0	0	9.0226	133	11.186	118	0	0	11.186	118	3.75	96	0.57143	105	4.3172	97.286
1096	9.1363	126.97	10	144	0	0	10	144	10.645	124	0	0	10.645	124	4.6602	103	2.6966	89	7.322	98.333
1097	14.226	118.1	21.12	125	0	0	21.12	125	13.966	116	0	0	13.966	116	4.7525	101	3.125	96	7.8727	99.077
1098	11.631	115.21	15.84	125	0	0	15.84	125	11.56	109	0.55046	109	12.11	109	5.8824	102	1.3636	88	7.2241	99.667
1099	13.919	112.08	20	120	0	0	20	120	12.432	111	0	0	12.432	111	5.567	97	4.186	86	9.7192	92.6
1100	12.56	113.06	15.738	122	0	0	15.738	122	14.727	110	0.6383	94	15.352	109.43	1.7143	105	5.1613	93	6.8555	96.273
1101	10.124	120.51	12.632	133	0	0	12.632	133	11.795	117	0	0	11.795	117	1.25	96	5.1613	93	6.4103	93.6
1102	16.128	112.85	24.615	117	0	0	24.615	117	13.929	112	0	0	13.929	112	6.6667	108	3.3708	89	9.9598	102.41
1103	9.2141	119.38	11.719	128	0	0	11.719	128	10.862	116	0	0	10.862	116	3.9623	106	1.2766	94	5.2258	103.33
1104	12.804	109.34	16.78	118	0	0	16.78	118	14.423	104	0	0	14.423	104	4.2	100	3.2609	92	7.4483	96.667
1105	14.78	112.31	19.339	121	0	0	19.339	121	15.556	108	0	0	15.556	108	7.8	100	1.9355	93	9.7277	98.688
1106	16.801	107.13	22.435	115	0	0	22.435	115	21.176	102	0	0	21.176	102	5.1064	94	1.978	91	7.0829	93.182
1107	11.544	121.27	14.646	127	0	0	14.646	127	14.876	121	0	0	14.876	121	2.2222	108	3.0612	98	5.2711	102.44
1108	13.393	112	20.339	118	0	0	20.339	118	13.636	110	0	0	13.636	110	1.9355	93	4.5161	93	6.4516	93
1109	16.266	99.593	20	108	0	0	20	108	19.175	97	1.3043	92	20.476	96.697	5.7831	83	2.963	81	8.7449	82.333
1110	20.243	98.8	26.214	103	0	0	26.214	103	21.649	97	0	0	21.649	97	11.613	93	1.3636	88	12.973	92.5
1111	14.055	106.72	22.162	111	0	0	22.162	111	12.233	103	0.58824	102	12.821	102.95	5.4545	99	1.8182	99	7.2727	99
1112	16.734	101.59	22.991	107	0	0	22.991	107	18	100	0	0	18	100	5.3333	90	4.0909	88	9.4231	89.143
1113	15.54	104.25	20	111	0.54545	110	20.545	110.97	16.2	100	0	0	16.2	100	8.125	96	1.9355	93	10.059	95.438
1114	13.226	108.88	17.949	117	0	0	17.949	117	13.585	106	0	0	13.585	106	3.7895	95	4.6667	90	8.45	92.308
1115	14.854	103.68	19.091	110	0	0	19.091	110	17.059	102	0	0	17.059	102	3.913	92	4.7191	89	8.6298	90.385
1116	10.962	113.11	12.295	122	0	0	12.295	122	14.336	113	0	0	14.336	113	1.9149	94	4.6667	90	6.5789	91.2
1117	13.869	106.72	18.783	115	0	0	18.783	115	13.663	101	1.1881	101	14.851	101	0.99174	121	7.3333	90	8.2305	94.769
1118	9.531	107.02	9.4737	114	0	0	9.4737	114	14.423	104	0	0	14.423	104	3.4951	103	1.2766	94	4.7643	100.75
1119	12.501	107.19	16.842	114	0	0	16.842	114	15.283	106	0	0	15.283	106	3.1579	76	2.6087	92	5.7143	84
1120	17.936	102.59	22.569	109	0	0	22.569	109	18.235	102	0	0	18.235	102	8.0412	97	5.3846	78	13.282	90.35
1121	17.996	98.91	23.654	104	0	0	23.654	104	17.32	97	0.67416	89	17.989	96.724	9.2308	91	3.2609	92	12.491	91.263
1122	15.926	110.51	19.831	118	0	0	19.831	118	17.778	108	0	0	17.778	108	9.697	99	0.72289	83	10.402	98.059
1123	8.2165	114.4	8.16	125	0	0	8.16	125	12.212	113	0	0	12.212	113	1.2121	99	3.2967	91	4.5023	93.286
1124	11.716	109.25	15.263	114	0	0	15.263	114	13.636	110	0	0	13.636	110	5.1064	94	1.3043	92	6.4103	93.6
1125	16.045	103.46	22.703	111	0	0	22.703	111	15	100	0.625	96	15.624	99.846	5.9341	91	4.2353	85	10.158	88.6
1126	11.023	114.3	12.581	124	0	0	12.581	124	12.212	113	0	0	12.212	113	6.5347	101	2.0225	89	8.5341	98.429
1127	8.6867	112.82	9.5	120	0	0	9.5	120	10.714	112	0	0	10.714	112	3.4615	104	2.5	96	5.9524	100.8
1128	14.677	109.01	21.207	116	0	0	21.207	116	13.585	106	0.58252	103	14.167	105.88	6.1856	97	2.7586	87	8.9226	94.143
1129	9.0163	115.35	9.7561	123	0	0	9.7561	123	12.857	112	0	0	12.857	112	3.3333	108	1.1881	101	4.5176	106.25
1130	6.1214	107.82	4.1379	116	0	0	4.1379	116	8.7273	110	0	0	8.7273	110	4.2857	98	1.3043	92	5.5862	96.667
1131	16.402	102.43	20	111	0	0	20	111	16.634	101	1.5	80	18.072	99.6	5.8065	93	5.7143	84	11.491	88.765
1132	19.774	96.084	29.697	99	0	0	29.697	99	19.579	95	1.3333	90	20.909	94.697	3.4091	88	5.3933	89	8.8021	88.615
1133	11.298	113.3	12.295	122	0	0	12.295	122	15.135	111	0	0	15.135	111	6	100	0.64516	93	6.6423	99.364
1134	9.1857	115.4	7.5591	127	0	0	7.5591	127	12	115	0.54054	111	12.54	114.83	3.8182	110	3.871	93	7.6355	102.15
1135	14.423	109.54	21.538	117	0	0	21.538	117	13.458	107	0.61224	98	14.066	106.64	2.1176	85	5.9341	91	8.0447	89.5
1136	14.685	104.87	15	116	0	0	15	116	16.571	105	1.3043	92	17.857	104.16	6	90	5.7143	84	11.7	87.176
1137	14.879	107.54	18.103	116	0	0	18.103	116	17.714	105	1.2	100	18.912	104.7	2.6667	90	5.2747	91	7.9412	90.667
1138	11.896	109.28	14	120	0	0	14	120	14.857	105	0	0	14.857	105	3.871	93	3.2967	91	7.1668	92.091
1139	12.02	113.15	14.032	124	0	0	14.032	124	14.727	110	0.58824	102	15.312	109.71	3.75	96	3.3333	90	7.076	93.273
1140	8.0757	118.88	10	126	0	0	10	126	9	120	0.61224	98	9.5926	118.84	4.1176	102	0.68182	88	4.788	100.25
1141	9.3581	117.55	8.7023	131	0	0	8.7023	131	9.661	118	0	0	9.661	118	7.3585	106	2.6966	89	10	102
1142	11.187	110.84	13.388	121	0	0	13.388	121	11.111	108	1.8182	99	12.918	106.83	2.3762	101	5.1613	93	7.5261	95.667
1143	16.013	102.41	19.636	110	0	0	19.636	110	16.471	102	0	0	16.471	102	6.8966	87	5.3933	89	12.288	87.889
1144	17.946	102.53	23.208	106	0	0	23.208	106	20.792	101	0	0	20.792	101	8.0412	97	1.8557	97	9.8969	97
1145	14.349	105.93	19.138	116	0	0	19.138	116	12.233	103	1.2245	98	13.455	102.57	2.6966	89	8.2759	87	10.971	87.5
1146	16.604	104.79	23.243	111	0	0	23.243	111	16.893	103	1.1881	101	18.081	102.87	5.9341	91	2.8571	84	8.7792	88.846
1147	14.507	113.05	19.672	122	0	0	19.672	122	16.909	110	0	0	16.909	110	1.9565	92	5.4545	88	7.4082	89.091
1148	12.343	113.43	15.36	125	0	0	15.36	125	11.786	112	1.2	100	12.973	111	7.8261	92	1.3953	86	9.2163	91.143
1149	8.1903	119.65	9.4737	133	0	0	9.4737	133	9.4737	114	0	0	9.4737	114	3.9623	106	1.9565	92	5.8939	101.8
1150	8.8292	113.26	8.4298	121	0	0	8.4298	121	9.2308	117	0	0	9.2308	117	9	100	0	0	9	100
1151	14.285	106.41	18.103	116	0	0	18.103	116	15.728	103	0	0	15.728	103	4.7727	88	4.6667	90	9.4382	89
1152	12.617	112.55	16.364	121	0	0	16.364	121	12.432	111	0.58252	103	13.012	110.67	4.7525	101	4.0449	89	8.763	95.857
1153	9.2795	120.7	9.5455	132	0	0	9.5455	132	11.405	121	0	0	11.405	121	5.8824	102	1.3043	92	7.1761	100.33
1154	13.269	107.01	17.739	115	0	0	17.739	115	13.846	104	0.6383	94	14.479	103.6	3.956	91	3.913	92	7.8689	91.5
1155	10.852	116.11	13.77	122	0	0	13.77	122	11.379	116	0	0	11.379	116	6.1682	107	1.4118	85	7.5278	103.62
1156	15.014	110.57	19.18	122	0	0	19.18	122	13.761	109	0.57692	104	14.337	108.81	5.3333	90	6.8966	87	12.226	88.333
1157	17.556	105.95	21.081	111	0.57692	104	21.656	110.82	22.857	105	0	0	22.857	105	4.2857	98	4.0449	89	8.3115	93.846
1158	14.406	111.06	17.288	118	0	0	17.288	118	20	108	0	0	20	108	2.9126	103	3.1915	94	6.0914	98.5
1159	7.2542	124.07	6.3158	133	0	0	6.3158	133	9.6	125	0	0	9.6	125	5.3097	113	0.65934	91	5.9459	111
1160	10.836	119.97	13.846	130	0	0	13.846	130	11.695	118	0	0	11.695	118	5.9406	101	1.3793	87	7.2973	98.667
1161	10.564	119.27	11.905	126	0	0	11.905	126	12.787	122	0	0	12.787	122	4.1584	101	3.0928	97	7.2483	99.333
1162	12.941	106.64	16.174	115	0	0	16.174	115	12.897	107	0	0	12.897	107	5.5814	86	4.5652	92	10.135	88.8
1163	14.304	110.46	19	120	0	0	19	120	17.547	106	0	0	17.547	106	3.5714	84	3.2609	92	6.8182	88
1164	16.431	107.11	23.036	112	0	0	23.036	112	18.679	106	0	0	18.679	106	1.0811	111	6.7416	89	7.7698	92.667
1165	9.808	108.08	8.6441	118	0	0	8.6441	118	10.179	112	1.2371	97	11.395	110.57	4.375	96	5.2747	91	9.6429	93.333
1166	8.5045	122.29	7.5556	135	0	0	7.5556	135	11.22	123	0.57143	105	11.779	122.25	4.5283	106	1.9149	94	6.4248	102.73
1167	8.8482	117.54	7.3846	130	0	0	7.3846	130	11.379	116	0	0	11.379	116	6.6055	109	1.3953	86	7.9459	105.71
1168	10.486	116.34	11.339	127	0	0	11.339	127	12	115	0	0	12	115	5.6604	106	2.7907	86	8.3761	100.29
1169	11.519	119.8	15.231	130	0	0	15.231	130	12	115	0.56604	106	12.563	114.62	3.8182	110	3.2967	91	7.0531	102.08
1170	13.345	107.9	15.372	121	0	0	15.372	121	13.333	108	0.6383	94	13.961	107.44	2.25	80	9.2857	84	11.532	83.25
1171	16.27	106.94	21.77	113	0	0	21.77	113	18.286	105	0	0	18.286	105	2.9412	102	6.0674	89	8.9703	93.643
1172	9.3193	115.89	10.312	128	0	0	10.312	128	12.321	112	0	0	12.321	112	2.4242	99	3.1915	94	5.612	96.222
1173	9.6238	112.22	9.7436	117	0	0	9.7436	117	12.212	113	0	0	12.212	113	5.6604	106	1.3483	89	6.979	103.17
1174	10.57	119.21	13.023	129	0	0	13.023	129	11.186	118	0	0	11.186	118	6.4706	102	1.3333	90	7.788	100.15
1175	11.913	112.48	14.876	121	0	0	14.876	121	11.786	112	0	0	11.786	112	6.7347	98	2.6374	91	9.362	96.133
1176	16.302	109.19	22.957	115	0	0	22.957	115	19.065	107	0.54545	110	19.61	107.09	3.1915	94	3.4091	88	6.5934	91
1177	10.556	113.68	11.613	124	0	0	11.613	124	13.889	108	0.58252	103	14.47	107.81	3.2432	111	2.5532	94	5.7582	104.2
1178	15.938	109.17	20.168	119	0	0	20.168	119	14.579	107	1.0909	110	15.67	107.21	5.7447	94	6.7416	89	12.477	91.368
1179	11.27	117.12	11.429	126	0	0	11.429	126	15.652	115	0	0	15.652	115	5.6604	106	1.2245	98	6.879	104.67
1180	12.296	121.99	14.887	133	0	0	14.887	133	13.613	119	0.56075	107	14.169	118.57	5.5556	108	2.6667	90	8.1667	102.86
1181	12.688	111.92	13.171	123	0	0	13.171	123	14.862	109	0	0	14.862	109	5.5556	108	4.8837	86	10.309	98.941
1182	9.8738	117.48	8.9062	128	0	0	8.9062	128	12.522	115	0.52632	114	13.048	114.96	6.5455	110	1.2766	94	7.7984	107.71
1183	9.7376	112.96	10.909	121	0	0	10.909	121	11.681	113	0	0	11.681	113	2.8571	105	4	90	6.8169	96.818
1184	10.2	121.56	11.25	128	0	0	11.25	128	12.195	123	0	0	12.195	123	6.1111	108	1.1881	101	7.295	106.92
1185	12.201	114.74	13.548	124	0	0	13.548	124	15.263	114	0	0	15.263	114	3.4615	104	4.6667	90	8.0861	96.462
1186	11.447	113.57	12.48	125	0	0	12.48	125	15.135	111	0	0	15.135	111	0.57692	104	6.5217	92	7.0898	93.091
1187	13.264	116.1	15.714	126	0	0	15.714	126	16.696	115	0	0	16.696	115	4.375	96	3.4884	86	7.8403	91.833
1188	8.6414	113.41	6.1905	126	0	0	6.1905	126	11.053	114	0.56075	107	11.611	113.68	5.7143	105	2.6087	92	8.2934	101.29
1189	6.1775	123.03	5.1562	128	0	0	5.1562	128	9.12	125	0	0	9.12	125	3.1304	115	1.1881	101	4.3049	111.5
1190	9.57	119.12	7.7863	131	0	0	7.7863	131	11.311	122	0	0	11.311	122	4.1739	115	5.8065	93	9.8691	103.35
1191	10.502	123.78	12.889	135	0	0	12.889	135	11.901	121	0	0	11.901	121	3.9623	106	3.0928	97	7.0416	102.25
1192	7.8107	125.47	7.9412	136	0	0	7.9412	136	10.08	125	0	0	10.08	125	2.439	123	3.2609	92	5.5814	107.5
1193	8.4145	123.6	5.3731	134	0	0	5.3731	134	12.581	124	0	0	12.581	124	6.7826	115	0.6	100	7.373	113.93
1194	7.8263	132.88	9.3617	141	0	0	9.3617	141	8.0597	134	1.1215	107	9.1394	131.3	3.871	124	1.2632	95	5.0761	118.2
1195	6.5602	131.09	5.2349	149	0	0	5.2349	149	9.2308	130	0	0	9.2308	130	5.4545	110	0	0	5.4545	110
1196	11.576	115.76	13.74	131	0	0	13.74	131	14.727	110	0.6	100	15.322	109.64	1.2245	98	5.25	80	6.4286	84
1197	8.4619	122.9	7.218	133	0	0	7.218	133	13.065	124	0	0	13.065	124	2.8037	107	2.5263	95	5.3115	101.67
1198	5.5277	115.78	2.1898	137	0	0	2.1898	137	5.625	128	0.57143	105	6.1792	126.23	4.0385	104	4.5161	93	8.5279	98.5
1199	6.3898	125.2	4.8175	137	0	0	4.8175	137	8.9764	127	0	0	8.9764	127	4.8649	111	0.67416	89	5.5147	108.8
1200	7.4671	133.92	7.2483	149	0	0	7.2483	149	9.4737	133	0	0	9.4737	133	4.1026	117	1.8947	95	5.9459	111
