#File created from auswertNew
# Temporary input file:
# tmp26.dat
# Created from repository file
# /home/vwitme/data/workdata/trafficData/Invent_A5/intermediatedata/A5frankfurt_06_01/daten/F26_1106.dat.gz
# Infrastructure description file:
# /home/vwitme/data/workdata/trafficData/Invent_A5/intermediatedata/A5frankfurt_06_01/daten/A5frankfurt_06_01.dsc
#
# Date: 11.06.2001
# Direction: Frankfurt
# Detector cross section 26
# Position (m)= 489.900000
# Number of main lanes=3
# Number of ramp lanes=0
# The lane indices are ordered from left to right
# NOTICE: The time has been increased by 1 hour 
# since summertime was not taken care of  in the original data!
# Velocity averages: Over veh types and lanes, weighted with flow
# vAvg=arithmetic average; vHarm=harmonic average
#===========================================
#t(min)	Qav(/h)	vAvg(km/h)	vHarm(km/h)	Q1car	v1car	Q1truck	v1truck	Q2car	v2car	Q2truck	v2truck	Q3car	v3car	Q3truck	v3truck
60	220.0	117.2		110.2		60	169	0	0	360	129	0	0	120	73	120	100
61	400.0	109.9		107.2		120	152	0	0	420	115	0	0	240	115	420	90
62	520.0	96.4		93.5		180	139	0	0	420	107	0	0	60	80	900	84
63	240.0	120.4		113.4		120	174	0	0	180	128	0	0	180	123	240	86
64	240.0	109.2		104.9		60	148	0	0	360	123	0	0	60	85	240	85
65	120.0	119.5		114.1		0	0	0	0	180	144	0	0	60	105	120	90
66	320.0	99.0		96.5		60	144	0	0	240	117	0	0	60	102	600	87
67	400.0	117.6		110.1		120	167	0	0	480	141	0	0	60	106	540	87
68	180.0	110.0		108.2		0	0	0	0	300	122	0	0	180	93	60	101
69	400.0	106.0		100.8		240	156	0	0	180	109	120	87	120	106	540	87
70	320.0	124.4		120.3		180	149	0	0	360	138	0	0	180	116	240	92
71	360.0	113.4		107.0		300	159	0	0	240	101	60	89	180	108	300	86
72	340.0	100.9		96.5		180	139	0	0	180	122	180	88	60	74	420	85
73	280.0	104.9		99.5		60	135	0	0	300	133	60	88	0	0	420	83
74	480.0	109.8		102.8		180	174	0	0	420	129	60	91	60	88	720	86
75	360.0	108.9		104.6		180	142	0	0	360	123	60	94	60	108	420	85
76	380.0	123.7		121.8		240	138	0	0	480	132	60	88	360	109	0	0
77	300.0	109.9		106.2		120	133	0	0	300	127	120	90	60	128	300	88
78	580.0	102.1		97.8		300	152	0	0	240	109	120	91	60	105	1020	87
79	380.0	101.8		98.1		240	138	0	0	60	126	120	90	240	99	480	85
80	220.0	94.9		90.1		0	0	0	0	120	144	0	0	180	96	360	78
81	280.0	98.1		95.2		60	132	0	0	120	128	60	119	60	93	540	86
82	260.0	101.5		99.0		60	128	0	0	240	118	0	0	120	105	360	85
83	500.0	103.1		96.8		240	150	0	0	360	125	120	83	120	91	660	80
84	300.0	102.3		97.2		60	148	0	0	240	134	0	0	0	0	600	85
85	200.0	109.8		104.0		120	165	0	0	240	105	0	0	0	0	240	87
86	300.0	104.5		97.9		60	158	0	0	240	142	0	0	60	86	540	84
87	140.0	92.7		90.1		0	0	0	0	60	137	0	0	60	92	300	84
88	280.0	115.3		107.7		120	141	0	0	240	155	0	0	240	92	240	86
89	280.0	104.6		101.0		60	146	0	0	240	128	0	0	180	95	360	87
90	300.0	98.2		95.3		60	129	0	0	180	124	60	94	60	113	540	85
91	240.0	103.8		100.8		60	148	0	0	240	118	60	92	60	93	300	88
92	340.0	117.4		110.6		180	177	0	0	360	122	60	93	120	97	300	89
93	520.0	116.5		111.7		120	159	0	0	780	132	0	0	120	97	540	89
94	180.0	89.6		87.6		0	0	0	0	60	134	0	0	0	0	480	84
95	340.0	100.8		96.7		60	158	0	0	300	123	60	90	0	0	600	85
96	340.0	109.7		106.5		180	131	0	0	420	122	60	84	0	0	360	89
97	340.0	100.9		98.5		60	146	0	0	300	114	0	0	120	108	540	87
98	180.0	102.2		98.3		0	0	0	0	240	125	0	0	0	0	300	84
99	440.0	114.6		108.7		240	162	0	0	300	132	60	97	240	101	480	89
100	260.0	94.0		92.2		60	145	0	0	0	0	120	87	180	98	420	87
101	320.0	103.6		98.8		60	184	0	0	180	131	120	90	60	109	540	88
102	240.0	100.9		97.8		120	130	0	0	240	112	60	88	0	0	300	83
103	360.0	104.9		101.5		60	156	0	0	420	120	0	0	120	102	480	86
104	260.0	140.1		135.6		120	169	0	0	360	151	0	0	240	123	60	85
105	360.0	110.6		102.3		180	184	0	0	180	126	60	92	0	0	660	88
106	340.0	105.9		98.1		120	165	0	0	180	150	0	0	0	0	720	85
107	280.0	98.6		93.5		120	153	0	0	60	139	60	96	0	0	600	84
108	360.0	96.3		92.9		60	158	0	0	180	124	180	93	0	0	660	84
109	280.0	118.5		108.9		120	193	0	0	180	136	0	0	120	128	420	87
110	240.0	87.2		87.1		0	0	0	0	0	0	0	0	120	93	600	86
111	360.0	89.7		88.9		60	112	0	0	120	100	0	0	60	112	840	85
112	280.0	100.7		98.3		0	0	0	0	360	115	0	0	120	111	360	83
113	200.0	108.0		99.7		120	166	0	0	0	0	0	0	120	125	360	83
114	100.0	123.0		119.6		0	0	0	0	240	132	0	0	0	0	60	87
115	320.0	91.4		88.1		60	156	0	0	120	120	0	0	0	0	780	82
116	280.0	102.6		96.3		120	156	0	0	60	117	0	0	60	158	600	85
117	340.0	93.8		88.5		120	156	0	0	120	113	60	86	60	112	660	78
118	160.0	116.0		109.5		120	143	0	0	60	150	0	0	120	120	180	84
119	200.0	86.2		86.2		0	0	0	0	0	0	0	0	180	89	420	85
120	80.0	95.8		88.1		0	0	0	0	60	142	0	0	60	63	120	89
121	180.0	115.8		110.2		60	163	0	0	180	132	0	0	60	127	240	89
122	180.0	97.2		94.5		0	0	0	0	120	122	0	0	60	121	360	85
123	400.0	136.3		133.4		480	145	0	0	480	145	0	0	180	105	60	91
124	280.0	110.9		105.0		300	141	0	0	60	121	60	89	60	128	360	85
125	380.0	108.5		102.6		180	129	0	0	240	148	120	89	120	116	480	84
126	160.0	112.6		102.5		120	176	0	0	60	119	60	94	0	0	240	84
127	360.0	112.9		104.4		240	171	0	0	240	122	0	0	60	86	540	86
128	240.0	110.9		104.6		60	122	0	0	360	134	0	0	0	0	300	81
129	140.0	122.3		112.9		60	163	0	0	180	146	0	0	0	0	180	85
130	260.0	100.6		96.5		60	156	0	0	180	125	60	89	0	0	480	86
131	200.0	114.7		105.1		120	177	0	0	60	135	120	88	60	138	240	86
132	160.0	89.1		88.5		0	0	0	0	0	0	0	0	60	111	420	86
133	300.0	120.8		116.6		360	132	0	0	300	132	60	114	0	0	180	82
134	300.0	109.6		105.3		300	132	0	0	180	111	120	88	60	139	240	84
135	100.0	100.8		93.5		60	167	0	0	0	0	0	0	60	88	180	83
136	400.0	96.8		94.2		60	124	0	0	360	119	60	91	0	0	720	84
137	200.0	90.9		88.8		0	0	0	0	120	122	0	0	60	84	420	83
138	140.0	111.3		103.3		60	205	0	0	0	0	60	107	60	95	240	93
139	320.0	95.5		91.1		120	157	0	0	60	119	60	90	60	81	660	84
140	140.0	126.3		118.6		180	156	0	0	60	119	0	0	60	127	120	85
141	320.0	91.4		90.4		60	111	0	0	180	108	120	89	0	0	600	85
142	320.0	100.1		95.2		120	162	0	0	180	112	180	92	60	91	420	82
143	480.0	102.7		96.9		300	156	0	0	120	112	240	89	0	0	780	85
144	160.0	106.0		98.9		60	182	0	0	60	138	0	0	0	0	360	88
145	400.0	112.9		105.0		300	155	0	0	360	124	0	0	120	82	420	82
146	260.0	119.2		114.9		0	0	0	0	420	137	0	0	180	112	180	85
147	160.0	99.2		96.5		60	128	0	0	60	122	60	87	120	104	180	83
148	240.0	98.2		95.4		60	117	0	0	180	124	0	0	60	94	420	85
149	220.0	122.1		113.8		0	0	0	0	360	150	0	0	180	93	120	82
150	360.0	106.4		101.7		300	126	0	0	300	126	0	0	0	0	480	82
151	440.0	97.8		94.6		240	130	0	0	240	111	60	109	0	0	780	83
152	320.0	111.4		106.4		120	141	0	0	420	123	0	0	60	142	360	83
153	240.0	102.8		98.4		60	138	0	0	180	129	60	96	60	115	360	83
154	140.0	100.1		96.6		0	0	0	0	120	131	0	0	120	95	180	83
155	160.0	117.9		112.0		60	167	0	0	240	124	0	0	60	118	120	81
156	280.0	101.6		96.0		120	167	0	0	60	109	0	0	60	119	600	86
157	220.0	94.4		92.5		0	0	0	0	180	110	0	0	60	120	420	84
158	280.0	102.2		94.5		60	177	0	0	240	130	0	0	60	110	480	78
159	200.0	97.4		94.7		0	0	0	0	180	124	0	0	0	0	420	86
160	240.0	107.4		102.1		60	173	0	0	120	144	0	0	180	96	360	90
161	260.0	111.7		105.3		60	180	0	0	180	142	0	0	180	108	360	87
162	280.0	105.6		102.3		0	0	0	0	300	129	0	0	180	106	360	86
163	160.0	115.1		107.3		60	163	0	0	120	134	0	0	120	125	180	80
164	160.0	91.8		90.4		0	0	0	0	60	125	0	0	0	0	420	87
165	260.0	121.7		108.3		240	158	0	0	180	158	60	86	0	0	300	78
166	300.0	108.7		104.2		180	137	0	0	180	137	0	0	120	93	420	89
167	280.0	97.9		96.2		60	126	0	0	240	113	60	89	0	0	480	88
168	140.0	90.7		89.5		0	0	0	0	60	119	0	0	60	86	300	86
169	240.0	92.8		91.8		60	111	0	0	60	102	120	92	60	114	420	86
170	120.0	86.7		86.0		0	0	0	0	60	105	0	0	60	83	240	83
171	60.0	137.3		137.3		60	138	0	0	120	137	0	0	0	0	0	0
172	120.0	120.0		115.7		60	138	0	0	180	134	0	0	0	0	120	90
173	240.0	110.2		105.2		120	138	0	0	120	135	0	0	120	127	360	87
174	300.0	105.7		100.1		120	151	0	0	120	152	60	88	60	91	540	89
175	300.0	94.0		91.8		0	0	0	0	180	126	0	0	0	0	720	86
176	120.0	130.3		123.8		120	173	0	0	120	117	0	0	0	0	120	101
177	200.0	104.1		99.4		60	160	0	0	60	142	60	89	60	116	360	89
178	200.0	108.5		102.8		120	150	0	0	120	130	60	86	120	89	180	87
179	260.0	107.8		102.7		60	148	0	0	240	137	60	90	0	0	420	88
180	200.0	113.8		108.5		180	149	0	0	120	105	120	92	60	125	120	86
181	300.0	110.2		107.4		120	126	0	0	300	128	120	96	60	119	300	90
182	120.0	98.3		96.4		0	0	0	0	60	133	60	89	0	0	240	92
183	300.0	134.7		124.2		300	181	0	0	300	133	0	0	0	0	300	90
184	260.0	125.5		113.5		180	181	0	0	240	142	60	87	60	105	240	82
185	280.0	101.7		96.1		60	189	0	0	240	119	120	89	0	0	420	83
186	200.0	126.5		118.7		120	177	0	0	300	130	0	0	0	0	180	87
187	300.0	100.0		95.9		60	165	0	0	240	117	0	0	60	111	540	84
188	240.0	114.7		109.5		120	161	0	0	240	124	60	114	0	0	300	89
189	180.0	110.3		107.4		0	0	0	0	180	131	0	0	120	118	240	91
190	360.0	109.3		105.8		180	138	0	0	420	121	60	88	60	91	360	88
191	260.0	108.4		102.7		120	163	0	0	120	129	120	97	120	103	300	85
192	120.0	100.3		97.1		60	144	0	0	0	0	60	94	60	103	180	87
193	140.0	103.7		100.3		0	0	0	0	180	126	0	0	0	0	240	87
194	300.0	103.1		101.6		120	127	0	0	420	107	0	0	120	100	240	86
195	280.0	119.2		110.2		240	164	0	0	180	134	60	92	60	84	300	87
196	220.0	92.0		90.5		0	0	0	0	120	117	0	0	120	95	420	84
197	160.0	96.5		93.1		60	153	0	0	0	0	120	93	60	97	240	84
198	260.0	111.4		103.4		120	166	0	0	240	132	0	0	60	84	360	84
199	340.0	98.8		95.5		60	141	0	0	300	121	60	93	60	85	540	84
200	340.0	112.1		106.7		240	152	0	0	180	124	60	91	180	104	360	87
201	240.0	105.9		102.5		0	0	0	0	240	133	120	102	60	95	300	88
202	380.0	111.4		108.9		360	123	0	0	360	123	0	0	60	106	360	89
203	200.0	111.7		105.5		60	144	0	0	180	143	0	0	120	104	240	84
204	220.0	98.0		95.0		60	128	0	0	180	117	0	0	120	97	300	81
205	280.0	99.4		95.5		60	169	0	0	60	125	60	89	60	129	600	88
206	400.0	105.5		99.7		180	157	0	0	300	124	0	0	0	0	720	85
207	260.0	95.5		93.1		0	0	0	0	180	124	0	0	60	105	540	85
208	260.0	102.0		96.8		0	0	0	0	240	140	60	88	180	86	300	84
209	340.0	100.2		97.8		60	128	0	0	420	115	0	0	120	88	420	85
210	260.0	116.7		109.4		60	144	0	0	360	143	0	0	60	90	300	85
211	140.0	114.6		112.5		0	0	0	0	180	128	0	0	180	111	60	85
212	180.0	101.1		96.2		60	148	0	0	120	123	60	91	60	105	240	80
213	140.0	101.0		98.3		0	0	0	0	120	125	60	102	60	103	180	84
214	200.0	122.7		114.7		60	140	0	0	300	141	0	0	60	142	180	80
215	120.0	115.7		111.2		120	140	0	0	120	120	0	0	0	0	120	87
216	160.0	90.0		88.0		0	0	0	0	60	132	0	0	0	0	420	84
217	220.0	126.1		118.9		60	169	0	0	180	152	0	0	180	134	240	90
218	220.0	113.5		110.2		0	0	0	0	420	124	0	0	120	111	120	79
219	240.0	106.5		100.8		180	149	0	0	120	109	0	0	60	109	360	84
220	280.0	115.9		109.0		120	167	0	0	240	135	0	0	240	105	240	82
221	220.0	112.4		106.1		60	175	0	0	240	132	60	98	0	0	300	87
222	160.0	106.1		101.1		60	124	0	0	120	119	0	0	60	151	240	84
223	220.0	109.7		103.2		60	150	0	0	240	137	60	89	0	0	300	84
224	420.0	113.1		105.3		300	163	0	0	180	135	180	90	180	97	420	85
225	260.0	107.7		101.9		60	138	0	0	360	129	0	0	60	78	300	82
226	320.0	119.2		113.1		300	147	0	0	300	128	120	102	0	0	240	82
227	200.0	112.3		107.3		60	163	0	0	180	132	0	0	120	106	240	88
228	300.0	114.9		107.0		240	154	0	0	300	124	60	88	0	0	300	80
229	220.0	120.6		115.6		120	146	0	0	360	130	0	0	0	0	180	85
230	420.0	103.4		97.1		240	151	0	0	180	130	180	92	0	0	660	82
231	260.0	112.7		106.0		120	153	0	0	300	131	0	0	0	0	360	84
232	100.0	128.6		124.2		60	175	0	0	120	129	0	0	120	105	0	0
233	440.0	106.2		100.1		240	150	0	0	360	122	0	0	60	102	660	82
234	420.0	111.9		105.2		300	153	0	0	300	122	60	91	60	127	540	84
235	160.0	105.9		101.2		60	142	0	0	180	121	0	0	120	94	120	77
236	420.0	99.2		94.6		60	145	0	0	420	125	0	0	120	86	660	81
237	220.0	114.1		110.8		60	128	0	0	300	131	0	0	180	100	120	86
238	400.0	92.0		89.7		60	144	0	0	240	113	0	0	0	0	900	83
239	320.0	113.9		108.1		180	157	0	0	240	125	0	0	180	114	360	85
240	360.0	98.4		93.6		60	144	0	0	240	135	60	98	60	88	660	82
241	180.0	100.8		97.0		0	0	0	0	240	123	0	0	0	0	300	83
242	280.0	97.1		93.6		60	122	0	0	300	118	0	0	60	87	420	80
243	260.0	107.8		104.8		60	122	0	0	360	122	0	0	120	108	240	83
244	280.0	104.8		100.4		60	122	0	0	300	131	0	0	60	102	420	84
245	220.0	111.7		105.4		60	171	0	0	300	127	0	0	60	87	240	84
246	260.0	119.2		113.3		60	177	0	0	480	125	0	0	120	113	120	73
247	320.0	111.4		106.8		60	175	0	0	480	124	0	0	120	93	300	86
248	200.0	121.9		113.2		120	173	0	0	180	140	0	0	120	96	180	87
249	240.0	121.5		119.1		0	0	0	0	420	133	0	0	240	111	60	83
250	260.0	139.2		135.0		180	172	0	0	420	137	0	0	120	125	60	85
251	340.0	115.2		112.2		60	122	0	0	540	130	0	0	240	103	180	85
252	280.0	104.7		99.6		120	150	0	0	120	131	0	0	240	103	360	82
253	180.0	119.7		112.4		60	211	0	0	120	132	0	0	240	106	120	89
254	80.0	106.8		105.5		0	0	0	0	0	0	0	0	180	113	60	88
255	160.0	108.9		103.8		60	154	0	0	60	139	0	0	120	115	240	87
256	380.0	119.7		112.8		120	158	0	0	480	142	0	0	180	104	360	85
257	220.0	117.8		112.4		120	165	0	0	240	120	0	0	120	114	180	86
258	320.0	125.6		117.3		60	156	0	0	600	144	0	0	120	85	180	81
259	240.0	98.1		93.4		180	135	0	0	0	0	120	88	120	103	300	78
260	280.0	123.8		117.8		180	172	0	0	360	123	0	0	180	103	120	85
261	280.0	105.7		104.5		120	90	0	0	420	116	0	0	240	100	60	88
262	300.0	118.3		110.5		120	164	0	0	300	139	60	96	180	113	240	79
263	360.0	105.9		97.9		180	157	0	0	300	128	60	88	180	78	360	79
264	220.0	125.0		123.0		0	0	0	0	480	132	0	0	120	117	60	85
265	300.0	117.9		110.3		120	177	0	0	360	133	60	89	120	94	240	85
266	360.0	113.7		106.9		240	150	0	0	300	126	60	88	120	121	360	81
267	440.0	115.6		107.9		180	157	0	0	540	137	0	0	120	88	480	83
268	520.0	118.7		110.6		360	173	0	0	480	123	0	0	120	92	600	88
269	300.0	109.5		104.8		60	145	0	0	420	128	0	0	120	83	300	87
270	520.0	126.1		120.2		300	164	0	0	660	137	0	0	360	100	240	88
271	480.0	132.0		127.3		180	186	0	0	780	135	0	0	360	114	120	85
272	440.0	120.1		114.3		360	146	0	0	480	132	0	0	120	103	360	84
273	380.0	117.8		110.5		240	159	0	0	300	139	60	88	240	100	300	84
274	380.0	109.3		104.5		0	0	0	0	480	131	60	88	180	120	420	83
275	180.0	112.0		108.0		180	126	0	0	180	126	0	0	0	0	180	84
276	320.0	112.9		106.8		180	139	0	0	300	137	0	0	240	96	240	80
277	440.0	126.1		120.1		300	146	0	0	660	139	120	86	0	0	240	86
278	380.0	135.8		131.0		300	172	0	0	360	139	0	0	420	114	60	88
279	440.0	107.4		102.8		240	141	0	0	480	119	0	0	120	91	480	83
280	260.0	127.0		119.6		120	184	0	0	360	135	0	0	120	106	180	87
281	440.0	112.0		106.9		300	156	0	0	240	119	60	106	420	94	300	89
282	300.0	124.2		120.0		180	157	0	0	300	133	0	0	300	111	120	86
283	400.0	112.8		106.7		180	174	0	0	420	120	60	90	120	94	420	88
284	440.0	106.6		103.9		180	134	0	0	420	120	0	0	300	99	420	87
285	540.0	111.2		106.7		420	139	0	0	600	118	120	88	60	72	420	86
286	380.0	130.0		126.0		180	157	0	0	420	143	60	94	360	121	120	89
287	460.0	127.6		121.1		360	158	0	0	660	133	0	0	120	98	240	82
288	580.0	109.1		104.6		240	145	0	0	780	119	60	88	180	103	480	80
289	520.0	121.2		115.9		300	149	0	0	780	129	0	0	120	119	360	82
290	420.0	132.9		125.7		240	164	0	0	660	142	0	0	60	142	300	86
291	380.0	133.6		129.8		240	176	0	0	420	134	0	0	480	112	0	0
292	220.0	118.5		114.9		60	173	0	0	240	127	0	0	300	108	60	82
293	400.0	120.8		116.8		120	174	0	0	540	129	0	0	360	106	180	90
294	580.0	103.8		99.3		120	161	0	0	540	124	60	95	240	96	780	84
295	480.0	115.7		110.0		300	148	0	0	420	133	60	90	240	107	420	84
296	480.0	124.8		120.7		240	160	0	0	600	135	0	0	540	102	60	87
297	560.0	102.1		99.7		480	114	0	0	360	118	120	89	120	110	600	84
298	540.0	116.0		110.9		360	144	0	0	480	129	120	94	180	123	480	85
299	460.0	111.4		105.2		300	159	0	0	360	113	0	0	420	100	300	78
300	340.0	127.0		123.5		60	177	0	0	480	141	0	0	420	109	60	91
301	660.0	112.4		107.1		420	148	0	0	660	121	0	0	240	107	660	83
302	420.0	112.0		106.1		120	177	0	0	540	125	60	90	60	96	480	86
303	520.0	118.4		114.7		180	160	0	0	660	127	60	101	360	110	300	88
304	600.0	125.1		119.8		480	157	0	0	600	131	0	0	420	109	300	85
305	360.0	125.4		120.3		180	168	0	0	480	133	0	0	300	104	120	85
306	680.0	107.2		102.4		360	144	0	0	600	120	120	88	300	103	660	81
307	680.0	115.9		109.0		300	166	0	0	660	130	0	0	360	114	720	83
308	420.0	111.0		107.7		180	148	0	0	540	118	60	91	300	95	180	86
309	1040.0	113.9		111.3		660	136	0	0	1440	119	0	0	660	97	360	84
310	640.0	123.5		118.5		540	151	0	0	660	126	0	0	360	118	360	83
311	520.0	113.2		108.7		180	146	0	0	600	132	0	0	600	93	180	85
312	460.0	117.4		111.1		240	158	0	0	540	131	0	0	300	96	300	82
313	580.0	122.5		113.8		480	163	0	0	420	137	120	87	360	106	360	80
314	580.0	117.7		112.3		300	158	0	0	540	132	60	91	360	108	480	87
315	520.0	114.3		109.1		240	158	0	0	660	124	60	82	120	99	480	87
316	520.0	119.2		112.1		240	176	0	0	600	131	0	0	360	94	360	87
317	660.0	134.0		129.6		660	163	0	0	660	130	0	0	480	117	180	88
318	660.0	122.2		118.8		300	160	0	0	720	131	0	0	780	107	180	90
319	700.0	124.8		119.1		540	155	0	0	900	131	60	94	240	104	360	83
320	820.0	116.1		112.5		600	147	0	0	900	118	60	88	540	101	360	87
321	400.0	123.2		118.5		60	148	0	0	480	145	0	0	420	116	240	86
322	680.0	105.6		102.4		480	133	0	0	480	114	180	93	480	95	420	82
323	780.0	135.1		130.2		660	171	0	0	1140	130	0	0	360	109	180	88
324	640.0	121.5		118.5		540	139	0	0	660	129	120	88	420	112	180	86
325	820.0	123.6		117.1		720	155	0	0	1020	128	0	0	360	90	360	82
326	620.0	118.5		112.0		360	163	0	0	660	131	120	90	300	92	420	88
327	680.0	120.6		117.7		480	151	0	0	660	121	60	94	720	108	120	86
328	800.0	114.9		110.3		420	156	0	0	900	123	60	88	660	96	360	86
329	660.0	123.6		114.0		540	169	0	0	840	125	60	88	180	74	360	83
330	680.0	136.4		129.6		600	175	0	0	780	136	0	0	420	110	240	87
331	760.0	127.7		123.0		480	165	0	0	1020	132	0	0	660	101	120	88
332	760.0	128.3		123.9		480	172	0	0	840	130	0	0	960	105	0	0
333	940.0	115.7		109.3		660	156	0	0	960	124	60	94	360	92	780	84
334	880.0	121.0		115.7		480	159	0	0	1260	128	0	0	600	96	300	81
335	1120.0	126.7		120.4		1140	161	0	0	1320	122	60	94	240	100	600	86
336	1220.0	117.3		112.6		900	151	0	0	1500	120	120	98	660	93	480	84
337	920.0	120.1		115.4		1020	145	0	0	720	124	180	95	480	98	360	84
338	760.0	125.8		121.8		660	157	0	0	720	127	0	0	780	104	120	89
339	1160.0	116.6		110.8		1200	147	0	0	1080	117	0	0	540	89	660	83
340	1440.0	112.5		107.9		1380	142	0	0	1380	113	60	88	720	86	780	86
341	840.0	129.5		125.4		780	155	0	0	960	131	0	0	480	111	300	88
342	1300.0	115.9		112.5		1320	137	0	0	1200	119	60	119	840	97	480	83
343	980.0	116.0		111.3		660	138	0	0	1200	129	0	0	540	94	540	82
344	840.0	105.4		99.6		300	162	0	0	900	118	60	83	480	92	780	79
345	1100.0	129.1		124.4		1080	158	0	0	1200	128	60	113	720	104	240	84
346	840.0	130.7		126.6		600	151	0	0	1140	138	0	0	480	117	300	84
347	980.0	115.6		109.8		720	152	0	0	1140	120	0	0	300	99	780	82
348	1220.0	110.9		107.9		1080	132	0	0	1260	116	0	0	540	93	780	86
349	1180.0	113.4		109.2		1020	145	0	0	1080	114	0	0	960	93	480	86
350	1060.0	120.4		115.2		1080	150	0	0	960	120	60	105	600	99	480	83
351	760.0	115.6		110.5		420	151	0	0	1020	123	0	0	300	101	540	82
352	1220.0	132.8		129.0		1200	156	0	0	1560	132	0	0	720	109	180	80
353	720.0	130.7		126.9		600	159	0	0	660	135	0	0	840	111	60	76
354	1360.0	102.9		97.5		1140	134	0	0	1200	110	0	0	780	81	960	75
355	1280.0	110.8		105.1		1440	138	0	0	960	114	60	86	120	85	1260	81
356	1100.0	124.5		120.8		1140	149	0	0	1140	123	60	116	660	102	300	88
357	1120.0	115.8		111.8		1200	139	0	0	1200	115	60	88	240	98	660	84
358	1060.0	119.7		113.8		780	157	0	0	1320	123	0	0	420	98	660	83
359	940.0	121.9		118.6		660	147	0	0	1080	127	0	0	840	107	240	82
360	1120.0	130.0		127.8		1320	147	0	0	1200	125	0	0	720	115	120	83
361	760.0	124.7		121.4		600	153	0	0	840	127	0	0	780	103	60	90
362	1060.0	109.4		107.6		840	123	0	0	1200	116	0	0	660	98	480	85
363	1040.0	117.9		112.2		960	147	0	0	1080	123	60	109	120	98	900	84
364	760.0	125.7		122.1		660	155	0	0	960	123	0	0	480	105	180	88
365	1020.0	119.3		117.2		780	141	0	0	1320	120	0	0	780	104	180	87
366	1240.0	121.1		117.3		1380	144	0	0	1200	117	60	86	660	108	420	83
367	1320.0	122.7		119.5		1320	148	0	0	1320	120	0	0	1080	102	240	91
368	1320.0	110.0		106.9		780	138	0	0	1740	115	0	0	540	95	900	85
369	860.0	118.1		116.2		780	135	0	0	1020	120	0	0	600	102	180	88
370	1540.0	112.1		109.7		1740	128	0	0	1620	113	0	0	720	93	540	84
371	1500.0	119.7		116.6		1500	143	0	0	1560	119	0	0	960	100	480	89
372	1480.0	114.4		110.2		1200	143	0	0	1680	118	0	0	1140	90	420	84
373	920.0	125.8		121.7		600	161	0	0	1200	128	0	0	660	107	300	88
374	880.0	127.0		124.5		660	154	0	0	1080	125	0	0	720	114	180	92
375	1120.0	122.1		119.0		1080	145	0	0	1260	123	0	0	840	99	180	87
376	1140.0	120.8		116.9		1200	145	0	0	1260	120	0	0	480	92	480	91
377	1100.0	122.3		117.5		1020	155	0	0	1140	121	60	86	840	96	240	91
378	1220.0	107.5		104.8		1080	129	0	0	1200	110	120	87	720	93	540	83
379	1280.0	116.7		113.4		1380	139	0	0	1140	116	60	96	780	98	480	87
380	1120.0	111.1		106.2		840	149	0	0	960	114	240	90	1020	90	300	84
381	1300.0	119.3		115.8		1200	145	0	0	1260	120	0	0	960	103	480	86
382	1440.0	116.9		113.6		1500	140	0	0	1500	115	60	88	780	96	480	88
383	1500.0	117.2		115.1		1560	137	0	0	1500	114	0	0	1200	101	240	90
384	1260.0	112.0		108.2		1140	138	0	0	1440	113	0	0	720	85	480	88
385	1140.0	119.0		116.9		900	139	0	0	1200	123	0	0	1200	103	120	88
386	1120.0	129.9		126.6		1020	160	0	0	1200	125	0	0	1140	108	0	0
387	1100.0	117.3		113.8		1020	143	0	0	1080	116	60	79	780	104	360	84
388	1400.0	121.5		118.4		1740	142	0	0	1140	116	0	0	1080	102	240	86
389	1900.0	102.1		98.8		2220	124	0	0	1440	97	300	90	720	80	1020	81
390	1660.0	110.4		106.2		1620	138	0	0	1440	111	120	86	1200	88	600	84
391	1480.0	106.5		103.6		1200	134	0	0	1320	106	0	0	1380	92	540	84
392	1340.0	117.1		114.9		1140	139	0	0	1500	116	0	0	1020	105	360	87
393	1860.0	107.6		105.4		1800	126	0	0	1800	109	60	90	1260	92	660	85
394	1740.0	116.3		113.6		1920	136	0	0	1860	114	60	112	900	95	480	87
395	1020.0	112.5		109.4		480	138	0	0	1440	121	0	0	660	96	480	84
396	1720.0	117.7		114.5		1980	137	0	0	1560	119	60	89	1020	98	540	84
397	1360.0	117.0		115.5		900	135	0	0	1860	120	0	0	1260	101	60	88
398	1540.0	120.6		117.6		1440	146	0	0	1620	118	0	0	1320	103	240	83
399	1360.0	112.2		109.7		1500	132	0	0	1440	108	120	90	660	94	360	87
400	1640.0	117.2		115.1		1680	136	0	0	1680	115	0	0	1140	104	420	87
401	1580.0	115.3		113.1		1620	131	0	0	1740	118	0	0	1020	97	360	84
402	1820.0	113.4		111.4		2160	129	0	0	1620	113	120	96	1380	95	180	83
403	1460.0	124.4		121.5		1440	148	0	0	1500	123	0	0	1380	103	60	83
404	1520.0	111.8		109.0		1200	139	0	0	1620	112	0	0	1680	93	60	91
405	1680.0	116.4		113.4		1920	137	0	0	1860	113	0	0	1020	90	240	91
406	1540.0	114.6		111.9		1380	142	0	0	1500	109	0	0	1680	98	60	90
407	1660.0	114.4		111.8		1560	136	0	0	1740	115	0	0	1500	95	180	84
408	1260.0	124.0		122.2		1260	142	0	0	1320	123	0	0	1080	108	120	91
409	1440.0	123.1		120.5		1440	145	0	0	1620	120	0	0	1020	105	240	89
410	1440.0	119.6		118.1		1080	138	0	0	1860	121	0	0	1260	105	120	86
411	1460.0	118.7		113.4		1320	154	0	0	1380	118	180	90	1200	93	300	87
412	1340.0	122.6		120.1		1440	143	0	0	1440	120	0	0	1080	101	60	86
413	1460.0	124.3		121.6		1380	149	0	0	1380	121	0	0	1380	109	240	89
414	1500.0	118.1		115.6		1140	144	0	0	1740	118	0	0	1560	101	60	74
415	1520.0	114.3		111.0		1560	138	0	0	1440	113	0	0	1020	95	540	86
416	1300.0	108.1		104.2		960	139	0	0	1620	109	0	0	960	87	360	78
417	1560.0	118.7		115.4		1740	140	0	0	1500	118	60	109	840	97	540	87
418	1420.0	113.0		109.9		1260	136	0	0	1380	117	0	0	1200	94	420	85
419	1380.0	116.0		113.7		1320	136	0	0	1260	118	60	91	1320	99	180	89
420	1420.0	116.5		113.5		1560	138	0	0	1200	116	120	90	1080	97	300	88
421	1380.0	119.7		117.3		1140	143	0	0	1500	121	0	0	1380	101	120	96
422	1480.0	116.3		113.6		1620	135	0	0	1380	117	0	0	1140	97	300	85
423	1400.0	118.3		113.2		1320	151	0	0	1140	121	60	89	1620	92	60	90
424	1720.0	113.5		110.7		1680	135	0	0	1920	113	0	0	1380	92	180	83
425	1500.0	118.2		114.5		1500	147	0	0	1200	115	60	96	1620	97	120	89
426	1260.0	115.9		112.6		1260	139	0	0	1020	119	60	88	1260	96	180	85
427	1660.0	114.2		111.3		1500	139	0	0	1800	113	60	92	1320	95	300	86
428	1580.0	122.5		117.6		1740	149	0	0	1680	121	60	97	1020	91	240	82
429	1320.0	120.3		114.8		1140	155	0	0	1560	120	0	0	840	92	420	84
430	1580.0	109.4		105.9		1380	137	0	0	1740	108	0	0	1320	89	300	80
431	1600.0	120.4		118.1		1680	140	0	0	1740	118	60	118	1200	100	120	87
432	1540.0	113.2		108.2		1680	140	0	0	1560	111	0	0	1020	84	360	80
433	1360.0	117.5		113.8		1260	146	0	0	1200	116	0	0	1260	99	360	87
434	1540.0	113.9		110.1		1320	143	0	0	1500	115	0	0	1440	93	360	86
435	1260.0	123.0		118.7		1200	150	0	0	1260	125	0	0	1080	100	240	81
436	1860.0	113.3		110.3		1980	132	0	0	1620	117	120	95	1320	95	540	82
437	1280.0	114.5		109.4		1020	155	0	0	1320	110	0	0	1200	92	300	86
438	1660.0	113.7		110.3		1500	142	0	0	1500	111	0	0	1440	97	540	87
439	1840.0	116.6		114.0		2100	136	0	0	1440	116	0	0	1920	97	60	78
440	1900.0	109.4		106.9		1680	133	0	0	2040	108	120	91	1620	92	240	83
441	1700.0	117.3		114.7		1920	137	0	0	1680	115	0	0	1320	96	180	86
442	1260.0	118.3		115.5		1320	138	0	0	1320	119	0	0	960	97	180	83
443	1620.0	117.1		113.0		1680	144	0	0	1380	116	0	0	1620	94	180	82
444	1400.0	114.8		111.6		1200	142	0	0	1440	115	0	0	1320	95	240	87
445	1900.0	111.9		109.3		1920	135	0	0	2040	106	0	0	1320	96	420	85
446	1500.0	112.9		111.3		1200	134	0	0	1800	111	0	0	1440	99	60	85
447	1380.0	111.0		108.4		1080	132	0	0	1440	117	0	0	1500	92	120	86
448	1520.0	116.1		113.3		1380	140	0	0	1620	116	60	110	1260	96	240	87
449	1380.0	116.9		115.4		960	141	0	0	1800	114	0	0	1380	104	0	0
450	1240.0	107.6		105.6		600	133	0	0	1320	115	0	0	1620	95	180	82
451	1300.0	120.3		118.3		1020	140	0	0	1740	121	0	0	840	107	300	87
452	1600.0	116.9		113.4		1620	143	0	0	1560	113	0	0	1260	97	360	86
453	1540.0	114.3		111.9		1440	136	0	0	1440	115	60	96	1560	96	120	93
454	1720.0	111.7		107.6		1380	137	0	0	1980	118	0	0	1620	86	180	80
455	1540.0	115.6		113.5		1380	136	0	0	1680	116	0	0	1440	98	120	86
456	1420.0	111.6		108.4		1200	138	0	0	1440	112	60	84	1260	94	300	83
457	1240.0	110.5		106.3		1080	141	0	0	1140	112	60	87	1080	88	360	86
458	1620.0	114.2		111.6		1500	137	0	0	1620	114	0	0	1680	95	60	86
459	1680.0	113.2		110.6		1860	130	0	0	1620	112	120	87	1020	103	420	76
460	1540.0	118.0		115.6		1560	141	0	0	1440	113	0	0	1500	101	120	91
461	1240.0	115.6		113.0		840	143	0	0	1380	118	0	0	1080	102	420	88
462	1460.0	113.2		111.0		1200	139	0	0	1560	109	0	0	1320	99	300	94
463	1720.0	112.8		110.8		1560	133	0	0	1860	111	0	0	1500	98	240	87
464	1580.0	116.1		113.9		1680	137	0	0	1860	109	0	0	1140	98	60	91
465	1460.0	108.8		105.6		1320	133	0	0	1200	112	0	0	1500	91	360	83
466	1440.0	116.2		114.7		1140	136	0	0	1500	117	0	0	1680	102	0	0
467	1600.0	112.5		109.5		1440	137	0	0	1440	114	0	0	1860	93	60	89
468	1500.0	110.1		107.6		1320	132	0	0	1560	111	120	106	1320	91	180	85
469	1480.0	112.8		111.3		1260	132	0	0	1860	108	60	96	1020	105	240	86
470	1520.0	111.7		109.3		1260	135	0	0	1680	112	60	92	1380	94	180	88
471	1580.0	108.5		105.5		1800	129	0	0	1800	103	0	0	840	88	300	76
472	1500.0	109.4		106.9		1320	133	0	0	1500	108	0	0	1380	94	300	83
473	1460.0	106.5		102.7		1320	133	0	0	1440	107	60	92	1200	87	360	75
474	1720.0	110.0		108.7		1680	125	0	0	1620	110	60	119	1740	96	60	89
475	1520.0	107.3		105.7		1500	123	0	0	1560	107	0	0	1200	94	300	83
476	1660.0	108.9		107.0		1440	129	0	0	2040	107	0	0	1140	94	360	86
477	1520.0	117.9		115.5		1740	135	0	0	1260	120	0	0	1380	98	180	90
478	1600.0	103.3		101.3		1320	125	0	0	1620	102	60	99	1380	91	420	81
479	1400.0	106.7		105.2		1020	128	0	0	1560	106	60	100	1380	95	180	85
480	1640.0	111.9		110.6		1560	125	0	0	1740	115	0	0	1500	97	120	84
481	1360.0	114.3		111.9		1080	139	0	0	1680	113	0	0	1080	98	240	86
482	1460.0	106.8		104.7		1680	121	0	0	1440	108	120	87	780	90	360	79
483	1440.0	107.6		105.1		1080	133	0	0	1740	107	0	0	1140	93	360	81
484	1500.0	110.0		107.2		1380	135	0	0	1380	108	120	91	1320	93	300	87
485	1580.0	109.3		106.1		1320	136	0	0	1800	108	60	82	1140	93	420	79
486	1520.0	106.0		103.3		1200	132	0	0	1620	106	0	0	1440	89	300	84
487	1640.0	107.6		104.6		1620	129	0	0	1980	105	60	97	780	90	480	76
488	1600.0	114.8		113.4		1440	131	0	0	1740	115	60	87	1440	101	120	95
489	1600.0	109.8		107.1		1500	135	0	0	1440	106	0	0	1560	94	300	85
490	1460.0	115.4		113.0		1260	139	0	0	1620	114	0	0	1380	98	120	85
491	1400.0	107.3		105.8		1380	124	0	0	1500	105	120	94	1020	93	180	88
492	1400.0	110.7		108.8		1380	129	0	0	1260	111	0	0	1440	95	120	86
493	1480.0	111.8		109.0		1680	132	0	0	1500	107	60	92	840	94	360	82
494	1720.0	108.0		106.0		1680	129	0	0	1500	103	120	91	1680	95	180	86
495	1280.0	117.2		114.5		1440	137	0	0	900	117	0	0	1260	101	240	84
496	1200.0	111.4		109.2		840	134	0	0	1620	112	120	90	780	98	240	82
497	1500.0	112.1		109.1		1560	134	0	0	1380	112	180	90	1200	91	180	86
498	1440.0	110.1		108.2		1200	131	0	0	1500	110	0	0	1320	97	300	85
499	1340.0	116.5		114.7		1200	138	0	0	1380	114	0	0	1440	101	0	0
500	1380.0	118.3		116.5		1320	137	0	0	1500	117	60	88	1140	103	120	90
501	1280.0	110.0		107.5		1140	129	0	0	1380	112	60	93	1080	95	180	71
502	1280.0	112.5		110.7		1020	134	0	0	1440	111	0	0	1200	100	180	85
503	1440.0	109.6		106.1		1260	138	0	0	1440	108	0	0	1320	91	300	80
504	1440.0	104.6		102.2		1200	125	0	0	1440	108	0	0	1440	88	240	81
505	1600.0	105.1		103.5		1440	121	0	0	1440	109	0	0	1680	91	240	85
506	1620.0	101.5		99.7		1440	120	0	0	1800	101	0	0	1440	86	180	83
507	1440.0	104.9		102.7		1200	125	0	0	1440	108	60	88	1200	90	420	82
508	1620.0	105.9		103.7		1680	122	0	0	1440	106	120	63	1500	93	120	82
509	1640.0	108.0		106.4		1500	126	0	0	1800	107	60	94	1440	93	120	87
510	1240.0	105.7		104.0		900	126	0	0	1380	107	60	104	1200	92	180	86
511	1520.0	103.8		100.8		1560	123	0	0	1440	106	60	100	1140	83	360	78
512	1400.0	104.3		102.0		840	132	0	0	1980	105	0	0	1200	87	180	83
513	1260.0	110.9		107.9		1260	133	0	0	1560	106	0	0	720	96	240	72
514	1540.0	104.9		102.7		1380	125	0	0	1980	103	0	0	960	88	300	79
515	1440.0	108.5		106.0		1320	130	0	0	1500	108	60	88	1260	92	180	77
516	1520.0	106.8		105.2		1260	123	0	0	1740	110	0	0	1260	91	300	87
517	1420.0	103.8		102.7		1320	118	0	0	1560	103	0	0	1080	93	300	85
518	1720.0	106.0		102.5		1800	129	0	0	1620	104	180	86	1320	86	240	71
519	1300.0	106.4		104.6		1260	124	0	0	1140	108	0	0	1320	91	180	87
520	1480.0	104.6		101.4		1440	129	0	0	1320	103	0	0	1320	87	360	78
521	1600.0	102.9		100.7		1320	125	0	0	1680	103	60	88	1440	88	300	80
522	1360.0	110.8		107.9		1380	134	0	0	1440	106	60	102	960	92	240	83
523	1460.0	99.7		98.4		1260	115	0	0	1620	100	120	87	1080	88	300	81
524	1720.0	105.7		102.8		1800	128	0	0	1500	103	0	0	1620	87	240	82
525	1440.0	106.4		103.8		1200	127	0	0	1680	110	0	0	1320	85	120	87
526	1460.0	105.2		101.8		1320	129	0	0	1560	107	0	0	1260	82	240	84
527	1380.0	109.0		107.0		900	128	0	0	1920	113	0	0	960	92	360	85
528	1520.0	109.6		106.6		1260	132	0	0	1560	114	60	103	1500	90	180	79
529	1520.0	102.1		99.7		1620	121	0	0	1200	100	0	0	1080	90	660	79
530	1580.0	105.1		102.8		1500	126	0	0	1440	104	0	0	1320	91	480	82
531	1600.0	108.5		106.0		1380	132	0	0	1620	108	0	0	1560	91	240	90
532	1020.0	114.2		112.0		840	137	0	0	1200	114	0	0	960	96	60	90
533	1400.0	104.5		102.7		1260	121	0	0	1260	108	120	97	1140	92	420	81
534	1220.0	114.9		112.6		1200	135	0	0	1500	113	0	0	840	94	120	85
535	1440.0	107.8		104.9		1380	131	0	0	1380	106	60	117	1140	90	360	81
536	1460.0	111.5		109.5		1440	129	0	0	1740	111	0	0	960	93	240	84
537	1420.0	109.1		107.2		1620	124	0	0	1200	111	0	0	1320	91	120	88
538	1200.0	107.5		104.0		1080	133	0	0	1200	109	0	0	780	86	540	84
539	1180.0	112.3		109.1		1200	133	0	0	1200	115	0	0	960	88	180	86
540	1240.0	114.5		112.0		1380	134	0	0	1140	112	60	100	960	96	180	84
541	1420.0	107.5		105.1		1500	126	0	0	1200	108	60	90	1260	91	240	80
542	1320.0	109.7		108.4		1320	124	0	0	1500	109	60	100	960	95	120	85
543	1160.0	108.4		105.1		1200	131	0	0	1080	108	60	87	900	89	240	76
544	1240.0	101.4		97.2		1080	128	0	0	1080	106	120	90	960	83	480	71
545	1300.0	106.2		103.7		1560	124	0	0	900	106	180	86	1020	89	240	80
546	1400.0	101.4		99.7		1260	120	0	0	1560	99	60	88	900	90	420	81
547	1120.0	104.2		101.9		1020	125	0	0	1020	105	0	0	1140	88	180	84
548	1280.0	113.5		111.2		1260	135	0	0	1320	111	0	0	1140	96	120	83
549	1240.0	98.9		96.3		660	127	0	0	1080	108	0	0	1740	85	240	81
550	1520.0	94.2		92.0		1500	113	0	0	1260	93	60	91	1500	80	240	72
551	1400.0	102.2		99.8		1620	120	0	0	1320	98	60	87	960	85	240	77
552	1400.0	110.3		108.4		1440	128	0	0	1260	110	60	94	1200	95	240	87
553	1540.0	97.0		95.0		1620	115	0	0	1500	93	60	102	1140	82	300	76
554	1080.0	101.8		99.9		1080	119	0	0	960	103	60	88	660	87	480	83
555	1440.0	96.5		95.4		900	114	0	0	1800	98	60	88	1440	85	120	85
556	1380.0	97.1		95.8		1260	114	0	0	1200	93	120	85	1080	89	480	84
557	1300.0	93.6		92.0		1080	109	0	0	1380	96	0	0	1200	81	240	73
558	1380.0	95.1		93.9		1620	106	0	0	1020	95	120	92	960	86	420	75
559	1340.0	91.4		90.3		900	108	0	0	1620	93	0	0	1260	80	240	79
560	1260.0	97.4		95.7		1080	115	0	0	1380	97	0	0	960	87	360	74
561	1280.0	90.8		89.9		1020	105	0	0	1260	90	0	0	1200	84	360	76
562	1240.0	84.8		83.6		1020	100	0	0	1260	84	0	0	1020	75	420	74
563	1260.0	92.9		91.7		1080	107	0	0	1380	94	0	0	1080	81	240	77
564	1380.0	94.3		93.0		1380	108	0	0	1380	94	0	0	1260	81	120	80
565	1280.0	89.2		87.6		1140	107	0	0	1200	85	180	89	900	81	420	71
566	1320.0	96.6		96.0		1620	105	0	0	720	96	120	88	1380	89	120	83
567	1080.0	97.9		97.1		960	109	0	0	1140	99	120	92	900	87	120	86
568	1280.0	99.1		97.2		1140	119	0	0	1380	97	60	87	1140	84	120	83
569	1040.0	95.5		92.4		900	116	0	0	1080	99	60	98	960	76	120	65
570	1320.0	96.7		95.7		1260	110	0	0	1200	96	0	0	1140	86	360	86
571	1200.0	96.4		95.0		1200	112	0	0	1080	94	0	0	1020	85	300	81
572	960.0	98.4		97.3		600	114	0	0	1440	100	0	0	720	85	120	82
573	1160.0	95.3		94.8		840	107	0	0	1380	94	0	0	900	91	360	84
574	1560.0	98.1		97.2		2040	108	0	0	1380	95	120	88	840	86	300	83
575	1240.0	100.6		99.2		1140	115	0	0	1380	101	0	0	900	89	300	79
576	1400.0	95.3		92.9		1560	113	0	0	1200	93	180	87	1080	78	180	70
577	1040.0	105.0		100.8		1080	130	0	0	840	106	0	0	900	84	300	75
578	1260.0	103.1		102.1		1260	117	0	0	1020	102	0	0	1320	93	180	87
579	1120.0	106.7		105.5		1080	120	0	0	1260	107	0	0	900	94	120	80
580	1400.0	100.4		99.3		1680	112	0	0	1140	99	120	88	1020	89	240	81
581	1260.0	104.1		102.9		1380	118	0	0	1260	101	60	102	840	92	240	84
582	1300.0	101.5		99.8		1440	117	0	0	1260	99	0	0	840	86	360	84
583	1020.0	102.2		100.5		780	124	0	0	1140	100	0	0	1020	90	120	85
584	1300.0	109.2		106.8		1560	128	0	0	1260	103	0	0	840	91	240	84
585	1360.0	103.9		102.1		1380	121	0	0	1560	101	0	0	900	87	240	87
586	1180.0	104.6		103.2		1260	118	0	0	1200	105	0	0	720	91	360	84
587	1100.0	103.9		102.7		1020	119	0	0	1020	101	0	0	960	97	300	84
588	1200.0	97.3		95.1		1260	115	0	0	1080	96	60	89	720	79	480	82
589	1140.0	105.6		104.0		1320	121	0	0	1020	101	0	0	480	95	600	88
590	1520.0	104.6		103.1		1800	118	0	0	1380	102	120	100	960	90	300	84
591	1020.0	110.5		108.7		1080	127	0	0	960	110	0	0	840	94	180	91
592	1460.0	105.0		103.0		1800	122	0	0	1200	99	60	90	1200	89	120	79
593	1180.0	107.8		105.1		1440	126	0	0	960	105	60	95	720	88	360	84
594	1320.0	103.9		100.3		1380	128	0	0	1080	103	0	0	1200	83	300	80
595	1320.0	110.1		108.1		1500	127	0	0	1140	107	120	106	900	94	300	87
596	1380.0	102.2		100.0		1860	116	0	0	1200	100	0	0	900	82	180	75
597	1240.0	109.2		106.2		1200	133	0	0	1260	107	0	0	840	91	420	84
598	980.0	106.6		103.7		720	131	0	0	1200	109	0	0	600	91	420	80
599	1060.0	106.9		104.9		1080	125	0	0	960	107	0	0	900	91	240	85
600	1340.0	112.1		109.6		1440	128	60	100	1440	115	0	0	900	88	180	87
601	1100.0	116.9		113.3		1320	136	0	0	960	120	0	0	900	90	120	85
602	1200.0	110.3		106.9		1200	136	0	0	1320	106	0	0	780	87	300	87
603	1140.0	121.4		119.4		1320	138	0	0	1260	118	0	0	720	103	120	85
604	1060.0	111.0		107.8		900	138	0	0	960	113	60	88	1200	92	60	79
605	840.0	116.4		113.9		960	136	0	0	720	112	0	0	660	101	180	86
606	720.0	109.7		106.9		540	131	0	0	600	120	60	103	540	96	420	86
607	1140.0	110.1		106.5		780	145	0	0	1320	109	0	0	840	93	480	86
608	1220.0	110.1		107.1		1200	134	0	0	1140	108	60	92	1020	91	240	86
609	1440.0	107.4		105.8		1380	123	0	0	1320	110	0	0	1380	93	240	86
610	1320.0	112.3		109.7		1140	135	0	0	1380	114	0	0	1140	94	300	88
611	960.0	111.8		109.2		780	138	0	0	1140	109	0	0	840	95	120	85
612	1140.0	109.1		106.4		1080	132	0	0	1560	105	0	0	420	89	360	82
613	1500.0	106.0		101.6		1440	133	0	0	1560	106	0	0	1020	81	480	78
614	800.0	107.9		104.6		600	135	0	0	1140	107	0	0	420	89	240	77
615	1160.0	107.9		105.9		960	127	0	0	1380	109	0	0	780	94	360	83
616	1040.0	114.9		111.6		1200	138	0	0	840	109	0	0	840	97	240	83
617	1020.0	119.8		115.5		960	145	0	0	1260	121	0	0	660	92	180	79
618	920.0	111.0		107.2		540	149	0	0	1080	113	60	105	780	93	300	83
619	1240.0	107.9		104.2		1380	133	0	0	1020	102	120	91	780	86	420	85
620	1160.0	103.2		100.4		900	132	0	0	840	102	180	100	1140	89	420	84
621	1340.0	109.6		106.8		1260	130	0	0	1440	111	60	112	840	88	420	86
622	1160.0	115.9		112.7		1140	141	0	0	1200	113	120	105	660	95	360	88
623	1220.0	114.3		111.7		1560	131	0	0	960	112	60	90	660	99	420	85
624	1480.0	104.1		102.4		1320	123	0	0	1500	103	0	0	1200	91	420	86
625	1180.0	103.9		100.9		1200	125	0	0	1020	105	120	86	780	88	420	76
626	1260.0	114.1		112.2		1560	129	0	0	1380	110	0	0	480	97	360	88
627	1180.0	106.3		104.0		780	128	0	0	1320	112	60	113	1080	89	300	86
628	940.0	114.0		112.4		1140	127	0	0	720	115	60	89	600	102	300	91
629	1220.0	108.5		105.2		1140	135	0	0	1080	106	60	100	1020	91	360	83
630	1060.0	115.2		114.0		1020	132	0	0	1440	111	0	0	720	100	0	0
631	1160.0	111.6		108.3		840	138	0	0	1320	116	60	115	720	90	540	88
632	1220.0	112.7		110.0		900	134	0	0	1500	118	0	0	960	93	300	85
633	1340.0	112.3		109.9		1500	130	0	0	1380	111	0	0	1020	90	120	94
634	1140.0	109.0		106.4		1140	129	0	0	1080	109	120	103	660	92	420	83
635	1300.0	100.4		97.8		1440	120	0	0	960	96	240	98	780	84	480	78
636	1360.0	104.6		101.6		1380	127	0	0	1500	101	0	0	780	85	420	80
637	1320.0	102.8		100.9		1560	117	0	0	1320	102	60	88	360	85	660	82
638	820.0	118.9		115.8		840	144	0	0	840	114	0	0	540	100	240	91
639	940.0	109.9		106.5		840	133	0	0	1200	110	0	0	240	93	540	81
640	1500.0	107.3		105.0		1380	127	0	0	1680	107	120	106	900	89	420	83
641	1020.0	97.9		96.2		360	132	0	0	1380	99	240	94	600	90	480	81
642	760.0	112.2		108.1		480	141	0	0	960	119	0	0	720	91	120	70
643	1400.0	102.5		100.9		1380	121	0	0	1320	98	60	90	1260	90	180	86
644	1040.0	113.2		111.0		780	136	0	0	1320	114	0	0	840	97	180	84
645	1080.0	107.0		103.2		840	139	0	0	1200	106	0	0	720	86	480	85
646	1140.0	103.8		101.0		960	128	0	0	1020	106	120	98	900	86	420	83
647	1080.0	108.2		104.8		840	138	0	0	960	111	120	92	1140	90	180	81
648	1240.0	107.2		104.8		1200	128	0	0	1320	105	60	90	600	92	540	85
649	1380.0	99.6		97.2		1380	122	0	0	1200	90	120	87	1020	90	420	80
650	1420.0	110.8		109.0		1740	124	0	0	1440	110	0	0	780	93	300	84
651	1080.0	111.7		109.8		960	127	0	0	1080	118	0	0	900	95	300	90
652	1220.0	102.6		97.1		1140	135	0	0	1200	101	0	0	900	76	420	76
653	1580.0	100.3		97.9		1740	119	0	0	1260	98	120	87	1320	84	300	78
654	1160.0	107.3		105.4		1260	125	0	0	1080	103	0	0	1020	93	120	81
655	900.0	109.6		107.5		600	134	0	0	900	113	0	0	1020	97	180	83
656	1140.0	99.3		97.2		1260	114	0	0	840	104	240	87	360	82	720	81
657	1240.0	106.3		103.9		1500	124	0	0	1200	101	60	97	240	88	720	85
658	1200.0	113.5		111.6		1320	130	0	0	1020	112	60	111	960	100	240	84
659	1140.0	100.3		96.6		1200	122	0	0	900	103	0	0	1020	81	300	71
660	1460.0	95.7		93.1		1560	112	0	0	1080	99	60	96	780	86	900	72
661	1260.0	99.7		97.8		1260	115	0	0	1380	101	60	87	480	82	600	80
662	1140.0	104.4		102.1		1020	123	0	0	1320	106	0	0	780	85	300	84
663	1020.0	105.2		104.0		840	120	0	0	960	108	60	100	660	97	540	88
664	1100.0	108.0		106.5		1200	123	0	0	960	105	60	87	780	99	300	85
665	1120.0	100.6		98.7		960	118	0	0	1200	103	60	88	780	84	360	84
666	1300.0	105.4		103.2		1620	121	0	0	1200	103	60	90	540	83	480	86
667	1340.0	110.3		107.9		1380	129	0	0	1260	110	60	115	840	94	480	85
668	960.0	111.7		108.9		1080	131	0	0	1080	109	0	0	420	88	300	85
669	940.0	111.7		107.5		900	140	0	0	1080	109	120	83	300	90	420	82
670	1280.0	108.1		106.4		1380	126	0	0	1380	102	0	0	960	94	120	86
671	1080.0	118.1		115.3		1140	138	0	0	1200	117	0	0	540	100	360	86
672	1240.0	108.2		105.3		1200	131	0	0	1080	109	120	85	960	90	360	86
673	1240.0	121.0		118.6		1500	137	0	0	1140	121	0	0	840	102	240	87
674	1120.0	104.6		101.7		720	131	0	0	1380	109	60	91	840	84	360	85
675	1100.0	107.7		105.6		960	126	0	0	1140	109	0	0	840	97	360	80
676	1220.0	106.7		105.2		1500	118	0	0	1140	106	0	0	660	96	360	81
677	1100.0	105.6		103.6		1140	124	0	0	1020	104	0	0	840	90	300	85
678	1080.0	105.7		101.5		1140	126	0	0	1140	109	120	93	300	73	540	77
679	980.0	106.1		104.4		900	123	0	0	900	108	120	100	480	93	540	88
680	1120.0	108.0		104.9		1020	132	0	0	1320	107	0	0	720	85	300	86
681	1080.0	108.4		105.8		840	127	0	0	1320	113	0	0	840	92	240	75
682	1440.0	106.3		104.4		1740	121	0	0	1080	105	60	80	1080	93	360	83
683	1200.0	112.5		110.3		1440	129	0	0	1080	110	0	0	660	99	420	84
684	1140.0	108.9		105.7		1140	133	0	0	780	111	60	88	960	91	480	87
685	1280.0	112.5		110.9		1380	128	0	0	1140	110	0	0	900	104	420	87
686	960.0	112.6		110.1		720	136	0	0	1080	113	0	0	600	105	480	86
687	1240.0	105.0		102.4		900	128	0	0	1320	110	0	0	960	89	540	83
688	1040.0	106.1		103.6		1020	125	0	0	900	110	0	0	720	90	480	83
689	720.0	124.2		119.5		720	151	0	0	720	125	0	0	360	107	360	86
690	1060.0	120.5		117.7		900	142	0	0	1320	123	0	0	720	101	240	85
691	1100.0	106.0		103.7		1020	125	0	0	960	110	60	90	840	90	420	85
692	1160.0	108.3		106.9		1500	120	0	0	840	108	60	94	720	95	360	89
693	1120.0	115.2		112.9		1200	132	0	0	1200	115	0	0	480	102	480	87
694	1060.0	112.7		109.1		840	138	0	0	1200	118	0	0	780	90	360	85
695	1080.0	108.9		106.2		1140	127	0	0	1260	108	120	100	300	88	420	80
696	960.0	115.5		112.0		840	142	0	0	1200	115	0	0	360	95	480	86
697	1140.0	107.9		105.3		900	132	0	0	1260	109	0	0	720	94	540	84
698	1400.0	106.4		103.7		1320	128	0	0	1500	106	0	0	960	88	420	82
699	1380.0	104.2		102.2		1380	121	0	0	1500	104	120	97	540	88	600	82
700	1520.0	104.6		103.1		1440	120	60	102	1560	105	60	102	1080	91	360	83
701	1220.0	112.7		109.9		1140	134	0	0	1620	111	0	0	300	98	600	84
702	1020.0	102.6		100.1		660	128	0	0	1020	108	60	92	780	87	540	85
703	1220.0	101.9		98.2		1080	130	0	0	1260	99	60	102	780	81	480	80
704	1360.0	105.3		103.5		1440	123	0	0	1260	101	120	91	900	93	360	85
705	1380.0	99.6		97.3		1320	119	0	0	1500	99	60	86	720	79	540	83
706	1220.0	104.7		103.1		1440	119	0	0	780	104	0	0	1020	93	420	85
707	1520.0	107.0		104.8		1740	126	0	0	1200	102	180	96	780	92	660	87
708	1340.0	113.4		110.5		1500	133	0	0	1320	113	60	90	780	91	360	86
709	1120.0	111.6		106.6		1260	138	0	0	1020	105	120	74	540	99	420	75
710	1280.0	104.7		102.6		1440	122	0	0	1140	100	60	88	660	96	540	81
711	1320.0	106.3		104.1		1440	122	0	0	1440	107	0	0	780	86	300	81
712	1560.0	108.7		106.1		1680	129	0	0	1260	108	60	96	1020	91	660	87
713	1260.0	108.8		106.1		1080	132	0	0	1440	109	180	96	540	90	540	85
714	940.0	107.1		102.8		900	132	0	0	840	112	120	91	360	79	600	83
715	960.0	106.6		104.5		660	128	0	0	1080	111	180	93	480	93	480	86
716	1000.0	116.9		112.4		900	145	0	0	1140	119	0	0	840	88	120	88
717	1020.0	113.0		109.3		960	141	0	0	900	110	0	0	840	97	360	83
718	960.0	117.0		112.8		780	151	0	0	1260	113	0	0	540	95	300	85
719	980.0	116.9		112.6		840	143	0	0	1080	122	60	109	600	91	360	85
720	720.0	119.0		115.6		420	151	0	0	900	124	0	0	540	103	300	88
721	780.0	119.3		114.5		540	157	0	0	1020	119	0	0	540	99	240	81
722	640.0	114.8		110.7		300	150	0	0	660	129	0	0	720	96	240	88
723	800.0	110.2		105.4		420	155	0	0	600	123	60	97	960	93	360	85
724	620.0	119.2		116.3		480	147	0	0	600	121	60	99	600	103	120	90
725	900.0	116.5		110.2		720	157	0	0	960	116	120	108	660	89	240	77
726	760.0	106.8		105.0		60	127	0	0	1080	120	60	103	780	95	300	87
727	740.0	114.8		111.6		180	161	60	116	960	125	60	98	540	104	420	88
728	760.0	129.6		124.9		480	160	0	0	840	140	0	0	720	112	240	85
729	900.0	120.1		115.6		600	154	0	0	1020	127	60	89	780	98	240	86
730	960.0	120.5		117.4		660	153	0	0	1020	122	0	0	1140	102	60	87
731	760.0	109.6		105.6		480	142	0	0	960	114	0	0	540	90	300	79
732	940.0	114.0		109.9		660	151	0	0	960	114	60	79	960	97	180	81
733	1020.0	116.1		110.4		720	152	0	0	1080	124	180	77	840	94	240	80
734	820.0	120.8		115.6		540	166	0	0	900	122	0	0	780	98	240	89
735	920.0	109.6		106.3		420	152	0	0	1200	111	60	94	720	97	360	83
736	980.0	118.6		113.4		720	158	0	0	1260	118	0	0	540	93	420	86
737	780.0	119.7		114.6		420	166	0	0	960	124	0	0	840	98	120	76
738	880.0	109.3		105.2		480	147	0	0	900	118	0	0	840	89	420	88
739	800.0	115.0		110.7		420	153	0	0	1200	119	0	0	420	93	360	83
740	900.0	117.3		113.2		540	148	0	0	960	123	60	88	960	105	180	70
741	880.0	124.7		119.5		600	173	0	0	1200	119	0	0	780	99	60	91
742	800.0	125.5		123.2		600	146	0	0	1020	129	0	0	480	110	300	97
743	680.0	122.7		119.0		360	158	0	0	960	126	60	107	480	107	180	82
744	1000.0	116.3		112.0		780	151	0	0	900	118	0	0	1080	97	240	84
745	740.0	115.2		111.7		420	150	0	0	720	121	0	0	840	102	240	83
746	820.0	118.1		113.5		480	158	0	0	1020	123	0	0	720	95	240	87
747	760.0	119.0		113.1		480	167	0	0	840	122	0	0	660	93	300	91
748	920.0	110.9		106.0		540	159	0	0	900	111	60	114	1020	91	240	86
749	820.0	120.1		115.4		420	159	0	0	960	130	0	0	900	99	180	82
750	1000.0	115.8		111.1		660	154	0	0	900	124	0	0	1080	95	360	88
751	660.0	113.4		110.9		300	147	0	0	660	120	0	0	780	102	240	90
752	820.0	110.9		108.4		600	138	0	0	1020	108	60	100	420	102	360	86
753	1020.0	118.3		114.4		960	149	0	0	900	114	60	91	1020	99	120	83
754	840.0	118.3		114.9		540	152	0	0	900	121	0	0	840	103	240	86
755	780.0	121.3		116.9		600	149	0	0	960	127	60	117	360	94	360	88
756	780.0	123.0		120.7		420	152	0	0	840	129	0	0	840	110	240	97
757	840.0	122.3		119.8		420	152	0	0	1020	127	0	0	840	111	240	90
758	840.0	110.6		106.7		360	144	0	0	1140	121	60	92	480	90	480	84
759	920.0	116.9		112.8		480	155	0	0	1080	123	60	89	960	100	180	78
760	820.0	119.6		114.0		780	149	0	0	840	124	60	100	600	88	180	84
761	800.0	115.6		112.5		480	141	0	0	900	122	60	91	600	107	360	84
762	1080.0	115.9		112.5		900	145	0	0	1200	115	120	98	780	95	240	88
763	740.0	111.4		108.1		600	139	0	0	660	115	60	91	780	93	120	84
764	820.0	112.6		109.0		600	144	0	0	1140	110	60	98	360	99	300	79
765	980.0	108.6		105.1		900	135	0	0	780	109	60	85	720	94	480	83
766	1220.0	118.3		114.6		1080	146	0	0	1200	120	0	0	1080	97	300	88
767	940.0	114.0		108.8		720	147	0	0	1020	120	0	0	720	88	360	83
768	980.0	119.6		115.6		660	153	0	0	1080	125	0	0	840	99	360	90
769	1080.0	115.2		111.9		900	138	0	0	1200	120	300	101	720	91	120	78
770	1040.0	119.7		117.3		1080	137	0	0	1200	121	60	104	600	96	180	91
771	780.0	120.2		115.4		660	150	0	0	780	127	60	92	600	94	240	89
772	1020.0	111.1		107.9		660	140	0	0	1140	116	60	96	900	94	300	83
773	620.0	118.1		116.2		240	146	0	0	780	123	0	0	720	109	120	85
774	1000.0	114.0		109.2		840	148	0	0	1140	113	0	0	660	89	360	84
775	880.0	119.0		116.1		720	146	0	0	1140	117	0	0	600	100	180	87
776	980.0	118.3		113.3		1200	144	0	0	660	118	0	0	600	93	480	86
777	820.0	112.1		110.0		420	138	0	0	720	122	0	0	1080	100	240	92
778	900.0	116.6		112.6		720	146	0	0	1080	118	0	0	600	95	300	84
779	960.0	114.5		110.0		780	148	0	0	1020	115	120	99	660	90	300	86
780	980.0	118.6		115.0		1020	143	0	0	1080	116	0	0	540	96	300	86
781	980.0	109.3		106.5		660	139	0	0	1140	110	60	82	780	93	300	89
782	1000.0	114.0		109.4		840	148	0	0	840	115	120	88	1020	94	180	81
783	940.0	119.2		116.2		840	144	0	0	960	119	60	104	720	103	240	86
784	860.0	116.8		111.3		420	166	0	0	1200	121	0	0	660	94	300	81
785	940.0	112.9		109.5		720	139	0	0	1140	116	0	0	480	93	480	86
786	1180.0	125.5		120.4		1200	155	0	0	1080	127	0	0	840	99	420	90
787	740.0	126.9		121.3		600	164	0	0	720	130	0	0	660	105	240	85
788	940.0	104.9		102.1		540	132	60	101	960	113	120	97	960	86	180	88
789	1120.0	102.8		101.1		780	118	0	0	1140	110	180	87	1080	91	180	77
790	1160.0	114.6		111.9		900	140	0	0	1380	116	0	0	900	95	300	91
791	1000.0	120.4		116.5		840	148	0	0	1320	121	0	0	660	94	180	84
792	1180.0	113.8		109.2		1020	145	0	0	1140	114	120	88	1020	95	240	73
793	960.0	117.2		112.7		840	151	0	0	780	117	60	90	900	97	300	89
794	980.0	117.2		113.6		900	142	0	0	1020	119	60	88	600	99	360	85
795	860.0	118.3		114.2		780	146	0	0	1080	118	120	91	300	91	300	86
796	960.0	113.1		109.1		600	147	0	0	1140	118	60	107	840	90	240	87
797	1260.0	121.4		116.5		1140	155	0	0	1500	117	0	0	720	99	420	84
798	1020.0	119.3		115.0		1020	147	0	0	1020	119	0	0	840	92	180	92
799	940.0	108.0		104.4		420	146	0	0	960	119	60	94	960	91	420	86
800	1000.0	116.1		110.0		780	156	0	0	1140	117	0	0	720	89	360	81
801	1040.0	111.6		109.6		300	150	0	0	1260	118	120	103	1140	101	300	90
802	1020.0	114.1		111.5		660	139	0	0	1080	121	0	0	1200	97	120	86
803	860.0	127.0		121.7		840	160	0	0	960	124	0	0	600	98	180	86
804	960.0	115.3		110.9		780	144	0	0	1080	120	0	0	840	90	180	81
805	760.0	118.1		113.0		420	154	0	0	1080	125	0	0	300	99	480	83
806	1180.0	116.0		112.6		1140	141	0	0	1260	113	120	91	600	103	420	83
807	960.0	118.4		113.7		900	154	0	0	1080	107	0	0	600	101	300	87
808	1040.0	111.7		108.7		840	140	0	0	1200	109	60	101	780	94	240	86
809	940.0	111.2		108.9		720	134	0	0	1200	112	60	90	660	93	180	88
810	1020.0	101.7		98.8		720	130	0	0	1020	103	180	96	840	83	300	85
811	1100.0	110.6		107.5		1020	137	0	0	1380	106	0	0	780	88	120	87
812	880.0	113.6		106.5		900	148	60	113	720	114	0	0	600	81	360	81
813	780.0	112.1		109.8		660	131	0	0	1020	114	0	0	240	98	420	86
814	980.0	110.4		107.1		840	136	0	0	1020	112	60	90	780	90	240	85
815	1120.0	107.3		104.9		840	133	0	0	1140	108	60	91	1080	91	240	91
816	880.0	107.3		102.2		720	143	0	0	720	110	240	89	780	82	180	88
817	920.0	114.7		112.1		960	136	0	0	840	113	0	0	720	98	240	86
818	880.0	107.6		105.8		420	137	0	0	1320	108	0	0	720	94	180	90
819	1260.0	111.8		109.7		1140	126	0	0	1560	117	60	97	660	89	360	89
820	940.0	105.6		102.8		720	134	0	0	1020	104	120	93	660	88	300	87
821	1140.0	116.9		112.2		1380	144	0	0	1020	108	0	0	600	92	420	85
822	1020.0	113.0		109.6		1020	137	0	0	1020	110	120	87	480	101	420	83
823	1040.0	116.4		111.4		720	155	0	0	1140	120	0	0	900	93	360	86
824	1260.0	105.3		102.7		960	129	0	0	1140	110	180	88	960	90	540	86
825	1020.0	115.4		111.2		960	144	0	0	960	116	120	86	600	93	420	89
826	1060.0	110.6		106.9		660	142	0	0	1200	117	60	89	720	93	540	84
827	1080.0	121.7		118.2		780	151	0	0	1500	123	0	0	780	98	180	86
828	1020.0	115.2		110.6		840	148	0	0	1080	116	60	87	660	96	420	82
829	1020.0	125.9		121.3		660	160	0	0	1380	129	0	0	600	110	420	85
830	1140.0	115.5		111.1		1200	145	0	0	840	112	60	91	900	94	420	88
831	900.0	121.5		118.5		600	147	0	0	1020	124	60	107	660	115	360	86
832	980.0	108.8		105.7		480	146	0	0	1320	112	0	0	900	91	240	84
833	720.0	117.0		112.3		420	150	0	0	840	128	0	0	540	95	360	86
834	940.0	118.1		115.3		540	147	0	0	1260	122	0	0	840	101	180	84
835	920.0	123.0		119.3		840	150	0	0	960	124	0	0	720	102	240	88
836	960.0	110.1		106.0		660	144	0	0	900	115	120	84	960	93	240	80
837	840.0	117.0		114.5		600	145	0	0	900	117	0	0	720	104	300	92
838	1020.0	98.6		94.4		960	125	0	0	780	102	0	0	900	77	420	78
839	1000.0	103.0		99.1		600	142	0	0	1200	103	0	0	600	86	600	81
840	800.0	104.1		102.1		540	126	0	0	1020	106	120	95	420	89	300	83
841	1020.0	98.9		97.4		900	114	0	0	1200	100	0	0	540	87	420	79
842	1020.0	89.9		89.0		780	101	0	0	1200	92	120	91	540	79	420	77
843	1120.0	93.5		91.6		1020	110	60	112	1320	92	60	90	420	77	480	75
844	940.0	99.1		97.5		600	119	0	0	1380	100	0	0	600	84	240	82
845	920.0	99.8		98.6		660	116	0	0	1080	101	120	94	480	92	420	82
846	860.0	110.1		108.1		720	122	0	0	1020	118	0	0	540	92	300	87
847	920.0	104.0		101.5		480	129	0	0	1020	113	60	88	780	89	420	84
848	1040.0	106.8		104.7		840	125	0	0	1140	109	60	86	720	97	360	80
849	1200.0	100.5		99.1		960	117	0	0	1320	101	60	94	840	91	420	81
850	900.0	101.0		99.6		480	120	0	0	960	107	120	91	660	92	480	85
851	1060.0	108.4		106.0		840	132	0	0	1080	110	0	0	1020	92	240	88
852	720.0	105.4		104.2		180	122	0	0	660	116	60	105	960	101	300	86
853	960.0	101.2		99.7		480	124	0	0	1200	104	60	92	900	91	240	82
854	1040.0	100.3		98.3		600	120	0	0	1260	106	0	0	660	92	600	78
855	1120.0	105.4		103.6		900	123	0	0	1380	108	60	88	480	88	540	87
856	1180.0	107.6		105.6		960	123	0	0	1440	112	60	112	480	91	600	85
857	940.0	105.8		102.1		780	133	0	0	960	109	60	90	660	83	360	83
858	1360.0	102.4		101.2		1200	117	0	0	1440	103	60	92	720	93	660	86
859	1060.0	106.4		104.1		720	130	0	0	1200	109	60	105	840	93	360	82
860	1120.0	96.9		95.2		840	113	0	0	1320	101	0	0	720	82	480	80
861	1100.0	109.2		107.3		780	126	0	0	1260	116	60	92	960	93	240	88
862	980.0	103.7		102.2		780	118	0	0	1080	108	0	0	600	93	480	84
863	1060.0	101.7		99.4		840	123	0	0	1200	101	60	80	540	95	540	79
864	1080.0	104.7		101.7		840	130	0	0	900	110	60	95	960	89	480	83
865	940.0	104.8		102.4		540	130	0	0	960	112	60	103	660	92	600	85
866	1220.0	105.8		103.1		1080	127	0	0	1380	107	120	103	540	83	540	84
867	1560.0	98.8		96.7		1260	116	0	0	1440	104	120	109	1320	83	540	81
868	1220.0	101.4		98.8		840	124	60	119	1560	103	120	94	300	90	780	78
869	660.0	97.8		96.4		240	118	0	0	720	105	0	0	600	92	420	82
870	980.0	101.4		99.3		600	121	60	105	1200	107	0	0	360	88	720	82
871	1180.0	94.0		92.3		420	116	0	0	1440	101	120	91	960	86	600	75
872	1380.0	100.8		98.8		1080	118	0	0	1680	104	120	98	360	82	900	82
873	1120.0	97.2		95.9		480	111	60	114	1380	104	0	0	780	89	660	81
874	1180.0	98.6		96.4		660	123	0	0	1560	102	120	85	600	82	600	82
875	1140.0	102.9		100.6		780	126	0	0	1140	108	0	0	1020	88	480	85
876	1020.0	103.4		101.0		720	126	0	0	840	109	60	87	780	96	660	82
877	880.0	107.6		106.3		480	125	0	0	1020	112	0	0	840	100	300	86
878	1060.0	104.2		102.9		360	132	0	0	1500	107	0	0	1020	95	300	88
879	980.0	106.2		103.9		420	137	0	0	1200	112	60	80	900	93	360	88
880	1100.0	102.4		100.1		600	122	0	0	1320	111	0	0	780	90	600	80
881	1100.0	109.5		107.5		600	132	0	0	1380	115	60	89	900	97	360	86
882	1080.0	107.5		105.4		540	135	0	0	1380	110	0	0	900	98	420	84
883	960.0	108.4		105.5		540	140	0	0	960	114	60	87	1200	94	120	77
884	760.0	118.3		116.2		180	157	0	0	1200	124	0	0	600	109	300	91
885	900.0	117.6		114.0		480	153	0	0	1260	120	60	91	720	102	180	77
886	1180.0	114.4		111.6		540	145	0	0	1560	121	60	86	1020	99	360	88
887	1260.0	111.2		107.7		720	141	0	0	1320	122	120	95	1440	91	180	86
888	820.0	119.4		114.6		660	148	0	0	900	127	60	92	540	94	300	85
889	1040.0	112.9		109.8		960	136	0	0	960	116	60	90	900	93	240	88
890	920.0	117.0		114.1		600	144	0	0	1020	123	60	101	900	99	180	88
891	940.0	107.1		104.8		480	137	0	0	1080	112	0	0	1140	92	120	87
892	980.0	113.7		108.3		720	151	0	0	960	119	60	107	780	91	420	81
893	1080.0	115.6		111.6		720	152	0	0	960	120	60	92	1260	99	240	82
894	620.0	119.0		116.1		120	169	0	0	900	129	60	104	660	103	120	89
895	920.0	101.0		98.5		180	119	60	107	1200	116	120	87	1080	85	120	79
896	800.0	115.2		112.8		420	145	0	0	1140	118	0	0	720	98	120	88
897	1160.0	111.7		107.9		780	142	60	103	1140	120	60	90	1080	91	360	87
898	1120.0	111.8		108.1		960	132	0	0	1080	123	180	85	660	91	480	85
899	780.0	120.3		116.4		600	155	0	0	600	121	0	0	900	105	240	89
900	740.0	115.3		111.7		600	146	0	0	720	114	60	106	480	102	360	86
901	1000.0	108.3		104.5		780	139	0	0	720	112	360	85	780	97	360	82
902	800.0	113.0		109.8		480	139	0	0	1080	119	0	0	480	96	360	83
903	1000.0	115.5		111.1		900	146	0	0	1020	115	60	91	840	92	180	83
904	740.0	114.4		112.4		240	139	0	0	1020	123	0	0	780	102	180	86
905	1280.0	119.8		116.8		840	148	0	0	1620	123	0	0	1020	103	360	87
906	780.0	115.3		112.8		180	143	0	0	1200	125	0	0	720	103	240	83
907	860.0	112.6		109.3		420	148	0	0	720	122	120	102	960	102	360	84
908	840.0	108.7		105.4		360	153	0	0	1020	112	0	0	660	96	480	86
909	1040.0	109.4		104.9		720	148	0	0	1020	110	120	95	900	91	360	81
910	1200.0	113.2		107.6		1140	144	0	0	1320	113	120	95	540	82	480	80
911	1100.0	113.5		110.7		1080	136	0	0	1320	110	0	0	600	96	300	83
912	1160.0	112.6		107.7		1140	142	0	0	1080	113	300	92	540	86	420	81
913	940.0	110.2		107.6		300	154	0	0	1440	113	60	99	840	97	180	80
914	760.0	120.3		115.7		540	155	0	0	780	126	60	98	660	100	240	85
915	1040.0	116.7		113.0		660	150	0	0	1260	121	0	0	900	97	300	85
916	1040.0	112.1		108.1		660	151	0	0	1020	114	60	92	960	97	420	84
917	1040.0	117.3		113.1		840	147	0	0	1020	123	120	97	1020	93	120	87
918	1020.0	108.1		104.1		600	144	0	0	840	117	120	87	1020	95	480	81
919	920.0	115.8		112.5		720	149	0	0	960	112	0	0	1080	97	0	0
920	1080.0	114.8		111.3		720	144	0	0	1380	119	0	0	720	93	420	88
921	1280.0	114.8		110.1		960	151	0	0	1440	116	0	0	840	92	600	86
922	920.0	114.2		111.3		420	139	0	0	1200	125	0	0	1080	94	60	87
923	800.0	120.5		115.9		660	148	0	0	1020	123	0	0	420	101	300	79
924	1200.0	112.2		107.4		960	149	0	0	1380	110	60	92	540	87	660	86
925	1240.0	110.1		107.2		780	140	0	0	1140	115	120	90	1380	97	300	82
926	1200.0	108.9		105.7		900	138	0	0	1560	108	120	91	600	90	420	82
927	860.0	112.4		109.3		360	157	0	0	1080	116	0	0	1080	95	60	95
928	740.0	116.1		112.1		240	151	0	0	900	132	0	0	600	100	480	89
929	1100.0	105.1		101.5		540	137	0	0	1080	118	120	94	1500	86	60	86
930	1140.0	118.6		115.1		900	150	0	0	1020	119	0	0	1200	102	300	89
931	960.0	117.5		113.6		720	145	0	0	1200	122	0	0	720	94	240	83
932	960.0	115.9		110.0		600	160	0	0	840	126	60	100	900	94	480	86
933	1060.0	110.6		108.1		540	137	0	0	1320	117	120	84	1080	96	120	79
934	960.0	118.0		113.7		600	155	0	0	1020	122	60	86	900	103	300	82
935	820.0	113.9		112.5		420	141	0	0	1080	114	0	0	960	102	0	0
936	800.0	114.0		110.8		360	155	0	0	780	121	60	98	840	101	360	91
937	900.0	122.8		119.2		660	156	0	0	1080	122	60	105	720	104	180	87
938	980.0	114.1		110.5		480	157	0	0	1020	119	0	0	1140	98	300	90
939	960.0	119.0		115.7		720	149	0	0	1200	119	0	0	780	99	180	86
940	1260.0	108.5		104.5		900	144	0	0	1380	108	60	89	1080	89	360	83
941	1040.0	117.1		114.3		780	141	0	0	1320	120	0	0	720	97	300	90
942	960.0	119.7		114.6		900	153	0	0	960	116	60	84	660	100	300	82
943	980.0	112.7		109.4		540	148	0	0	1080	118	120	99	1080	94	120	87
944	1120.0	105.9		102.0		600	141	0	0	1440	111	60	85	1020	87	240	73
945	1340.0	103.0		100.9		960	126	0	0	1440	105	120	86	840	89	660	86
946	1060.0	111.1		107.4		600	149	0	0	1200	115	0	0	1200	92	180	86
947	940.0	108.2		105.7		540	139	0	0	1140	109	0	0	780	97	360	84
948	580.0	109.9		106.4		120	164	0	0	540	128	0	0	960	96	120	86
949	660.0	106.6		104.9		300	125	0	0	840	111	0	0	720	100	120	70
950	1040.0	101.8		98.6		780	128	0	0	1020	106	180	81	780	82	360	86
951	1060.0	100.1		99.2		480	118	60	109	1560	101	120	94	780	92	180	80
952	1060.0	99.8		97.5		600	119	0	0	1380	107	0	0	720	83	480	80
953	1040.0	105.0		102.6		600	128	0	0	1260	112	0	0	960	87	300	87
954	600.0	116.7		115.4		240	138	0	0	780	123	0	0	720	105	60	91
955	900.0	100.0		98.1		300	129	0	0	1080	108	60	90	720	88	540	85
956	680.0	102.0		100.6		60	129	60	95	1080	110	0	0	660	94	180	77
957	760.0	98.2		97.2		120	120	0	0	780	109	120	91	1140	91	120	82
958	980.0	101.2		98.6		660	127	0	0	1020	105	120	82	960	84	180	89
959	1000.0	100.7		99.2		600	123	0	0	1140	103	60	94	720	89	480	86
960	980.0	102.7		99.8		780	131	0	0	1260	99	60	87	660	83	180	84
961	760.0	102.6		101.0		360	126	0	0	1440	103	0	0	240	90	240	78
962	1080.0	99.3		98.0		600	121	60	100	1200	101	0	0	1260	89	120	82
963	1060.0	97.8		96.5		360	115	0	0	1320	106	0	0	1260	88	240	79
964	740.0	94.3		92.9		120	123	0	0	900	104	60	88	780	83	360	86
965	1280.0	100.0		98.1		900	121	0	0	1500	102	0	0	1020	85	420	84
966	1000.0	104.8		102.7		720	129	0	0	1080	105	120	93	900	91	180	83
967	980.0	102.6		100.8		300	136	0	0	1380	108	0	0	1140	89	120	87
968	1360.0	99.5		97.6		1020	122	0	0	1500	98	0	0	1380	86	180	87
969	1460.0	97.9		97.1		1200	113	0	0	1620	95	0	0	1380	90	180	85
970	1160.0	104.1		101.5		720	130	0	0	1140	111	0	0	1380	88	240	86
971	1020.0	99.0		96.9		360	127	60	119	1260	106	120	88	1080	85	180	79
972	1120.0	103.5		101.5		660	130	0	0	1380	105	0	0	1080	89	240	87
973	1460.0	98.8		97.1		1020	120	0	0	1620	100	0	0	1560	86	180	80
974	1260.0	100.6		98.5		540	128	60	103	1380	108	60	94	1560	86	180	90
975	1020.0	110.3		108.6		720	132	0	0	1080	112	0	0	1080	97	180	93
976	1220.0	104.4		102.6		540	133	0	0	1740	107	0	0	1080	91	300	86
977	1140.0	103.8		101.2		840	128	0	0	1140	107	60	106	1200	87	180	81
978	1160.0	107.9		105.0		720	142	0	0	1440	107	120	92	900	92	300	85
979	1160.0	111.7		108.5		1020	134	0	0	1260	116	0	0	900	89	300	86
980	860.0	108.0		105.8		360	136	0	0	900	118	120	102	1020	94	180	86
981	1140.0	116.1		114.0		840	138	0	0	1200	121	0	0	1320	99	60	90
982	1200.0	110.4		107.3		900	138	0	0	1380	112	0	0	1140	91	180	83
983	1440.0	98.4		95.7		1260	120	0	0	1440	100	180	81	1020	80	420	80
984	1260.0	97.1		94.8		720	124	0	0	1380	101	120	93	1200	83	360	77
985	1120.0	98.1		95.5		420	137	0	0	1380	103	0	0	1080	83	480	84
986	1120.0	98.4		96.3		540	126	0	0	1080	105	60	91	1380	85	300	88
987	1240.0	103.7		102.1		600	127	0	0	1380	109	60	96	1320	93	360	85
988	1160.0	107.3		105.8		420	129	0	0	1440	115	60	88	1380	96	180	88
989	1520.0	98.7		96.4		1140	121	0	0	1500	100	120	84	1380	88	420	73
990	1240.0	105.7		103.8		1140	126	0	0	1380	103	60	91	1020	90	120	85
991	1460.0	103.9		101.2		1380	128	0	0	1380	100	60	91	1020	88	540	84
992	1260.0	103.8		100.5		900	132	0	0	1440	106	120	87	960	87	360	75
993	1360.0	107.5		104.4		1080	136	0	0	1440	106	120	83	1140	92	300	81
994	1440.0	102.3		99.9		1080	128	0	0	1380	103	180	91	1380	87	300	84
995	1140.0	111.7		107.0		900	149	0	0	960	112	0	0	1440	90	120	89
996	1080.0	115.7		112.6		720	144	0	0	1200	121	0	0	900	99	420	88
997	1380.0	108.4		106.3		1200	127	0	0	1140	114	180	90	1440	94	180	82
998	1440.0	105.9		102.6		1200	134	0	0	1320	106	120	95	1260	87	420	85
999	980.0	103.3		102.1		360	129	0	0	1200	107	120	98	1020	94	240	88
1000	1120.0	105.3		101.9		660	138	0	0	1020	113	120	89	1260	89	300	82
1001	1100.0	112.1		109.1		900	138	0	0	1020	115	120	98	960	94	300	88
1002	1440.0	111.3		107.3		1200	142	0	0	1740	110	0	0	900	88	480	83
1003	1080.0	113.1		109.4		1020	141	0	0	720	113	0	0	1140	98	360	82
1004	1020.0	118.4		115.1		720	152	0	0	1140	118	0	0	1080	100	120	87
1005	1020.0	117.7		112.8		660	160	0	0	1140	120	0	0	1080	95	180	84
1006	1120.0	117.7		111.8		1080	149	0	0	1080	120	60	119	720	85	420	87
1007	1080.0	113.4		109.4		780	146	0	0	1020	118	60	85	1020	96	360	84
1008	1360.0	110.7		108.4		1080	135	0	0	1200	111	60	88	1500	98	240	85
1009	1440.0	105.2		101.7		780	146	0	0	2160	103	0	0	960	88	420	80
1010	1040.0	109.5		106.5		480	145	0	0	1560	112	0	0	900	93	180	76
1011	1260.0	107.9		103.9		780	143	0	0	1140	115	120	87	1200	92	540	82
1012	1200.0	112.0		105.7		840	160	0	0	1260	111	60	92	1080	86	360	85
1013	1380.0	116.5		113.3		1020	148	0	0	1560	116	0	0	1440	97	120	88
1014	1260.0	109.4		104.9		1080	144	0	0	1020	107	0	0	1380	90	300	82
1015	1100.0	112.3		108.7		780	142	0	0	1140	118	60	93	1140	92	180	83
1016	1120.0	113.8		110.3		900	141	0	0	1320	116	60	82	900	91	180	87
1017	1120.0	108.8		105.7		720	138	0	0	1380	112	0	0	780	92	480	83
1018	1040.0	113.9		111.2		660	139	0	0	1200	120	0	0	1140	96	120	84
1019	1060.0	109.2		105.6		660	144	0	0	780	117	180	93	1200	95	360	84
1020	1160.0	118.6		113.1		900	159	0	0	1260	118	60	92	960	93	300	87
1021	1040.0	120.4		116.9		900	150	0	0	1080	119	0	0	1020	100	120	85
1022	1240.0	116.6		113.1		960	146	0	0	1440	117	60	109	900	98	360	84
1023	1260.0	121.5		117.1		1140	154	0	0	1200	120	0	0	1080	100	360	88
1024	800.0	117.2		114.0		360	163	0	0	780	121	0	0	1140	103	120	90
1025	1000.0	109.9		106.5		540	145	0	0	900	119	60	90	1140	94	360	88
1026	1220.0	113.0		109.8		780	142	0	0	1380	118	60	97	1080	97	360	82
1027	1160.0	112.3		108.3		900	143	0	0	1080	117	120	89	1020	93	360	84
1028	1140.0	112.6		108.7		1080	138	0	0	1260	113	60	113	900	85	120	88
1029	1220.0	115.8		112.9		780	146	0	0	1560	118	0	0	1020	96	300	93
1030	720.0	114.9		110.9		240	172	0	0	720	123	0	0	960	102	240	85
1031	1440.0	114.1		108.3		1440	144	0	0	1380	116	180	79	1080	86	240	76
1032	1100.0	115.1		110.8		780	151	0	0	1020	118	0	0	1080	98	420	85
1033	1380.0	114.5		111.6		1020	140	0	0	1620	118	60	88	1200	95	240	87
1034	1480.0	111.1		106.8		1440	141	0	0	1320	108	60	91	1320	89	300	82
1035	1300.0	117.4		113.9		1080	146	0	0	1320	118	0	0	1260	99	240	82
1036	1300.0	118.3		114.7		1140	149	0	0	1380	114	120	87	1140	100	120	82
1037	1280.0	106.7		104.8		600	130	0	0	1560	114	60	88	1380	93	240	85
1038	1220.0	111.9		107.9		960	139	0	0	1380	117	60	89	1080	87	180	85
1039	1460.0	108.1		104.4		960	141	0	0	1740	111	0	0	1260	87	420	84
1040	1500.0	105.6		102.4		780	137	0	0	1980	111	0	0	1260	85	480	86
1041	1000.0	112.4		109.5		660	137	0	0	1080	120	60	104	1020	94	180	84
1042	1380.0	108.8		106.8		600	141	0	0	1860	111	0	0	1320	97	360	87
1043	1460.0	114.1		112.5		1260	125	0	0	1740	121	0	0	1260	96	120	90
1044	1340.0	112.9		109.0		960	147	0	0	1440	114	0	0	1200	94	420	85
1045	1780.0	111.9		107.7		1560	142	0	0	2160	110	60	89	1200	85	360	86
1046	1380.0	110.2		108.1		1140	134	60	97	1380	107	120	91	1140	99	300	87
1047	1340.0	109.0		106.9		660	142	0	0	1740	110	60	86	1260	96	300	90
1048	1220.0	113.7		110.5		900	141	0	0	1440	117	0	0	1140	92	180	88
1049	1580.0	111.3		108.3		1140	138	0	0	1560	117	60	92	1740	92	240	92
1050	1100.0	104.9		103.6		360	119	0	0	1440	114	0	0	1320	94	180	83
1051	1320.0	114.0		111.0		840	140	0	0	1620	120	0	0	1200	95	300	85
1052	1360.0	110.6		108.8		480	139	0	0	2040	116	0	0	1500	95	60	88
1053	880.0	113.9		111.8		480	138	0	0	1080	120	0	0	900	99	180	88
1054	1260.0	107.1		104.0		840	128	0	0	1440	117	180	90	1080	86	240	82
1055	1360.0	113.9		111.0		1080	138	0	0	1440	118	60	100	1140	95	360	87
1056	1240.0	115.0		111.3		900	148	0	0	1440	116	0	0	1020	94	360	88
1057	780.0	120.1		117.1		480	144	0	0	1020	127	0	0	600	103	240	86
1058	900.0	106.3		103.9		480	135	0	0	1140	110	60	106	840	88	180	92
1059	1120.0	108.8		107.1		900	129	0	0	960	110	180	90	1260	97	60	88
1060	1140.0	110.3		107.0		960	135	0	0	1020	115	120	91	960	94	360	81
1061	1240.0	115.2		110.6		900	149	0	0	1380	119	120	111	1080	89	240	86
1062	1280.0	120.4		117.0		840	150	0	0	1560	126	0	0	1320	98	120	87
1063	1140.0	116.8		112.2		960	148	0	0	1500	116	0	0	540	86	420	88
1064	1080.0	121.3		117.5		840	158	0	0	1020	115	0	0	1200	106	180	87
1065	1080.0	122.0		120.0		780	145	0	0	1320	122	0	0	960	110	180	87
1066	1060.0	123.0		120.3		540	157	0	0	1560	125	0	0	960	105	120	88
1067	1060.0	120.3		116.4		1140	145	0	0	1140	118	0	0	540	93	360	90
1068	1360.0	104.6		102.5		840	127	0	0	1560	110	0	0	1320	90	360	83
1069	1380.0	110.4		108.3		1200	131	0	0	1320	112	60	82	1320	95	240	91
1070	1020.0	117.7		114.7		720	141	0	0	1080	125	120	85	1020	102	120	79
1071	1080.0	113.8		110.2		840	146	0	0	1020	115	120	98	1140	93	120	92
1072	1160.0	111.2		108.7		840	139	0	0	1440	110	60	85	900	94	240	92
1073	1180.0	109.7		107.7		840	131	0	0	1260	114	0	0	1080	95	360	89
1074	1260.0	114.8		110.3		960	149	0	0	1500	116	0	0	1080	89	240	87
1075	1040.0	117.8		115.2		660	148	0	0	1320	119	0	0	1020	99	120	97
1076	1400.0	109.6		106.7		1200	136	0	0	1440	107	60	86	1200	95	300	80
1077	1160.0	119.7		116.6		780	145	0	0	1560	125	0	0	960	96	180	91
1078	1120.0	117.5		114.5		540	153	0	0	1380	123	0	0	1260	101	180	85
1079	1420.0	111.7		108.5		1140	138	0	0	1380	116	120	94	960	93	660	88
1080	1260.0	101.7		99.3		720	132	0	0	1080	106	180	88	1440	90	360	82
1081	1120.0	111.1		108.7		480	141	0	0	1440	117	0	0	1020	99	420	86
1082	1320.0	107.0		104.1		960	137	0	0	1140	108	120	85	1260	93	480	87
1083	960.0	109.0		105.6		780	138	0	0	840	111	60	87	1080	91	120	80
1084	1200.0	105.7		102.8		660	133	0	0	1320	112	0	0	900	96	720	81
1085	1100.0	114.9		112.6		780	140	0	0	1200	117	0	0	1140	100	180	87
1086	1080.0	112.9		109.4		780	139	0	0	1140	120	0	0	960	94	360	84
1087	1280.0	116.2		112.5		1020	144	0	0	1500	119	0	0	1020	93	300	86
1088	1200.0	114.0		110.2		780	151	0	0	1320	115	60	87	1260	96	180	82
1089	1100.0	105.0		101.1		540	148	0	0	1080	111	60	87	1380	88	240	83
1090	800.0	110.9		107.6		300	138	0	0	1080	120	0	0	900	97	120	65
1091	1140.0	109.6		106.6		840	136	0	0	1260	113	120	88	960	91	240	84
1092	1120.0	116.1		113.7		900	142	0	0	840	118	240	94	1380	102	0	0
1093	1320.0	114.0		111.8		960	139	0	0	1620	114	60	92	1140	98	180	89
1094	1140.0	114.9		111.7		960	142	0	0	1020	117	0	0	1260	97	180	84
1095	1060.0	110.3		106.5		480	154	0	0	1020	118	180	87	1200	96	300	85
1096	1180.0	110.1		106.6		720	144	0	0	1500	113	0	0	900	89	420	87
1097	1100.0	118.8		116.0		780	147	0	0	1500	119	0	0	840	99	180	88
1098	1100.0	114.2		112.1		600	141	0	0	1320	119	0	0	1380	98	0	0
1099	1480.0	107.5		105.5		840	131	0	0	1680	113	60	90	1440	95	420	84
1100	1060.0	111.0		107.9		660	138	0	0	1080	120	0	0	1140	94	300	84
1101	1420.0	108.3		105.1		900	144	0	0	1620	107	0	0	1500	92	240	85
1102	1080.0	116.8		113.1		1140	144	0	0	720	115	60	90	1140	96	180	93
1103	900.0	120.2		117.5		300	161	0	0	1020	130	60	90	1260	105	60	100
1104	1020.0	124.1		120.2		720	159	0	0	1080	127	0	0	1140	103	120	88
1105	1160.0	118.8		114.5		840	151	0	0	1200	124	60	87	900	102	480	85
1106	1040.0	117.1		113.3		780	153	0	0	1080	113	60	89	840	103	360	89
1107	1080.0	112.7		109.4		780	143	0	0	1260	114	60	93	1080	92	60	83
1108	1160.0	108.7		104.5		960	140	0	0	1200	108	120	87	600	93	600	80
1109	1380.0	108.5		102.7		1200	142	0	0	1080	115	180	90	1320	84	360	76
1110	980.0	103.0		100.4		420	140	0	0	1080	107	120	103	1020	89	300	84
1111	960.0	111.0		106.9		600	144	0	0	960	120	0	0	1020	91	300	84
1112	960.0	117.5		113.9		780	147	0	0	1140	117	0	0	720	96	240	88
1113	1040.0	109.7		106.3		420	147	0	0	1140	121	0	0	1260	93	300	85
1114	1060.0	113.7		111.1		720	139	0	0	1560	115	0	0	720	92	180	88
1115	1300.0	111.7		109.1		1080	136	0	0	1620	110	0	0	900	94	300	86
1116	1580.0	108.2		106.0		1320	130	0	0	1800	108	0	0	1020	92	600	88
1117	1400.0	115.3		111.2		1320	144	0	0	1620	112	0	0	900	93	360	81
1118	1220.0	117.5		112.9		1020	148	0	0	1320	121	0	0	1020	92	300	85
1119	880.0	124.6		122.2		480	159	0	0	1020	127	0	0	1140	108	0	0
1120	1000.0	120.2		117.9		600	152	0	0	1080	121	0	0	1320	105	0	0
1121	1160.0	114.0		109.9		840	148	0	0	1140	118	180	89	1080	94	240	85
1122	900.0	116.5		112.9		600	155	0	0	840	116	0	0	1200	99	60	87
1123	1120.0	110.7		107.2		900	136	0	0	1080	115	120	88	780	98	480	80
1124	1240.0	106.9		102.9		960	140	0	0	1140	108	120	88	1020	89	480	81
1125	980.0	110.8		107.3		660	140	0	0	1080	116	60	85	720	94	420	84
1126	1220.0	112.7		110.2		1260	131	0	0	1020	117	0	0	1020	95	360	87
1127	1080.0	119.6		116.7		720	149	0	0	1080	122	0	0	1140	108	300	85
1128	980.0	112.6		109.0		600	151	0	0	900	116	60	88	1200	96	180	87
1129	1000.0	116.0		112.7		660	150	0	0	960	119	0	0	1320	98	60	88
1130	1020.0	115.9		111.8		420	160	0	0	1260	124	0	0	900	100	480	86
1131	1060.0	112.3		107.7		360	169	0	0	1260	121	60	100	1140	95	360	82
1132	1160.0	118.8		116.4		1080	136	0	0	960	126	120	90	1140	105	180	84
1133	1160.0	112.2		108.9		960	143	0	0	1260	107	120	91	780	98	360	86
1134	980.0	122.6		118.3		840	154	0	0	1140	122	0	0	720	98	240	89
1135	1240.0	114.3		110.6		960	149	0	0	1320	111	0	0	1260	95	180	88
1136	1240.0	114.4		109.4		1140	148	0	0	1200	112	180	100	1020	88	180	82
1137	1000.0	118.6		114.6		1020	146	0	0	900	117	120	91	660	98	300	87
1138	1320.0	109.1		105.5		900	141	0	0	1200	115	180	88	1140	91	540	88
1139	1020.0	126.4		122.0		1080	155	0	0	900	123	60	85	840	105	180	86
1140	960.0	119.7		115.6		780	148	0	0	960	126	60	94	660	99	420	89
1141	920.0	108.2		106.3		540	132	0	0	900	112	120	87	900	100	300	87
1142	940.0	112.2		106.5		840	148	0	0	780	114	120	88	600	88	480	83
1143	1020.0	129.4		121.9		900	172	0	0	1080	129	0	0	720	99	360	85
1144	1020.0	121.3		115.5		780	162	0	0	1140	122	60	106	660	96	420	86
1145	900.0	113.2		111.0		480	140	0	0	1140	117	120	88	720	102	240	88
1146	920.0	118.5		111.9		600	168	0	0	900	123	0	0	720	96	540	86
1147	940.0	119.6		115.7		660	150	0	0	1080	125	0	0	780	99	300	87
1148	980.0	123.1		118.3		840	152	0	0	1080	128	60	91	540	101	420	86
1149	500.0	124.2		119.2		240	167	0	0	420	142	0	0	720	106	120	86
1150	900.0	122.1		117.6		420	168	0	0	1200	127	60	113	780	102	240	85
1151	860.0	129.3		127.6		540	150	0	0	960	135	0	0	1020	115	60	93
1152	700.0	118.5		115.6		300	161	0	0	900	121	0	0	840	103	60	84
1153	700.0	120.0		116.2		240	181	0	0	960	122	0	0	660	104	240	95
1154	880.0	110.9		107.0		300	162	0	0	960	120	60	86	900	98	420	85
1155	740.0	123.5		117.1		420	182	0	0	720	127	0	0	900	100	180	91
1156	920.0	117.1		111.5		840	151	0	0	900	118	60	94	600	91	360	83
1157	840.0	119.2		115.2		480	157	0	0	1140	123	0	0	720	94	180	95
1158	880.0	118.1		114.4		540	158	0	0	960	119	60	97	900	99	180	96
1159	900.0	115.1		110.3		600	158	0	0	720	119	60	90	1020	96	300	90
1160	1020.0	117.1		113.4		780	145	0	0	1260	120	60	93	720	95	240	83
1161	620.0	127.4		122.1		540	164	0	0	420	128	60	88	720	110	120	84
1162	960.0	125.5		121.7		660	166	0	0	960	121	0	0	1200	109	60	81
1163	700.0	118.7		116.0		60	189	0	0	960	132	0	0	960	104	120	94
1164	620.0	113.0		107.7		240	176	0	0	660	120	0	0	720	95	240	85
1165	660.0	119.7		116.4		0	0	0	0	900	141	0	0	960	104	120	86
1166	840.0	119.9		114.9		240	167	0	0	1200	134	0	0	960	94	120	91
1167	680.0	120.2		115.9		180	171	0	0	1020	131	0	0	600	100	240	87
1168	900.0	119.1		114.3		420	161	0	0	1320	126	60	97	720	93	180	83
1169	820.0	119.0		114.1		600	156	0	0	960	121	60	106	660	93	180	85
1170	1020.0	117.7		112.5		540	164	0	0	1080	126	0	0	1020	97	420	87
1171	820.0	124.0		118.6		660	162	0	0	840	125	60	92	720	100	180	86
1172	840.0	108.5		106.3		60	158	0	0	1260	120	0	0	600	100	600	88
1173	420.0	129.9		128.8		240	146	0	0	540	135	0	0	480	116	0	0
1174	780.0	117.8		114.2		360	157	0	0	840	126	60	88	900	103	180	85
1175	740.0	114.5		112.1		240	138	0	0	1020	124	0	0	600	106	360	86
1176	760.0	119.2		116.3		300	158	0	0	780	129	0	0	1140	104	60	87
1177	620.0	128.7		124.5		420	169	0	0	720	126	0	0	600	112	120	87
1178	760.0	110.7		106.3		480	150	0	0	840	109	120	94	480	103	360	78
1179	720.0	120.2		116.8		300	169	0	0	900	121	0	0	720	109	240	90
1180	760.0	125.2		120.1		660	163	0	0	600	122	0	0	780	107	240	88
1181	960.0	112.8		109.5		480	144	0	0	1380	118	60	103	540	95	420	84
1182	960.0	113.8		109.5		720	146	0	0	840	120	180	88	840	96	300	84
1183	900.0	108.8		105.6		300	147	0	0	1380	116	0	0	660	90	360	84
1184	580.0	111.8		108.3		240	144	0	0	420	132	120	90	780	101	180	83
1185	760.0	117.4		114.6		360	153	0	0	1020	121	0	0	720	102	180	88
1186	660.0	126.1		122.3		240	166	0	0	900	136	0	0	720	107	120	86
1187	760.0	120.7		116.4		420	166	0	0	720	125	120	96	780	106	240	89
1188	940.0	122.5		115.5		660	174	0	0	900	123	60	80	1020	98	180	84
1189	940.0	113.5		109.4		420	154	0	0	960	124	120	88	900	100	420	85
1190	1120.0	122.9		118.0		1200	150	0	0	1020	124	60	88	720	97	360	87
1191	840.0	122.1		117.1		660	155	0	0	960	126	0	0	540	99	360	86
1192	680.0	119.3		114.3		300	186	0	0	780	115	60	102	780	104	120	88
1193	720.0	113.2		109.9		180	167	0	0	960	121	60	88	540	104	420	88
1194	600.0	114.9		109.9		480	146	0	0	660	120	120	87	240	94	300	82
1195	660.0	117.8		114.1		360	152	0	0	720	126	60	88	660	102	180	85
1196	720.0	116.7		112.6		240	166	0	0	900	127	60	91	780	99	180	85
1197	820.0	109.0		105.7		480	146	0	0	720	113	60	102	900	94	300	87
1198	720.0	121.1		118.4		240	158	0	0	1020	128	60	96	720	107	120	86
1199	1220.0	113.4		111.1		840	138	0	0	1320	117	60	92	1260	98	180	87
1200	880.0	108.2		104.0		420	149	0	0	960	116	180	98	720	90	360	81
1201	700.0	109.9		106.3		240	155	0	0	780	120	60	107	720	95	300	84
1202	780.0	114.9		110.5		540	146	0	0	840	123	60	90	600	93	300	85
1203	680.0	119.6		116.3		480	153	0	0	720	119	0	0	660	105	180	87
1204	740.0	121.4		115.2		660	154	0	0	540	133	60	88	720	99	240	81
1205	560.0	114.2		109.6		120	178	0	0	660	130	0	0	660	96	240	89
1206	960.0	124.4		119.6		660	165	0	0	1020	127	0	0	1020	102	180	88
1207	860.0	121.5		115.7		540	173	0	0	900	122	60	102	720	98	360	93
1208	720.0	117.8		113.4		480	152	0	0	780	124	0	0	420	100	480	89
1209	520.0	113.5		109.5		360	150	0	0	240	121	60	89	540	105	360	89
1210	700.0	120.7		114.9		540	164	0	0	600	121	120	96	540	102	300	86
1211	620.0	127.5		122.2		480	161	0	0	720	132	0	0	420	106	240	85
1212	620.0	109.1		105.4		240	141	0	0	600	126	180	88	480	98	360	85
1213	600.0	125.6		123.8		240	165	0	0	720	126	0	0	840	114	0	0
1214	700.0	119.8		114.7		300	176	0	0	1020	123	0	0	480	97	300	89
1215	760.0	127.0		119.1		660	174	0	0	480	131	0	0	840	102	300	87
1216	740.0	114.5		111.7		420	149	0	0	840	116	0	0	720	100	240	92
1217	640.0	120.5		114.0		480	166	0	0	720	120	0	0	420	94	300	86
1218	720.0	121.9		115.2		540	173	0	0	540	118	0	0	840	102	240	85
1219	740.0	122.0		117.6		540	152	0	0	780	130	120	88	480	103	300	91
1220	620.0	121.6		116.4		360	167	0	0	540	129	0	0	660	106	300	88
1221	1000.0	121.7		115.2		600	174	0	0	1320	123	0	0	720	92	360	89
1222	400.0	114.7		109.6		180	166	0	0	300	129	60	83	540	99	120	88
1223	620.0	119.3		113.1		300	158	0	0	720	136	0	0	540	95	300	84
1224	760.0	120.9		114.9		780	156	0	0	420	122	120	86	660	100	300	88
1225	740.0	116.8		112.1		240	173	0	0	780	129	60	88	840	102	300	87
1226	660.0	107.7		102.3		240	156	0	0	600	127	120	88	240	98	780	84
1227	640.0	110.7		108.1		180	157	0	0	780	118	120	99	720	97	120	88
1228	380.0	122.2		116.8		120	181	0	0	420	138	0	0	420	103	180	91
1229	680.0	114.2		109.8		300	159	0	0	960	119	0	0	420	98	360	83
1230	520.0	111.0		106.0		180	179	0	0	360	122	0	0	900	97	120	81
1231	620.0	119.7		116.2		240	164	0	0	600	132	0	0	960	103	60	88
1232	760.0	125.9		119.9		660	159	0	0	900	129	0	0	300	100	420	86
1233	680.0	121.2		117.1		420	162	0	0	780	123	0	0	780	100	60	88
1234	800.0	127.0		120.4		660	170	0	0	900	125	0	0	420	103	420	88
1235	540.0	126.4		120.1		240	167	0	0	480	150	0	0	660	110	240	84
1236	520.0	123.2		119.0		240	168	0	0	540	133	0	0	660	105	120	90
1237	820.0	112.8		109.4		480	142	0	0	900	121	120	94	540	98	420	86
1238	440.0	127.8		124.7		240	162	0	0	420	133	0	0	540	117	120	90
1239	560.0	132.8		127.4		360	178	0	0	780	129	0	0	360	119	180	86
1240	540.0	116.2		113.3		180	157	0	0	840	122	0	0	540	97	60	85
1241	620.0	110.1		108.1		120	133	0	0	840	123	0	0	600	97	300	91
1242	440.0	122.9		119.0		120	154	0	0	600	137	0	0	420	110	180	85
1243	540.0	129.7		123.0		420	164	0	0	600	140	0	0	360	101	240	87
1244	420.0	125.2		120.5		240	164	0	0	480	132	60	88	300	112	180	90
1245	600.0	126.0		118.0		540	168	0	0	540	123	120	88	240	120	360	84
1246	820.0	119.7		115.4		540	158	0	0	1020	121	0	0	660	97	240	90
1247	420.0	122.5		119.6		120	160	0	0	600	128	60	105	300	120	180	89
1248	300.0	116.5		114.4		60	167	0	0	360	124	0	0	420	107	60	88
1249	740.0	111.5		107.4		360	153	0	0	900	118	60	84	300	95	600	88
1250	460.0	116.0		112.9		240	147	0	0	360	126	60	91	540	108	180	87
1251	480.0	116.3		112.3		240	157	0	0	300	134	0	0	780	101	120	90
1252	460.0	122.0		118.1		120	178	0	0	780	127	0	0	300	109	180	85
1253	560.0	117.8		111.9		420	159	0	0	480	123	120	91	420	97	240	85
1254	740.0	117.7		114.0		420	150	0	0	960	124	60	97	360	100	420	89
1255	460.0	120.4		114.8		300	159	0	0	360	134	0	0	420	105	300	87
1256	460.0	120.6		115.3		300	167	0	0	600	113	0	0	240	116	240	86
1257	480.0	127.7		122.6		300	162	0	0	480	139	0	0	480	111	180	85
1258	460.0	126.0		121.7		240	173	0	0	600	126	0	0	360	112	180	91
1259	400.0	123.0		115.3		60	133	0	0	600	151	60	88	120	103	360	87
1260	600.0	140.5		134.9		480	172	0	0	720	147	0	0	420	115	180	90
1261	480.0	139.8		132.1		180	200	0	0	720	151	0	0	360	113	180	88
1262	700.0	116.6		110.9		180	177	0	0	900	133	0	0	660	94	360	87
1263	500.0	118.8		115.6		120	132	0	0	660	136	0	0	540	106	180	85
1264	580.0	115.3		110.2		300	150	0	0	660	130	0	0	360	89	420	90
1265	640.0	127.1		120.2		600	166	0	0	420	133	60	85	660	103	180	86
1266	480.0	126.2		119.5		180	185	0	0	540	142	60	97	420	106	240	89
1267	620.0	118.2		113.2		300	159	0	0	660	130	0	0	360	108	540	88
1268	460.0	148.3		141.5		300	196	0	0	540	156	0	0	480	117	60	91
1269	440.0	132.9		122.8		300	186	0	0	540	141	0	0	180	95	300	88
1270	400.0	115.8		111.5		240	150	0	0	360	125	0	0	300	106	300	87
1271	640.0	117.1		110.9		360	162	0	0	660	129	0	0	600	93	300	85
1272	320.0	129.4		121.1		240	182	0	0	300	133	0	0	240	102	180	90
1273	480.0	133.6		128.1		300	176	0	0	600	136	0	0	360	117	180	88
1274	540.0	123.5		115.7		300	190	0	0	660	123	60	88	360	98	240	89
1275	360.0	121.4		119.5		60	139	0	0	600	131	0	0	360	109	60	83
1276	480.0	125.5		116.9		300	180	0	0	600	131	0	0	180	93	360	87
1277	660.0	124.2		121.8		120	164	0	0	660	138	60	112	960	117	180	90
1278	340.0	121.6		115.6		60	194	0	0	300	150	60	88	420	109	180	91
1279	500.0	113.4		107.5		240	170	0	0	480	120	60	86	240	103	480	87
1280	720.0	112.2		107.8		480	141	0	0	660	126	120	96	600	92	300	83
1281	620.0	124.6		117.2		420	178	0	0	540	130	120	88	660	100	120	86
1282	380.0	119.3		111.8		180	179	0	0	420	131	60	87	300	91	180	90
1283	680.0	124.9		119.2		480	167	0	0	720	126	0	0	540	108	300	85
1284	660.0	126.2		119.2		360	192	0	0	1020	121	0	0	300	102	300	89
1285	640.0	120.7		116.5		360	149	0	0	900	130	0	0	420	95	240	88
1286	760.0	120.2		114.2		420	163	0	0	780	134	180	88	420	99	480	91
1287	540.0	130.6		128.9		240	155	0	0	720	135	0	0	600	120	60	87
1288	700.0	114.9		110.7		540	146	0	0	540	123	60	89	420	103	540	88
1289	560.0	122.0		118.0		300	161	0	0	900	122	0	0	120	120	360	90
1290	580.0	119.4		115.7		180	157	0	0	780	131	0	0	480	106	300	88
1291	440.0	118.8		111.7		240	174	0	0	240	139	0	0	480	105	360	87
1292	460.0	120.1		116.1		240	156	0	0	540	129	0	0	360	103	240	90
1293	620.0	141.5		133.9		540	192	0	0	780	130	0	0	420	113	120	88
1294	340.0	126.2		121.1		180	162	0	0	480	135	0	0	240	103	120	84
1295	520.0	118.4		112.8		300	161	0	0	540	129	0	0	480	95	240	88
1296	440.0	110.5		107.6		360	135	0	0	480	113	0	0	120	95	360	88
1297	580.0	108.9		105.2		300	138	0	0	660	120	180	88	180	96	420	85
1298	440.0	132.1		126.6		300	184	0	0	300	129	0	0	660	114	60	88
1299	480.0	118.0		112.4		180	168	0	0	420	139	0	0	660	100	180	85
1300	380.0	119.8		116.0		120	139	0	0	360	145	60	85	480	108	120	90
1301	580.0	114.6		107.9		300	173	0	0	540	123	60	92	360	94	480	87
1302	380.0	116.5		112.1		120	175	0	0	360	126	0	0	480	107	180	84
1303	420.0	130.4		126.8		60	194	0	0	480	150	0	0	720	112	0	0
1304	400.0	136.2		133.2		180	184	0	0	600	136	0	0	420	116	0	0
1305	500.0	116.8		111.8		300	157	0	0	480	123	60	91	300	109	360	86
1306	460.0	138.0		133.1		180	188	0	0	600	148	0	0	540	116	60	86
1307	380.0	124.8		118.8		300	170	0	0	300	123	0	0	360	106	180	90
1308	440.0	123.8		117.0		300	169	0	0	480	128	60	111	60	120	420	89
1309	620.0	138.3		132.9		540	182	0	0	540	131	0	0	780	113	0	0
1310	440.0	114.8		111.5		60	167	0	0	660	128	0	0	300	97	300	93
1311	540.0	111.2		107.6		300	141	0	0	660	120	60	91	120	91	480	88
1312	440.0	127.1		120.1		300	179	0	0	300	135	0	0	540	107	180	88
1313	580.0	111.3		107.4		180	167	0	0	720	119	60	87	540	96	240	87
1314	480.0	122.7		115.5		360	163	0	0	540	130	60	92	180	90	300	87
1315	500.0	108.0		105.1		120	160	0	0	600	117	0	0	360	98	420	89
1316	280.0	125.7		115.1		180	180	60	87	300	132	60	81	120	121	120	75
1317	480.0	127.3		119.3		360	183	0	0	420	124	0	0	420	106	240	87
1318	680.0	125.3		118.6		420	175	0	0	780	130	0	0	480	102	360	88
1319	480.0	118.8		115.1		240	152	0	0	600	120	0	0	240	127	360	89
1320	440.0	119.1		112.8		360	161	0	0	360	121	60	90	300	98	240	87
1321	480.0	121.9		116.9		180	165	0	0	540	138	0	0	480	104	240	89
1322	400.0	119.9		116.3		60	163	0	0	600	134	0	0	360	105	180	88
1323	560.0	118.9		115.4		240	160	0	0	720	124	0	0	480	106	240	88
1324	440.0	120.1		114.4		120	161	0	0	600	139	60	92	240	101	300	87
1325	500.0	111.5		107.8		180	139	0	0	660	126	0	0	300	90	360	89
1326	380.0	118.4		112.0		180	157	0	0	300	147	0	0	420	100	240	86
1327	300.0	135.5		128.9		120	202	0	0	360	143	0	0	360	115	60	81
1328	460.0	112.6		105.2		180	171	0	0	540	127	60	86	120	72	480	88
1329	500.0	120.3		114.2		300	168	0	0	600	122	60	90	180	114	360	86
1330	580.0	120.0		115.3		300	165	0	0	600	126	0	0	600	106	240	84
1331	520.0	119.2		114.8		180	157	0	0	660	131	0	0	360	112	360	86
1332	580.0	115.7		111.8		420	145	0	0	480	126	60	92	480	100	300	88
1333	320.0	124.9		119.8		180	170	0	0	240	138	60	94	300	111	180	96
1334	440.0	119.6		116.3		240	152	0	0	600	125	0	0	420	98	60	88
1335	380.0	130.6		124.7		240	167	0	0	480	137	60	83	240	116	120	85
1336	520.0	125.1		118.9		420	155	0	0	540	137	60	88	180	106	360	88
1337	520.0	118.5		114.9		180	155	0	0	660	130	0	0	420	106	300	89
1338	440.0	128.0		119.2		300	178	0	0	480	137	0	0	300	97	240	86
1339	560.0	103.4		96.8		360	145	0	0	480	116	0	0	360	75	480	81
1340	300.0	140.1		130.0		180	203	0	0	300	149	0	0	240	120	180	89
1341	440.0	120.2		114.0		360	163	0	0	360	116	0	0	300	108	300	86
1342	440.0	131.5		124.4		300	183	0	0	540	132	60	118	300	97	120	94
1343	380.0	124.5		118.8		240	178	0	0	240	119	0	0	540	112	120	85
1344	540.0	106.5		103.8		120	162	0	0	480	118	0	0	840	96	180	88
1345	480.0	122.4		119.3		240	157	0	0	420	124	0	0	600	118	180	87
1346	320.0	126.3		121.9		120	160	0	0	480	135	0	0	180	120	180	87
1347	360.0	115.0		111.1		60	180	0	0	480	129	0	0	480	96	60	90
1348	380.0	107.2		102.3		300	148	0	0	240	102	60	93	300	87	240	90
1349	320.0	98.4		95.5		60	158	0	0	480	105	0	0	300	81	120	86
1350	420.0	117.3		112.3		180	151	0	0	540	130	60	106	60	125	420	87
1351	340.0	117.5		116.1		120	124	0	0	420	131	0	0	480	104	0	0
1352	500.0	120.0		112.4		360	167	0	0	480	121	60	92	240	113	360	81
1353	420.0	117.3		112.6		180	167	0	0	540	123	60	95	300	101	180	85
1354	340.0	121.7		117.2		120	164	0	0	480	133	0	0	300	101	120	86
1355	300.0	117.9		112.3		60	171	0	0	300	136	0	0	240	122	300	86
1356	460.0	113.1		109.9		120	156	0	0	660	123	0	0	420	97	180	86
1357	500.0	105.7		101.4		120	137	0	0	480	131	0	0	180	96	720	86
1358	180.0	122.6		116.6		60	154	0	0	240	140	0	0	60	125	180	88
1359	360.0	121.8		118.7		240	146	0	0	420	129	0	0	240	109	180	90
1360	280.0	108.0		102.4		60	114	0	0	180	161	60	90	300	93	240	90
1361	320.0	116.8		114.6		60	139	0	0	480	129	0	0	360	102	60	86
1362	380.0	108.9		105.6		180	138	0	0	240	131	120	89	420	99	180	87
1363	340.0	115.1		111.6		120	144	0	0	360	131	0	0	360	104	180	86
1364	320.0	118.6		113.0		60	182	0	0	480	132	0	0	120	115	300	86
1365	300.0	124.9		119.5		60	175	0	0	420	140	0	0	240	116	180	85
1366	260.0	116.3		111.3		0	0	0	0	480	134	0	0	60	100	240	85
1367	380.0	120.4		114.9		180	161	0	0	480	131	0	0	240	105	240	84
1368	520.0	124.5		117.7		180	187	0	0	720	135	60	85	360	106	240	84
1369	480.0	125.3		119.1		360	163	0	0	600	130	0	0	300	93	180	88
1370	400.0	119.2		112.5		240	173	0	0	300	128	0	0	360	102	300	88
1371	420.0	111.5		107.6		120	123	0	0	660	128	0	0	480	86	0	0
1372	580.0	119.4		116.7		240	159	0	0	600	126	0	0	720	107	180	94
1373	280.0	129.9		122.4		120	186	0	0	300	141	60	91	240	121	120	83
1374	180.0	117.2		106.3		120	172	0	0	120	144	0	0	60	79	240	86
1375	380.0	105.9		102.4		120	141	0	0	420	121	120	92	240	93	240	82
1376	240.0	118.4		115.1		0	0	0	0	240	147	0	0	420	106	60	91
1377	240.0	113.5		108.7		120	152	0	0	180	131	120	99	120	106	180	85
1378	440.0	117.0		111.2		120	165	0	0	540	135	0	0	300	105	360	84
1379	420.0	105.0		102.0		0	0	0	0	600	122	0	0	240	101	420	83
1380	420.0	103.9		101.1		60	142	0	0	360	126	60	97	420	94	360	88
1381	420.0	118.4		111.6		240	165	0	0	240	130	120	94	360	118	300	82
1382	440.0	124.3		121.1		180	172	0	0	600	124	0	0	360	116	180	94
1383	440.0	120.7		117.2		300	149	0	0	660	122	0	0	120	108	240	88
1384	480.0	118.3		112.0		180	169	0	0	540	136	0	0	420	97	300	86
1385	400.0	108.8		107.4		120	124	0	0	360	124	120	97	600	99	0	0
1386	240.0	112.1		106.3		180	159	0	0	120	112	0	0	360	93	60	86
1387	380.0	115.8		110.2		120	156	0	0	480	135	0	0	120	96	420	88
1388	560.0	113.9		108.7		240	161	0	0	780	122	0	0	420	89	240	84
1389	380.0	103.6		99.0		180	151	0	0	180	124	120	87	240	90	420	87
1390	260.0	96.5		92.9		60	184	0	0	180	90	0	0	180	89	360	89
1391	180.0	128.4		124.3		120	165	0	0	120	133	0	0	240	118	60	88
1392	360.0	111.4		105.3		240	155	0	0	360	116	0	0	300	91	180	78
1393	320.0	129.2		124.6		180	173	0	0	420	126	0	0	240	123	120	87
1394	240.0	116.4		110.6		120	148	0	0	300	133	0	0	180	88	120	86
1395	340.0	127.6		120.5		300	167	0	0	360	129	0	0	120	104	240	88
1396	340.0	122.5		115.6		180	180	0	0	420	125	60	86	180	109	180	85
1397	520.0	116.1		110.0		240	161	0	0	480	133	0	0	240	110	600	87
1398	220.0	119.4		106.5		180	192	0	0	60	117	0	0	300	90	120	85
1399	260.0	120.5		114.9		60	225	0	0	360	120	0	0	240	112	120	87
1400	260.0	115.6		108.8		240	154	0	0	120	120	60	88	60	124	300	87
1401	220.0	139.8		134.8		240	168	0	0	180	144	0	0	180	112	60	98
1402	580.0	106.9		103.3		420	136	60	103	480	114	180	86	120	89	480	87
1403	380.0	102.9		101.2		0	0	0	0	480	117	0	0	360	99	300	85
1404	320.0	124.4		120.8		180	158	0	0	420	130	0	0	300	104	60	87
1405	520.0	109.4		106.1		300	146	0	0	420	113	0	0	420	101	420	88
1406	400.0	112.1		107.2		120	184	0	0	600	115	0	0	180	98	300	86
1407	380.0	119.7		115.9		180	168	0	0	540	120	0	0	240	103	180	93
1408	480.0	108.8		105.1		120	156	0	0	480	123	120	88	360	105	360	85
1409	260.0	114.5		106.7		60	240	0	0	240	123	0	0	240	102	240	87
1410	320.0	106.5		102.8		0	0	0	0	360	131	0	0	240	102	360	85
1411	500.0	108.2		103.3		240	135	0	0	720	120	60	89	180	72	300	84
1412	220.0	113.2		106.9		60	165	0	0	180	130	60	92	120	131	240	84
1413	320.0	114.8		111.2		60	175	0	0	420	127	0	0	240	100	240	93
1414	240.0	91.7		89.5		0	0	0	0	180	118	0	0	420	82	120	86
1415	260.0	123.5		119.0		60	158	0	0	300	146	0	0	360	105	60	87
1416	340.0	113.4		110.3		60	158	0	0	420	126	0	0	300	107	240	88
1417	220.0	137.5		130.7		180	171	0	0	360	137	0	0	60	80	60	97
1418	280.0	104.7		101.7		60	142	0	0	240	125	0	0	300	96	240	86
1419	400.0	110.8		106.6		300	141	0	0	240	126	240	89	180	100	240	88
1420	300.0	118.8		115.3		180	149	0	0	180	133	0	0	360	111	180	90
1421	260.0	116.2		111.2		0	0	0	0	420	138	0	0	120	94	240	89
1422	320.0	123.8		118.3		0	0	0	0	600	142	0	0	120	106	240	87
1423	380.0	95.9		92.8		60	146	0	0	240	123	120	84	300	83	420	86
1424	400.0	120.3		114.7		420	152	0	0	180	127	0	0	360	103	240	86
1425	240.0	113.2		107.6		60	177	0	0	240	130	0	0	300	101	120	78
1426	120.0	113.8		112.5		0	0	0	0	120	130	0	0	180	109	60	96
1427	260.0	126.0		123.3		180	138	0	0	360	137	0	0	120	106	120	95
1428	340.0	118.2		112.5		120	197	0	0	300	123	120	111	360	98	120	95
1429	300.0	121.5		114.8		120	198	0	0	420	118	0	0	180	114	180	86
1430	280.0	107.6		105.2		0	0	0	0	360	126	0	0	300	98	180	87
1431	300.0	126.8		121.2		240	162	0	0	420	127	0	0	60	98	180	89
1432	480.0	115.3		110.7		180	154	0	0	600	130	120	91	120	93	420	91
1433	380.0	111.6		110.0		60	122	0	0	420	126	0	0	420	107	240	92
1434	260.0	117.0		113.1		0	0	0	0	360	139	0	0	240	105	180	89
1435	320.0	99.5		96.6		60	153	0	0	240	118	0	0	120	83	540	89
1436	260.0	123.5		115.4		180	167	0	0	360	128	0	0	60	75	180	87
1437	500.0	106.7		102.9		360	137	0	0	240	123	180	95	60	100	660	88
1438	360.0	108.7		104.6		0	0	0	0	420	136	0	0	360	95	300	87
1439	280.0	115.4		107.9		120	168	0	0	300	134	0	0	240	91	180	82
1440	320.0	122.4		114.3		180	191	0	0	300	124	0	0	300	101	180	87
1441	200.0	90.0		87.7		0	0	0	0	120	102	0	0	120	114	360	78
1442	320.0	117.7		113.3		360	129	0	0	360	129	0	0	60	98	180	79
1443	260.0	116.2		106.7		180	165	0	0	240	130	0	0	180	86	180	79
1444	300.0	115.5		106.9		180	188	0	0	120	115	0	0	240	101	360	89
1445	260.0	124.4		115.4		60	228	0	0	300	142	0	0	240	106	180	85
1446	260.0	97.1		95.7		0	0	0	0	180	119	0	0	300	93	300	88
1447	420.0	117.1		112.3		240	155	0	0	480	126	0	0	240	98	300	88
1448	220.0	102.2		99.5		0	0	0	0	180	125	0	0	180	108	300	85
1449	300.0	119.0		114.3		60	177	0	0	420	133	0	0	240	104	180	87
1450	160.0	107.0		101.9		0	0	0	0	180	139	0	0	120	86	180	89
1451	200.0	112.2		105.7		60	169	0	0	240	130	0	0	120	92	180	83
1452	280.0	127.9		119.1		180	189	0	0	300	127	0	0	180	111	180	85
1453	360.0	128.6		119.0		420	165	0	0	180	141	60	88	120	107	300	87
1454	160.0	132.0		126.6		60	169	0	0	180	152	0	0	180	114	60	89
1455	260.0	114.5		109.9		120	139	0	0	180	142	120	110	60	119	300	89
1456	240.0	135.9		122.0		120	216	0	0	240	158	0	0	180	101	180	88
1457	180.0	105.3		100.8		60	121	0	0	120	141	60	90	60	115	240	85
1458	100.0	125.6		119.0		0	0	0	0	180	148	0	0	0	0	120	92
1459	220.0	125.9		114.6		120	206	0	0	180	136	0	0	60	115	300	90
1460	40.0	160.0		127.6		0	0	0	0	60	232	0	0	0	0	60	88
1461	160.0	128.9		122.7		60	194	0	0	120	145	0	0	240	115	60	87
1462	280.0	108.1		105.4		60	116	0	0	420	123	0	0	180	95	180	84
1463	300.0	120.1		108.4		240	173	0	0	240	134	0	0	0	0	420	82
1464	280.0	115.4		108.9		180	168	0	0	180	120	60	89	240	102	180	85
1465	200.0	115.7		108.1		120	166	0	0	120	141	0	0	60	88	300	91
1466	200.0	119.8		111.2		60	180	0	0	180	150	0	0	120	112	240	86
1467	200.0	122.7		107.2		120	223	0	0	60	145	0	0	240	96	180	84
1468	260.0	118.0		112.0		180	151	0	0	240	135	0	0	60	96	300	89
1469	280.0	113.5		107.0		180	167	0	0	180	118	0	0	180	98	300	88
1470	320.0	103.7		99.6		60	153	0	0	300	127	60	88	0	0	540	87
1471	180.0	107.3		98.0		60	218	0	0	60	133	60	87	120	90	240	87
1472	100.0	124.8		120.2		60	141	0	0	120	145	0	0	60	97	60	96
1473	140.0	115.6		107.8		120	157	0	0	60	124	0	0	60	119	180	84
1474	260.0	103.0		99.5		0	0	0	0	240	133	0	0	180	95	360	87
1475	200.0	109.9		106.1		0	0	0	0	180	138	0	0	180	111	240	88
1476	220.0	118.4		114.3		60	175	0	0	180	135	0	0	300	108	120	91
1477	260.0	106.5		101.1		60	175	0	0	180	128	0	0	180	107	360	84
1478	160.0	121.5		113.9		0	0	0	0	240	149	0	0	120	107	120	81
1479	260.0	105.7		98.3		60	202	0	0	240	125	0	0	0	0	480	84
1480	220.0	104.3		101.6		0	0	0	0	180	123	60	93	180	115	240	85
1481	300.0	92.3		89.5		60	163	0	0	120	106	120	85	240	84	360	84
1482	160.0	111.2		108.1		0	0	0	0	180	126	0	0	120	124	180	88
1483	240.0	97.9		93.8		60	140	0	0	240	117	0	0	240	78	180	85
1484	360.0	98.2		95.6		120	140	0	0	240	108	120	93	120	99	480	84
1485	220.0	101.4		97.3		60	160	0	0	180	116	0	0	60	97	360	85
1486	140.0	149.0		129.5		180	207	0	0	60	125	0	0	60	129	120	84
1487	260.0	102.2		97.5		180	138	0	0	120	120	0	0	60	86	420	84
1488	280.0	92.8		91.5		0	0	0	0	300	108	0	0	180	87	360	83
1489	200.0	111.1		101.7		60	225	0	0	180	117	60	89	60	114	240	83
1490	260.0	104.8		100.2		60	165	0	0	180	125	120	92	60	122	360	86
1491	100.0	99.4		96.7		0	0	0	0	60	129	0	0	60	110	180	86
1492	300.0	105.4		102.6		240	119	0	0	180	119	60	90	120	119	300	84
1493	300.0	116.2		110.2		60	151	0	0	360	143	60	92	120	101	300	88
1494	40.0	114.5		111.8		0	0	0	0	60	132	0	0	0	0	60	97
1495	340.0	122.5		116.6		240	149	0	0	300	146	0	0	240	95	240	94
1496	60.0	110.0		104.9		0	0	0	0	60	146	0	0	0	0	120	92
1497	220.0	104.9		99.8		60	171	0	0	180	124	60	89	60	87	300	87
1498	160.0	109.0		106.1		60	151	0	0	180	115	0	0	60	103	180	91
1499	140.0	111.9		103.6		60	169	0	0	120	136	0	0	120	81	120	90
