#File created from auswertNew
# Temporary input file:
# tmp30.dat
# Created from repository file
# /home/vwitme/data/workdata/trafficData/Invent_A5/intermediatedata/A5frankfurt_06_01/daten/F30_1106.dat.gz
# Infrastructure description file:
# /home/vwitme/data/workdata/trafficData/Invent_A5/intermediatedata/A5frankfurt_06_01/daten/A5frankfurt_06_01.dsc
#
# Date: 11.06.2001
# Direction: Frankfurt
# Detector cross section 30
# Position (m)= 491.900000
# Number of main lanes=3
# Number of ramp lanes=2
# The lane indices are ordered from left to right
# NOTICE: The time has been increased by 1 hour 
# since summertime was not taken care of  in the original data!
# Velocity averages: Over veh types and lanes, weighted with flow
# vAvg=arithmetic average; vHarm=harmonic average
#===========================================
#t(min)	Qav(/h)	vAvg(km/h)	vHarm(km/h)	Q1car	v1car	Q1truck	v1truck	Q2car	v2car	Q2truck	v2truck	Q3car	v3car	Q3truck	v3truck
60	440.0	103.8		99.7		300	143	0	0	240	104	120	103	0	0	660	86
61	240.0	124.2		115.3		180	177	0	0	180	132	60	97	120	104	180	86
62	440.0	107.4		104.0		60	148	0	0	540	125	0	0	180	102	540	87
63	380.0	100.9		94.4		120	150	0	0	300	131	0	0	120	81	600	80
64	360.0	113.1		106.0		120	177	0	0	360	133	0	0	60	100	540	87
65	340.0	102.1		100.3		60	122	0	0	300	120	0	0	420	95	240	87
66	160.0	128.0		127.6		0	0	0	0	120	140	0	0	360	124	0	0
67	320.0	114.2		107.9		240	160	0	0	240	116	0	0	120	101	360	87
68	400.0	106.2		99.6		120	176	0	0	300	130	0	0	60	101	720	85
69	280.0	108.7		103.7		60	128	0	0	300	138	0	0	240	89	240	87
70	300.0	118.9		111.5		60	145	0	0	360	151	60	87	60	112	360	89
71	420.0	117.2		111.4		360	143	0	0	360	134	60	91	60	107	420	86
72	280.0	115.1		111.3		180	151	0	0	300	116	0	0	180	106	180	87
73	420.0	101.4		97.2		180	138	0	0	180	134	180	97	120	91	600	84
74	300.0	111.1		104.8		180	166	0	0	180	118	0	0	60	103	480	89
75	460.0	114.6		108.6		360	147	0	0	360	131	60	98	0	0	600	87
76	340.0	112.0		105.5		120	163	0	0	240	142	60	93	180	105	420	86
77	360.0	115.7		112.2		420	134	0	0	240	126	0	0	240	92	180	91
78	260.0	123.2		118.6		120	176	0	0	240	131	0	0	360	106	60	90
79	680.0	103.5		97.0		360	160	0	0	240	128	540	89	240	86	660	82
80	460.0	97.7		94.7		180	142	0	0	180	113	240	91	0	0	780	86
81	280.0	99.4		96.6		0	0	0	0	300	122	0	0	120	97	420	84
82	220.0	105.5		101.7		60	144	0	0	180	129	0	0	60	95	360	89
83	260.0	115.1		108.6		60	192	0	0	300	133	0	0	60	105	360	89
84	420.0	121.4		112.2		120	165	0	0	540	149	0	0	120	103	480	84
85	340.0	93.4		89.5		60	144	0	0	240	121	0	0	0	0	720	80
86	320.0	106.4		99.2		60	197	0	0	300	128	60	106	60	111	480	81
87	240.0	110.8		105.3		0	0	0	0	180	155	60	95	180	110	300	88
88	240.0	104.3		99.5		120	142	0	0	60	155	0	0	120	102	420	87
89	240.0	118.3		112.7		180	142	0	0	240	136	60	104	120	89	120	84
90	260.0	102.9		100.3		60	128	0	0	180	128	60	105	180	92	300	89
91	280.0	102.6		98.9		0	0	0	0	240	135	0	0	120	100	480	87
92	380.0	108.8		101.0		60	189	0	0	300	149	60	95	120	84	600	87
93	340.0	133.1		123.8		180	189	0	0	420	146	0	0	180	107	240	88
94	400.0	117.0		111.8		240	144	0	0	540	129	0	0	0	0	420	86
95	300.0	97.9		94.6		120	143	0	0	60	129	120	93	60	94	540	86
96	240.0	102.2		97.4		0	0	0	0	240	136	0	0	60	81	420	86
97	440.0	110.1		106.4		120	124	0	0	480	134	60	85	180	99	480	90
98	340.0	100.9		97.6		60	158	0	0	360	116	0	0	120	91	480	85
99	320.0	105.7		99.8		120	128	0	0	180	156	60	103	120	84	480	87
100	400.0	114.4		108.0		120	164	0	0	420	139	60	95	120	94	480	88
101	220.0	114.9		106.4		0	0	0	0	180	172	60	93	180	101	240	88
102	400.0	110.2		103.5		300	150	0	0	120	150	180	95	0	0	600	87
103	300.0	124.8		116.7		240	153	0	0	360	140	0	0	0	0	300	84
104	480.0	108.3		102.6		120	160	0	0	480	131	120	98	120	103	600	83
105	200.0	130.1		119.8		60	182	0	0	300	145	0	0	120	124	120	73
106	340.0	118.1		107.5		240	166	0	0	120	162	120	97	60	145	480	85
107	360.0	107.7		100.8		120	176	0	0	180	143	180	96	0	0	600	87
108	220.0	103.2		96.3		0	0	0	0	120	172	60	100	60	89	420	86
109	420.0	99.3		95.5		60	194	0	0	120	134	240	98	0	0	840	88
110	340.0	108.2		101.6		60	197	0	0	240	138	60	94	120	111	540	86
111	160.0	98.8		94.7		0	0	0	0	120	133	0	0	60	109	300	83
112	340.0	97.3		94.3		60	154	0	0	240	117	0	0	0	0	720	86
113	380.0	107.3		102.9		120	154	0	0	240	121	0	0	240	118	540	86
114	180.0	105.0		99.7		0	0	0	0	180	141	0	0	0	0	360	87
115	200.0	126.6		123.0		240	136	0	0	240	136	0	0	0	0	120	89
116	360.0	97.9		94.7		240	127	0	0	120	118	60	92	120	85	540	84
117	340.0	94.9		93.4		180	114	0	0	120	114	60	98	0	0	660	86
118	360.0	99.6		94.4		60	100	0	0	240	147	240	92	120	85	420	81
119	240.0	109.7		105.1		180	150	0	0	60	97	60	96	180	107	240	88
120	220.0	99.3		97.9		0	0	0	0	240	114	0	0	60	102	360	89
121	140.0	99.9		97.3		60	144	0	0	0	0	0	0	180	97	180	88
122	120.0	135.8		130.4		0	0	0	0	180	159	0	0	120	123	60	92
123	180.0	109.1		105.9		60	142	0	0	60	126	0	0	240	114	180	86
124	300.0	125.7		116.0		60	156	0	0	360	162	0	0	120	118	360	87
125	140.0	88.4		88.1		0	0	0	0	0	0	0	0	60	103	360	86
126	300.0	118.6		109.4		240	172	0	0	180	127	60	94	0	0	420	88
127	120.0	90.0		88.4		0	0	0	0	60	120	0	0	60	88	240	83
128	340.0	112.5		104.8		180	140	0	0	240	155	60	97	60	79	480	87
129	280.0	108.6		102.2		0	0	0	0	360	140	0	0	0	0	480	85
130	220.0	120.5		111.5		60	122	0	0	240	163	60	95	120	104	180	83
131	220.0	101.8		97.0		60	148	0	0	60	120	0	0	60	156	480	87
132	260.0	101.1		97.1		60	171	0	0	120	125	60	92	0	0	540	89
133	140.0	103.0		96.2		60	151	0	0	120	123	120	89	0	0	120	73
134	160.0	95.5		93.7		0	0	0	0	60	113	0	0	120	113	300	85
135	240.0	119.5		115.1		60	138	0	0	300	138	0	0	180	116	180	86
136	200.0	107.6		98.9		0	0	0	0	120	183	120	92	60	91	300	87
137	320.0	95.4		92.5		60	118	60	109	120	138	120	94	60	80	540	84
138	260.0	96.9		94.0		0	0	0	0	120	143	60	94	120	88	480	88
139	240.0	110.2		105.2		60	139	0	0	180	146	60	114	120	86	300	92
140	160.0	109.2		100.1		60	165	0	0	60	182	60	92	0	0	300	87
141	280.0	114.5		105.0		120	176	0	0	120	162	0	0	60	135	540	88
142	320.0	99.8		97.2		0	0	0	0	300	125	60	98	120	89	480	87
143	440.0	110.6		103.3		180	169	0	0	300	139	120	96	60	83	660	87
144	340.0	127.4		115.3		300	169	0	0	180	169	240	97	0	0	300	85
145	400.0	100.8		95.8		60	144	0	0	180	156	240	94	180	82	540	87
146	300.0	122.5		114.9		120	160	0	0	420	142	60	94	0	0	300	86
147	300.0	104.5		100.8		0	0	0	0	240	137	0	0	300	102	360	85
148	160.0	111.2		109.1		120	124	0	0	120	124	0	0	180	104	60	82
149	300.0	99.0		95.9		60	133	0	0	180	130	60	92	0	0	600	87
150	200.0	141.3		138.6		60	151	0	0	420	150	0	0	120	106	0	0
151	220.0	104.6		98.7		0	0	0	0	240	140	0	0	60	87	360	84
152	400.0	92.2		90.2		60	139	0	0	240	111	0	0	0	0	900	84
153	400.0	112.8		108.0		120	139	0	0	540	132	60	95	60	80	420	88
154	160.0	101.5		97.2		0	0	0	0	120	142	0	0	0	0	360	88
155	220.0	107.9		101.3		60	180	0	0	120	141	0	0	180	100	300	85
156	160.0	125.1		120.4		60	180	0	0	180	127	0	0	180	119	60	83
157	200.0	103.6		98.1		60	167	0	0	60	118	0	0	60	142	420	87
158	240.0	104.2		98.3		0	0	0	0	180	153	0	0	60	95	480	87
159	320.0	113.6		105.7		180	153	0	0	180	153	0	0	180	104	420	84
160	220.0	99.6		95.8		120	127	0	0	120	127	0	0	0	0	420	84
161	280.0	102.7		99.6		60	137	0	0	120	136	120	108	120	102	420	87
162	240.0	111.2		104.5		60	156	0	0	240	140	60	99	60	105	300	83
163	180.0	105.1		100.2		0	0	0	0	180	139	60	93	60	96	240	85
164	240.0	119.2		113.6		240	140	0	0	180	140	60	98	0	0	240	88
165	120.0	94.7		92.3		0	0	0	0	0	0	0	0	60	133	300	87
166	260.0	107.1		100.8		60	163	0	0	180	145	120	87	120	95	300	86
167	220.0	95.7		93.6		0	0	0	0	120	112	60	92	60	135	420	86
168	240.0	100.7		98.2		0	0	0	0	120	122	60	117	60	135	480	89
169	220.0	92.4		91.7		0	0	0	0	120	108	60	95	60	96	420	87
170	180.0	98.2		97.3		0	0	0	0	60	122	0	0	120	105	360	92
171	180.0	96.1		93.0		60	117	0	0	60	145	120	84	0	0	300	87
172	100.0	109.6		103.5		60	138	0	0	60	146	0	0	60	96	120	84
173	140.0	125.7		123.3		60	141	0	0	240	133	0	0	60	116	60	91
174	160.0	142.8		134.6		120	164	0	0	240	155	0	0	60	116	60	78
175	280.0	96.7		93.3		60	139	0	0	60	162	60	87	120	87	540	88
176	280.0	114.8		104.5		0	0	0	0	180	150	120	88	120	186	420	87
177	280.0	100.3		97.5		60	154	0	0	60	138	120	96	180	99	420	89
178	140.0	105.6		99.6		60	151	0	0	60	149	0	0	60	87	240	88
179	240.0	113.8		107.7		60	145	0	0	300	139	60	96	0	0	300	86
180	220.0	111.6		104.3		0	0	0	0	240	152	0	0	180	92	240	86
181	300.0	104.5		101.5		120	126	0	0	180	134	120	97	180	90	300	90
182	340.0	109.7		105.2		0	0	0	0	420	137	0	0	120	97	480	89
183	100.0	131.4		119.8		120	169	0	0	60	145	0	0	0	0	120	87
184	340.0	131.8		122.0		180	169	0	0	360	161	60	95	180	108	240	87
185	300.0	115.2		108.5		120	163	0	0	240	141	0	0	120	111	420	88
186	200.0	116.7		108.8		0	0	0	0	240	153	0	0	60	120	300	87
187	280.0	117.3		110.6		180	155	0	0	240	137	60	101	0	0	360	88
188	220.0	121.7		115.7		0	0	0	0	420	141	0	0	0	0	240	88
189	280.0	118.9		111.0		180	145	0	0	240	151	60	109	0	0	360	86
190	340.0	124.8		118.7		360	145	0	0	240	145	120	100	120	113	180	82
191	360.0	106.7		103.3		180	135	0	0	240	128	60	104	300	92	300	88
192	220.0	117.2		109.7		0	0	0	0	180	165	60	103	60	139	360	92
193	260.0	102.2		100.6		240	113	0	0	120	113	120	92	120	107	180	84
194	280.0	110.0		105.6		240	132	0	0	180	132	60	94	0	0	360	87
195	300.0	108.2		106.1		120	140	0	0	240	115	60	109	300	102	180	88
196	280.0	113.5		108.8		0	0	0	0	480	133	0	0	60	90	300	87
197	240.0	99.2		96.5		60	141	0	0	60	126	180	93	120	110	300	85
198	180.0	96.4		96.0		0	0	0	0	120	96	0	0	240	103	180	88
199	220.0	112.3		104.9		60	171	0	0	240	137	0	0	0	0	360	86
200	320.0	113.1		107.0		120	168	0	0	360	128	0	0	60	97	420	87
201	320.0	101.4		96.7		60	127	0	0	240	136	180	97	60	72	420	84
202	280.0	106.6		102.7		0	0	0	0	300	134	120	103	60	94	360	87
203	280.0	118.7		115.0		300	131	0	0	300	131	0	0	0	0	240	88
204	280.0	106.4		103.6		60	160	0	0	300	115	0	0	180	105	300	88
205	160.0	117.4		112.1		60	158	0	0	120	146	0	0	180	103	120	90
206	340.0	98.5		96.1		120	128	0	0	180	121	60	91	120	91	540	87
207	380.0	116.3		107.9		180	182	0	0	240	139	120	108	60	100	540	88
208	260.0	101.8		97.6		0	0	0	0	180	140	0	0	60	120	540	87
209	380.0	121.5		115.4		360	141	0	0	360	141	0	0	0	0	420	88
210	380.0	104.2		101.6		60	144	0	0	360	121	60	93	180	104	480	88
211	240.0	125.6		116.5		0	0	0	0	300	164	0	0	180	113	240	87
212	160.0	111.1		106.8		60	171	0	0	60	118	0	0	180	110	180	90
213	160.0	113.0		108.1		60	158	0	0	180	128	0	0	120	94	120	87
214	240.0	106.3		100.3		60	163	0	0	180	122	60	92	60	151	360	84
215	120.0	119.5		115.3		0	0	0	0	120	128	0	0	180	128	60	77
216	200.0	121.3		116.7		180	139	0	0	180	139	0	0	60	109	180	90
217	200.0	109.7		103.5		120	142	0	0	120	144	60	95	0	0	300	86
218	280.0	129.4		118.1		180	147	0	0	300	167	0	0	60	115	300	84
219	200.0	117.6		114.1		120	153	0	0	120	122	0	0	240	112	120	89
220	260.0	128.2		122.1		120	183	0	0	360	134	0	0	180	107	120	88
221	280.0	109.9		104.9		60	169	0	0	180	137	60	94	180	112	360	88
222	260.0	112.7		107.5		60	135	0	0	180	140	180	96	120	139	240	86
223	160.0	115.4		108.8		60	154	0	0	180	139	0	0	0	0	240	88
224	320.0	114.4		109.5		240	135	0	0	240	139	120	91	120	104	240	86
225	380.0	118.7		109.9		180	177	0	0	360	140	60	92	0	0	540	88
226	300.0	112.3		106.5		180	146	0	0	180	143	0	0	240	97	300	86
227	340.0	114.7		108.9		120	144	0	0	360	140	60	118	0	0	480	88
228	280.0	120.6		115.6		0	0	0	0	480	140	0	0	120	108	240	88
229	220.0	118.8		115.4		180	127	0	0	180	135	0	0	120	127	180	89
230	300.0	118.0		110.1		0	0	0	0	480	146	60	91	60	91	300	84
231	360.0	108.5		103.6		60	161	0	0	420	130	120	97	0	0	480	86
232	420.0	109.2		102.4		240	145	0	0	240	147	180	92	0	0	600	85
233	100.0	114.0		109.4		0	0	0	0	0	0	0	0	180	132	120	87
234	360.0	113.6		108.1		180	148	0	0	300	137	0	0	240	100	360	86
235	320.0	113.9		105.0		120	169	0	0	300	144	0	0	0	0	540	85
236	220.0	99.6		97.0		60	100	0	0	180	126	60	102	0	0	360	86
237	380.0	101.2		96.3		180	134	0	0	300	122	0	0	60	111	600	80
238	340.0	116.4		111.5		240	147	0	0	300	131	0	0	180	97	300	89
239	300.0	97.2		92.4		60	156	0	0	240	123	0	0	0	0	600	81
240	400.0	106.4		101.2		120	156	0	0	240	136	0	0	120	114	720	87
241	300.0	96.1		91.4		60	138	0	0	180	135	0	0	120	85	540	81
242	220.0	101.5		97.0		0	0	0	0	180	132	0	0	120	114	360	82
243	240.0	107.0		101.1		60	122	0	0	300	134	0	0	0	0	360	82
244	320.0	104.2		100.7		60	122	0	0	360	126	0	0	240	95	300	82
245	300.0	104.0		99.4		60	137	0	0	240	131	60	101	120	112	420	82
246	220.0	125.6		120.0		0	0	0	0	300	148	0	0	180	126	180	88
247	220.0	128.0		123.1		60	128	0	0	420	142	0	0	60	118	120	84
248	360.0	114.0		106.9		120	168	0	0	420	130	0	0	120	116	420	82
249	180.0	134.3		128.8		60	153	0	0	360	146	0	0	0	0	120	90
250	300.0	120.0		116.7		60	153	0	0	420	134	0	0	300	107	120	87
251	200.0	136.7		130.5		120	164	0	0	300	145	0	0	60	138	120	88
252	400.0	125.0		121.4		240	151	0	0	600	131	60	102	180	103	120	87
253	300.0	118.7		111.0		60	218	0	0	420	132	0	0	120	107	300	85
254	240.0	113.0		108.6		0	0	0	0	360	134	0	0	120	104	240	86
255	40.0	127.0		127.0		0	0	0	0	0	0	0	0	120	127	0	0
256	260.0	130.9		120.0		120	185	0	0	300	154	0	0	60	122	300	88
257	260.0	122.6		116.0		60	169	0	0	420	140	0	0	0	0	300	89
258	280.0	121.4		115.0		60	177	0	0	420	139	0	0	180	96	180	87
259	360.0	119.6		114.0		240	154	0	0	360	133	60	93	240	97	180	86
260	180.0	115.0		107.9		60	151	0	0	240	137	0	0	0	0	240	84
261	380.0	120.6		114.7		180	173	0	0	360	122	0	0	300	122	300	86
262	280.0	122.9		120.8		0	0	0	0	600	128	0	0	120	131	120	89
263	260.0	119.6		110.6		120	182	0	0	180	149	0	0	240	99	240	87
264	380.0	128.4		118.6		240	166	0	0	420	151	120	92	60	109	300	85
265	260.0	119.9		112.3		120	148	0	0	420	134	0	0	60	100	180	75
266	220.0	119.3		112.3		60	171	0	0	300	139	0	0	60	94	240	88
267	320.0	130.0		123.9		180	159	0	0	360	149	0	0	180	115	240	91
268	480.0	116.1		108.1		360	149	0	0	360	143	120	98	120	79	480	85
269	500.0	124.0		118.2		540	151	0	0	420	131	0	0	120	101	420	89
270	340.0	113.9		107.1		60	175	0	0	420	139	0	0	120	90	420	87
271	640.0	136.7		131.1		600	168	0	0	840	135	0	0	180	116	300	91
272	400.0	129.3		123.5		120	184	0	0	660	138	0	0	240	112	180	84
273	480.0	124.2		117.8		300	161	0	0	660	133	60	100	60	85	360	88
274	400.0	129.2		124.6		240	146	0	0	480	144	120	98	180	128	180	89
275	200.0	108.3		104.1		0	0	0	0	240	135	0	0	180	94	180	87
276	280.0	106.4		101.3		60	158	0	0	180	137	60	100	60	124	480	87
277	300.0	115.7		110.1		120	155	0	0	240	142	0	0	360	101	180	84
278	400.0	154.8		148.8		360	191	0	0	660	148	0	0	120	119	60	84
279	440.0	127.7		119.8		180	180	0	0	540	146	60	97	300	103	240	86
280	420.0	113.8		109.1		300	141	0	0	360	129	120	92	120	105	360	86
281	280.0	131.0		124.0		180	173	0	0	360	139	0	0	120	107	180	89
282	380.0	120.9		116.0		120	169	0	0	480	134	120	104	180	109	240	88
283	280.0	122.9		116.7		60	171	0	0	300	146	0	0	240	118	240	87
284	360.0	119.7		113.8		60	182	0	0	540	136	120	93	60	122	300	88
285	480.0	115.4		110.8		180	144	0	0	660	131	0	0	60	105	540	88
286	460.0	130.3		125.4		180	164	0	0	780	140	0	0	180	110	240	89
287	380.0	131.2		122.7		240	184	0	0	300	146	60	100	240	118	300	91
288	400.0	131.6		124.9		420	155	0	0	480	139	0	0	0	0	300	87
289	420.0	117.2		114.5		120	133	0	0	600	131	0	0	360	103	180	89
290	700.0	121.1		113.7		540	158	0	0	660	135	120	92	240	96	540	85
291	420.0	129.9		121.2		240	182	0	0	420	145	60	105	180	115	360	89
292	320.0	127.1		123.6		0	0	0	0	420	150	0	0	480	112	60	88
293	280.0	143.6		138.2		60	153	0	0	360	156	0	0	300	149	120	88
294	460.0	122.1		118.2		180	141	0	0	660	136	60	107	360	104	120	79
295	460.0	114.8		109.2		180	151	0	0	420	139	120	93	180	111	480	87
296	620.0	123.3		116.2		600	155	0	0	540	133	120	91	60	109	540	87
297	400.0	129.3		124.5		180	171	0	0	480	142	0	0	480	106	60	89
298	500.0	118.2		112.3		240	154	0	0	360	146	60	90	480	107	360	86
299	580.0	115.6		108.7		180	175	0	0	600	138	120	101	120	95	720	88
300	420.0	121.9		117.5		180	159	0	0	360	132	60	100	420	121	240	86
301	460.0	120.4		115.0		180	152	0	0	660	135	0	0	300	100	240	82
302	420.0	128.4		123.4		180	160	0	0	540	143	0	0	360	112	180	86
303	440.0	117.6		110.2		60	171	0	0	600	144	0	0	60	106	600	87
304	680.0	121.5		115.0		600	150	0	0	660	134	60	105	60	106	660	86
305	540.0	133.2		125.7		300	177	0	0	660	146	0	0	420	110	240	84
306	420.0	130.1		123.5		300	175	0	0	480	131	0	0	300	111	180	85
307	500.0	126.8		120.2		240	161	0	0	660	141	0	0	240	116	360	85
308	820.0	114.7		108.3		600	148	0	0	660	134	120	90	180	93	900	86
309	420.0	126.3		120.7		360	156	0	0	360	134	60	96	180	124	300	89
310	660.0	117.7		114.4		180	142	0	0	840	135	0	0	900	99	60	82
311	740.0	117.2		113.5		600	139	0	0	900	119	0	0	240	122	480	84
312	440.0	139.8		133.4		420	171	0	0	480	145	0	0	300	108	120	89
313	440.0	122.4		116.7		60	161	0	0	840	137	0	0	180	94	240	83
314	540.0	126.4		122.0		360	157	0	0	540	136	0	0	480	112	240	88
315	620.0	116.5		109.3		480	156	0	0	540	128	0	0	180	92	660	85
316	500.0	118.4		111.3		240	168	0	0	600	132	0	0	0	0	660	88
317	540.0	120.2		114.0		180	168	0	0	840	133	0	0	240	88	360	88
318	580.0	126.6		122.0		480	153	0	0	540	138	60	94	480	106	180	88
319	680.0	137.2		129.4		660	173	0	0	720	141	0	0	360	105	300	88
320	680.0	119.7		115.4		720	136	0	0	540	134	120	98	240	110	420	85
321	600.0	133.2		127.0		540	165	0	0	720	137	60	103	300	101	180	86
322	440.0	125.3		117.5		240	163	0	0	540	143	0	0	120	104	420	87
323	460.0	134.0		130.3		180	146	0	0	720	147	60	97	300	122	120	87
324	800.0	120.5		116.3		720	143	0	0	840	129	180	98	300	98	360	86
325	640.0	134.8		131.8		420	163	0	0	960	135	0	0	420	119	120	89
326	740.0	131.4		123.0		420	176	0	0	900	144	0	0	480	112	420	82
327	480.0	124.0		114.1		360	168	0	0	420	141	60	114	120	101	480	83
328	760.0	116.1		112.9		480	146	0	0	1140	116	0	0	180	115	480	87
329	720.0	126.7		121.3		600	156	0	0	780	134	60	93	420	106	300	85
330	660.0	133.2		127.6		660	164	0	0	780	132	0	0	420	100	120	87
331	860.0	126.2		118.8		780	162	0	0	600	141	180	101	660	101	360	83
332	660.0	138.9		135.8		660	158	0	0	960	138	0	0	240	116	120	87
333	620.0	137.7		133.4		360	173	0	0	780	146	0	0	660	113	60	89
334	820.0	125.1		118.1		660	160	0	0	660	133	180	92	480	122	480	82
335	1080.0	132.5		126.5		1320	159	0	0	1140	129	60	93	300	102	420	86
336	860.0	132.3		126.7		840	162	0	0	1020	133	120	106	240	105	360	88
337	1300.0	117.3		112.8		1500	142	0	0	1320	114	60	87	300	89	720	86
338	840.0	128.1		122.7		840	158	0	0	960	124	60	103	300	117	360	83
339	720.0	135.7		127.7		480	186	0	0	960	138	0	0	420	109	300	85
340	900.0	122.2		118.3		1140	143	0	0	720	117	0	0	480	109	360	84
341	1440.0	114.6		111.2		1860	135	0	0	1140	110	240	96	420	91	660	87
342	760.0	129.5		124.7		720	158	0	0	960	129	0	0	360	102	240	87
343	1360.0	122.7		118.1		1560	144	0	0	1320	126	60	115	360	99	780	86
344	680.0	123.5		118.9		420	151	0	0	840	133	0	0	420	110	360	85
345	800.0	118.8		108.8		360	181	0	0	960	135	0	0	240	93	840	81
346	1140.0	129.9		124.9		1200	158	0	0	1380	127	0	0	540	98	300	88
347	540.0	152.1		147.9		360	176	0	0	840	159	0	0	360	123	60	86
348	880.0	118.7		110.1		600	156	0	0	960	131	0	0	180	127	900	79
349	1180.0	104.4		102.9		1320	118	0	0	1260	103	0	0	300	91	660	86
350	1040.0	121.5		117.3		960	143	0	0	1380	125	60	119	180	94	540	84
351	980.0	125.0		120.8		1320	144	0	0	780	125	0	0	420	104	420	86
352	760.0	124.3		117.7		600	155	0	0	840	134	0	0	300	110	540	83
353	920.0	142.0		136.7		1020	164	0	0	1200	143	0	0	300	109	240	85
354	700.0	137.7		133.5		600	165	0	0	960	136	0	0	480	116	60	67
355	800.0	110.5		105.1		720	130	0	0	660	123	60	90	300	116	660	76
356	1320.0	115.4		110.8		1500	137	0	0	1320	118	0	0	120	91	1020	83
357	1180.0	115.0		110.0		1080	141	0	0	1140	122	60	111	300	98	960	83
358	1060.0	120.5		116.9		1080	141	0	0	1140	124	60	92	420	102	480	86
359	940.0	116.4		112.2		660	133	0	0	1200	129	0	0	300	103	660	83
360	720.0	136.1		133.2		480	157	0	0	1140	139	0	0	420	119	120	84
361	1200.0	126.4		121.2		1320	151	0	0	1260	129	0	0	660	95	360	85
362	900.0	126.5		122.2		540	162	0	0	1140	133	0	0	900	102	120	88
363	820.0	126.3		122.1		660	152	0	0	1020	129	0	0	600	109	180	75
364	1260.0	115.7		109.3		1080	147	0	0	1140	127	120	101	660	86	780	83
365	720.0	124.7		118.0		720	159	0	0	660	123	60	97	420	105	300	79
366	860.0	119.4		115.3		840	149	0	0	1020	114	60	88	540	95	120	84
367	1200.0	124.2		120.3		1380	145	0	0	1260	123	0	0	480	108	480	84
368	1020.0	132.9		129.9		1020	154	0	0	1200	135	0	0	780	105	60	97
369	920.0	121.8		117.7		1080	142	0	0	780	126	60	104	360	103	480	86
370	1120.0	111.6		107.1		660	139	0	0	1380	123	0	0	600	92	720	81
371	1380.0	118.0		116.0		1440	128	0	0	1860	122	0	0	480	98	360	84
372	1200.0	124.3		118.8		1560	147	0	0	1200	122	60	91	240	89	540	83
373	1160.0	121.6		118.5		1380	137	0	0	1380	123	0	0	240	94	480	87
374	1120.0	112.9		107.2		1020	146	0	0	1320	111	60	94	300	89	660	78
375	800.0	128.2		124.8		540	153	0	0	1020	137	0	0	720	102	120	100
376	1140.0	132.0		126.6		1260	157	0	0	1440	130	0	0	420	100	300	81
377	960.0	127.7		123.4		1080	151	0	0	1020	128	0	0	480	99	300	89
378	900.0	117.3		113.1		480	159	0	0	1200	120	0	0	720	99	300	84
379	1100.0	121.0		117.2		1200	141	0	0	1200	124	60	95	180	98	660	88
380	980.0	117.9		114.6		960	142	0	0	1020	117	0	0	540	99	420	89
381	980.0	126.5		121.3		1140	152	0	0	1020	125	0	0	240	101	540	87
382	1120.0	124.8		119.9		900	152	0	0	1500	130	0	0	360	98	600	87
383	1220.0	118.7		115.6		1380	139	0	0	1320	117	120	103	480	93	360	87
384	1300.0	119.3		116.3		1560	135	0	0	1380	121	0	0	480	99	480	84
385	980.0	129.1		125.6		1080	149	0	0	1260	128	0	0	420	100	180	85
386	980.0	127.0		121.1		1080	155	0	0	1020	125	120	92	300	110	420	82
387	740.0	122.8		118.6		540	159	0	0	720	126	0	0	960	100	0	0
388	780.0	139.6		136.3		660	165	0	0	900	145	0	0	780	112	0	0
389	1140.0	118.5		115.1		1620	135	0	0	1140	114	0	0	240	93	420	82
390	1320.0	112.8		108.7		1560	135	0	0	1080	113	240	94	240	91	840	83
391	1580.0	107.7		103.7		1740	128	0	0	1800	108	180	87	240	81	780	75
392	1160.0	113.7		110.0		1080	135	0	0	1380	118	60	91	300	83	660	86
393	1040.0	123.1		119.2		840	147	0	0	1380	128	0	0	540	99	360	85
394	1500.0	117.2		114.1		1740	134	0	0	1620	119	0	0	420	94	720	86
395	1440.0	121.4		118.5		1680	137	0	0	1680	122	0	0	540	102	420	82
396	1020.0	116.2		109.2		960	146	0	0	960	121	0	0	720	98	420	68
397	1440.0	124.5		121.8		1920	137	0	0	1440	127	0	0	600	103	360	84
398	1520.0	119.7		115.7		1560	142	0	0	1680	121	0	0	780	100	540	80
399	1060.0	126.0		121.3		960	154	0	0	1140	130	0	0	960	99	120	79
400	1200.0	115.7		112.3		1080	132	0	0	1380	125	120	91	660	90	360	86
401	1180.0	125.6		121.3		1320	144	0	0	1500	128	0	0	420	89	300	84
402	1040.0	132.2		127.8		1260	153	0	0	1380	128	0	0	120	104	360	85
403	1500.0	122.5		119.3		1920	138	0	0	1500	123	60	108	660	100	360	81
404	1220.0	124.2		118.8		1380	149	0	0	1140	128	60	79	780	92	300	88
405	1220.0	130.4		126.4		1320	156	0	0	1440	127	0	0	840	99	60	88
406	1260.0	125.1		121.4		1380	148	0	0	1440	123	0	0	900	96	60	83
407	1580.0	128.6		124.9		1620	152	0	0	1680	130	0	0	1260	103	180	84
408	960.0	129.5		125.8		1020	157	0	0	1080	122	0	0	660	107	120	87
409	1080.0	130.6		126.0		1140	160	0	0	1260	125	0	0	720	101	120	87
410	1000.0	125.3		121.3		1140	150	0	0	1020	121	0	0	600	101	240	87
411	1320.0	128.1		124.2		1320	153	0	0	1680	127	60	97	840	97	60	80
412	1240.0	132.8		128.6		1620	153	0	0	1380	129	0	0	360	100	360	89
413	1220.0	129.1		126.0		1500	148	0	0	1200	127	0	0	720	107	240	88
414	1080.0	130.5		127.8		1140	146	0	0	1380	132	0	0	600	108	120	78
415	1060.0	133.8		130.0		1140	159	0	0	1140	132	0	0	840	105	60	91
416	1280.0	114.1		111.8		1260	135	0	0	1560	111	0	0	780	95	240	87
417	1000.0	114.7		110.1		1020	140	0	0	960	116	240	91	300	101	480	79
418	1360.0	120.0		117.0		1860	134	0	0	1200	123	60	90	420	96	540	87
419	1400.0	120.1		116.2		1500	142	0	0	1500	122	0	0	600	95	600	86
420	1320.0	122.4		117.7		1500	143	0	0	1320	128	0	0	720	91	420	85
421	960.0	134.2		129.2		1260	155	0	0	840	135	60	93	540	107	180	80
422	1320.0	113.7		111.2		1560	130	0	0	1080	116	180	94	840	95	300	85
423	1320.0	125.4		123.3		1800	138	0	0	1320	125	0	0	720	101	120	87
424	1100.0	125.1		119.6		1500	150	0	0	900	118	60	89	540	95	300	83
425	1360.0	121.6		117.6		1440	147	0	0	1620	118	0	0	900	93	120	81
426	1180.0	133.5		130.0		1440	151	0	0	1380	134	0	0	600	100	120	86
427	1260.0	125.2		122.0		1200	149	0	0	1440	126	0	0	1080	100	60	85
428	1540.0	119.3		115.6		1800	139	0	0	1680	119	120	105	480	89	540	85
429	1480.0	120.0		116.9		1620	140	0	0	1800	118	0	0	540	98	480	85
430	1120.0	125.0		121.8		1200	149	0	0	1080	122	60	98	900	103	120	90
431	1200.0	131.1		128.1		1440	148	0	0	1140	134	0	0	780	108	240	91
432	1260.0	127.9		124.1		1380	148	0	0	1500	128	0	0	660	104	240	78
433	1400.0	123.6		120.0		1620	145	0	0	1680	119	0	0	600	100	300	81
434	1280.0	127.3		122.3		1260	155	0	0	1380	130	60	98	900	97	240	87
435	1240.0	127.2		123.2		1500	150	0	0	1320	121	60	119	600	103	240	81
436	1020.0	129.0		124.3		1200	155	0	0	1140	123	0	0	480	99	240	87
437	1520.0	113.2		109.2		2220	132	0	0	1200	106	180	96	540	86	420	77
438	1220.0	119.6		116.5		1200	144	0	0	1140	118	0	0	1080	102	240	85
439	1340.0	110.1		106.1		1320	138	0	0	1440	106	60	94	600	85	600	85
440	1800.0	115.0		112.4		2280	130	0	0	1800	114	0	0	780	97	540	81
441	1580.0	117.6		115.4		1620	135	0	0	1800	117	60	114	900	101	360	85
442	1440.0	121.7		119.3		2100	135	0	0	1320	119	60	80	600	98	240	89
443	980.0	126.2		124.0		1020	144	0	0	1320	124	0	0	480	105	120	85
444	1440.0	111.3		107.6		1680	136	0	0	1680	101	60	93	660	89	240	77
445	1440.0	118.4		115.0		1620	140	0	0	1740	114	0	0	720	93	240	80
446	1280.0	118.4		114.3		1560	138	0	0	1140	122	0	0	600	90	540	86
447	1460.0	120.1		117.4		1920	138	0	0	1620	112	0	0	540	101	300	84
448	1300.0	126.2		122.3		1560	148	0	0	1200	126	0	0	1080	97	60	88
449	1380.0	122.3		117.3		1560	143	0	0	1260	127	60	76	1020	100	240	69
450	1380.0	123.1		120.5		1920	138	0	0	1080	123	60	85	960	100	120	89
451	1000.0	120.8		117.0		960	141	0	0	1200	125	0	0	660	95	180	79
452	1300.0	127.0		122.5		1860	147	0	0	1080	123	60	116	540	93	360	88
453	1180.0	124.3		119.9		1200	150	0	0	1440	123	0	0	540	96	360	86
454	1240.0	130.5		127.0		1380	152	0	0	1380	129	0	0	720	107	240	86
455	1600.0	116.7		113.8		1560	138	0	0	2160	115	60	88	780	90	240	87
456	1660.0	122.9		119.9		2340	139	0	0	1560	119	0	0	840	97	240	82
457	1360.0	127.1		123.5		1260	152	0	0	1620	128	60	112	1020	101	120	83
458	1100.0	124.6		119.8		1140	148	0	0	1260	128	60	99	420	93	420	86
459	1360.0	117.7		114.8		1620	130	0	0	1500	123	0	0	600	94	360	80
460	1780.0	102.0		100.0		2220	114	0	0	1800	103	120	95	660	81	540	77
461	1320.0	127.3		124.7		1380	141	0	0	1620	132	0	0	840	103	120	78
462	1200.0	118.4		112.7		1200	143	0	0	1200	127	60	83	660	87	480	83
463	1520.0	116.5		113.0		1680	137	0	0	1560	117	120	88	1020	93	180	74
464	1520.0	115.4		113.3		1860	129	0	0	1560	116	120	99	900	94	120	75
465	1420.0	117.3		114.9		1500	136	0	0	1560	116	60	90	1020	98	120	78
466	1280.0	114.2		112.3		1140	128	0	0	1500	120	0	0	960	96	240	86
467	1380.0	121.2		119.0		1620	136	0	0	1560	121	60	95	720	100	180	84
468	1460.0	105.4		101.9		1440	131	0	0	1740	100	0	0	960	84	240	76
469	1680.0	108.2		103.7		1980	130	0	0	1800	106	0	0	1140	78	120	67
470	1520.0	115.6		111.3		1920	136	0	0	1560	113	0	0	540	87	540	79
471	1240.0	121.0		118.1		1560	140	0	0	1260	115	0	0	660	101	240	84
472	1420.0	115.6		112.9		1980	131	0	0	1080	115	0	0	780	93	420	87
473	1340.0	109.8		107.2		1740	125	0	0	1320	108	60	90	600	87	300	79
474	1220.0	113.5		111.2		1320	130	0	0	1500	112	60	119	600	90	180	82
475	1560.0	109.0		106.6		2160	124	0	0	1440	103	60	106	540	92	480	79
476	1560.0	112.8		109.4		1800	135	0	0	1920	105	60	88	600	92	300	76
477	1340.0	112.8		110.5		1740	125	0	0	1440	114	0	0	480	89	360	81
478	1500.0	107.7		106.9		1860	116	0	0	1500	108	0	0	900	96	240	86
479	1420.0	105.3		103.8		1620	117	0	0	1260	107	60	93	1020	93	300	79
480	1460.0	99.2		96.0		1560	117	0	0	1560	99	60	116	840	72	360	83
481	1380.0	108.7		106.9		1500	121	0	0	1500	112	0	0	1020	89	120	81
482	1220.0	112.5		110.5		1440	126	0	0	1320	113	0	0	660	92	240	85
483	1340.0	106.2		104.7		1740	115	60	115	1260	109	60	91	600	89	300	79
484	1400.0	109.8		107.5		1680	123	0	0	1380	113	0	0	720	88	420	84
485	1140.0	114.8		112.0		1140	136	0	0	1500	112	0	0	360	93	420	86
486	1500.0	104.9		100.9		1380	125	0	0	1860	109	0	0	840	82	420	67
487	1460.0	106.8		104.5		1740	125	0	0	1620	99	0	0	660	92	360	81
488	1360.0	115.4		113.1		1980	128	0	0	1200	114	0	0	420	91	480	88
489	1460.0	112.1		108.9		1500	136	0	0	1980	106	60	96	540	85	300	85
490	1620.0	117.9		115.7		1920	135	0	0	1860	114	0	0	900	95	180	90
491	1560.0	116.2		113.7		1920	130	0	0	1680	118	0	0	840	91	240	82
492	1240.0	118.6		116.4		1440	135	0	0	1260	117	180	101	780	98	60	78
493	1500.0	106.2		104.4		1740	123	0	0	1680	99	0	0	960	91	120	84
494	1440.0	121.7		117.9		1920	143	0	0	1320	114	0	0	600	99	480	86
495	1560.0	117.8		115.7		1800	133	0	0	2040	115	0	0	600	95	240	84
496	1480.0	109.4		107.0		1800	125	0	0	1500	107	60	88	600	96	480	78
497	1160.0	115.4		112.3		1380	128	0	0	1080	124	60	95	540	94	420	82
498	1600.0	113.0		110.5		2160	126	0	0	1560	113	0	0	840	89	240	79
499	1260.0	120.6		118.7		1440	134	0	0	1500	121	60	114	540	98	240	90
500	1580.0	115.8		114.0		1860	130	0	0	1620	115	0	0	1080	98	180	83
501	1300.0	118.5		116.4		1380	138	0	0	1620	113	60	113	660	100	180	88
502	1020.0	125.7		122.6		780	144	0	0	1500	132	0	0	660	97	120	87
503	1280.0	113.2		109.6		1560	137	0	0	1440	102	60	93	600	90	180	81
504	1360.0	119.2		115.0		1500	139	0	0	1620	121	0	0	660	86	300	83
505	1020.0	123.4		121.4		960	138	0	0	1500	124	0	0	420	104	180	85
506	1500.0	112.6		111.3		1860	120	0	0	1800	115	0	0	540	96	300	82
507	1540.0	109.7		107.0		1440	128	0	0	1860	112	60	97	1020	88	240	77
508	1340.0	116.8		113.6		1380	138	0	0	1620	116	0	0	660	92	360	85
509	1360.0	125.5		123.6		1440	144	0	0	1680	122	0	0	840	105	120	97
510	1440.0	109.8		108.3		1620	123	0	0	1680	108	60	94	660	95	300	84
511	1260.0	115.7		113.0		1740	131	0	0	1260	110	120	99	420	97	240	76
512	1380.0	118.6		116.0		1920	132	0	0	1320	117	60	108	420	99	420	83
513	1300.0	116.3		113.0		1380	136	0	0	1440	118	0	0	780	90	300	86
514	1080.0	129.7		127.0		1560	146	0	0	900	125	0	0	720	104	60	86
515	1500.0	117.5		113.7		1800	139	0	0	1620	114	60	83	720	90	300	81
516	1180.0	124.3		121.3		1500	140	0	0	1140	126	60	97	660	99	180	84
517	1440.0	116.2		112.7		1740	139	0	0	1500	108	120	94	720	92	240	85
518	1280.0	114.5		113.0		1500	125	0	0	1500	116	0	0	660	95	180	86
519	1480.0	118.2		114.2		1980	137	0	0	1500	115	0	0	660	85	300	83
520	1300.0	116.7		113.7		1560	131	0	0	1380	121	0	0	660	88	300	86
521	1180.0	117.6		114.1		1200	139	0	0	1500	116	0	0	480	99	360	78
522	1540.0	103.6		101.1		2100	119	0	0	1440	96	120	66	720	90	240	74
523	1220.0	113.0		110.8		1500	125	0	0	1380	115	60	98	360	87	360	84
524	1420.0	99.0		95.4		1560	123	0	0	1560	91	0	0	780	79	360	73
525	1700.0	91.8		90.8		2460	99	0	0	1440	90	60	94	780	82	360	70
526	1380.0	107.9		106.9		1740	116	0	0	1500	109	0	0	600	91	300	89
527	1200.0	107.0		103.8		960	132	0	0	1440	109	0	0	1140	85	60	77
528	1300.0	107.9		106.1		1380	119	0	0	1500	112	0	0	720	88	300	84
529	1460.0	104.3		102.1		1740	117	0	0	1560	105	60	105	660	86	360	73
530	1540.0	98.7		97.0		1740	111	0	0	1560	100	120	93	720	81	480	78
531	1580.0	93.3		91.9		1740	105	0	0	1560	94	120	87	720	75	600	81
532	1360.0	103.0		101.6		1800	116	0	0	1380	97	60	95	660	86	180	85
533	980.0	100.0		97.1		840	124	0	0	1200	98	60	94	660	81	180	73
534	1300.0	98.6		95.3		1380	116	0	0	1320	102	60	95	720	75	420	72
535	1140.0	97.8		97.3		1320	103	0	0	1380	99	0	0	420	88	300	83
536	1260.0	107.3		105.1		1440	124	0	0	1140	107	0	0	960	89	240	82
537	1240.0	109.0		106.5		1080	129	0	0	1440	111	0	0	840	92	360	81
538	1220.0	109.4		107.3		1200	123	0	0	1560	112	0	0	600	90	300	80
539	920.0	113.2		108.5		1140	137	0	0	960	107	0	0	360	78	300	85
540	1160.0	112.0		108.6		1200	135	0	0	1380	108	0	0	480	96	420	78
541	1120.0	114.6		111.3		1500	131	0	0	1080	112	0	0	360	97	420	78
542	1240.0	111.9		109.8		1620	127	0	0	1140	108	60	95	660	94	240	82
543	1200.0	117.2		114.6		1440	135	0	0	1140	115	120	109	780	94	120	83
544	960.0	115.9		111.3		1380	137	0	0	780	108	0	0	300	84	420	84
545	1080.0	110.0		107.1		1200	130	0	0	1140	107	240	89	480	89	180	79
546	1200.0	107.1		104.2		1440	123	0	0	1320	106	0	0	480	87	360	74
547	1340.0	104.1		101.0		1320	126	0	0	1440	104	0	0	720	84	540	78
548	1400.0	103.3		100.5		1740	121	0	0	1080	102	180	91	840	82	360	78
549	1280.0	114.4		111.4		1320	135	0	0	1560	113	60	84	780	90	120	80
550	1120.0	110.2		103.7		960	144	0	0	1140	116	0	0	1140	79	120	82
551	1640.0	82.6		80.3		1740	101	0	0	1920	75	60	80	780	65	420	74
552	1240.0	102.9		100.2		1680	119	0	0	1380	95	0	0	420	83	240	70
553	1220.0	114.1		110.0		1500	134	0	0	1200	113	60	93	480	91	420	76
554	1280.0	104.9		102.7		1560	121	0	0	960	104	120	96	960	86	240	84
555	1340.0	102.5		100.5		1260	119	0	0	1560	103	120	107	600	83	480	81
556	1180.0	106.0		104.2		1080	122	0	0	1620	106	0	0	540	88	300	81
557	1320.0	103.9		101.1		1440	125	0	0	1260	99	60	91	840	87	360	78
558	1200.0	107.2		105.0		1740	119	0	0	900	109	60	93	660	85	240	80
559	1460.0	102.5		100.1		1740	118	0	0	1380	102	120	94	540	83	600	78
560	1200.0	110.9		108.3		1320	128	0	0	1320	111	0	0	660	90	300	81
561	980.0	109.7		106.5		1080	132	0	0	1200	103	0	0	480	88	180	78
562	1040.0	117.8		114.8		1080	134	0	0	1260	121	0	0	420	96	360	83
563	1260.0	101.8		99.5		1500	117	0	0	1080	102	60	86	840	85	300	75
564	1260.0	111.5		109.1		1560	126	0	0	1080	113	60	110	840	91	240	82
565	1400.0	107.5		105.7		1680	119	0	0	1560	108	60	107	600	88	300	79
566	1100.0	111.0		109.1		1200	124	0	0	1080	116	60	86	900	91	60	88
567	1460.0	100.7		99.9		1680	109	0	0	1620	101	120	90	540	92	420	81
568	1120.0	114.5		110.9		1200	136	0	0	1200	115	0	0	480	87	480	87
569	1020.0	112.7		110.6		720	132	0	0	1440	116	0	0	720	94	180	84
570	1060.0	109.8		107.8		1080	126	0	0	1140	111	60	105	780	90	120	84
571	1240.0	98.7		96.3		1380	113	0	0	1380	100	60	95	540	72	360	80
572	1160.0	107.6		105.3		1440	120	0	0	1260	109	0	0	540	81	240	85
573	980.0	100.2		98.6		840	118	0	0	1200	97	60	111	480	90	360	81
574	980.0	109.3		107.5		1020	126	0	0	1140	107	0	0	600	92	180	87
575	1440.0	95.0		94.6		1800	100	0	0	1380	97	60	93	720	86	360	81
576	1240.0	113.1		111.4		1620	125	0	0	1320	112	0	0	540	92	240	86
577	1120.0	114.3		111.1		1440	130	0	0	1200	113	60	101	360	91	300	75
578	1080.0	105.0		102.4		1140	124	0	0	900	106	180	92	840	87	180	77
579	1240.0	102.9		100.7		1320	121	0	0	1320	101	0	0	660	84	420	82
580	1000.0	113.5		110.9		1140	128	0	0	1080	116	0	0	600	92	180	78
581	1180.0	106.9		105.2		1140	122	0	0	1620	106	0	0	540	89	240	81
582	1100.0	110.1		108.5		1320	124	0	0	1020	109	60	98	720	93	180	87
583	1200.0	109.6		107.3		1680	123	0	0	1080	108	60	91	420	85	360	84
584	1160.0	109.6		105.8		720	138	0	0	1500	116	0	0	960	88	300	78
585	1260.0	117.0		114.2		1740	132	0	0	1200	115	0	0	720	89	120	87
586	960.0	115.1		112.0		1140	135	0	0	1080	111	0	0	540	88	120	85
587	1160.0	107.4		105.9		1440	118	0	0	1080	108	60	93	540	97	360	81
588	1020.0	111.0		108.9		1080	127	0	0	1200	111	0	0	540	91	240	84
589	1100.0	102.8		101.1		1140	115	0	0	840	109	180	93	720	92	420	80
590	1160.0	110.0		107.5		1320	125	0	0	1200	112	0	0	480	93	480	81
591	1240.0	117.7		114.4		1440	135	0	0	1380	119	0	0	420	90	480	86
592	1060.0	106.6		104.7		960	118	0	0	1380	112	0	0	480	86	360	83
593	1200.0	118.2		115.6		1440	135	0	0	1440	114	0	0	540	98	180	77
594	1460.0	108.0		105.0		1800	128	0	0	1440	100	60	95	660	89	420	81
595	1020.0	109.1		105.7		1380	126	0	0	960	106	60	85	420	81	240	79
596	1360.0	96.1		94.2		1860	108	0	0	1080	95	120	87	540	81	480	72
597	1180.0	109.0		106.8		1500	126	0	0	840	101	180	113	960	90	60	89
598	1240.0	111.2		108.8		1500	127	0	0	1200	111	0	0	720	91	300	82
599	820.0	108.0		104.8		780	125	0	0	900	115	0	0	240	85	540	82
600	1180.0	106.5		104.9		1380	120	0	0	1260	105	0	0	540	90	360	85
601	1240.0	108.6		107.6		1620	118	0	0	1380	107	60	83	420	94	240	87
602	960.0	115.8		113.8		900	130	0	0	1320	118	0	0	600	94	60	73
603	1280.0	114.0		111.0		1320	132	0	0	1380	117	60	100	720	93	360	81
604	1080.0	117.4		115.3		1140	134	0	0	1080	119	0	0	900	98	120	90
605	720.0	122.2		118.5		660	150	0	0	900	120	0	0	540	96	60	85
606	960.0	119.9		116.3		1080	137	0	0	1080	124	0	0	540	89	180	86
607	900.0	107.8		103.6		840	132	0	0	780	115	0	0	720	84	360	83
608	960.0	107.1		102.1		900	141	0	0	1080	100	60	91	420	80	420	82
609	1240.0	110.7		107.6		1320	135	0	0	1260	104	60	96	840	92	240	82
610	1240.0	110.5		109.6		1380	121	0	0	1500	109	0	0	600	99	240	88
611	1280.0	104.2		101.8		1380	122	0	0	1380	103	60	95	720	82	300	83
612	820.0	113.5		112.3		840	125	0	0	1020	114	60	100	420	98	120	89
613	1340.0	109.2		104.7		1560	128	0	0	1380	113	0	0	720	75	360	82
614	1440.0	104.6		100.7		1800	124	0	0	1620	100	0	0	420	75	480	73
615	980.0	98.9		96.5		720	118	0	0	1140	104	0	0	600	82	480	79
616	1020.0	119.3		116.3		1080	133	0	0	1260	125	60	91	300	92	360	86
617	1260.0	116.5		112.4		1380	138	0	0	1260	119	120	92	540	93	480	81
618	900.0	124.5		120.6		900	145	0	0	960	131	0	0	660	98	180	85
619	880.0	119.5		115.4		660	152	0	0	1020	121	60	110	660	98	240	85
620	1140.0	113.4		111.1		1260	128	0	0	1440	114	60	92	300	88	360	85
621	1160.0	114.0		110.0		1020	140	0	0	1500	115	0	0	540	84	420	86
622	1440.0	97.5		94.4		1500	118	0	0	1440	96	180	94	540	76	660	73
623	1540.0	110.3		107.5		1740	129	0	0	1560	109	120	102	900	86	300	85
624	1160.0	118.6		114.9		1560	138	0	0	960	115	60	115	600	90	300	87
625	1300.0	105.6		103.2		1320	122	0	0	1080	111	180	101	660	88	660	83
626	1160.0	110.0		108.4		1380	122	0	0	1140	110	120	100	480	99	360	82
627	1500.0	103.8		100.0		1500	124	0	0	1680	107	0	0	780	76	540	78
628	1100.0	112.6		110.2		960	131	0	0	1260	116	60	106	660	95	360	85
629	880.0	121.5		117.5		840	138	0	0	1140	129	120	91	360	86	180	88
630	1180.0	120.3		117.7		1200	140	0	0	1440	118	60	109	600	103	240	82
631	1220.0	113.5		110.2		1440	137	0	0	1140	104	60	114	900	92	120	83
632	1040.0	120.6		115.7		900	146	0	0	1080	130	60	109	720	94	360	84
633	1140.0	116.2		113.1		1200	134	0	0	1200	120	120	88	540	96	360	84
634	1100.0	118.9		114.2		1140	140	0	0	1260	124	0	0	720	86	180	81
635	1100.0	110.2		108.1		1080	128	0	0	1140	110	60	98	720	97	300	81
636	1240.0	108.6		106.2		1140	127	0	0	1440	111	120	96	480	90	540	83
637	1380.0	106.8		103.3		1800	125	0	0	1260	104	120	90	480	81	480	76
638	1360.0	105.5		103.9		1440	117	0	0	1440	109	120	99	600	88	480	84
639	1200.0	105.1		102.5		1080	126	0	0	1260	106	60	109	840	88	360	79
640	1020.0	119.0		114.5		1140	139	0	0	840	127	120	89	660	99	300	77
641	1320.0	108.2		104.1		1200	134	0	0	1440	109	240	100	420	82	660	79
642	1000.0	105.2		102.2		660	133	0	0	1020	109	180	102	600	91	540	81
643	900.0	115.2		112.3		780	136	0	0	1260	116	0	0	300	98	360	82
644	960.0	109.9		108.4		1020	126	0	0	960	104	60	117	660	99	180	87
645	1300.0	100.3		96.9		1320	124	0	0	1500	96	60	79	540	79	480	75
646	1120.0	110.2		105.4		900	141	0	0	1260	113	120	90	660	89	420	75
647	1020.0	116.9		113.5		1080	135	0	0	1080	122	0	0	480	90	420	88
648	1000.0	111.6		106.6		840	143	0	0	1080	115	0	0	780	83	300	86
649	1120.0	115.7		111.6		1140	139	0	0	1320	116	0	0	360	85	540	86
650	1380.0	111.6		108.2		1320	132	0	0	1560	115	120	100	480	85	660	84
651	1440.0	99.8		98.6		1860	112	0	0	1560	93	0	0	600	88	300	83
652	1060.0	115.2		112.4		1020	133	0	0	1320	118	0	0	540	89	300	89
653	1260.0	108.7		104.3		1380	135	0	0	960	107	0	0	900	86	540	82
654	1240.0	107.9		103.5		1200	127	0	0	1500	114	0	0	600	77	420	76
655	1340.0	108.0		106.6		1620	122	0	0	1500	101	0	0	660	99	240	82
656	960.0	112.4		109.7		900	131	0	0	960	116	60	83	720	98	240	79
657	940.0	108.6		105.1		780	133	0	0	840	116	180	91	720	90	300	80
658	1100.0	108.7		105.5		1200	127	0	0	660	116	480	101	420	89	540	81
659	1480.0	106.2		104.8		1740	118	0	0	1620	106	0	0	600	88	480	87
660	1060.0	115.3		112.3		1200	133	0	0	1080	117	60	104	600	90	240	85
661	1300.0	108.2		104.3		1560	130	0	0	960	106	120	112	420	86	840	81
662	1220.0	107.7		105.1		1020	131	0	0	1200	110	0	0	900	92	540	85
663	1360.0	104.2		101.3		1440	121	0	0	1260	109	120	92	780	84	480	77
664	940.0	110.7		109.3		840	124	0	0	1140	113	0	0	480	98	360	89
665	1100.0	112.8		109.8		1260	128	0	0	1080	118	0	0	600	88	360	85
666	860.0	113.9		109.9		780	131	0	0	1080	122	60	96	360	83	300	81
667	1360.0	105.0		103.5		1560	116	0	0	1500	107	0	0	240	90	780	84
668	1260.0	119.6		116.3		1680	134	0	0	1200	122	0	0	300	98	600	85
669	1080.0	119.7		117.1		1500	134	0	0	780	122	0	0	720	98	240	88
670	800.0	116.4		111.9		480	151	0	0	1080	122	0	0	420	94	420	85
671	1400.0	100.8		99.9		1920	108	0	0	1200	102	0	0	660	91	420	80
672	1160.0	113.5		111.0		1260	131	0	0	1320	113	0	0	840	90	60	84
673	1320.0	108.8		106.7		1440	124	0	0	1320	110	180	92	660	93	360	81
674	1160.0	115.8		112.6		1020	140	0	0	1560	115	0	0	480	93	420	86
675	1140.0	110.4		107.9		1080	130	0	0	1380	110	0	0	660	92	300	82
676	1100.0	108.4		105.8		840	131	0	0	1380	111	0	0	780	87	300	89
677	1200.0	114.6		112.2		1380	130	0	0	1260	115	60	97	540	98	360	82
678	1160.0	110.5		109.2		1200	126	0	0	1380	107	0	0	780	96	120	91
679	1220.0	106.8		103.6		960	135	0	0	1380	107	0	0	840	88	480	83
680	1060.0	105.2		103.1		1200	122	0	0	780	103	240	102	300	88	660	86
681	1240.0	115.0		111.2		1680	134	0	0	1080	112	120	94	480	84	360	84
682	920.0	119.7		115.8		720	140	0	0	1200	128	0	0	600	92	240	86
683	1320.0	111.7		108.0		1680	129	0	0	1380	110	60	114	480	84	360	74
684	1520.0	97.8		93.1		1860	120	0	0	1380	94	60	91	660	72	600	67
685	1160.0	111.4		108.5		1440	126	0	0	1140	114	0	0	300	88	600	83
686	1280.0	112.3		109.7		1320	133	0	0	1440	110	0	0	780	93	300	83
687	1040.0	109.2		105.4		900	132	0	0	1200	114	0	0	300	84	720	83
688	1280.0	104.8		101.5		1140	119	0	0	1440	115	0	0	600	84	660	77
689	1020.0	114.2		110.3		1140	134	0	0	960	119	0	0	480	86	480	86
690	1000.0	115.4		110.1		1260	138	0	0	660	122	180	94	600	83	300	84
691	920.0	129.5		123.4		780	164	0	0	1140	131	0	0	480	104	360	84
692	900.0	114.8		111.8		840	138	0	0	1020	115	0	0	600	91	240	92
693	1320.0	103.3		100.9		1500	118	0	0	1380	105	120	90	420	82	540	78
694	1180.0	111.6		109.0		1500	124	0	0	1200	115	0	0	240	88	600	83
695	980.0	120.0		115.7		840	148	0	0	1200	122	60	91	540	94	300	86
696	1100.0	115.3		111.9		1260	136	0	0	960	115	180	100	600	93	300	83
697	960.0	116.0		112.7		1020	139	0	0	960	113	60	93	600	97	240	83
698	1240.0	111.4		108.2		1200	135	0	0	1200	112	0	0	840	92	480	85
699	1340.0	102.8		100.2		1380	122	0	0	1380	102	0	0	600	88	660	78
700	1620.0	104.6		101.8		1800	126	0	0	1380	99	120	92	960	88	600	82
701	1300.0	108.1		106.4		1440	118	0	0	1500	112	60	114	480	85	420	86
702	1300.0	107.4		105.2		1560	123	0	0	1200	106	60	115	900	87	180	82
703	1300.0	107.5		104.7		1500	125	0	0	1020	109	360	96	540	87	480	81
704	1280.0	103.2		100.4		900	128	0	0	1620	106	60	98	540	84	720	81
705	1440.0	107.4		106.1		1920	118	0	0	1200	107	180	95	840	91	180	85
706	1300.0	103.0		100.5		1680	119	0	0	1080	99	300	91	360	85	480	77
707	1260.0	111.3		110.0		1500	124	0	0	1320	109	0	0	720	96	240	90
708	1540.0	110.1		108.0		1980	123	0	0	1560	110	60	109	300	86	720	85
709	1460.0	111.3		108.3		1680	132	0	0	1620	106	120	91	480	90	480	83
710	1200.0	116.5		113.6		1560	133	0	0	1080	116	180	90	540	93	240	84
711	1240.0	104.3		101.4		1260	125	0	0	1200	103	180	89	660	90	420	75
712	1540.0	109.6		107.2		1800	126	0	0	1560	108	60	98	660	92	540	82
713	1540.0	110.9		108.4		2100	125	0	0	1320	110	60	108	660	86	480	86
714	1180.0	103.4		95.8		1080	139	0	0	1020	103	300	100	600	63	540	80
715	1300.0	98.3		95.2		1200	122	0	0	1140	98	240	95	840	77	480	79
716	860.0	115.2		111.3		720	140	0	0	840	123	60	97	480	96	480	86
717	1380.0	123.8		117.9		1440	156	0	0	1380	122	0	0	840	92	480	88
718	1100.0	123.2		119.0		780	155	0	0	1440	127	60	102	780	97	240	88
719	880.0	118.8		112.9		780	156	0	0	1140	114	0	0	480	89	240	80
720	1000.0	120.9		116.3		780	156	0	0	1260	120	60	112	720	93	180	89
721	860.0	119.2		115.4		660	143	0	0	1200	122	60	112	360	101	300	79
722	780.0	122.2		117.1		600	156	0	0	1020	124	0	0	420	96	300	85
723	780.0	125.0		119.8		660	153	0	0	840	134	0	0	600	96	240	89
724	920.0	113.2		111.0		600	137	0	0	1020	118	60	99	840	99	240	87
725	960.0	116.9		110.9		960	148	0	0	840	120	120	99	600	86	360	84
726	780.0	121.2		116.8		540	151	0	0	1080	126	0	0	660	93	60	76
727	1040.0	122.2		117.1		900	152	0	0	1200	126	60	110	540	92	420	88
728	820.0	121.8		116.6		840	151	0	0	960	119	120	100	300	87	240	85
729	1040.0	115.3		111.8		840	134	0	0	1140	126	60	97	660	94	420	85
730	900.0	128.1		122.9		660	165	0	0	1140	131	0	0	720	100	180	87
731	1180.0	112.6		108.2		1200	138	0	0	1320	112	0	0	720	84	300	82
732	740.0	121.5		116.7		480	165	0	0	1020	118	0	0	540	103	180	81
733	1160.0	114.2		109.0		840	155	0	0	1380	113	60	90	780	91	420	83
734	1080.0	120.1		116.3		960	140	0	0	1380	126	60	91	600	92	240	84
735	780.0	118.4		114.3		600	144	0	0	900	126	0	0	660	94	180	84
736	1100.0	116.8		112.8		1140	138	0	0	1320	118	120	103	360	86	360	81
737	900.0	123.7		119.1		720	154	0	0	1080	128	60	98	600	96	240	89
738	1000.0	116.6		112.6		720	150	0	0	1080	120	60	93	900	95	240	88
739	1000.0	122.1		115.9		720	155	0	0	1140	133	120	111	600	91	420	84
740	1140.0	113.4		108.3		780	144	0	0	1500	120	0	0	660	87	480	79
741	860.0	124.7		119.2		840	150	0	0	1020	129	60	96	420	94	240	79
742	1040.0	118.5		114.4		840	149	0	0	1260	117	0	0	720	102	300	79
743	800.0	123.4		120.4		720	144	0	0	900	126	60	86	540	109	180	84
744	760.0	132.8		128.3		600	164	0	0	960	136	0	0	540	106	180	92
745	960.0	125.8		119.4		720	169	0	0	1080	128	120	91	780	98	180	84
746	660.0	118.0		112.9		360	172	0	0	600	117	0	0	840	103	180	83
747	860.0	118.6		113.2		600	158	0	0	780	125	60	117	900	96	240	84
748	1020.0	120.2		115.1		900	147	0	0	1140	126	120	102	480	94	420	82
749	980.0	119.3		116.3		900	144	0	0	1020	120	0	0	840	97	180	96
750	1080.0	122.2		117.0		780	158	0	0	1440	125	0	0	780	93	240	84
751	860.0	118.5		116.1		660	145	0	0	1200	116	60	114	600	98	60	88
752	820.0	115.9		111.2		720	149	0	0	900	113	0	0	420	97	420	84
753	1220.0	120.0		114.6		1380	150	0	0	1080	113	240	107	540	90	420	85
754	980.0	118.0		113.7		840	152	0	0	1260	113	60	93	600	92	180	89
755	880.0	123.1		118.6		660	153	0	0	1140	128	0	0	660	94	180	89
756	1080.0	115.4		109.9		900	147	0	0	1140	120	60	114	660	90	480	80
757	900.0	112.8		106.4		840	151	0	0	720	111	120	94	600	89	420	79
758	920.0	128.1		123.3		660	157	0	0	1200	135	60	104	600	102	240	85
759	1100.0	118.2		113.8		1200	143	0	0	1200	116	0	0	600	92	300	80
760	960.0	117.2		113.0		780	150	0	0	1140	114	0	0	600	101	360	83
761	920.0	119.7		114.6		1020	142	0	0	1020	121	120	109	300	84	300	79
762	900.0	116.8		112.3		840	141	0	0	840	125	120	95	600	92	300	84
763	1180.0	117.9		113.8		1140	147	0	0	1140	116	60	95	840	96	360	87
764	840.0	120.6		116.6		660	152	0	0	1020	120	0	0	540	103	300	85
765	860.0	114.6		110.1		540	152	0	0	1140	117	60	109	780	88	60	83
766	960.0	112.7		109.0		780	140	0	0	1140	115	120	91	420	91	420	84
767	1300.0	117.6		113.7		1740	136	60	110	1140	116	60	104	420	88	480	83
768	1000.0	122.9		117.7		1020	150	0	0	1020	126	0	0	660	94	300	84
769	960.0	115.0		111.0		780	144	0	0	1080	118	0	0	540	93	480	86
770	1060.0	125.3		119.9		1260	149	0	0	1140	125	120	100	420	87	240	82
771	1140.0	127.3		122.7		1440	149	0	0	1260	124	60	92	540	89	120	91
772	680.0	118.2		113.0		480	154	0	0	720	125	0	0	480	97	360	85
773	1100.0	112.1		108.8		1320	134	0	0	780	107	120	97	780	94	300	82
774	920.0	114.4		108.4		540	146	0	0	1200	127	0	0	720	85	300	78
775	800.0	123.3		118.0		540	150	0	0	960	137	0	0	600	96	300	86
776	940.0	119.6		114.8		600	148	0	0	1380	127	60	97	540	89	240	81
777	1040.0	115.7		112.3		1320	131	60	110	840	122	60	105	420	87	420	86
778	1260.0	108.6		103.6		1140	137	0	0	1620	108	60	91	360	80	600	75
779	860.0	123.3		116.2		840	146	0	0	1020	134	0	0	360	83	360	80
780	1280.0	109.1		104.5		1380	134	0	0	1140	110	180	96	840	81	300	78
781	1080.0	110.3		107.9		1080	129	0	0	1320	109	0	0	600	91	240	81
782	1040.0	111.8		108.3		960	136	0	0	1260	112	0	0	540	85	360	87
783	1140.0	117.4		112.6		1140	144	0	0	1080	121	60	100	900	89	240	85
784	1140.0	116.6		112.8		1080	145	0	0	1440	112	0	0	540	91	360	88
785	780.0	123.1		117.4		840	151	0	0	780	123	60	90	420	98	240	78
786	1340.0	107.5		103.0		1080	142	0	0	1440	106	120	95	1020	84	360	81
787	1040.0	118.0		110.4		1200	158	0	0	960	95	60	92	540	92	360	89
788	780.0	129.1		123.9		660	161	0	0	1020	130	0	0	360	102	300	88
789	920.0	111.8		109.1		540	135	0	0	1200	119	180	99	600	90	240	88
790	1060.0	114.0		112.6		960	128	0	0	1320	115	120	106	720	97	60	86
791	1200.0	112.0		109.2		1320	132	0	0	1440	108	0	0	300	96	540	83
792	1100.0	125.3		121.3		1080	155	0	0	1200	120	0	0	840	103	180	86
793	1060.0	114.2		110.6		1080	139	0	0	1020	113	120	92	720	94	240	80
794	1160.0	116.1		110.9		1200	142	0	0	1260	118	60	89	480	84	480	82
795	1200.0	115.4		111.0		1020	145	0	0	1560	115	120	97	600	87	300	81
796	740.0	117.1		112.1		540	145	0	0	900	126	120	92	300	91	360	83
797	1180.0	124.1		118.9		1200	152	0	0	1500	122	60	106	420	89	360	84
798	1180.0	122.8		118.8		1320	148	0	0	1260	117	0	0	660	101	300	84
799	1060.0	125.7		121.1		1500	146	0	0	1020	119	60	95	180	104	420	83
800	1000.0	121.4		117.7		1140	139	0	0	1020	126	60	106	600	93	180	83
801	860.0	118.7		113.6		900	145	0	0	960	119	0	0	360	89	360	82
802	1260.0	115.3		110.3		960	148	0	0	1800	116	0	0	540	86	480	80
803	880.0	124.4		119.2		600	163	0	0	1140	128	0	0	720	95	180	91
804	860.0	135.8		130.5		900	162	0	0	1080	136	0	0	420	100	180	87
805	1020.0	118.1		112.0		720	150	0	0	1200	129	0	0	780	90	360	79
806	1080.0	113.5		107.8		900	145	0	0	1260	117	60	93	480	90	540	76
807	1180.0	117.4		114.2		1320	134	0	0	1380	120	60	100	420	88	360	84
808	1160.0	112.0		107.6		1140	141	0	0	1260	108	60	91	540	90	480	81
809	1300.0	109.4		105.6		1260	137	0	0	1560	104	120	98	600	83	360	84
810	1160.0	114.6		110.3		1440	137	0	0	1140	110	0	0	600	89	300	76
811	1040.0	111.3		106.8		900	140	0	0	1020	115	120	106	540	87	540	82
812	1420.0	113.2		111.0		1740	127	0	0	1320	115	60	91	780	94	360	85
813	900.0	119.7		114.3		1020	145	0	0	720	124	240	95	480	92	240	79
814	780.0	124.1		118.4		480	151	0	0	1080	134	0	0	480	105	300	76
815	1120.0	113.8		109.8		840	138	0	0	1440	120	60	90	720	90	300	78
816	1200.0	118.1		113.5		1140	142	0	0	1260	125	0	0	780	90	420	85
817	860.0	126.6		122.6		720	154	0	0	1200	126	0	0	300	111	360	87
818	900.0	114.8		106.7		900	144	0	0	900	124	0	0	300	77	600	76
819	1200.0	112.9		107.7		1080	146	0	0	1380	111	0	0	720	85	420	82
820	1180.0	112.5		109.7		1080	134	0	0	1380	113	60	101	720	92	300	84
821	1080.0	111.3		107.2		1140	138	0	0	900	109	180	92	660	89	360	83
822	1200.0	109.7		105.4		1560	129	0	0	900	113	60	77	660	81	420	81
823	1080.0	123.6		120.2		1140	142	0	0	1260	127	120	94	360	100	360	87
824	1240.0	117.2		113.1		1200	142	0	0	1440	118	60	97	600	94	420	80
825	1240.0	109.7		106.0		1140	135	0	0	1380	110	60	96	480	87	660	83
826	1040.0	109.7		104.7		1380	135	0	0	540	101	240	94	600	83	360	81
827	1040.0	106.6		98.9		960	143	0	0	900	112	60	76	660	74	540	76
828	1480.0	108.6		104.4		1320	133	0	0	1620	113	120	101	1080	82	300	77
829	1040.0	115.9		109.6		1080	149	0	0	1140	111	120	94	420	83	360	78
830	1100.0	121.9		117.7		1140	146	0	0	1200	123	60	90	720	94	180	84
831	1080.0	123.4		117.4		1260	151	0	0	1080	122	60	91	360	88	480	85
832	1020.0	109.8		105.9		720	140	0	0	1380	112	60	94	540	83	360	84
833	900.0	123.1		118.1		660	159	0	0	1320	123	0	0	300	95	420	87
834	940.0	114.9		110.6		960	141	0	0	960	114	120	101	480	90	300	80
835	1040.0	115.0		111.4		1140	137	0	0	1020	115	60	103	720	89	180	84
836	1040.0	116.6		111.0		840	150	0	0	1380	118	0	0	600	86	300	78
837	960.0	112.7		104.6		960	150	0	0	840	113	60	107	540	80	480	75
838	1180.0	112.5		107.9		1320	136	0	0	1140	113	180	94	540	81	360	81
839	700.0	126.7		123.0		600	150	0	0	960	130	0	0	420	97	120	88
840	960.0	109.9		105.7		900	142	0	0	780	105	180	94	660	90	360	85
841	1160.0	108.4		104.7		960	137	0	0	1140	110	120	92	780	89	480	83
842	880.0	113.9		111.3		780	135	0	0	1020	114	0	0	480	102	360	84
843	960.0	112.6		107.8		840	144	0	0	900	115	180	98	600	86	360	85
844	1180.0	113.9		109.1		1500	138	0	0	900	110	180	93	600	83	360	85
845	1300.0	103.4		100.7		840	130	0	0	1620	106	120	94	780	84	540	84
846	860.0	119.4		117.3		600	140	0	0	1140	122	0	0	660	106	180	84
847	900.0	115.1		111.5		1020	136	0	0	900	115	60	93	360	92	360	83
848	980.0	115.0		112.4		720	135	0	0	840	127	120	94	1020	99	240	91
849	1020.0	116.1		113.8		1020	130	0	0	1260	118	60	92	300	111	420	84
850	1040.0	109.3		106.7		1140	129	0	0	900	104	60	92	660	100	360	80
851	920.0	113.2		111.3		780	130	0	0	1140	115	0	0	660	98	180	84
852	1180.0	108.2		104.0		1320	131	0	0	780	112	480	95	480	83	480	78
853	1200.0	111.3		108.0		840	138	0	0	1380	117	60	91	960	90	360	87
854	720.0	109.6		105.7		420	137	0	0	1080	116	0	0	180	84	480	81
855	1220.0	104.9		102.1		780	127	0	0	1680	109	60	119	900	85	240	75
856	1120.0	101.2		96.8		780	127	0	0	1320	109	60	100	360	80	840	74
857	1240.0	108.1		106.3		1380	122	0	0	1380	108	60	98	360	93	540	84
858	960.0	107.3		105.1		900	123	0	0	1080	110	180	104	300	91	420	80
859	1200.0	100.2		98.8		720	117	0	0	1440	104	60	81	720	93	660	83
860	1120.0	107.0		103.3		1020	127	0	0	1320	112	60	99	420	76	540	82
861	1260.0	107.1		104.6		1020	125	0	0	1500	112	0	0	660	92	600	81
862	1240.0	111.4		108.8		1140	133	0	0	1200	113	60	100	1080	93	240	86
863	1160.0	107.7		105.0		900	129	0	0	1560	110	0	0	720	87	300	81
864	1040.0	103.4		101.8		840	122	0	0	1320	103	0	0	660	88	300	87
865	1280.0	114.4		111.1		1500	131	0	0	1140	120	180	93	480	89	540	86
866	1020.0	104.9		101.5		720	130	0	0	1020	114	60	84	720	86	540	82
867	1200.0	103.4		100.6		1020	123	0	0	900	112	300	102	720	86	660	81
868	1400.0	106.0		103.8		1260	125	0	0	1740	106	60	81	720	89	420	82
869	1420.0	102.5		101.4		1560	115	0	0	1620	99	0	0	660	93	420	84
870	980.0	98.1		95.4		600	126	0	0	960	103	120	93	420	81	840	82
871	1020.0	100.9		97.1		600	122	0	0	1380	111	60	71	600	80	420	72
872	1340.0	101.7		99.2		1260	122	0	0	1440	101	60	102	360	80	900	83
873	1420.0	102.8		100.1		1260	123	0	0	1620	105	120	86	660	80	600	83
874	1140.0	109.1		105.6		1080	128	0	0	1140	116	60	105	300	94	840	81
875	1300.0	104.1		101.0		1080	122	0	0	1500	111	60	103	600	80	660	81
876	1160.0	99.3		95.9		1140	119	0	0	1080	104	60	93	540	80	660	74
877	1160.0	99.6		97.9		840	118	0	0	1560	101	0	0	420	87	660	81
878	1100.0	100.2		98.3		780	117	0	0	1200	106	60	93	780	88	480	79
879	1220.0	102.2		100.0		840	125	0	0	1680	103	0	0	600	89	540	79
880	840.0	104.2		102.7		720	120	0	0	900	106	60	106	720	89	120	86
881	1020.0	102.8		100.1		540	129	0	0	1380	108	60	86	600	89	480	78
882	1760.0	100.5		97.8		1500	126	0	0	2160	96	0	0	960	87	660	77
883	1060.0	114.2		110.7		960	140	0	0	1260	114	0	0	600	91	360	85
884	1120.0	117.1		113.0		900	148	0	0	1440	117	60	90	540	93	420	86
885	940.0	116.2		112.4		840	141	0	0	1140	118	60	103	600	89	180	84
886	920.0	117.7		115.6		600	133	0	0	1080	128	0	0	720	102	360	93
887	1260.0	111.6		110.2		1080	129	0	0	1740	110	60	99	780	96	120	87
888	1320.0	115.4		112.4		960	139	0	0	1860	119	60	87	780	91	300	87
889	1020.0	113.8		110.3		780	135	0	0	1200	122	60	109	660	90	360	85
890	960.0	120.9		116.4		840	143	0	0	1080	130	0	0	540	98	420	83
891	1040.0	121.0		117.3		900	147	0	0	1320	122	0	0	660	97	240	84
892	940.0	121.8		117.4		660	155	0	0	1200	126	0	0	720	94	240	93
893	940.0	122.5		117.3		840	144	0	0	1260	129	60	110	360	86	300	81
894	960.0	121.3		116.9		600	155	0	0	1200	127	60	99	600	104	420	85
895	940.0	124.2		119.5		540	165	0	0	1380	127	0	0	720	98	180	85
896	800.0	127.5		124.2		360	156	0	0	1140	137	0	0	660	109	240	91
897	940.0	116.2		108.7		720	160	0	0	960	121	0	0	840	86	300	80
898	1240.0	114.3		110.6		1080	138	0	0	1440	118	60	108	660	90	480	84
899	1140.0	119.3		113.6		1140	150	0	0	900	125	300	92	720	91	360	87
900	1020.0	114.2		108.1		960	152	0	0	960	109	60	98	780	89	300	79
901	740.0	126.7		124.1		480	149	0	0	1200	130	0	0	300	105	240	93
902	920.0	116.8		111.1		720	153	0	0	900	123	120	94	480	91	540	86
903	880.0	112.2		109.4		660	123	0	0	960	127	120	96	420	96	480	86
904	1280.0	109.5		105.2		1080	140	0	0	1620	108	0	0	780	83	360	82
905	960.0	121.2		116.1		720	158	0	0	1140	123	0	0	840	96	180	81
906	1260.0	120.2		116.0		1080	144	0	0	1500	127	0	0	720	92	480	88
907	1060.0	121.3		116.6		900	149	0	0	1500	122	0	0	480	95	300	77
908	900.0	119.1		114.1		600	157	0	0	1320	120	0	0	480	92	300	83
909	1040.0	120.1		115.0		660	157	0	0	1260	127	60	89	600	98	540	87
910	1280.0	109.9		106.9		1200	134	0	0	1380	108	60	92	540	95	660	84
911	1220.0	115.7		112.2		1080	140	0	0	1320	119	0	0	840	94	420	86
912	1160.0	124.6		121.4		1020	149	0	0	1500	124	0	0	720	104	240	86
913	1320.0	104.1		101.2		1380	126	0	0	1020	102	360	96	720	82	480	85
914	1260.0	108.6		105.5		1020	131	0	0	1560	112	180	96	780	85	240	78
915	1200.0	116.8		112.5		720	152	0	0	1380	123	120	112	1140	95	240	81
916	1120.0	119.8		114.9		1080	152	0	0	1260	115	0	0	780	95	240	81
917	1160.0	112.6		106.8		1200	143	0	0	1320	109	60	95	540	77	360	81
918	1100.0	116.0		111.7		1080	145	0	0	1380	110	0	0	420	96	420	81
919	1320.0	114.6		109.9		720	151	0	0	1500	125	120	107	1500	90	120	82
920	1320.0	109.7		104.8		1500	136	0	0	1200	105	60	93	720	88	480	74
921	1320.0	122.5		118.3		1260	152	0	0	1140	123	0	0	1140	101	420	91
922	1320.0	120.1		114.7		1320	148	0	0	1260	124	120	113	900	90	360	82
923	1320.0	108.0		103.7		1140	138	0	0	1080	112	120	89	1260	87	360	81
924	1040.0	122.1		117.6		780	156	0	0	1140	126	0	0	1020	98	180	87
925	1380.0	109.6		105.8		1620	129	0	0	1080	114	360	92	600	82	480	82
926	1020.0	123.5		118.0		900	156	0	0	1200	125	60	95	720	94	180	79
927	1440.0	110.4		106.2		1440	137	0	0	1440	109	0	0	660	90	780	81
928	1140.0	115.3		110.4		780	149	0	0	1320	122	0	0	1020	91	300	81
929	940.0	113.2		110.7		480	144	0	0	1260	117	0	0	960	95	120	95
930	1260.0	113.9		109.5		1020	145	0	0	1620	114	60	92	660	88	420	82
931	1520.0	116.7		114.1		1500	136	0	0	1800	117	0	0	1080	94	180	88
932	1260.0	117.3		112.5		1140	146	0	0	1560	118	0	0	660	86	420	86
933	1040.0	125.4		120.3		1020	156	0	0	1260	122	0	0	540	99	300	83
934	1540.0	109.2		104.3		1200	140	0	0	1740	114	0	0	1200	84	480	78
935	1020.0	117.4		112.5		720	155	0	0	1380	115	0	0	660	100	300	76
936	1020.0	125.1		121.5		780	157	0	0	1320	124	0	0	840	103	120	85
937	780.0	129.1		123.9		780	161	0	0	600	132	0	0	780	104	180	90
938	1280.0	116.9		112.4		960	152	0	0	1500	117	60	116	960	94	360	84
939	1220.0	115.8		111.2		900	149	0	0	1620	117	60	93	780	90	300	81
940	1440.0	111.6		107.0		1080	146	0	0	1620	114	60	90	1320	87	240	82
941	1440.0	113.5		111.6		1200	133	0	0	1920	113	60	106	780	97	360	88
942	1240.0	118.9		115.0		1440	138	0	0	1080	125	0	0	960	90	240	92
943	1260.0	106.6		102.6		1260	134	0	0	1200	101	240	92	720	89	360	74
944	1040.0	119.4		114.9		720	153	0	0	1200	125	60	112	960	94	180	86
945	1300.0	116.5		113.1		1320	141	0	0	1500	113	0	0	900	93	180	83
946	1540.0	110.0		105.4		1440	139	0	0	1560	110	120	92	960	86	540	79
947	1020.0	114.0		110.2		780	142	0	0	1320	117	0	0	600	88	360	86
948	1220.0	114.1		109.5		840	149	0	0	1560	116	120	108	960	88	180	78
949	840.0	102.1		99.7		420	136	0	0	1020	102	0	0	780	92	300	81
950	1240.0	107.3		103.5		900	139	0	0	1320	110	0	0	1260	87	240	80
951	1100.0	116.5		111.5		960	147	0	0	1260	119	60	94	840	87	180	82
952	1260.0	102.2		98.7		1080	127	0	0	1620	101	60	116	420	77	600	77
953	1240.0	104.0		101.2		1020	123	0	0	1620	107	60	87	600	88	420	72
954	1460.0	97.6		95.2		1200	117	0	0	1680	100	0	0	1140	81	360	74
955	1000.0	108.5		106.5		720	133	0	0	1140	108	0	0	1080	94	60	86
956	1140.0	97.2		93.8		1020	117	0	0	1020	103	360	92	780	75	240	68
957	1040.0	101.5		99.9		540	126	0	0	1440	103	60	94	840	89	240	83
958	1040.0	106.3		103.5		660	134	0	0	1320	109	60	102	900	87	180	83
959	1300.0	101.3		97.4		960	134	0	0	1260	102	120	97	1380	82	180	73
960	1260.0	107.4		105.0		1380	124	0	0	1200	109	120	94	720	88	360	82
961	1340.0	101.1		97.3		1140	125	0	0	1200	108	180	92	1260	77	240	87
962	900.0	108.0		105.0		780	128	0	0	900	114	120	88	720	90	180	76
963	1380.0	101.1		98.9		960	124	0	0	1800	102	60	98	1020	83	300	84
964	1040.0	106.5		104.3		780	129	0	0	1320	107	0	0	780	91	240	81
965	1140.0	99.1		96.9		480	128	0	0	1560	104	60	95	1020	83	300	83
966	1380.0	103.2		101.2		1260	123	0	0	1560	101	60	97	1020	87	240	84
967	1520.0	98.1		95.9		1020	122	0	0	1860	99	240	93	1140	82	300	77
968	1180.0	97.3		94.8		1140	117	0	0	1200	97	120	82	660	81	420	75
969	1240.0	103.7		101.1		840	132	0	0	1440	104	60	112	1260	86	120	85
970	1800.0	95.0		91.6		1740	117	0	0	1680	97	0	0	1740	73	240	82
971	1420.0	97.6		96.1		1020	113	0	0	1560	103	0	0	1500	84	180	78
972	1400.0	99.6		97.7		600	123	0	0	1740	106	180	105	1380	84	300	84
973	1400.0	103.0		101.3		900	126	0	0	1800	103	60	106	1080	89	360	87
974	1640.0	100.4		98.2		1620	118	0	0	1440	103	60	92	1620	83	180	81
975	1720.0	102.6		100.5		1500	122	0	0	1740	104	60	95	1740	86	120	84
976	1360.0	107.0		104.6		900	131	0	0	1680	111	0	0	1380	88	120	91
977	1340.0	106.2		103.5		1320	127	0	0	1380	106	60	79	1080	86	180	85
978	1540.0	103.2		99.6		1200	129	0	0	1800	107	0	0	1320	79	300	84
979	1360.0	105.8		103.3		1200	123	0	0	1620	110	120	93	840	83	300	83
980	1640.0	103.2		99.9		1560	127	0	0	1680	102	60	103	1380	82	240	78
981	1280.0	108.4		106.4		1080	127	0	0	1500	110	180	97	840	91	240	84
982	1340.0	114.4		112.0		1200	135	0	0	1860	113	0	0	780	91	180	92
983	1500.0	111.6		108.2		1380	138	0	0	1620	110	60	110	1320	88	120	90
984	1260.0	112.9		109.7		900	135	0	0	1500	121	0	0	840	92	540	86
985	1700.0	105.4		102.8		1380	129	0	0	2160	105	0	0	1080	88	480	79
986	1360.0	104.7		100.9		720	130	0	0	2100	112	0	0	960	78	300	78
987	1600.0	107.0		103.4		1320	135	0	0	1740	108	0	0	1440	85	300	84
988	1440.0	110.6		106.8		1260	137	0	0	1560	113	60	84	960	87	480	84
989	1740.0	108.0		105.3		1920	128	0	0	1320	107	60	93	1800	90	120	76
990	1380.0	111.0		108.3		1500	129	0	0	1620	110	60	92	660	90	300	77
991	1840.0	101.2		98.3		1860	126	0	0	2040	91	180	81	900	89	540	81
992	1560.0	103.6		101.3		1500	119	0	0	1740	107	120	93	900	85	420	77
993	1480.0	108.4		106.3		1800	125	0	0	1200	105	60	95	1080	91	300	87
994	1500.0	106.6		102.8		1320	131	0	0	1620	110	240	88	900	83	420	78
995	1840.0	97.8		94.9		2280	118	0	0	1740	86	240	91	840	78	420	81
996	1380.0	111.1		108.2		900	136	0	0	1740	117	0	0	1380	90	120	83
997	1740.0	107.8		105.8		1500	127	0	0	2040	109	120	89	1380	90	180	84
998	1700.0	104.8		103.8		1620	116	0	0	1680	108	120	96	1380	93	300	85
999	1660.0	102.8		101.0		1680	118	0	0	1320	106	240	97	1440	87	300	84
1000	1140.0	109.8		107.5		600	134	0	0	1140	120	120	100	1380	95	180	85
1001	1500.0	108.7		107.0		1380	127	0	0	1560	107	0	0	1260	96	300	86
1002	1440.0	103.2		99.8		1140	128	0	0	1500	108	60	87	1260	82	360	81
1003	1620.0	104.9		102.0		1560	128	0	0	1860	102	0	0	780	85	660	82
1004	1600.0	103.5		101.3		1320	119	0	0	1920	109	0	0	1260	85	300	78
1005	1320.0	117.1		112.8		1200	144	0	0	1320	121	60	108	1080	92	300	84
1006	1440.0	118.4		114.6		1080	149	0	0	1560	122	60	93	1560	96	60	80
1007	1600.0	111.1		106.7		1320	143	0	0	1860	111	0	0	1200	86	420	83
1008	1220.0	123.4		119.5		1200	153	0	0	1500	116	0	0	660	103	300	87
1009	1680.0	111.8		107.7		1440	142	0	0	2220	109	0	0	1020	87	360	79
1010	1320.0	117.1		113.6		1200	141	0	0	1860	116	60	97	300	88	540	86
1011	1600.0	98.1		94.9		1560	121	0	0	2040	93	0	0	1020	80	180	60
1012	1420.0	112.5		108.9		1320	141	0	0	1500	109	120	100	960	90	360	87
1013	1260.0	113.8		109.7		960	146	0	0	1620	114	0	0	540	90	660	86
1014	1740.0	111.7		109.2		1560	133	0	0	2220	111	0	0	1320	91	120	77
1015	1660.0	104.1		100.7		1380	133	0	0	2040	101	0	0	1140	83	420	82
1016	1520.0	103.6		101.8		1080	125	0	0	1680	106	0	0	1560	89	240	86
1017	1360.0	109.1		106.7		1200	125	0	0	1740	113	0	0	720	90	420	80
1018	1560.0	110.9		106.6		1380	140	0	0	1740	111	0	0	1140	86	420	82
1019	1600.0	114.8		111.0		1560	143	0	0	1980	109	60	91	960	91	240	81
1020	1320.0	113.5		109.2		1140	144	0	0	1320	114	60	103	960	93	480	82
1021	1280.0	123.8		118.8		1260	157	0	0	1620	116	0	0	540	99	420	86
1022	1520.0	113.7		109.0		1320	144	0	0	1860	114	0	0	1200	85	180	80
1023	1320.0	125.1		121.8		1560	144	0	0	1440	123	120	118	600	100	240	81
1024	1640.0	113.8		110.2		1380	141	0	0	2100	114	60	87	1080	88	300	86
1025	980.0	120.0		115.7		780	152	0	0	1080	123	0	0	840	96	240	87
1026	1260.0	111.7		106.9		900	143	0	0	1740	115	60	90	720	81	360	82
1027	1440.0	119.4		115.3		1620	144	0	0	1260	118	120	102	1140	94	180	81
1028	1180.0	115.4		111.7		1080	137	0	0	1440	119	120	89	420	92	480	83
1029	1820.0	110.0		107.4		1560	134	0	0	2400	108	60	95	1260	89	180	82
1030	1320.0	122.0		117.3		1320	147	0	0	1380	126	60	100	1080	92	120	81
1031	1380.0	116.0		111.2		1140	153	0	0	1620	112	60	96	1020	91	300	86
1032	1440.0	125.7		120.6		1380	154	0	0	1620	128	0	0	1140	95	180	82
1033	1920.0	106.5		103.8		2280	124	0	0	1440	108	180	91	1380	87	480	81
1034	1680.0	110.4		106.0		1500	140	0	0	1860	110	0	0	1440	85	240	80
1035	1640.0	113.2		109.4		1560	138	0	0	2040	112	60	115	900	85	360	83
1036	1820.0	104.6		101.7		1560	127	0	0	2160	106	60	93	1440	83	240	79
1037	1660.0	110.0		107.9		1500	130	0	0	1980	109	0	0	1380	92	120	83
1038	1340.0	107.8		104.6		1200	127	0	0	1620	112	60	90	780	84	360	79
1039	1860.0	96.1		91.9		1380	130	0	0	2160	94	60	92	1740	75	240	73
1040	1380.0	109.5		107.6		1320	125	0	0	1680	111	60	83	660	92	420	86
1041	1940.0	102.7		99.7		1500	124	0	0	2460	107	120	89	1260	79	480	80
1042	1520.0	107.7		104.4		1200	130	0	0	1920	112	60	94	960	84	420	80
1043	1720.0	107.1		104.3		1560	129	0	0	1860	108	60	84	1320	88	360	81
1044	2040.0	105.9		103.6		2100	121	0	0	2580	107	0	0	1200	82	240	81
1045	1520.0	110.9		108.3		1320	135	0	0	1860	109	60	93	900	93	420	85
1046	2080.0	106.0		103.9		2220	125	0	0	2460	100	60	110	1020	88	480	86
1047	1620.0	103.5		100.9		1380	129	0	0	1380	101	120	99	1680	88	300	86
1048	1460.0	107.1		106.1		1380	120	0	0	1740	106	60	115	1020	94	180	90
1049	1660.0	116.7		113.6		1560	137	0	0	1800	121	0	0	1260	94	360	86
1050	1740.0	111.8		110.1		1860	127	0	0	1620	113	120	94	1440	96	180	83
1051	1480.0	108.1		105.7		1440	126	0	0	1560	111	60	97	1140	88	240	81
1052	1500.0	112.4		110.2		1200	132	0	0	1920	115	0	0	1260	92	120	88
1053	1560.0	108.9		106.9		1260	131	0	0	1860	108	0	0	1260	93	300	88
1054	1340.0	109.9		107.3		960	134	0	0	1560	114	0	0	1380	91	120	82
1055	1340.0	118.1		114.8		1260	142	0	0	1620	118	60	100	840	93	240	86
1056	1760.0	111.1		107.4		1980	134	0	0	1740	108	120	94	840	86	600	83
1057	1560.0	113.4		109.4		1560	138	0	0	1560	115	120	94	1200	87	240	85
1058	1280.0	117.4		114.5		840	145	0	0	1800	119	60	105	840	99	300	84
1059	1160.0	116.2		113.3		1020	138	0	0	1080	122	60	106	1140	96	180	89
1060	1460.0	108.9		105.0		1440	133	0	0	1620	108	60	118	840	83	420	80
1061	1480.0	107.7		105.2		1200	124	0	0	1620	116	60	100	1200	88	360	83
1062	1380.0	114.8		111.6		1200	139	0	0	1380	118	60	110	1140	95	360	85
1063	1460.0	114.9		113.3		1440	129	0	0	1860	115	0	0	840	99	240	85
1064	1720.0	110.3		107.2		1620	134	0	0	1980	109	0	0	1140	88	420	85
1065	1080.0	121.4		117.4		840	152	0	0	1320	124	0	0	1020	95	60	86
1066	1340.0	116.6		110.9		1200	153	0	0	1500	113	60	106	960	88	300	82
1067	1300.0	114.2		112.2		1020	136	0	0	1620	115	0	0	1200	96	60	88
1068	1280.0	115.8		113.8		1080	133	0	0	1560	119	0	0	900	99	300	88
1069	1580.0	109.4		107.3		1320	130	0	0	1920	110	0	0	1200	92	300	85
1070	1580.0	108.9		105.9		1260	131	0	0	2040	112	0	0	1020	86	420	83
1071	1560.0	114.4		110.8		1320	145	0	0	1740	112	0	0	1320	94	300	84
1072	1200.0	127.8		124.8		1140	150	0	0	1620	127	60	110	660	100	120	89
1073	1600.0	114.1		110.2		1560	140	0	0	1740	113	0	0	1080	90	420	84
1074	1380.0	113.5		109.8		1080	142	0	0	1620	116	120	103	1200	88	120	89
1075	1480.0	121.9		115.9		1560	157	0	0	1800	111	0	0	660	94	420	82
1076	1340.0	121.4		117.5		1080	151	0	0	1740	122	60	100	1080	94	60	83
1077	1760.0	107.0		105.4		1680	123	0	0	2040	107	60	87	1320	91	180	83
1078	1720.0	115.7		113.5		1680	136	0	0	2100	113	0	0	1140	97	240	86
1079	1160.0	117.7		114.5		780	147	0	0	1380	121	0	0	1140	99	180	83
1080	1800.0	112.6		110.2		1500	134	0	0	2100	114	0	0	1380	96	420	84
1081	1440.0	108.4		105.4		1380	127	0	0	1320	115	240	100	900	85	480	85
1082	1440.0	108.2		105.5		1140	132	0	0	1620	110	0	0	1260	91	300	80
1083	1540.0	112.7		110.1		1680	133	0	0	1560	110	60	93	840	94	480	86
1084	1300.0	104.7		100.3		1080	134	0	0	1500	106	120	87	960	79	240	76
1085	1660.0	106.3		103.2		1380	130	60	100	1740	109	120	102	1440	85	240	81
1086	1700.0	113.8		109.6		1440	143	0	0	1800	115	0	0	1320	94	540	80
1087	1380.0	116.4		111.1		1260	148	0	0	1320	120	60	93	1020	89	480	85
1088	1700.0	111.8		107.6		1680	135	0	0	1560	117	60	117	1440	88	360	76
1089	1500.0	112.3		109.8		1800	130	0	0	1260	111	60	88	1200	92	180	87
1090	1500.0	107.8		105.5		1080	134	0	0	1860	107	0	0	1260	92	300	85
1091	1300.0	112.9		110.9		720	137	0	0	1740	117	0	0	1320	97	120	84
1092	1500.0	111.5		108.8		1380	132	0	0	1440	115	0	0	1260	95	420	82
1093	1340.0	116.1		113.9		840	138	0	0	1920	120	0	0	1080	97	180	87
1094	1760.0	110.8		108.6		1800	130	0	0	2040	108	60	102	1140	91	240	87
1095	1520.0	114.9		110.9		1440	144	0	0	1680	111	60	90	1140	92	240	82
1096	1420.0	113.0		108.9		1380	141	0	0	1440	111	120	92	900	90	420	83
1097	1340.0	111.4		108.8		1320	132	0	0	1440	111	0	0	840	93	420	85
1098	1340.0	117.0		112.7		960	142	0	0	1740	125	60	112	1080	88	180	83
1099	1620.0	109.6		107.2		1140	136	0	0	1800	111	0	0	1800	93	120	86
1100	1740.0	108.7		106.1		1740	130	0	0	1740	107	120	94	1260	90	360	84
1101	1520.0	113.9		110.7		1320	139	0	0	1620	116	60	95	1380	92	180	86
1102	1780.0	110.7		108.1		1740	130	0	0	1680	114	120	90	1560	91	240	85
1103	1380.0	118.1		113.2		1440	151	0	0	1380	108	60	92	1080	94	180	85
1104	1300.0	112.0		109.5		1200	133	0	0	1620	111	60	94	900	90	120	88
1105	1340.0	120.3		117.4		1140	145	0	0	1620	121	0	0	1140	98	120	89
1106	1400.0	115.4		112.5		1140	142	0	0	1500	116	0	0	1440	96	120	88
1107	1580.0	112.9		110.0		1380	134	0	0	1920	115	0	0	840	94	600	84
1108	1920.0	111.6		109.5		1860	131	0	0	2040	111	120	99	1500	93	240	89
1109	1320.0	118.8		116.5		1140	139	0	0	1740	119	0	0	900	100	180	83
1110	1900.0	103.9		100.4		2220	127	0	0	1680	96	180	91	780	85	840	79
1111	1180.0	110.1		107.3		600	140	0	0	1380	117	60	109	1200	93	300	87
1112	1440.0	115.2		110.8		1500	141	0	0	1440	115	60	103	1020	87	300	85
1113	1240.0	115.0		112.0		960	134	0	0	1500	123	0	0	900	93	360	86
1114	1120.0	114.2		112.0		720	137	0	0	1560	116	0	0	720	102	360	85
1115	1480.0	113.5		111.8		1320	131	0	0	1620	115	0	0	1440	97	60	84
1116	1480.0	114.6		112.2		1440	134	0	0	1680	115	0	0	1020	95	300	86
1117	2100.0	104.2		102.0		2040	122	0	0	2340	104	60	108	1320	85	540	84
1118	1960.0	109.0		105.1		1920	136	0	0	2160	106	0	0	1320	85	480	81
1119	1220.0	121.5		116.2		1080	154	0	0	1320	123	60	114	720	95	480	85
1120	1160.0	113.1		110.2		840	138	0	0	1440	117	0	0	1140	91	60	90
1121	1260.0	119.0		116.6		600	159	0	0	1800	118	0	0	1380	103	0	0
1122	1620.0	112.5		109.1		1500	140	0	0	1800	109	0	0	1380	90	180	90
1123	1100.0	119.7		116.4		660	140	0	0	1560	129	0	0	720	98	360	86
1124	1380.0	110.6		107.8		1020	133	0	0	1560	116	60	104	1320	91	180	82
1125	1760.0	99.8		96.4		2040	123	0	0	1380	90	420	90	840	81	600	77
1126	1380.0	118.4		112.9		1320	149	0	0	1380	121	120	92	900	88	420	86
1127	1540.0	111.6		109.4		1620	131	0	0	1620	108	120	110	1020	92	240	89
1128	1280.0	111.4		106.1		840	149	0	0	1500	117	0	0	1020	88	480	78
1129	1200.0	118.0		114.4		960	145	0	0	1140	125	120	101	1380	95	0	0
1130	1200.0	117.7		113.7		780	155	0	0	1680	117	0	0	900	95	240	86
1131	1240.0	121.8		117.0		1080	155	0	0	1620	119	0	0	1020	91	0	0
1132	1740.0	106.2		100.1		1740	138	0	0	1500	107	60	101	1260	76	660	79
1133	1400.0	121.2		118.0		1380	148	0	0	1260	118	0	0	1440	101	120	89
1134	1300.0	121.5		116.8		1020	153	0	0	1560	124	60	94	780	101	480	83
1135	1520.0	117.2		114.5		1500	141	0	0	1680	113	60	91	1080	99	240	87
1136	1320.0	126.7		123.6		1260	151	0	0	1620	125	0	0	840	104	240	90
1137	1460.0	122.7		118.7		1440	153	0	0	1440	118	0	0	1380	99	120	89
1138	1300.0	117.5		114.3		900	147	0	0	1440	122	0	0	1200	98	360	91
1139	1600.0	108.4		106.9		1380	121	0	0	1860	113	60	93	1080	94	420	86
1140	1180.0	117.2		113.5		1380	140	0	0	1140	113	60	90	540	96	420	85
1141	1220.0	120.0		115.2		720	157	0	0	1560	127	60	99	900	95	420	87
1142	1060.0	119.1		114.4		840	153	0	0	1200	121	0	0	960	93	180	87
1143	1500.0	108.1		104.4		1560	132	0	0	1500	107	240	90	660	84	540	80
1144	1300.0	116.0		112.3		1200	139	0	0	1200	123	60	89	1020	95	420	85
1145	1420.0	115.7		110.5		1440	144	0	0	1380	117	120	98	900	85	420	85
1146	1060.0	112.1		109.2		660	143	0	0	1440	113	0	0	600	97	480	86
1147	1100.0	127.3		122.0		840	167	0	0	1140	130	0	0	1140	101	180	92
1148	1460.0	115.2		110.5		1380	146	0	0	1440	114	60	109	960	90	540	85
1149	1080.0	118.7		113.5		720	159	0	0	1080	125	0	0	1260	95	180	85
1150	960.0	121.1		114.2		660	171	0	0	960	122	0	0	720	102	540	84
1151	1340.0	118.2		114.7		1320	144	0	0	1380	117	0	0	1200	94	120	91
1152	1160.0	118.7		114.3		780	154	0	0	1380	123	0	0	1140	94	180	89
1153	1020.0	121.6		118.3		600	155	0	0	1320	126	0	0	1140	99	0	0
1154	1000.0	120.6		114.1		660	173	0	0	1080	119	0	0	1080	97	180	79
1155	1060.0	124.9		119.3		780	162	0	0	1200	131	0	0	900	97	300	88
1156	980.0	124.1		117.8		660	171	0	0	1320	124	0	0	600	95	360	87
1157	1180.0	123.1		118.7		900	150	0	0	1620	128	60	97	720	94	240	83
1158	1160.0	121.9		117.2		900	151	0	0	1380	128	120	100	840	96	240	80
1159	1260.0	122.6		117.7		1080	156	0	0	1500	122	60	113	900	93	240	89
1160	1120.0	117.4		111.8		1200	147	0	0	1260	113	60	66	600	85	240	87
1161	1380.0	121.2		115.9		1200	155	0	0	1560	122	180	96	840	93	360	84
1162	940.0	118.2		114.1		720	157	0	0	1020	113	0	0	900	99	180	89
1163	1080.0	126.8		123.4		720	165	0	0	1440	124	0	0	1080	105	0	0
1164	1040.0	116.2		112.1		420	162	0	0	1500	122	0	0	1080	94	120	83
1165	960.0	120.8		115.0		720	157	0	0	1200	125	0	0	780	89	180	86
1166	940.0	125.0		119.6		720	158	0	0	1260	129	0	0	720	91	120	89
1167	940.0	134.7		130.5		900	161	0	0	1080	137	0	0	720	106	120	89
1168	1120.0	117.3		112.2		780	161	0	0	1380	115	0	0	1020	93	180	84
1169	1100.0	118.7		113.4		900	151	0	0	1380	121	60	86	600	91	360	81
1170	1060.0	125.7		123.3		600	150	0	0	1560	131	0	0	900	105	120	91
1171	1000.0	124.1		118.7		780	162	0	0	1200	125	0	0	600	97	420	90
1172	1000.0	122.8		118.8		840	154	0	0	1020	124	0	0	960	101	180	87
1173	1200.0	116.4		109.5		1140	152	0	0	1320	116	0	0	540	83	600	80
1174	840.0	121.4		116.2		420	164	0	0	1020	132	0	0	900	96	180	89
1175	960.0	128.4		125.2		1020	151	0	0	1080	127	0	0	720	102	60	87
1176	960.0	119.6		115.3		720	143	0	0	1080	131	120	84	600	97	360	88
1177	1080.0	116.9		114.5		660	146	0	0	1500	118	60	109	1020	97	0	0
1178	660.0	141.8		137.3		420	183	0	0	960	141	0	0	480	120	120	91
1179	920.0	118.8		113.6		480	162	0	0	1140	127	0	0	780	95	360	87
1180	940.0	128.1		123.8		900	154	0	0	1140	129	0	0	600	100	180	86
1181	760.0	136.1		130.6		600	171	0	0	780	144	0	0	780	108	120	92
1182	1100.0	124.1		119.9		960	149	0	0	1260	128	60	108	660	105	360	82
1183	1160.0	127.1		122.3		1140	156	0	0	1500	124	0	0	600	97	240	84
1184	1020.0	104.1		101.0		900	131	0	0	1200	99	180	94	240	86	540	82
1185	940.0	116.7		112.6		600	149	0	0	1140	123	0	0	840	92	240	92
1186	1000.0	124.4		118.6		780	160	0	0	1380	126	0	0	600	89	240	88
1187	940.0	129.8		125.6		720	160	0	0	1200	134	0	0	840	101	60	88
1188	820.0	130.6		124.4		900	162	0	0	840	128	0	0	300	102	420	89
1189	1240.0	121.2		117.7		1020	150	0	0	1440	122	0	0	1020	99	240	89
1190	760.0	117.2		113.3		420	156	0	0	960	120	0	0	660	101	240	83
1191	1040.0	123.8		118.9		1200	153	0	0	1020	113	120	90	420	109	360	86
1192	820.0	126.2		120.7		540	161	0	0	1080	134	0	0	360	99	480	90
1193	860.0	127.2		121.4		660	165	0	0	900	132	60	111	660	103	300	86
1194	840.0	122.9		120.6		480	145	0	0	1260	126	60	95	600	110	120	80
1195	840.0	119.2		113.5		960	149	0	0	420	124	120	95	420	98	600	88
1196	900.0	125.6		121.3		540	160	0	0	900	135	0	0	1080	108	180	81
1197	920.0	123.7		118.4		720	162	0	0	1080	123	60	98	600	101	300	85
1198	1020.0	112.5		109.9		840	137	0	0	1140	112	60	101	600	99	420	86
1199	940.0	129.0		124.2		780	165	0	0	960	129	60	104	900	105	120	87
1200	1080.0	119.9		117.8		960	134	0	0	1560	123	0	0	480	98	240	87
1201	1080.0	119.0		115.1		900	150	0	0	960	120	240	101	840	102	300	85
1202	840.0	116.8		112.2		540	153	0	0	840	124	120	98	780	98	240	81
1203	860.0	122.9		119.7		540	150	0	0	1320	126	0	0	540	100	180	87
1204	940.0	118.1		113.5		660	155	0	0	1140	120	120	86	660	94	240	90
1205	880.0	126.3		120.9		660	154	0	0	1020	138	0	0	660	99	300	86
1206	840.0	126.6		120.5		360	174	0	0	1140	139	0	0	840	97	180	91
1207	1000.0	126.2		121.4		900	159	0	0	1320	123	0	0	540	97	240	87
1208	840.0	125.0		119.5		540	163	0	0	1020	133	60	93	540	99	360	90
1209	800.0	129.3		123.7		540	161	0	0	960	140	60	105	540	106	300	85
1210	840.0	119.9		115.4		840	148	0	0	840	120	120	99	360	92	360	89
1211	840.0	121.5		116.7		720	147	0	0	960	129	120	100	360	90	360	89
1212	700.0	116.2		111.6		600	152	0	0	720	111	0	0	480	98	300	86
1213	780.0	115.7		111.3		420	142	0	0	1080	127	60	88	420	87	360	89
1214	860.0	123.0		118.0		660	158	0	0	1020	124	0	0	660	102	240	80
1215	1060.0	118.9		116.0		720	146	0	0	1440	121	0	0	900	99	120	80
1216	860.0	124.0		118.6		600	163	0	0	960	129	60	97	660	100	300	88
1217	800.0	127.8		123.2		600	158	0	0	1080	131	0	0	480	104	240	85
1218	680.0	120.6		117.2		480	151	0	0	960	121	60	98	360	99	180	88
1219	1040.0	122.0		117.3		600	164	0	0	1440	125	0	0	900	96	180	88
1220	960.0	115.7		110.0		660	155	0	0	900	125	120	91	780	91	420	87
1221	940.0	124.3		119.5		660	163	0	0	1140	126	0	0	780	100	240	89
1222	800.0	125.8		120.3		540	163	0	0	1020	131	0	0	480	101	360	88
1223	580.0	112.2		106.6		240	169	0	0	540	125	0	0	660	93	300	86
1224	780.0	127.6		121.3		600	166	0	0	660	140	0	0	960	100	120	88
1225	760.0	128.2		121.0		480	181	0	0	1020	128	0	0	480	104	300	83
1226	900.0	115.0		110.4		660	148	0	0	960	120	180	92	600	94	300	82
1227	720.0	115.0		109.3		300	152	0	0	780	135	0	0	420	97	660	86
1228	860.0	121.1		117.8		780	136	0	0	660	137	240	95	540	114	360	88
1229	280.0	121.0		115.3		60	148	0	0	300	153	60	99	360	98	60	94
1230	780.0	120.1		115.2		600	159	0	0	960	117	0	0	660	96	120	82
1231	640.0	124.5		118.3		300	172	0	0	780	134	0	0	540	108	300	82
1232	700.0	125.2		119.2		420	162	0	0	840	138	0	0	720	95	120	88
1233	940.0	122.6		118.6		420	165	0	0	1440	127	0	0	720	101	240	87
1234	1000.0	130.0		125.6		840	163	0	0	1200	128	0	0	720	109	240	87
1235	900.0	123.6		116.6		720	165	0	0	780	131	60	109	720	98	420	85
1236	740.0	126.5		120.2		300	164	0	0	1080	142	0	0	600	96	240	86
1237	640.0	129.2		123.1		300	178	0	0	780	142	0	0	780	101	60	87
1238	740.0	116.8		112.4		480	137	0	0	780	135	60	91	600	95	300	86
1239	600.0	124.7		116.8		420	162	0	0	480	150	120	96	600	96	180	85
1240	620.0	129.3		122.9		300	182	0	0	780	138	0	0	600	105	180	85
1241	580.0	125.9		123.0		240	147	0	0	900	136	0	0	480	106	120	88
1242	620.0	120.0		117.4		420	148	0	0	720	123	60	97	660	101	0	0
1243	660.0	128.1		123.9		540	156	0	0	900	130	60	104	300	101	180	88
1244	500.0	126.2		122.4		300	139	0	0	660	141	0	0	360	109	180	85
1245	560.0	128.8		121.9		300	174	0	0	720	140	0	0	300	103	360	90
1246	620.0	132.2		124.3		540	176	0	0	540	135	0	0	480	108	300	87
1247	780.0	122.2		117.7		480	157	0	0	960	129	0	0	540	102	360	88
1248	560.0	127.4		122.6		180	153	0	0	780	146	0	0	420	107	300	92
1249	480.0	122.9		116.9		240	164	0	0	480	142	0	0	600	98	120	89
1250	780.0	123.8		117.5		600	169	0	0	840	121	0	0	540	103	360	86
1251	540.0	117.1		111.0		180	162	0	0	840	130	0	0	240	82	360	88
1252	540.0	122.5		116.6		120	185	0	0	780	137	0	0	480	103	240	83
1253	540.0	130.1		125.1		180	171	0	0	840	141	0	0	420	110	180	85
1254	680.0	128.1		122.3		540	161	0	0	720	135	60	93	360	112	360	87
1255	860.0	121.7		115.0		660	164	0	0	900	126	60	85	480	94	480	88
1256	520.0	120.1		114.3		240	169	0	0	600	130	0	0	420	103	300	85
1257	500.0	130.0		122.6		360	172	0	0	540	139	0	0	360	104	240	86
1258	480.0	128.5		119.3		240	179	0	0	600	146	0	0	240	95	360	88
1259	460.0	134.6		127.8		240	197	0	0	540	139	0	0	480	108	120	96
1260	440.0	137.8		132.0		180	174	0	0	600	152	0	0	360	121	180	88
1261	760.0	121.8		113.2		660	164	0	0	780	126	60	84	420	87	360	82
1262	600.0	141.4		134.6		240	191	0	0	1020	151	0	0	360	107	180	90
1263	660.0	123.7		119.2		360	156	0	0	780	135	0	0	480	107	360	89
1264	540.0	126.0		121.3		300	154	0	0	600	140	0	0	420	113	300	88
1265	560.0	133.2		125.7		420	184	0	0	540	130	0	0	480	116	240	86
1266	660.0	136.1		129.1		600	180	0	0	720	131	0	0	480	105	180	93
1267	560.0	125.4		120.3		360	161	0	0	540	135	60	85	480	111	240	89
1268	660.0	130.8		124.4		300	194	0	0	840	134	0	0	540	114	300	89
1269	600.0	133.7		125.3		360	165	0	0	660	157	60	95	360	114	360	86
1270	480.0	120.5		117.0		120	143	0	0	720	135	0	0	420	104	180	86
1271	480.0	121.6		114.2		240	173	0	0	420	143	60	95	420	98	300	89
1272	600.0	120.4		115.8		300	154	0	0	720	132	0	0	420	105	360	87
1273	380.0	117.1		112.0		300	150	0	0	360	121	0	0	240	104	240	83
1274	600.0	135.3		129.9		300	178	0	0	900	143	0	0	480	105	120	92
1275	800.0	119.9		114.8		360	179	0	0	900	121	0	0	780	106	360	88
1276	420.0	122.3		119.5		120	142	0	0	600	137	0	0	480	103	60	91
1277	580.0	134.1		125.4		420	177	0	0	600	148	0	0	420	105	300	87
1278	800.0	126.8		123.1		720	147	0	0	900	135	0	0	540	103	240	89
1279	400.0	122.2		114.6		240	174	0	0	300	141	60	92	540	96	60	87
1280	580.0	122.3		117.2		300	150	0	0	780	137	0	0	420	95	240	88
1281	740.0	129.5		121.0		720	167	0	0	720	134	60	114	60	108	660	87
1282	620.0	130.8		124.5		480	155	0	0	780	145	60	93	360	96	180	87
1283	380.0	135.1		132.4		120	176	0	0	480	144	0	0	420	122	120	104
1284	680.0	135.6		125.7		480	181	0	0	720	151	0	0	480	105	360	85
1285	680.0	133.9		126.1		540	168	0	0	720	148	0	0	480	105	300	85
1286	640.0	129.2		123.5		480	167	0	0	780	131	0	0	480	106	180	82
1287	860.0	114.2		107.4		600	157	0	0	900	121	60	90	600	82	420	88
1288	700.0	127.3		121.1		600	163	0	0	600	135	120	91	540	105	240	87
1289	780.0	125.8		118.7		540	177	0	0	960	124	0	0	360	104	480	88
1290	660.0	120.2		116.5		420	153	0	0	720	124	60	96	480	109	300	88
1291	760.0	123.7		118.8		480	153	0	0	1020	132	0	0	300	107	480	87
1292	520.0	127.0		119.6		300	183	0	0	540	134	0	0	360	108	360	89
1293	440.0	119.3		117.2		120	137	0	0	540	134	0	0	600	105	60	94
1294	880.0	131.9		123.9		900	174	0	0	780	126	60	117	660	99	240	87
1295	400.0	133.3		127.6		300	175	0	0	360	138	0	0	420	112	120	90
1296	480.0	126.1		122.1		240	155	0	0	540	140	60	93	480	110	120	87
1297	460.0	111.9		109.0		240	133	0	0	540	124	0	0	300	96	300	89
1298	640.0	114.3		110.0		240	148	0	0	780	130	0	0	420	96	480	88
1299	640.0	121.6		114.3		240	206	0	0	720	126	60	90	600	102	300	89
1300	500.0	125.6		120.1		360	160	0	0	480	137	60	91	480	103	120	85
1301	420.0	125.1		117.6		240	185	0	0	480	129	0	0	420	97	120	88
1302	440.0	117.6		112.3		180	168	0	0	420	132	0	0	300	106	420	90
1303	560.0	111.6		107.2		180	161	0	0	600	125	60	116	540	94	300	86
1304	380.0	134.8		130.5		240	185	0	0	420	130	0	0	480	114	0	0
1305	440.0	140.9		136.6		180	180	0	0	660	152	0	0	480	111	0	0
1306	500.0	126.6		121.2		300	165	0	0	600	136	60	96	360	103	180	89
1307	560.0	123.4		117.4		420	160	0	0	600	129	60	101	300	106	300	83
1308	520.0	123.7		117.7		360	160	0	0	420	140	0	0	600	102	180	85
1309	520.0	137.0		129.2		480	173	0	0	600	141	60	117	180	100	240	88
1310	700.0	139.3		131.2		660	178	0	0	780	142	0	0	420	103	240	88
1311	460.0	132.7		127.1		180	171	0	0	540	153	0	0	540	109	120	91
1312	700.0	118.7		114.1		420	147	0	0	780	133	0	0	360	96	540	91
1313	480.0	124.4		118.8		300	165	0	0	540	130	0	0	300	111	300	87
1314	560.0	118.1		112.6		300	160	0	0	600	130	60	92	420	97	300	87
1315	420.0	132.0		124.5		240	181	0	0	420	146	60	89	420	110	120	84
1316	620.0	120.1		115.4		300	160	0	0	840	127	0	0	300	107	420	87
1317	480.0	126.8		117.6		300	173	0	0	420	150	0	0	360	102	360	86
1318	460.0	128.3		121.9		300	167	0	0	480	141	0	0	360	106	240	88
1319	620.0	124.9		119.1		420	165	0	0	660	132	0	0	480	103	300	88
1320	520.0	127.5		124.1		360	143	0	0	780	136	0	0	180	111	240	89
1321	580.0	113.6		107.9		180	175	0	0	540	131	60	95	540	100	420	85
1322	620.0	128.1		122.0		480	169	0	0	660	130	0	0	480	105	240	87
1323	340.0	132.6		128.9		180	164	0	0	540	135	0	0	180	124	120	88
1324	720.0	123.2		116.0		480	167	0	0	900	130	0	0	480	88	300	89
1325	380.0	123.8		118.7		240	167	0	0	360	124	0	0	300	117	240	89
1326	520.0	127.9		119.7		420	177	0	0	540	128	0	0	300	99	300	88
1327	520.0	118.6		111.8		240	181	0	0	480	130	120	97	420	98	300	88
1328	420.0	128.7		121.2		180	181	0	0	420	152	0	0	540	102	120	89
1329	500.0	135.9		123.9		360	193	0	0	600	144	0	0	240	90	300	88
1330	520.0	113.1		107.7		420	142	0	0	240	143	120	93	420	96	360	86
1331	580.0	128.5		120.3		360	182	0	0	600	137	0	0	420	107	360	86
1332	480.0	126.3		119.9		360	160	0	0	420	141	60	119	300	106	300	87
1333	800.0	116.5		112.8		600	143	0	0	900	123	60	92	540	96	300	86
1334	360.0	123.2		116.6		240	159	0	0	360	136	60	100	120	118	300	86
1335	620.0	122.6		117.2		300	182	0	0	780	124	0	0	660	100	120	90
1336	460.0	131.7		126.0		360	174	0	0	540	130	0	0	360	106	120	90
1337	540.0	126.5		120.0		420	158	0	0	540	139	180	94	240	110	240	84
1338	560.0	117.8		112.8		540	152	0	0	480	112	60	97	360	98	240	87
1339	500.0	123.4		116.9		540	156	0	0	540	116	60	83	60	130	300	85
1340	460.0	121.2		114.8		240	178	0	0	420	128	0	0	480	105	240	85
1341	660.0	109.0		99.9		600	137	60	85	600	106	60	29	420	104	240	81
1342	500.0	133.4		125.2		360	173	0	0	660	142	0	0	180	100	300	87
1343	500.0	130.8		124.0		360	166	0	0	540	145	0	0	420	100	180	90
1344	480.0	118.7		111.0		300	152	0	0	480	142	0	0	480	88	180	83
1345	480.0	119.6		117.0		180	145	0	0	660	129	0	0	420	107	180	89
1346	500.0	118.1		114.8		120	166	0	0	660	130	0	0	660	100	60	90
1347	360.0	127.0		121.7		180	157	0	0	540	139	0	0	180	99	180	89
1348	360.0	124.9		118.6		180	176	0	0	480	132	0	0	240	101	180	87
1349	460.0	116.5		112.9		300	144	0	0	480	126	0	0	360	100	240	88
1350	360.0	127.3		121.2		240	144	0	0	480	146	0	0	120	100	240	87
1351	420.0	114.9		110.3		180	130	0	0	480	139	0	0	420	92	180	89
1352	360.0	112.2		109.2		180	146	0	0	180	126	60	95	480	106	180	87
1353	540.0	132.1		127.0		420	169	0	0	660	131	0	0	360	113	180	88
1354	700.0	106.8		102.9		300	146	0	0	840	116	120	94	540	83	300	90
1355	400.0	130.8		129.1		120	143	0	0	780	138	0	0	300	107	0	0
1356	340.0	118.9		112.7		60	169	0	0	480	139	60	89	120	111	300	86
1357	500.0	118.8		113.8		240	155	0	0	480	137	0	0	480	101	300	89
1358	480.0	114.3		108.2		120	160	0	0	480	142	0	0	300	101	540	87
1359	320.0	109.2		104.3		0	0	0	0	420	136	0	0	300	92	240	84
1360	500.0	119.0		112.8		300	162	0	0	660	125	0	0	180	89	360	87
1361	340.0	99.9		98.5		0	0	0	0	360	116	0	0	300	95	360	88
1362	220.0	129.9		127.2		60	171	0	0	360	132	0	0	180	126	60	88
1363	520.0	114.5		111.6		180	155	0	0	600	124	60	112	540	98	180	93
1364	380.0	116.6		113.6		60	156	0	0	600	129	0	0	300	100	180	90
1365	340.0	133.9		124.8		240	172	0	0	360	152	0	0	180	111	240	86
1366	520.0	119.6		112.6		300	157	0	0	420	146	60	103	540	96	240	84
1367	300.0	131.9		122.6		180	182	0	0	300	152	0	0	240	100	180	91
1368	420.0	121.8		115.3		240	174	0	0	540	125	0	0	240	97	240	87
1369	700.0	116.5		111.9		420	149	0	0	780	127	0	0	540	97	360	85
1370	420.0	126.4		118.7		300	166	0	0	420	141	0	0	360	97	180	85
1371	440.0	118.5		113.7		240	147	0	0	300	147	0	0	540	103	240	89
1372	500.0	126.9		122.4		180	155	0	0	840	139	0	0	300	99	180	89
1373	600.0	115.8		113.5		420	142	0	0	660	118	0	0	600	99	120	96
1374	400.0	114.9		106.5		180	205	0	0	180	113	0	0	540	101	300	87
1375	520.0	117.7		112.3		180	176	0	0	780	123	0	0	240	107	360	84
1376	400.0	125.1		120.5		180	157	0	0	600	136	0	0	180	104	240	90
1377	300.0	116.8		110.5		180	170	0	0	300	118	0	0	300	98	120	81
1378	380.0	134.8		125.1		300	184	0	0	360	145	0	0	240	103	240	90
1379	420.0	137.0		124.7		360	192	0	0	480	137	0	0	120	104	300	84
1380	380.0	114.8		108.6		180	155	0	0	480	126	60	101	60	122	360	81
1381	420.0	111.1		107.2		180	149	0	0	420	124	60	93	240	101	360	87
1382	440.0	130.3		121.4		180	164	0	0	600	155	0	0	60	105	480	90
1383	400.0	119.2		113.6		180	163	0	0	540	128	0	0	180	108	300	84
1384	520.0	122.3		118.1		600	144	0	0	480	124	0	0	300	100	180	83
1385	440.0	118.8		112.9		120	114	0	0	480	149	60	94	300	118	360	85
1386	500.0	125.9		122.7		300	151	0	0	660	134	0	0	360	106	180	94
1387	200.0	134.6		130.7		120	161	0	0	300	143	0	0	180	103	0	0
1388	360.0	108.3		102.4		120	160	0	0	360	129	0	0	240	85	360	86
1389	560.0	120.9		114.0		540	151	0	0	540	129	0	0	300	93	300	80
1390	360.0	112.5		108.1		120	156	0	0	420	127	0	0	300	96	240	86
1391	380.0	112.7		106.2		240	160	0	0	240	128	120	91	180	97	360	86
1392	300.0	104.7		99.9		60	173	0	0	240	128	60	93	240	92	300	85
1393	440.0	125.7		120.6		360	160	0	0	600	124	0	0	240	101	120	81
1394	340.0	121.1		113.7		180	166	0	0	420	134	0	0	240	95	180	81
1395	320.0	125.9		121.1		60	154	0	0	360	153	0	0	420	109	120	90
1396	320.0	125.4		118.4		180	187	0	0	420	123	0	0	120	110	240	91
1397	360.0	122.8		119.9		0	0	0	0	540	135	60	78	360	122	120	93
1398	380.0	117.2		110.0		120	136	0	0	420	151	60	95	120	97	420	87
1399	340.0	113.5		105.8		180	171	0	0	360	123	0	0	120	84	360	85
1400	320.0	121.1		113.1		120	206	0	0	420	126	0	0	300	94	120	87
1401	320.0	108.2		102.9		120	153	0	0	240	134	60	91	300	90	240	87
1402	180.0	128.2		120.1		60	184	0	0	180	156	0	0	180	108	120	89
1403	460.0	123.9		118.7		420	157	0	0	420	127	120	97	300	98	120	89
1404	500.0	107.2		102.5		300	146	0	0	360	119	60	96	60	109	720	86
1405	360.0	131.1		123.6		300	166	0	0	420	140	0	0	300	92	60	90
1406	460.0	115.6		109.5		300	150	0	0	480	130	0	0	180	89	420	86
1407	460.0	115.3		110.8		180	159	0	0	660	124	0	0	240	94	300	87
1408	380.0	114.3		111.2		300	145	0	0	420	109	0	0	180	108	240	90
1409	480.0	107.3		103.8		240	131	0	0	480	123	120	94	240	97	360	82
1410	380.0	126.7		118.2		60	232	0	0	600	144	0	0	300	92	180	92
1411	320.0	118.6		111.0		60	171	0	0	420	145	0	0	180	94	300	86
1412	420.0	123.3		116.5		120	176	0	0	540	143	0	0	300	103	300	87
1413	220.0	103.6		99.4		120	144	0	0	60	121	60	97	180	102	240	82
1414	420.0	107.6		103.0		240	149	0	0	300	120	120	93	240	86	360	89
1415	340.0	111.1		106.3		120	148	0	0	420	126	60	76	300	86	120	102
1416	200.0	119.6		116.2		60	145	0	0	240	136	0	0	240	106	60	83
1417	280.0	121.0		116.0		60	158	0	0	420	139	0	0	300	95	60	88
1418	260.0	107.8		104.7		60	137	0	0	300	126	0	0	180	93	240	89
1419	260.0	115.1		110.2		60	167	0	0	360	130	0	0	180	97	180	86
1420	460.0	107.1		102.4		180	165	0	0	420	115	120	91	300	93	360	86
1421	240.0	119.0		112.0		60	177	0	0	300	141	0	0	180	95	180	87
1422	380.0	120.9		114.8		120	177	0	0	540	134	60	93	180	99	240	87
1423	420.0	121.8		117.2		120	150	0	0	540	139	60	92	360	111	180	83
1424	380.0	119.2		112.7		120	187	0	0	360	139	0	0	300	101	360	92
1425	520.0	121.0		114.9		120	178	0	0	840	135	0	0	180	97	420	87
1426	360.0	115.6		110.3		120	158	0	0	360	138	0	0	420	96	180	88
1427	260.0	117.1		112.0		60	180	0	0	300	135	0	0	300	97	120	91
1428	240.0	141.5		137.2		180	171	0	0	300	149	0	0	240	110	0	0
1429	360.0	118.6		115.2		60	128	0	0	300	150	0	0	480	109	240	96
1430	380.0	116.9		112.8		240	148	0	0	420	126	60	92	240	97	180	89
1431	320.0	114.0		110.1		240	139	0	0	240	124	60	94	240	108	180	82
1432	300.0	133.0		122.6		180	180	0	0	360	151	0	0	180	98	180	85
1433	580.0	107.9		102.8		300	154	0	0	420	122	120	91	420	92	480	85
1434	380.0	114.6		111.6		60	144	0	0	420	135	60	103	360	103	240	92
1435	380.0	114.7		110.8		0	0	0	0	540	135	0	0	300	107	300	86
1436	260.0	114.2		110.0		180	136	0	0	180	136	0	0	180	107	240	87
1437	380.0	124.2		115.3		360	163	0	0	300	136	0	0	120	90	360	87
1438	500.0	104.9		102.6		60	108	0	0	600	123	120	102	360	94	360	86
1439	520.0	103.8		100.3		240	146	0	0	180	126	120	97	360	94	660	89
1440	320.0	127.2		119.1		300	162	0	0	240	145	0	0	300	94	120	88
1441	380.0	124.9		118.3		120	199	0	0	420	138	60	119	360	104	180	89
1442	280.0	102.2		99.0		60	121	0	0	180	137	0	0	180	92	420	89
1443	200.0	122.6		112.9		60	200	0	0	240	143	0	0	60	110	240	86
1444	260.0	136.2		130.7		180	173	0	0	420	136	0	0	60	119	120	90
1445	300.0	100.7		97.8		0	0	0	0	300	126	0	0	180	93	420	86
1446	340.0	126.6		119.6		60	189	0	0	480	147	0	0	300	107	180	84
1447	360.0	105.8		102.6		120	154	0	0	360	114	0	0	360	94	240	87
1448	300.0	118.8		112.8		120	153	0	0	300	142	0	0	120	116	360	89
1449	260.0	103.8		101.6		0	0	0	0	360	119	0	0	120	100	300	87
1450	500.0	113.5		111.5		480	125	0	0	420	125	60	92	360	100	180	90
1451	160.0	138.5		131.8		60	156	0	0	240	161	0	0	120	109	60	90
1452	280.0	105.1		102.9		60	142	0	0	240	118	60	100	180	106	300	88
1453	240.0	137.7		127.6		180	193	0	0	240	139	0	0	240	111	60	73
1454	360.0	118.5		109.3		120	188	0	0	360	144	0	0	180	97	420	86
1455	260.0	106.9		101.1		0	0	0	0	240	148	0	0	300	90	240	87
1456	260.0	139.0		131.5		120	161	0	0	300	169	0	0	240	114	120	92
1457	200.0	110.2		102.7		60	173	0	0	120	152	0	0	60	91	360	89
1458	300.0	103.3		100.0		60	137	0	0	300	123	60	93	240	94	240	82
1459	160.0	105.4		103.1		0	0	0	0	120	129	0	0	180	107	180	88
1460	240.0	119.1		111.3		120	176	0	0	180	142	0	0	180	97	240	90
1461	160.0	129.6		120.0		60	214	0	0	180	143	0	0	120	108	120	89
1462	180.0	110.3		107.8		0	0	0	0	180	128	0	0	180	114	180	89
1463	260.0	113.8		110.4		60	127	0	0	360	132	0	0	240	96	120	88
1464	440.0	124.0		113.5		240	190	0	0	420	140	60	88	240	96	360	86
1465	360.0	111.8		106.5		60	145	0	0	300	147	60	95	360	102	300	85
1466	240.0	111.1		106.7		0	0	0	0	240	144	60	99	240	97	180	90
1467	220.0	128.7		120.3		60	169	0	0	180	158	0	0	180	139	240	89
1468	360.0	120.2		113.1		60	200	0	0	600	134	0	0	120	104	300	83
1469	200.0	132.8		121.9		60	248	0	0	240	146	0	0	120	107	180	94
1470	280.0	103.4		99.8		60	128	0	0	300	126	0	0	120	87	360	86
1471	300.0	103.7		100.1		60	158	0	0	180	128	0	0	240	101	420	87
1472	200.0	108.1		100.9		60	202	0	0	60	146	60	91	240	93	180	90
1473	220.0	116.6		108.8		120	148	0	0	120	148	60	91	60	160	300	88
1474	200.0	117.1		112.7		0	0	0	0	300	135	0	0	120	119	180	86
1475	300.0	105.9		102.9		240	122	0	0	240	122	0	0	240	90	180	84
1476	320.0	130.1		122.0		300	153	0	0	300	153	0	0	60	112	300	88
1477	320.0	130.1		126.1		300	148	0	0	180	153	0	0	360	117	120	90
1478	380.0	125.6		120.0		360	143	0	0	360	143	0	0	120	118	300	87
1479	260.0	126.2		115.3		60	180	0	0	420	149	0	0	60	98	240	80
1480	280.0	110.9		105.6		120	163	0	0	240	125	0	0	120	96	360	89
1481	240.0	125.5		114.6		120	197	0	0	240	140	0	0	180	102	180	82
1482	380.0	105.7		101.3		0	0	0	0	300	141	60	97	180	112	600	87
1483	160.0	98.2		96.6		60	129	0	0	0	0	0	0	180	103	240	87
1484	200.0	105.6		103.5		0	0	0	0	180	122	60	93	180	112	180	87
1485	320.0	104.9		102.7		60	133	0	0	300	122	60	84	360	98	180	88
1486	360.0	103.0		97.0		0	0	0	0	180	171	120	97	180	89	600	88
1487	140.0	139.7		124.6		60	248	0	0	120	151	0	0	120	128	120	86
1488	220.0	116.4		110.2		120	163	0	0	240	127	0	0	60	94	240	88
1489	220.0	98.3		95.6		0	0	0	0	240	120	60	97	0	0	360	84
1490	380.0	105.2		102.7		60	133	0	0	540	118	0	0	60	107	480	87
1491	120.0	116.7		111.2		0	0	0	0	120	149	0	0	120	114	120	87
1492	380.0	102.9		99.7		240	128	0	0	180	128	60	91	180	91	480	87
1493	160.0	113.4		109.4		120	136	0	0	120	131	60	94	60	105	120	87
1494	240.0	119.6		112.4		60	139	0	0	300	150	60	92	60	106	240	87
1495	260.0	114.9		110.1		0	0	0	0	240	151	0	0	300	106	240	90
1496	340.0	115.3		111.8		120	158	0	0	360	127	0	0	360	102	180	90
1497	100.0	120.6		109.6		0	0	0	0	120	168	0	0	0	0	180	89
1498	240.0	116.4		107.9		60	170	0	0	300	143	0	0	120	90	240	83
1499	200.0	107.7		101.1		120	170	0	0	0	0	0	0	180	99	300	88
