#File created from auswertNew
# Temporary input file:
# tmp10.dat
# Created from repository file
# /home/vwitme/data/workdata/trafficData/Invent_A5/intermediatedata/A5frankfurt_06_01/daten/F10_1106.dat.gz
# Infrastructure description file:
# /home/vwitme/data/workdata/trafficData/Invent_A5/intermediatedata/A5frankfurt_06_01/daten/A5frankfurt_06_01.dsc
#
# Date: 11.06.2001
# Direction: Frankfurt
# Detector cross section 10
# Position (m)= 476.300000
# Number of main lanes=3
# Number of ramp lanes=0
# The lane indices are ordered from left to right
# NOTICE: The time has been increased by 1 hour 
# since summertime was not taken care of  in the original data!
# Velocity averages: Over veh types and lanes, weighted with flow
# vAvg=arithmetic average; vHarm=harmonic average
#===========================================
#t(min)	Qav(/h)	vAvg(km/h)	vHarm(km/h)	Q1car	v1car	Q1truck	v1truck	Q2car	v2car	Q2truck	v2truck	Q3car	v3car	Q3truck	v3truck
60	440.0	118.6		113.1		240	165	0	0	600	121	0	0	60	123	420	88
61	460.0	119.2		107.2		300	167	0	0	360	150	60	112	60	94	600	80
62	380.0	114.7		106.5		120	134	0	0	420	151	60	89	0	0	540	85
63	420.0	124.6		117.8		240	152	0	0	600	140	0	0	0	0	420	87
64	700.0	109.1		101.4		420	149	0	0	660	129	60	78	0	0	960	80
65	340.0	136.1		127.7		120	204	0	0	420	150	0	0	240	124	240	90
66	300.0	131.5		118.7		240	197	0	0	120	144	0	0	180	121	360	89
67	360.0	125.9		117.7		120	167	0	0	420	151	0	0	240	114	300	84
68	720.0	112.1		104.0		420	164	0	0	480	135	0	0	0	0	1260	86
69	500.0	126.3		110.7		300	200	0	0	360	159	60	99	0	0	780	85
70	400.0	116.5		109.7		60	190	0	0	480	142	0	0	120	102	540	89
71	460.0	128.0		121.2		360	160	0	0	540	138	0	0	180	104	300	86
72	480.0	140.1		130.9		420	177	0	0	600	147	0	0	60	119	360	89
73	500.0	114.7		102.3		300	172	0	0	180	180	120	111	0	0	900	83
74	380.0	107.1		102.1		0	0	0	0	480	132	0	0	60	129	600	85
75	380.0	122.3		113.3		180	164	0	0	420	147	0	0	60	114	480	86
76	320.0	117.1		110.8		120	162	0	0	360	133	0	0	60	135	420	88
77	440.0	122.5		114.8		300	164	0	0	480	135	60	100	0	0	480	87
78	200.0	143.4		134.8		120	177	0	0	240	161	60	114	60	142	120	90
79	180.0	102.6		100.2		0	0	0	0	120	127	0	0	120	112	300	89
80	280.0	113.2		105.7		120	181	0	0	180	134	120	93	60	107	360	88
81	420.0	116.7		107.4		240	163	0	0	300	151	0	0	0	0	720	87
82	260.0	112.1		107.2		60	177	0	0	240	132	60	108	0	0	420	92
83	340.0	119.9		112.6		180	164	0	0	420	134	0	0	0	0	420	87
84	420.0	108.4		102.1		180	149	0	0	360	135	0	0	0	0	720	85
85	400.0	105.9		99.3		120	156	0	0	300	140	0	0	0	0	780	85
86	340.0	123.6		113.7		180	185	0	0	360	139	0	0	60	103	420	87
87	380.0	128.8		116.0		300	187	0	0	300	144	0	0	0	0	540	88
88	480.0	114.5		108.4		300	159	0	0	480	123	0	0	0	0	660	88
89	280.0	119.5		109.2		60	139	0	0	300	166	0	0	0	0	480	88
90	560.0	111.9		105.8		240	155	0	0	540	133	0	0	60	98	840	87
91	380.0	106.6		101.6		240	135	0	0	240	134	60	89	0	0	600	86
92	300.0	103.0		98.1		120	134	0	0	120	148	60	88	60	119	540	86
93	340.0	114.2		106.4		240	160	0	0	180	137	120	101	60	79	420	87
94	200.0	118.7		108.3		60	185	0	0	180	156	0	0	120	97	240	85
95	340.0	117.6		110.2		180	170	0	0	240	137	60	96	120	115	420	88
96	400.0	108.6		100.5		180	176	0	0	180	142	0	0	0	0	840	87
97	420.0	112.0		106.6		240	148	0	0	420	127	0	0	0	0	600	87
98	600.0	104.6		98.4		360	156	0	0	180	130	60	93	0	0	1200	86
99	420.0	120.4		107.6		120	194	0	0	420	160	0	0	0	0	720	85
100	180.0	129.1		112.5		240	183	0	0	0	0	0	0	0	0	300	86
101	460.0	113.8		101.3		180	202	0	0	240	158	0	0	60	119	900	84
102	440.0	118.3		108.8		240	177	0	0	360	135	0	0	60	139	660	86
103	220.0	105.3		98.8		60	195	0	0	120	127	60	100	0	0	420	87
104	240.0	122.7		107.8		60	221	0	0	240	164	0	0	0	0	420	85
105	540.0	107.1		100.9		120	155	0	0	480	138	0	0	60	117	960	85
106	240.0	102.0		96.3		0	0	0	0	180	150	0	0	0	0	540	86
107	300.0	99.2		94.4		60	180	0	0	120	134	120	90	0	0	600	86
108	420.0	112.7		106.9		120	148	0	0	360	138	60	90	120	136	600	88
109	140.0	107.9		101.5		60	169	0	0	120	121	0	0	0	0	240	86
110	180.0	115.9		109.8		0	0	0	0	240	141	0	0	60	131	240	87
111	280.0	129.0		119.8		120	139	0	0	360	160	0	0	60	133	300	87
112	240.0	123.6		118.5		240	139	0	0	240	139	0	0	60	113	180	86
113	240.0	107.1		101.5		120	142	0	0	120	142	0	0	60	115	420	86
114	300.0	104.3		100.3		60	127	0	0	300	130	120	96	0	0	420	85
115	340.0	126.5		117.5		180	152	0	0	420	154	0	0	0	0	420	88
116	300.0	107.9		102.8		180	139	0	0	180	137	120	91	0	0	420	87
117	300.0	103.0		98.6		60	151	0	0	240	131	60	87	0	0	540	87
118	520.0	116.9		108.1		300	169	0	0	360	138	180	88	60	146	660	87
119	180.0	133.3		127.6		180	161	0	0	180	141	0	0	0	0	180	98
120	480.0	110.6		102.5		300	166	0	0	180	141	180	90	0	0	780	87
121	460.0	122.6		113.3		240	178	0	0	480	139	0	0	60	125	600	87
122	140.0	111.7		102.6		120	166	0	0	60	110	0	0	0	0	240	85
123	260.0	130.5		118.1		180	187	0	0	240	145	0	0	60	131	300	85
124	220.0	123.9		113.0		120	169	0	0	240	150	0	0	0	0	300	85
125	320.0	120.1		109.5		180	175	0	0	240	150	60	108	0	0	480	86
126	300.0	95.0		92.2		60	141	0	0	120	127	60	84	0	0	660	86
127	320.0	115.2		105.8		60	170	0	0	360	151	0	0	60	87	480	85
128	280.0	117.6		111.1		120	173	0	0	240	131	0	0	120	121	360	89
129	200.0	107.5		102.1		60	165	0	0	120	138	60	100	0	0	360	89
130	320.0	103.0		97.3		0	0	0	0	240	151	0	0	0	0	720	87
131	260.0	115.6		105.9		60	210	0	0	240	147	60	89	0	0	420	88
132	360.0	98.7		95.1		60	155	0	0	180	133	60	92	0	0	780	87
133	440.0	104.2		97.8		240	156	0	0	180	125	120	107	0	0	780	83
134	440.0	114.3		103.5		180	195	0	0	300	145	0	0	0	0	840	86
135	260.0	113.4		108.5		0	0	0	0	360	136	0	0	120	114	300	86
136	300.0	111.6		104.0		60	207	0	0	300	135	0	0	60	96	480	87
137	260.0	141.7		128.2		240	197	0	0	180	150	0	0	120	124	240	89
138	360.0	108.1		101.6		120	159	0	0	240	136	0	0	60	137	660	86
139	380.0	130.2		123.7		240	168	0	0	420	143	0	0	300	108	180	87
140	380.0	121.8		113.9		240	168	0	0	480	130	0	0	0	0	420	86
141	280.0	111.9		102.9		60	166	0	0	240	154	0	0	60	113	480	84
142	280.0	100.0		96.0		120	155	0	0	60	117	60	93	0	0	600	88
143	340.0	122.5		112.3		240	173	0	0	300	139	0	0	60	100	420	85
144	420.0	124.9		114.3		240	180	0	0	420	146	0	0	0	0	600	88
145	80.0	100.2		98.1		0	0	0	0	0	0	0	0	60	128	180	91
146	300.0	120.5		113.3		240	151	0	0	180	145	0	0	120	123	360	87
147	360.0	110.9		103.7		120	164	0	0	300	142	60	89	0	0	600	87
148	400.0	107.2		101.5		120	160	0	0	420	127	0	0	0	0	660	85
149	340.0	112.5		105.2		120	169	0	0	300	137	0	0	60	116	540	86
150	200.0	120.8		117.7		0	0	0	0	360	136	0	0	0	0	240	98
151	320.0	109.5		102.5		120	165	0	0	180	141	0	0	60	129	600	87
152	180.0	110.4		101.8		60	193	0	0	120	135	60	92	60	107	240	83
153	220.0	111.2		101.2		60	228	0	0	180	131	0	0	0	0	420	86
154	340.0	122.9		115.1		240	170	0	0	300	127	0	0	120	126	360	87
155	280.0	105.4		96.6		60	180	0	0	180	154	60	87	0	0	540	83
156	240.0	121.3		110.8		60	200	0	0	240	153	0	0	60	122	360	87
157	220.0	96.9		94.1		60	144	0	0	120	115	60	90	0	0	420	86
158	200.0	100.9		97.5		0	0	0	0	60	171	0	0	60	102	480	92
159	380.0	112.5		108.3		360	132	0	0	240	132	120	104	0	0	420	87
160	340.0	106.1		99.9		120	151	0	0	180	150	120	86	0	0	600	88
161	180.0	130.4		122.8		120	182	0	0	180	138	0	0	120	105	120	93
162	80.0	97.2		93.0		0	0	0	0	0	0	0	0	60	137	180	84
163	60.0	100.3		97.6		0	0	0	0	0	0	0	0	60	125	120	88
164	180.0	108.4		101.5		60	190	0	0	120	125	0	0	60	101	300	87
165	360.0	105.0		100.6		240	136	0	0	120	141	60	85	0	0	660	89
166	300.0	107.7		102.9		120	135	0	0	240	138	120	89	0	0	420	88
167	140.0	122.6		114.5		60	180	0	0	180	137	0	0	0	0	180	89
168	240.0	123.2		111.4		120	171	0	0	180	169	60	107	0	0	360	87
169	280.0	110.9		103.6		60	164	0	0	240	146	60	116	0	0	480	86
170	320.0	120.3		111.7		240	169	0	0	300	128	0	0	0	0	420	87
171	200.0	92.7		90.9		0	0	0	0	60	139	60	92	0	0	480	87
172	260.0	131.6		126.0		240	148	0	0	240	148	0	0	120	130	180	89
173	320.0	120.6		114.6		60	160	0	0	540	138	0	0	0	0	360	88
174	220.0	105.8		102.9		0	0	0	0	180	131	60	89	180	110	240	88
175	240.0	109.6		104.3		120	141	0	0	180	138	60	91	0	0	360	88
176	240.0	97.2		96.1		0	0	0	0	180	115	60	101	0	0	480	90
177	160.0	112.5		104.0		60	188	0	0	120	136	60	96	0	0	240	86
178	460.0	124.0		113.0		480	162	0	0	180	157	60	87	60	137	600	86
179	200.0	114.2		109.2		60	188	0	0	300	115	0	0	60	115	180	88
180	240.0	116.4		109.0		120	178	0	0	120	137	0	0	60	123	420	92
181	420.0	121.3		110.6		240	177	0	0	300	153	120	102	0	0	600	87
182	400.0	113.9		105.4		240	163	0	0	240	139	120	88	60	129	540	85
183	260.0	111.0		107.2		0	0	0	0	120	137	0	0	180	139	480	94
184	280.0	124.1		116.3		60	170	0	0	360	149	0	0	120	119	300	87
185	220.0	104.5		100.8		60	147	0	0	120	123	0	0	120	117	360	87
186	360.0	120.3		110.1		180	189	0	0	360	136	0	0	0	0	540	87
187	260.0	107.0		101.0		60	200	0	0	180	121	0	0	180	106	360	85
188	200.0	131.7		121.5		120	163	0	0	240	158	60	98	0	0	180	87
189	280.0	122.4		114.4		120	164	0	0	360	143	0	0	0	0	360	88
190	220.0	105.0		97.9		60	180	0	0	60	164	60	87	60	115	420	87
191	360.0	109.3		102.7		180	172	0	0	180	126	120	92	0	0	600	89
192	260.0	119.0		111.3		120	155	0	0	300	143	0	0	0	0	360	87
193	320.0	123.6		117.1		120	142	0	0	360	153	120	96	60	123	300	92
194	140.0	117.7		110.3		0	0	0	0	180	152	0	0	60	104	180	88
195	360.0	118.1		110.2		240	169	0	0	300	127	0	0	60	119	480	87
196	380.0	116.2		108.0		240	165	0	0	300	135	60	89	0	0	540	87
197	300.0	109.7		102.3		120	173	0	0	180	140	0	0	0	0	600	88
198	320.0	107.2		103.1		0	0	0	0	360	136	0	0	0	0	600	90
199	280.0	105.6		99.6		120	153	0	0	180	134	120	88	0	0	420	85
200	240.0	120.1		111.1		60	214	0	0	180	143	60	100	120	129	300	88
201	280.0	125.1		117.4		120	176	0	0	360	139	0	0	60	126	300	88
202	180.0	130.4		123.3		0	0	0	0	240	161	0	0	180	118	120	88
203	320.0	99.8		95.6		60	131	0	0	120	144	120	90	60	137	600	86
204	200.0	134.3		129.7		120	155	0	0	300	144	0	0	60	129	120	92
205	160.0	143.8		126.7		120	215	0	0	180	152	0	0	0	0	180	88
206	180.0	102.4		99.0		0	0	0	0	120	140	120	101	0	0	300	88
207	220.0	98.5		95.1		60	119	0	0	120	136	60	90	0	0	420	86
208	320.0	131.1		124.5		240	161	0	0	360	145	60	116	60	108	240	90
209	140.0	143.3		128.5		120	209	0	0	180	137	0	0	0	0	120	87
210	160.0	106.9		100.4		60	175	0	0	0	0	60	88	120	124	240	86
211	280.0	117.6		109.5		120	139	0	0	240	161	60	90	60	107	360	88
212	320.0	133.3		123.6		180	188	0	0	300	149	0	0	120	136	360	92
213	300.0	98.5		95.9		0	0	0	0	240	127	180	94	0	0	480	86
214	280.0	129.9		118.3		120	168	0	0	360	160	60	93	0	0	300	86
215	220.0	101.9		97.8		0	0	0	0	180	139	60	88	0	0	420	88
216	360.0	122.4		111.0		300	186	0	0	240	115	60	118	0	0	480	87
217	320.0	119.1		112.2		0	0	0	0	420	151	0	0	180	107	360	88
218	260.0	119.9		113.7		60	162	0	0	360	141	60	106	0	0	300	89
219	480.0	121.4		113.2		300	166	0	0	540	135	120	90	0	0	480	86
220	580.0	115.3		107.3		360	157	0	0	480	139	0	0	0	0	900	86
221	300.0	110.5		102.6		60	189	0	0	240	147	60	98	0	0	540	87
222	320.0	118.4		112.4		180	154	0	0	420	130	0	0	0	0	360	87
223	260.0	116.8		110.4		0	0	0	0	360	144	0	0	60	127	360	88
224	280.0	107.7		100.8		60	166	0	0	240	142	0	0	0	0	540	86
225	520.0	116.8		109.6		300	156	0	0	480	139	60	88	0	0	720	88
226	200.0	104.7		98.4		60	159	0	0	120	143	0	0	0	0	420	86
227	460.0	122.5		115.4		240	161	0	0	540	139	60	114	60	112	480	87
228	380.0	120.9		112.1		300	167	0	0	300	134	0	0	0	0	540	88
229	500.0	107.4		100.6		300	154	0	0	180	145	0	0	0	0	1020	87
230	340.0	106.9		100.9		60	140	0	0	360	138	0	0	60	84	540	85
231	480.0	118.4		110.6		300	164	0	0	480	133	0	0	0	0	660	87
232	340.0	106.0		100.5		0	0	0	0	420	136	0	0	0	0	600	85
233	320.0	115.8		108.5		60	116	0	0	420	148	0	0	60	98	420	86
234	380.0	121.4		110.2		180	175	0	0	300	154	0	0	60	152	600	86
235	300.0	115.3		110.2		0	0	0	0	420	138	0	0	180	113	300	85
236	240.0	132.7		126.8		300	143	0	0	300	143	0	0	0	0	120	81
237	180.0	121.7		118.4		0	0	0	0	360	135	0	0	0	0	180	95
238	260.0	111.4		105.6		0	0	0	0	300	145	0	0	60	100	420	89
239	200.0	122.3		115.9		0	0	0	0	300	143	0	0	120	128	180	84
240	300.0	136.5		133.8		60	146	0	0	660	145	0	0	0	0	180	102
241	240.0	135.7		127.7		0	0	0	0	480	155	0	0	60	127	180	87
242	360.0	123.4		115.1		240	170	0	0	300	134	60	90	60	151	420	90
243	320.0	126.1		117.7		60	165	0	0	420	148	0	0	120	147	360	87
244	320.0	144.4		139.3		120	193	0	0	720	145	0	0	0	0	120	92
245	260.0	127.8		120.6		180	159	0	0	300	143	0	0	60	118	240	88
246	180.0	106.3		100.9		0	0	0	0	180	143	120	90	0	0	240	87
247	260.0	115.1		110.6		60	161	0	0	360	129	0	0	60	116	300	89
248	240.0	120.8		115.6		120	113	0	0	300	140	0	0	120	136	180	84
249	340.0	107.2		101.1		180	150	0	0	360	120	60	85	0	0	420	81
250	180.0	144.1		134.8		120	183	0	0	300	151	0	0	0	0	120	88
251	240.0	109.8		106.4		60	146	0	0	300	124	0	0	60	106	300	89
252	300.0	138.7		130.1		300	170	0	0	360	142	0	0	60	126	180	84
253	340.0	113.9		110.2		120	153	0	0	480	121	60	88	120	113	240	87
254	380.0	127.8		118.0		120	197	0	0	360	149	0	0	240	133	420	87
255	160.0	142.5		132.8		120	163	0	0	240	160	0	0	0	0	120	87
256	480.0	122.9		115.7		420	161	0	0	480	128	60	87	0	0	480	89
257	380.0	111.2		52.1		120	163	0	0	420	142	60	91	60	5	480	87
258	300.0	113.3		106.8		240	141	0	0	180	145	60	92	0	0	420	87
259	480.0	120.2		112.3		300	158	0	0	480	141	60	96	0	0	600	87
260	440.0	127.0		122.0		420	149	0	0	540	133	60	113	60	92	240	87
261	320.0	131.5		123.8		120	174	0	0	480	146	0	0	120	122	240	86
262	340.0	125.0		117.2		240	169	0	0	360	135	0	0	60	105	360	89
263	260.0	126.8		118.3		120	160	0	0	360	148	0	0	0	0	300	88
264	540.0	135.5		130.6		660	158	0	0	420	137	60	105	240	123	240	91
265	540.0	124.9		116.2		540	153	0	0	420	148	60	88	0	0	600	87
266	600.0	121.5		115.3		480	149	0	0	660	135	60	87	60	88	540	88
267	340.0	132.5		123.7		240	158	0	0	480	149	60	88	0	0	240	85
268	360.0	122.1		114.6		60	204	0	0	480	138	0	0	120	137	420	88
269	220.0	116.2		105.9		120	136	0	0	120	178	120	86	60	142	240	84
270	380.0	122.5		118.7		180	148	0	0	540	132	0	0	120	120	300	91
271	240.0	125.8		118.9		0	0	0	0	420	147	0	0	60	128	240	88
272	440.0	135.5		125.7		360	184	0	0	540	134	0	0	60	142	360	88
273	380.0	132.4		122.5		300	179	0	0	360	146	0	0	0	0	480	93
274	500.0	127.0		116.0		240	180	0	0	540	154	0	0	0	0	720	89
275	360.0	123.9		115.0		120	195	0	0	360	144	60	97	120	128	420	89
276	600.0	124.4		117.4		600	160	0	0	540	127	0	0	0	0	660	90
277	500.0	117.2		111.7		300	156	0	0	600	125	60	94	60	110	480	87
278	500.0	122.5		115.9		360	161	0	0	540	130	60	102	120	111	420	86
279	480.0	123.1		114.1		420	168	0	0	360	133	120	99	0	0	540	87
280	380.0	130.6		124.3		300	163	0	0	480	136	60	118	60	112	240	87
281	460.0	132.3		128.9		120	185	0	0	720	137	0	0	360	124	180	95
282	320.0	144.0		137.5		240	180	0	0	360	144	0	0	240	137	120	86
283	380.0	144.1		140.8		180	180	0	0	600	144	0	0	300	134	60	87
284	740.0	123.5		114.0		540	164	0	0	720	141	0	0	60	125	900	85
285	520.0	114.6		105.5		240	184	0	0	420	134	0	0	0	0	900	87
286	280.0	148.9		140.9		60	185	0	0	420	171	0	0	240	131	120	89
287	580.0	129.2		120.2		360	162	0	0	780	145	0	0	60	134	540	84
288	800.0	116.1		109.0		480	152	0	0	780	137	60	97	0	0	1080	86
289	420.0	113.0		108.0		240	144	0	0	420	128	0	0	60	117	540	87
290	400.0	137.2		131.2		240	168	0	0	600	148	0	0	180	104	180	93
291	580.0	124.4		115.6		300	166	0	0	660	145	0	0	120	118	660	86
292	460.0	127.1		121.5		240	159	0	0	720	137	0	0	60	109	360	89
293	680.0	118.6		111.9		300	164	0	0	900	132	60	116	0	0	780	86
294	380.0	130.7		126.2		240	157	0	0	600	136	0	0	60	131	240	91
295	600.0	131.1		126.5		480	153	0	0	840	136	0	0	180	123	300	87
296	620.0	117.6		109.3		240	166	0	0	840	136	0	0	0	0	780	83
297	480.0	120.5		110.4		240	183	0	0	480	137	0	0	60	128	660	85
298	480.0	130.8		121.7		300	179	0	0	600	140	0	0	120	121	420	86
299	380.0	144.3		136.8		300	177	0	0	540	150	0	0	120	121	180	88
300	700.0	136.5		126.4		600	174	0	0	780	149	0	0	120	116	600	87
301	880.0	122.5		119.6		660	144	0	0	1380	124	120	110	120	102	360	88
302	500.0	122.0		119.0		360	150	0	0	720	120	0	0	180	117	240	90
303	660.0	123.9		118.9		660	151	0	0	780	124	0	0	60	113	480	88
304	480.0	111.4		105.8		240	142	0	0	480	132	60	115	0	0	660	85
305	640.0	127.2		115.8		420	177	0	0	600	148	0	0	120	123	780	85
306	720.0	127.0		121.4		540	157	0	0	840	135	0	0	360	111	420	86
307	740.0	128.6		122.1		600	163	0	0	900	131	0	0	240	121	480	85
308	660.0	124.3		118.9		780	145	0	0	720	128	0	0	0	0	480	85
309	780.0	130.5		122.5		600	175	0	0	900	132	60	105	240	120	540	86
310	680.0	125.8		119.0		420	170	0	0	900	129	0	0	300	114	420	83
311	820.0	137.1		129.5		900	169	0	0	900	136	60	111	120	120	480	87
312	720.0	120.3		115.5		480	151	0	0	1080	124	0	0	120	109	480	84
313	880.0	136.1		130.5		960	159	0	0	1140	138	0	0	180	100	360	87
314	500.0	127.6		123.0		420	155	0	0	660	129	0	0	120	120	300	89
315	660.0	129.3		121.5		660	161	0	0	720	135	60	92	0	0	540	87
316	660.0	115.2		110.1		360	162	0	0	780	119	60	92	240	102	540	87
317	940.0	116.1		110.9		840	140	0	0	900	128	60	113	0	0	1020	86
318	720.0	132.7		125.8		720	161	0	0	900	136	60	106	60	104	420	85
319	920.0	136.0		131.7		960	163	0	0	1080	133	0	0	480	110	240	93
320	880.0	117.6		108.4		660	165	0	0	840	127	0	0	60	107	1080	82
321	660.0	146.4		139.0		420	186	0	0	960	154	0	0	300	122	300	91
322	660.0	145.8		140.8		600	171	0	0	900	150	0	0	180	121	300	98
323	840.0	122.3		114.4		600	155	0	0	1020	136	0	0	60	113	840	83
324	860.0	145.1		141.5		1020	168	0	0	1020	141	0	0	420	112	120	102
325	1000.0	116.7		108.6		900	152	0	0	960	126	0	0	0	0	1140	81
326	880.0	120.5		116.9		900	143	0	0	960	122	0	0	60	88	720	93
327	1140.0	124.0		118.9		1560	144	0	0	840	126	180	112	120	102	720	85
328	1640.0	117.1		115.2		2460	127	0	0	1560	117	0	0	240	93	660	89
329	1340.0	119.3		115.4		1680	136	0	0	1260	122	60	103	300	107	720	82
330	860.0	119.0		111.1		540	159	0	0	1020	133	0	0	60	82	960	84
331	1040.0	129.4		124.7		1140	153	0	0	1080	129	0	0	360	118	540	88
332	1320.0	117.3		112.4		1740	139	0	0	1200	115	0	0	0	0	1020	83
333	1340.0	118.7		111.3		1620	143	0	0	1140	127	0	0	120	99	1140	78
334	1260.0	119.9		116.0		1440	137	0	0	1320	125	60	104	120	103	840	86
335	1200.0	125.0		121.4		1740	141	0	0	1260	121	0	0	120	91	480	86
336	1220.0	123.0		118.6		1260	139	0	0	1680	128	0	0	120	96	600	81
337	1080.0	116.8		111.5		1020	145	0	0	1140	120	60	116	240	92	780	83
338	1140.0	112.8		106.7		900	139	0	0	1260	126	0	0	120	71	1140	82
339	1360.0	122.7		118.6		1920	140	0	0	1380	120	0	0	0	0	780	85
340	1540.0	118.5		115.0		1980	135	0	0	1620	118	60	107	60	98	900	85
341	980.0	117.5		112.9		660	147	0	0	1260	124	0	0	120	116	900	87
342	680.0	128.7		124.4		720	151	0	0	900	128	0	0	180	101	240	85
343	1280.0	116.7		112.3		1680	134	0	0	960	120	180	115	240	103	780	80
344	1680.0	110.0		107.1		2160	126	120	117	1560	108	0	0	0	0	1200	83
345	1540.0	115.9		111.5		1620	138	0	0	1680	119	60	102	0	0	1260	84
346	1320.0	126.4		122.7		1980	143	0	0	1020	122	120	107	240	117	600	87
347	1600.0	114.7		111.9		2100	130	0	0	1560	114	60	113	60	88	1020	86
348	1500.0	118.8		116.3		2100	132	0	0	1380	119	60	115	0	0	960	90
349	1160.0	118.4		115.7		1380	134	0	0	1260	117	120	110	180	114	540	85
350	1360.0	119.9		116.9		1740	135	0	0	1440	120	120	112	120	89	660	87
351	1180.0	124.2		121.1		1440	142	0	0	1440	120	0	0	180	115	480	87
352	1240.0	121.2		117.9		1320	137	0	0	1500	124	0	0	360	109	540	83
353	1960.0	110.5		108.4		2400	123	0	0	2100	111	180	112	120	99	1080	83
354	1120.0	130.6		128.7		1200	145	0	0	1500	128	0	0	300	129	360	95
355	1500.0	116.4		113.9		1860	129	0	0	1680	118	60	109	240	95	660	85
356	1260.0	117.3		115.7		1500	129	0	0	1500	117	0	0	360	104	420	88
357	1400.0	122.1		119.6		1920	135	0	0	1440	121	180	112	180	103	480	85
358	1380.0	110.2		108.5		1560	118	0	0	1680	114	60	111	60	125	780	85
359	1700.0	116.0		114.1		2220	125	0	0	1740	118	120	113	420	110	600	82
360	1300.0	124.2		121.1		1620	140	0	0	1260	126	120	112	360	107	540	87
361	1340.0	120.6		117.3		1620	135	0	0	1260	126	60	101	360	109	720	86
362	1480.0	116.4		114.2		1920	129	0	0	1560	116	120	116	180	94	660	87
363	1600.0	117.4		116.1		2220	126	60	117	1740	116	120	115	120	115	540	88
364	1560.0	118.1		117.2		2160	125	0	0	1620	118	60	108	600	108	240	85
365	1260.0	119.7		117.0		1320	133	0	0	1620	123	0	0	240	108	600	86
366	1240.0	125.7		123.0		1680	139	0	0	1320	124	120	110	240	113	360	84
367	1580.0	115.7		114.1		2040	127	60	118	1740	113	60	114	360	106	480	85
368	1940.0	111.0		109.2		2700	121	0	0	1800	112	120	113	120	104	1080	85
369	1740.0	118.1		116.0		2460	130	0	0	1860	116	60	112	180	98	660	86
370	1220.0	121.0		118.4		1680	134	0	0	1260	121	120	100	120	101	480	86
371	1360.0	119.7		117.0		1860	134	0	0	1200	119	60	101	300	107	660	88
372	1440.0	117.4		115.2		1980	130	0	0	1380	116	180	111	240	94	540	87
373	2100.0	104.0		103.0		2580	113	0	0	2040	104	480	100	360	89	840	85
374	1660.0	117.4		115.4		2520	129	0	0	1260	115	120	108	480	103	600	87
375	1960.0	109.3		108.4		2640	116	0	0	2280	108	120	107	300	104	540	85
376	1620.0	113.7		112.9		2460	121	0	0	1680	110	60	101	420	102	240	88
377	1420.0	114.8		113.4		1920	125	0	0	1500	113	0	0	420	101	420	88
378	1760.0	102.5		101.2		2340	111	60	94	1740	103	120	108	0	0	1020	82
379	2080.0	98.6		98.1		2880	103	60	110	2340	98	60	100	60	84	840	85
380	2060.0	97.1		96.5		2760	102	60	94	2100	99	120	97	120	81	1020	82
381	1920.0	106.3		104.6		2220	119	60	105	1920	106	300	103	120	98	1140	84
382	1660.0	110.1		108.5		1920	121	0	0	1860	112	60	105	480	90	660	88
383	2100.0	101.0		100.3		2460	107	120	98	2400	102	120	104	240	97	960	84
384	1560.0	109.9		109.1		1980	118	60	99	1680	107	60	112	360	112	540	89
385	1800.0	105.8		105.0		2460	111	60	113	1860	107	180	106	180	92	660	86
386	1880.0	100.0		98.5		2340	109	60	97	1800	103	120	101	420	82	900	79
387	2360.0	97.8		97.4		2880	102	60	113	2640	99	0	0	840	91	660	82
388	1740.0	105.3		104.7		2400	110	0	0	1500	107	180	105	420	104	720	87
389	1880.0	98.4		98.3		2580	101	0	0	2100	98	0	0	660	96	300	85
390	2000.0	90.2		90.0		2700	92	60	86	2160	92	60	92	360	81	660	82
391	2020.0	100.5		99.9		2460	106	60	105	2580	100	120	101	240	91	600	83
392	1820.0	104.7		104.3		2280	110	0	0	2100	105	60	105	840	93	180	89
393	1960.0	102.3		101.7		2160	110	120	105	2160	102	60	106	960	93	420	84
394	2060.0	100.6		100.4		2640	104	180	106	1800	102	240	99	1140	92	180	89
395	2040.0	106.6		106.3		2760	111	0	0	2220	105	120	102	840	101	180	88
396	1560.0	114.7		113.5		1800	127	0	0	1740	113	60	112	660	100	420	93
397	1680.0	112.0		111.3		2160	120	0	0	2040	110	0	0	600	99	240	90
398	1640.0	111.2		110.4		2040	117	60	112	1800	114	120	104	540	98	360	87
399	1940.0	108.1		107.5		2520	114	60	109	1860	109	120	106	720	100	540	89
400	1740.0	110.3		110.0		2340	115	0	0	1800	109	120	101	840	104	120	90
401	1760.0	105.3		104.6		2220	111	0	0	1980	106	60	113	300	101	720	87
402	1960.0	106.8		106.5		2340	113	0	0	2160	106	60	110	1020	98	300	94
403	1640.0	110.6		110.0		2280	116	60	109	1860	109	60	109	240	110	420	89
404	1780.0	107.5		106.9		2220	115	60	112	1920	106	180	100	420	100	540	90
405	1720.0	106.5		105.2		2220	116	60	115	1740	105	60	105	120	112	960	86
406	1800.0	102.2		101.4		2100	110	120	106	2040	102	180	103	420	89	540	82
407	1920.0	99.6		99.2		2520	105	60	98	2100	99	60	93	420	89	600	87
408	1900.0	105.0		103.9		2460	113	60	117	2100	104	60	107	180	100	840	84
409	1700.0	105.4		104.7		2160	111	0	0	1620	106	120	113	540	103	660	86
410	1880.0	109.5		108.6		2640	116	0	0	1920	110	0	0	540	99	540	86
411	2060.0	106.4		106.2		2460	110	0	0	2400	108	0	0	780	99	540	94
412	1520.0	114.8		113.8		2040	124	0	0	1740	111	60	104	360	108	360	89
413	1780.0	112.9		111.9		2220	120	60	115	2100	113	60	109	420	106	480	86
414	1680.0	113.4		112.7		2160	120	0	0	1800	114	0	0	780	103	300	89
415	1880.0	110.1		109.6		2280	115	180	113	1860	112	120	109	600	103	600	92
416	1780.0	111.3		110.6		2700	116	60	112	1500	113	120	108	480	105	480	87
417	2080.0	107.6		106.8		2520	117	60	110	2220	105	0	0	960	99	480	87
418	1860.0	109.6		109.3		2280	113	60	107	2040	109	60	115	780	110	360	90
419	1660.0	111.1		110.6		2460	117	0	0	1620	109	120	111	420	102	360	91
420	2120.0	104.1		103.4		2520	112	60	106	2040	104	180	105	1020	94	540	86
421	1780.0	112.0		111.0		2340	120	0	0	2040	111	120	111	360	99	480	87
422	1680.0	106.1		105.4		2160	113	60	102	1980	105	60	118	420	94	360	84
423	1840.0	107.5		106.8		2340	115	60	112	2340	106	0	0	300	93	480	87
424	1880.0	108.5		108.0		2520	114	60	113	1860	107	120	102	660	104	420	90
425	1380.0	110.4		108.8		1620	120	60	109	1380	112	120	110	300	110	660	84
426	1860.0	102.4		101.6		2280	109	60	118	2040	104	60	96	600	87	540	85
427	1840.0	103.1		102.9		2700	106	0	0	1440	104	360	99	660	99	360	90
428	1800.0	109.3		108.2		2400	117	0	0	1800	110	60	102	480	101	660	86
429	1920.0	106.8		106.0		2580	114	60	110	1920	106	180	105	360	92	660	89
430	1560.0	109.4		108.1		2040	120	0	0	1560	107	120	111	480	93	480	88
431	1780.0	113.3		112.9		2160	120	60	106	2160	111	120	114	660	105	180	93
432	1400.0	116.0		113.2		1800	130	0	0	1560	111	0	0	360	118	480	78
433	2140.0	101.1		100.5		2820	107	120	99	2280	99	180	104	480	100	540	80
434	1500.0	116.5		115.6		2100	124	0	0	1740	113	120	114	240	114	300	87
435	1560.0	108.8		107.6		1860	119	0	0	1860	108	120	101	240	91	600	88
436	2280.0	105.9		105.6		2700	111	120	107	2640	106	0	0	960	98	420	91
437	1860.0	107.4		106.7		2460	115	0	0	1980	106	240	103	420	93	480	89
438	2100.0	106.1		105.6		2640	113	120	112	2100	105	0	0	960	98	480	88
439	1580.0	115.5		114.8		1800	124	60	114	1860	115	0	0	660	107	360	92
440	2020.0	107.6		107.1		2700	113	120	109	2280	106	60	104	540	100	360	88
441	1580.0	106.8		105.6		2040	116	0	0	1440	107	120	105	780	94	360	82
442	1980.0	102.8		102.3		2520	109	60	102	1980	101	60	112	900	95	420	89
443	1840.0	103.9		103.6		2460	108	60	99	2100	104	0	0	480	97	420	88
444	1780.0	107.3		106.9		2520	113	0	0	1740	105	300	106	360	100	420	90
445	2000.0	108.1		107.2		2580	116	0	0	2460	107	60	109	180	99	720	86
446	1880.0	108.3		107.9		2400	113	0	0	1980	109	180	105	780	100	300	89
447	1460.0	105.9		104.8		1620	115	0	0	1680	107	60	107	480	96	540	84
448	1760.0	103.3		102.2		2280	113	0	0	1920	101	120	98	480	84	480	87
449	1800.0	102.1		101.5		2100	109	60	114	2160	101	120	98	480	92	480	86
450	1920.0	99.1		98.9		2760	103	0	0	2040	98	120	95	360	93	480	87
451	1880.0	101.3		101.0		2340	105	0	0	2400	102	0	0	420	92	480	88
452	1640.0	108.3		107.5		1980	117	0	0	1740	107	180	108	540	99	480	88
453	1300.0	116.0		115.3		1740	124	60	112	1260	114	60	116	540	104	240	96
454	1880.0	107.4		106.7		2400	114	0	0	1980	109	0	0	780	95	480	88
455	1700.0	113.1		112.7		2100	119	0	0	2100	111	60	115	600	107	240	94
456	1560.0	105.9		105.4		2220	111	0	0	1620	105	0	0	420	101	420	87
457	1720.0	107.4		106.4		2400	115	0	0	1620	107	120	108	420	94	600	87
458	1620.0	113.5		112.8		1920	122	0	0	2040	111	180	112	360	104	360	92
459	1640.0	106.8		106.1		2040	112	60	101	1860	109	0	0	540	96	420	86
460	1580.0	105.2		104.1		2040	115	120	106	1380	103	120	97	420	95	660	87
461	1880.0	105.3		104.7		2340	113	60	111	1800	105	60	101	1020	94	360	89
462	1700.0	114.3		113.9		2280	120	0	0	1860	113	180	105	540	106	240	95
463	1540.0	109.7		108.2		1800	123	0	0	1620	107	240	104	420	94	540	88
464	1600.0	107.9		107.0		1860	117	0	0	1740	108	120	105	600	96	480	88
465	1720.0	106.4		105.4		2040	117	60	118	1980	104	60	101	300	96	720	87
466	1540.0	108.9		108.3		2040	115	0	0	1860	108	180	101	180	98	360	88
467	1800.0	108.6		108.0		2400	115	60	116	1920	107	120	102	540	102	360	86
468	1380.0	103.6		102.5		1740	111	0	0	1440	106	60	103	600	86	300	84
469	1800.0	103.9		103.0		2340	111	60	116	1620	106	180	99	420	90	780	86
470	1580.0	109.4		108.4		1980	118	60	117	1680	107	120	111	480	101	420	86
471	1680.0	103.2		102.6		2100	111	0	0	1740	102	180	102	480	90	540	89
472	1600.0	103.9		103.5		1560	110	0	0	2220	105	0	0	780	92	240	93
473	1680.0	104.7		104.0		2220	112	60	94	1800	103	240	105	240	88	480	87
474	1560.0	100.5		100.2		1920	105	0	0	1860	100	60	100	600	93	240	87
475	1800.0	102.4		101.9		2460	109	0	0	1980	100	0	0	540	92	420	88
476	1780.0	105.6		105.1		2400	111	0	0	1860	104	180	100	420	105	480	87
477	1740.0	91.7		91.6		2220	93	120	91	2100	91	0	0	420	94	360	85
478	1660.0	103.4		102.9		2160	109	0	0	1500	105	120	108	600	94	600	88
479	1700.0	103.5		103.1		2100	109	0	0	2400	102	0	0	240	93	360	88
480	1700.0	99.9		99.4		1920	107	0	0	1920	99	240	101	480	87	540	89
481	1620.0	101.4		100.9		1980	107	60	106	1860	102	60	92	360	93	540	85
482	1560.0	95.1		95.0		1860	98	180	95	1380	96	240	90	600	92	420	87
483	1740.0	89.6		89.4		2040	92	180	97	1920	90	60	99	540	81	480	83
484	1600.0	69.2		67.0		2160	56	0	0	1560	80	120	70	360	81	600	81
485	1720.0	89.0		88.9		2280	90	0	0	1800	89	60	100	600	88	420	83
486	1740.0	99.0		98.9		2040	101	60	104	1980	99	120	99	720	97	300	89
487	1600.0	97.8		97.4		2100	102	60	97	1800	98	120	95	240	86	480	85
488	1580.0	99.9		99.4		1920	106	60	98	1620	100	180	97	420	91	540	86
489	1580.0	96.7		96.3		1800	103	60	106	1560	96	120	98	780	89	420	85
490	1620.0	91.6		91.4		2100	95	0	0	1680	90	60	94	420	96	600	81
491	1700.0	95.1		94.6		2040	101	0	0	1860	95	120	94	600	86	480	82
492	1760.0	98.8		98.3		2160	103	60	100	1860	101	180	103	480	85	540	85
493	1660.0	95.2		94.8		2160	100	120	97	2040	94	0	0	240	87	420	80
494	1840.0	93.6		93.4		2100	97	0	0	2100	94	120	92	600	90	600	84
495	1740.0	87.8		87.7		2220	91	240	92	1680	87	0	0	420	81	660	82
496	1700.0	98.1		97.5		1920	105	60	96	1980	98	60	95	600	87	480	85
497	1720.0	90.5		90.2		2400	94	60	77	1620	90	180	88	480	89	420	77
498	1820.0	87.0		86.7		2220	92	60	100	1620	85	240	86	360	79	960	81
499	1740.0	98.8		98.3		1920	105	60	109	2100	99	60	104	480	90	600	84
500	1760.0	97.1		96.9		2400	101	0	0	2040	97	60	98	240	87	540	85
501	1940.0	90.9		90.8		2220	93	0	0	2400	92	0	0	840	86	360	82
502	1980.0	88.6		88.5		2400	91	120	85	2220	89	180	88	600	86	420	78
503	1640.0	100.5		99.9		2220	107	0	0	1620	100	120	98	360	91	600	84
504	1460.0	95.2		94.7		1920	101	0	0	1680	94	0	0	420	88	360	78
505	1800.0	79.5		79.5		2340	81	0	0	1740	76	300	81	420	83	600	81
506	1780.0	73.2		72.7		2100	79	120	69	1620	72	240	74	780	68	480	61
507	1620.0	65.4		65.3		1740	64	120	63	1860	67	60	57	360	61	720	68
508	1840.0	75.5		75.5		2100	76	60	79	1980	75	120	77	840	75	420	76
509	1420.0	81.2		81.1		1620	82	0	0	1500	81	360	82	300	83	480	77
510	1700.0	80.5		80.3		2100	85	0	0	1740	79	180	84	360	73	720	74
511	1420.0	75.2		75.1		1380	72	120	75	1680	76	180	72	360	80	540	79
512	1760.0	68.6		68.4		1980	64	60	60	1800	72	300	70	420	74	720	70
513	1700.0	73.8		73.8		2040	74	0	0	1500	73	300	74	840	74	420	75
514	1600.0	74.9		74.9		1800	77	120	77	1680	73	60	69	720	76	420	72
515	1460.0	61.5		61.0		1680	61	60	47	1440	64	180	44	360	69	660	59
516	1400.0	39.3		39.0		1440	40	180	36	1440	37	120	30	780	45	240	38
517	440.0	11.3		9.5		420	15	120	15	300	8	120	13	240	5	120	14
518	1180.0	25.6		24.0		1440	33	60	31	1200	21	180	22	240	20	420	17
519	1260.0	28.5		28.2		1500	32	0	0	1020	27	240	28	540	25	480	25
520	1180.0	30.7		30.3		1080	35	180	36	1380	28	120	28	240	30	540	28
521	940.0	20.3		19.3		1080	25	180	25	840	16	300	15	120	19	300	18
522	560.0	14.6		12.2		780	15	120	18	360	12	60	47	180	5	180	15
523	720.0	10.7		10.3		480	8	120	13	780	12	60	18	420	10	300	10
524	1180.0	34.3		33.8		1200	37	120	36	1380	35	0	0	540	31	300	25
525	1220.0	54.3		54.2		1440	57	60	60	900	53	420	53	420	52	420	51
526	1480.0	66.1		65.4		1800	73	60	71	1440	65	60	67	660	57	420	54
527	1340.0	58.9		58.8		1620	60	60	57	1320	59	0	0	420	60	600	55
528	1480.0	57.9		57.9		1560	59	240	60	1500	58	180	59	300	54	660	56
529	1440.0	67.0		66.7		1560	71	120	72	1080	69	300	67	780	60	480	60
530	1460.0	63.6		63.6		1440	65	120	70	1380	64	180	64	660	61	600	61
531	1500.0	60.3		60.2		1380	59	60	68	1680	60	120	57	600	62	660	62
532	1360.0	67.4		66.8		1500	72	0	0	1320	68	180	73	660	55	420	66
533	1240.0	73.0		72.8		1140	77	180	75	1380	72	180	70	120	71	720	69
534	1340.0	72.5		71.9		1380	80	0	0	1560	72	0	0	540	62	540	65
535	1340.0	72.4		72.2		1560	75	0	0	1380	74	180	76	360	66	540	64
536	1240.0	69.7		69.4		1380	74	120	68	1200	69	180	73	180	63	660	63
537	1100.0	73.8		73.7		1320	77	60	85	1200	72	120	74	120	71	480	69
538	1120.0	73.8		73.5		1320	78	0	0	960	74	300	74	240	69	540	65
539	1260.0	69.3		69.2		1560	72	0	0	1080	68	180	75	480	67	480	64
540	1200.0	73.7		72.9		1440	79	0	0	1200	76	60	80	300	65	600	60
541	1200.0	70.5		70.1		1140	75	60	71	1560	71	60	76	360	65	420	60
542	1260.0	65.4		65.1		1200	70	180	67	1380	65	60	64	420	61	540	59
543	1220.0	68.6		68.1		1380	75	60	75	1320	67	120	63	360	62	420	59
544	1160.0	66.8		66.6		1080	71	0	0	1560	67	0	0	540	62	300	59
545	1220.0	66.8		66.4		1380	72	0	0	1080	67	180	68	360	62	660	58
546	1140.0	70.8		70.1		1380	77	0	0	1200	71	60	71	360	61	420	58
547	1180.0	67.3		66.7		1140	76	60	77	1380	65	0	0	540	62	420	57
548	1200.0	66.2		66.2		1440	68	0	0	1140	65	180	70	660	64	180	64
549	1060.0	64.3		64.0		1200	69	60	67	960	64	180	67	300	58	480	56
550	1200.0	60.9		60.5		1440	66	0	0	1140	61	300	57	120	54	600	52
551	1060.0	64.2		64.0		1140	68	0	0	1080	63	60	59	480	63	420	59
552	1180.0	64.2		64.1		1200	67	60	74	1200	63	120	64	480	63	480	60
553	1080.0	71.6		70.9		1200	79	60	80	1080	70	180	70	360	66	360	57
554	1080.0	70.0		69.5		1440	75	0	0	1020	70	60	67	300	62	420	59
555	1280.0	71.6		70.9		1320	79	60	67	1260	73	180	66	540	61	480	62
556	1020.0	71.4		71.0		1200	76	0	0	1140	71	120	74	300	67	300	58
557	1280.0	71.0		70.6		1500	75	0	0	1500	71	60	75	360	66	420	60
558	1120.0	69.8		69.4		1140	75	60	82	1080	70	180	70	480	66	420	58
559	1280.0	67.2		66.5		1500	73	60	75	1440	68	0	0	240	58	600	54
560	1120.0	68.1		67.8		1140	74	0	0	1320	68	0	0	420	62	480	60
561	1420.0	69.4		68.1		1740	77	0	0	1680	69	120	66	60	56	660	52
562	1500.0	75.5		75.1		1680	81	60	74	1560	75	120	73	660	69	420	66
563	1300.0	71.0		70.5		1680	77	60	70	960	69	240	68	360	69	600	60
564	1220.0	70.7		70.1		1320	77	60	85	1380	70	60	74	300	64	540	59
565	1300.0	66.7		66.0		1320	74	0	0	1440	67	0	0	780	59	360	55
566	1160.0	65.4		64.9		1320	70	0	0	1200	66	60	68	600	61	300	51
567	1160.0	66.9		66.5		1320	73	0	0	1260	65	0	0	480	62	420	59
568	1220.0	70.9		70.1		1200	80	60	85	1200	69	180	66	600	64	420	60
569	1220.0	71.8		71.1		1500	78	0	0	1260	72	0	0	480	62	420	60
570	1060.0	72.2		71.5		1140	79	60	74	1080	71	240	74	240	62	420	61
571	1140.0	68.3		67.6		1440	73	60	80	1200	69	0	0	120	65	600	55
572	1120.0	64.9		64.2		1260	72	0	0	1200	64	60	64	420	55	420	56
573	1140.0	71.4		70.6		1440	79	60	78	1080	69	120	64	360	63	360	58
574	1140.0	74.0		73.7		1440	79	0	0	1200	72	120	74	360	71	300	62
575	1020.0	66.1		65.0		1380	74	0	0	960	64	120	63	60	52	540	52
576	1080.0	66.6		66.0		1200	70	60	59	1140	67	60	105	180	64	600	57
577	1000.0	67.5		67.1		1080	70	60	60	1080	71	120	71	120	62	540	57
578	1100.0	64.6		64.0		1260	70	60	70	1020	65	120	62	240	58	600	55
579	1240.0	66.2		66.0		1260	70	120	69	1380	65	0	0	360	65	600	61
580	1180.0	65.5		65.1		1200	71	60	63	1140	66	120	66	780	59	240	57
581	1240.0	75.0		74.0		1320	82	60	83	1260	76	180	77	540	65	360	58
582	1040.0	71.8		70.8		1140	80	0	0	1020	72	120	74	420	62	420	58
583	1060.0	68.0		67.3		1020	76	0	0	1200	67	120	65	480	63	360	56
584	1280.0	70.2		69.9		1560	74	0	0	1140	71	0	0	780	65	360	62
585	1160.0	68.2		65.3		1320	74	0	0	1200	70	120	69	720	62	120	24
586	1240.0	69.5		68.8		1500	75	0	0	1200	69	240	75	300	61	480	56
587	1200.0	67.3		66.8		1380	73	60	75	1200	67	60	67	480	59	420	58
588	1220.0	68.3		67.9		1440	73	0	0	1320	68	0	0	540	64	360	57
589	1200.0	70.6		70.1		1320	76	0	0	960	71	180	76	720	65	420	60
590	1040.0	70.0		69.8		1320	71	60	83	840	71	60	72	540	68	300	63
591	1120.0	70.1		70.0		1440	73	0	0	840	70	300	70	420	66	360	64
592	1160.0	69.7		69.2		1080	76	240	74	1200	70	60	78	540	61	360	59
593	1260.0	67.4		67.0		1440	72	0	0	1380	68	60	66	480	60	420	58
594	1280.0	68.1		67.7		1440	72	120	73	1320	69	60	75	540	61	360	57
595	1100.0	68.4		68.1		1200	73	120	69	960	68	240	70	420	64	360	58
596	1020.0	69.8		69.3		1200	76	60	80	1140	68	0	0	180	60	480	61
597	1160.0	69.9		69.4		1380	75	120	75	1020	69	180	68	300	66	480	59
598	1200.0	67.8		67.3		1320	73	180	74	1020	67	240	68	300	59	540	59
599	1260.0	68.3		67.9		1320	75	60	69	1260	67	0	0	780	63	360	60
600	1280.0	69.6		69.5		1560	72	0	0	1440	70	120	68	120	68	600	63
601	1240.0	72.0		71.0		1500	80	120	80	1140	69	240	74	240	61	480	57
602	1420.0	63.8		63.3		1500	69	60	62	1560	65	60	63	420	55	660	55
603	1360.0	66.9		66.4		1500	73	0	0	1440	66	60	67	540	61	540	58
604	1220.0	70.3		69.9		1260	75	60	79	1260	72	120	62	480	63	480	62
605	1320.0	72.9		72.3		1380	78	180	75	1200	75	120	69	720	66	360	60
606	1260.0	74.0		73.1		1200	84	60	92	1260	72	120	77	540	67	600	62
607	1160.0	73.6		73.0		1260	81	60	80	1020	72	240	74	240	63	660	65
608	1260.0	70.6		70.2		1260	76	180	76	1260	70	60	69	660	66	360	60
609	1180.0	75.6		74.6		1320	82	0	0	1440	77	60	66	300	69	420	57
610	1180.0	66.8		66.2		1320	73	0	0	1260	67	120	63	120	58	720	57
611	1340.0	61.5		61.4		1800	63	60	49	1260	61	180	62	180	58	540	60
612	1320.0	60.2		59.7		1500	66	180	64	1020	59	360	56	180	51	720	53
613	1400.0	74.2		73.8		1500	79	120	86	1080	75	360	71	660	68	480	65
614	1480.0	74.8		74.5		1800	78	0	0	1500	75	60	81	720	70	360	66
615	1380.0	70.7		70.3		1800	73	60	74	1500	71	60	65	240	75	480	59
616	1540.0	64.9		64.0		1740	74	60	82	1560	60	240	62	240	61	780	55
617	1440.0	80.8		79.6		1680	90	0	0	1200	82	420	79	120	59	900	66
618	1520.0	96.8		95.7		1860	106	0	0	1680	96	60	103	480	77	480	83
619	1240.0	101.3		100.5		1200	110	180	110	1320	101	180	99	360	93	480	84
620	1560.0	86.6		86.2		1860	91	60	83	1560	88	180	82	540	76	480	79
621	1300.0	97.9		96.8		1680	107	0	0	1320	97	60	90	240	83	600	81
622	1220.0	96.7		96.0		1320	105	120	110	1320	94	0	0	660	86	240	88
623	1380.0	93.9		93.3		1920	101	60	98	1200	90	240	91	120	81	600	82
624	1580.0	89.5		89.1		1980	95	0	0	1440	89	300	88	420	83	600	78
625	1660.0	89.3		88.8		1980	96	180	93	1560	88	180	89	480	79	600	78
626	1500.0	96.9		95.5		1680	108	60	100	1380	98	180	93	540	82	660	79
627	1360.0	97.5		96.5		1560	106	60	110	1260	99	60	103	300	84	840	83
628	1480.0	99.8		99.3		1920	105	120	96	1320	101	60	93	720	92	300	83
629	1320.0	97.7		96.9		1200	106	0	0	1500	101	60	101	480	90	720	82
630	1340.0	101.2		100.6		1500	110	0	0	1440	100	60	101	480	91	540	89
631	1000.0	111.0		108.9		1020	128	60	116	960	110	180	108	240	95	540	88
632	1240.0	108.0		107.3		1500	118	0	0	1020	104	300	105	660	98	240	94
633	1260.0	109.4		108.3		1800	117	0	0	1320	107	0	0	300	106	360	83
634	880.0	94.6		92.8		840	108	0	0	900	99	0	0	120	83	780	77
635	1560.0	95.8		94.8		1920	105	60	100	1560	94	180	92	420	84	540	78
636	1360.0	95.5		95.0		1680	100	180	98	1200	98	60	95	240	87	720	83
637	1060.0	99.0		97.6		1440	107	60	114	1020	97	180	93	120	61	360	86
638	980.0	95.6		94.5		960	106	0	0	960	98	60	92	300	87	660	81
639	1440.0	89.0		88.7		1680	94	60	99	1800	87	60	93	120	82	600	81
640	1620.0	91.2		90.7		2040	97	0	0	1680	91	60	96	420	86	660	77
641	1360.0	94.5		93.8		1560	103	60	116	1500	91	240	90	120	88	600	82
642	1640.0	92.8		92.5		1980	98	60	91	1860	92	120	92	360	87	540	81
643	1560.0	90.8		89.7		1680	101	60	100	1620	91	180	88	300	77	840	75
644	1540.0	89.5		89.4		1980	92	180	85	1620	90	60	78	420	88	360	80
645	1440.0	98.2		96.8		1740	108	0	0	1680	98	120	97	60	77	720	77
646	1660.0	93.4		92.7		2100	100	60	100	1560	93	180	91	360	85	720	79
647	1480.0	97.6		97.1		1860	105	60	98	1200	94	420	96	360	92	540	85
648	1380.0	99.3		98.5		1560	108	0	0	1500	97	180	97	420	98	480	80
649	1520.0	104.0		102.4		1860	115	60	103	1440	104	240	105	180	89	780	81
650	1400.0	108.2		106.3		1920	120	0	0	1320	107	60	105	0	0	900	85
651	1500.0	103.6		102.8		1740	111	60	112	1380	105	180	101	540	97	600	85
652	1520.0	107.0		105.9		2100	115	0	0	1560	106	60	107	180	102	660	85
653	1680.0	101.7		100.9		2100	110	0	0	1800	101	120	94	600	89	420	84
654	1280.0	105.3		102.9		1440	121	0	0	1260	106	240	99	0	0	900	81
655	1560.0	98.9		98.1		1920	108	60	117	1560	96	120	93	120	93	900	85
656	1600.0	101.7		101.0		1860	108	120	104	1740	103	180	97	300	90	600	85
657	1480.0	104.2		103.4		1980	110	0	0	1560	105	0	0	360	99	540	84
658	1600.0	99.3		97.6		2100	110	0	0	1260	99	300	99	180	96	960	77
659	1600.0	96.2		95.9		2040	102	0	0	1500	94	240	98	660	90	360	83
660	1500.0	96.3		94.9		1920	107	0	0	1320	96	60	92	120	77	1080	80
661	1540.0	101.1		100.9		1800	104	60	112	1860	101	180	98	420	99	300	87
662	1580.0	89.8		88.6		2160	97	60	90	1320	93	0	0	60	77	1140	73
663	1660.0	88.3		87.9		2100	95	60	85	1860	85	0	0	180	85	780	79
664	1400.0	105.2		103.8		1980	116	0	0	1380	101	120	92	60	92	660	85
665	1640.0	103.3		102.6		1980	111	0	0	1860	103	60	102	360	93	660	87
666	1560.0	104.5		103.8		2160	112	0	0	1500	103	120	103	180	90	720	89
667	1180.0	113.2		111.5		1260	125	0	0	1380	114	60	102	360	108	480	85
668	1180.0	103.7		103.1		960	110	120	112	1440	107	60	96	420	94	540	90
669	1560.0	102.7		101.1		1560	116	120	113	1680	103	60	105	240	87	1020	84
670	1420.0	100.7		99.1		1620	114	0	0	1320	99	240	101	300	82	780	83
671	1380.0	111.0		108.8		1800	122	60	110	1260	112	60	106	240	111	720	82
672	1560.0	107.6		106.9		2040	114	60	115	1620	107	120	105	300	104	540	87
673	1380.0	105.7		104.7		1560	114	0	0	1440	108	300	100	240	97	600	85
674	1460.0	108.6		106.9		1980	120	0	0	1500	107	60	105	0	0	840	85
675	1600.0	100.7		100.0		1920	108	0	0	1680	99	300	107	240	87	660	86
676	1360.0	108.3		106.0		1380	125	0	0	1560	108	120	108	360	94	660	82
677	1580.0	102.7		101.7		1860	111	60	111	1740	104	60	99	60	90	960	85
678	1520.0	104.5		103.8		1980	111	0	0	1560	105	60	99	240	92	720	90
679	1640.0	106.8		105.4		1980	119	60	118	1740	104	180	104	720	88	240	83
680	1360.0	103.1		101.2		1680	116	0	0	1440	101	0	0	120	101	840	81
681	1580.0	106.3		104.8		1800	116	0	0	1740	106	180	90	300	115	720	83
682	1600.0	97.6		97.1		2160	102	0	0	1320	99	180	103	420	86	720	87
683	1440.0	105.2		104.4		1800	113	0	0	1560	106	60	100	180	92	720	88
684	1420.0	101.0		100.5		1440	106	180	103	1620	103	60	117	300	90	660	88
685	1640.0	103.0		102.2		1920	111	0	0	1620	104	240	99	180	93	960	88
686	1720.0	100.2		99.6		2340	106	0	0	1620	100	240	104	60	96	900	85
687	1560.0	98.9		98.5		1860	107	0	0	1860	95	60	102	360	92	540	89
688	1540.0	102.1		101.1		1920	109	120	112	1260	106	240	99	180	90	900	84
689	1140.0	109.9		108.1		1260	125	0	0	1440	107	60	102	0	0	660	88
690	1520.0	104.3		102.9		2100	113	60	105	1440	105	60	96	120	85	780	83
691	1800.0	98.4		97.3		2040	109	60	118	2040	96	120	98	120	80	1020	83
692	1500.0	100.5		99.9		1860	106	60	118	1680	101	0	0	540	87	360	87
693	1540.0	105.2		104.4		1920	112	120	110	1560	106	180	103	120	94	720	87
694	1260.0	112.1		110.8		1620	121	0	0	1380	111	180	108	240	105	360	83
695	1300.0	107.4		105.1		1680	120	0	0	1260	108	120	99	60	101	780	81
696	1720.0	101.5		100.0		2160	111	120	116	1680	101	180	98	60	79	960	81
697	1560.0	98.5		98.1		1980	99	60	89	1680	102	120	99	60	126	780	88
698	1240.0	107.9		106.9		1200	116	0	0	1440	110	60	103	420	108	600	87
699	1420.0	103.2		101.9		1560	114	0	0	1560	104	120	105	60	86	960	85
700	1340.0	111.3		109.1		1500	126	0	0	1200	111	240	111	360	106	720	84
701	1140.0	115.9		113.4		1020	135	0	0	1500	117	60	109	240	99	600	88
702	1260.0	111.6		109.2		1200	130	60	112	1380	110	180	102	300	112	660	84
703	1100.0	114.6		112.1		1020	131	0	0	1380	116	60	105	300	109	540	84
704	960.0	118.9		117.1		900	137	0	0	1260	118	0	0	540	100	180	92
705	1140.0	108.5		106.5		840	128	0	0	1500	110	180	108	300	92	600	86
706	1120.0	117.3		112.2		1260	139	0	0	1140	120	60	101	180	107	720	79
707	1460.0	120.0		116.4		1740	140	0	0	1500	118	120	109	300	103	720	85
708	1220.0	132.2		128.1		1500	154	0	0	1380	126	60	117	240	122	480	89
709	1500.0	124.4		119.6		1800	148	0	0	1500	122	60	113	300	105	840	86
710	1260.0	131.4		125.0		1500	157	0	0	1080	136	120	115	180	114	900	89
711	680.0	135.6		130.1		540	173	0	0	840	136	60	108	360	113	240	91
712	780.0	138.1		133.4		660	164	0	0	1140	141	0	0	240	109	300	93
713	780.0	134.3		128.2		720	163	0	0	1020	138	60	109	120	102	420	89
714	1740.0	123.1		119.5		2700	137	0	0	1500	121	60	103	120	120	840	84
715	780.0	129.7		124.6		840	153	0	0	900	131	60	117	120	117	420	86
716	1280.0	120.7		116.0		1560	143	0	0	1440	117	0	0	240	100	600	80
717	1340.0	121.4		117.1		1680	141	0	0	1260	121	60	115	300	107	720	83
718	920.0	117.8		114.1		900	135	0	0	1200	123	0	0	60	85	600	85
719	980.0	117.2		113.7		840	137	0	0	1320	122	60	101	60	93	660	86
720	1180.0	115.0		111.4		1080	134	0	0	1560	118	120	115	240	89	540	80
721	1180.0	121.5		118.7		1140	139	0	0	1500	124	120	106	120	113	660	90
722	980.0	134.6		129.8		960	156	0	0	1200	139	60	112	300	120	420	87
723	1080.0	124.2		118.1		1080	152	0	0	1260	127	60	112	0	0	840	85
724	740.0	127.5		120.1		480	158	0	0	1080	139	0	0	60	113	600	84
725	900.0	128.8		124.6		720	156	0	0	1440	129	60	115	60	85	420	90
726	1220.0	130.2		127.1		1620	145	0	0	1320	131	0	0	240	101	480	93
727	920.0	127.5		123.4		900	148	0	0	1140	131	60	118	120	119	540	89
728	940.0	138.5		135.5		900	156	0	0	1260	142	0	0	480	113	180	94
729	1380.0	125.4		120.6		1560	151	0	0	1620	120	60	106	180	116	720	86
730	800.0	128.1		119.1		720	166	0	0	840	137	0	0	60	97	780	86
731	1060.0	123.1		116.1		660	165	0	0	1380	131	60	108	120	106	960	86
732	1240.0	122.1		119.1		1440	139	0	0	1380	123	120	107	180	97	600	90
733	1080.0	124.1		119.1		1320	146	0	0	1020	125	60	108	120	112	720	86
734	1300.0	133.9		130.7		1560	152	0	0	1680	131	0	0	300	107	360	91
735	1600.0	117.4		114.2		1980	131	0	0	1560	123	180	108	0	0	1080	86
736	1360.0	120.0		118.1		1740	132	0	0	1380	119	120	116	300	112	540	89
737	1300.0	127.1		121.8		1260	152	0	0	1620	130	120	116	60	126	840	86
738	1140.0	134.4		128.7		1260	156	0	0	1020	140	60	102	600	124	480	83
739	1080.0	133.2		129.2		1200	158	0	0	1080	128	0	0	600	119	360	90
740	1000.0	123.2		116.3		1020	157	0	0	960	124	60	115	0	0	960	87
741	1080.0	118.6		113.8		900	149	0	0	1140	123	120	115	240	93	840	88
742	1140.0	132.1		127.9		1200	155	0	0	1440	132	0	0	300	107	480	91
743	780.0	126.3		115.7		660	172	0	0	900	131	0	0	120	88	660	81
744	760.0	126.1		120.9		720	153	0	0	780	132	120	102	180	108	480	89
745	720.0	135.3		131.6		600	159	0	0	1140	136	0	0	180	111	240	91
746	1200.0	122.1		118.2		1200	145	0	0	1440	123	120	107	240	98	600	87
747	1020.0	131.8		126.4		1200	157	0	0	1140	128	0	0	240	116	480	86
748	1040.0	126.6		120.2		1080	157	0	0	1020	128	60	112	240	109	720	86
749	800.0	136.1		130.9		600	165	0	0	900	144	0	0	660	118	240	84
750	1000.0	140.1		134.4		1140	167	0	0	1260	137	0	0	300	101	300	90
751	980.0	128.5		124.2		1200	146	0	0	1020	131	60	88	180	122	480	87
752	940.0	148.6		144.1		1200	172	0	0	1140	142	0	0	120	116	360	102
753	940.0	135.5		131.1		1020	151	0	0	1140	141	60	103	240	126	360	86
754	1120.0	131.3		127.1		900	159	0	0	1800	130	0	0	180	122	480	88
755	1360.0	132.0		127.7		1800	148	0	0	1440	134	120	97	300	107	420	84
756	840.0	136.8		129.9		840	167	0	0	840	143	0	0	420	113	420	88
757	1280.0	127.8		124.1		1680	147	60	119	1380	123	120	90	180	107	420	88
758	1160.0	141.8		137.6		1500	157	0	0	1380	141	0	0	240	133	360	87
759	940.0	133.6		128.2		1140	157	0	0	1080	130	0	0	180	121	420	85
760	1220.0	128.4		122.5		1560	149	0	0	1320	130	60	87	60	85	660	84
761	900.0	139.4		133.8		1140	163	0	0	1020	137	0	0	120	106	420	91
762	900.0	126.2		119.3		840	157	0	0	900	135	120	104	120	101	720	87
763	1320.0	128.0		121.8		1800	151	0	0	1140	126	180	114	60	89	780	84
764	1000.0	138.2		129.4		1020	179	0	0	1200	133	60	115	120	100	600	89
765	840.0	139.3		134.1		900	165	0	0	960	141	0	0	360	110	300	92
766	1080.0	140.3		135.5		1020	167	0	0	1380	140	0	0	480	123	360	89
767	1200.0	129.5		123.4		1500	152	0	0	1020	135	60	115	240	111	780	86
768	780.0	146.3		143.0		720	170	0	0	1140	146	0	0	300	116	180	104
769	1120.0	118.1		113.0		1140	142	0	0	1320	121	60	89	0	0	840	83
770	1180.0	126.9		121.4		1500	148	0	0	1140	127	120	98	180	120	600	82
771	1440.0	117.1		114.0		1980	131	0	0	1080	119	300	110	420	99	540	80
772	660.0	120.2		112.4		420	158	0	0	780	133	60	100	120	111	600	81
773	980.0	134.9		130.2		1020	161	0	0	1140	135	0	0	420	107	360	93
774	1060.0	134.7		127.4		1020	161	0	0	1200	142	0	0	360	122	600	83
775	1620.0	118.4		112.7		1980	142	0	0	1380	121	180	107	0	0	1320	82
776	1140.0	135.2		132.6		1140	151	0	0	1800	135	0	0	180	109	300	92
777	1000.0	134.6		127.7		1080	161	0	0	1260	137	0	0	0	0	660	87
778	1020.0	138.2		132.1		1140	160	0	0	1380	139	60	107	120	108	360	81
779	1160.0	124.1		118.4		1200	149	0	0	1140	129	60	109	300	113	780	84
780	1040.0	122.8		117.1		960	152	0	0	1320	125	0	0	0	0	840	86
781	1140.0	126.6		121.4		1200	151	0	0	1380	128	0	0	120	103	720	87
782	940.0	120.9		114.6		660	154	0	0	900	131	60	107	540	114	660	81
783	720.0	148.9		141.9		660	174	0	0	960	153	0	0	240	141	300	87
784	1280.0	125.6		122.9		1560	139	0	0	1500	127	60	115	240	107	480	88
785	960.0	130.5		124.8		900	159	0	0	1140	131	60	117	240	125	540	86
786	1000.0	132.8		128.2		1260	154	0	0	1080	128	0	0	180	130	480	89
787	960.0	135.8		130.2		960	163	0	0	1320	135	0	0	120	114	480	89
788	840.0	126.5		120.7		600	161	0	0	1080	132	0	0	180	116	660	89
789	860.0	133.6		127.1		720	164	0	0	1200	138	0	0	60	128	600	89
790	900.0	129.4		125.2		900	155	0	0	1200	126	0	0	300	111	300	85
791	660.0	139.8		134.0		600	167	0	0	900	144	0	0	300	104	180	88
792	1080.0	128.1		121.8		1200	157	0	0	1020	130	60	82	300	104	660	88
793	880.0	126.6		121.3		780	157	0	0	1140	125	60	103	240	118	420	83
794	1080.0	138.3		133.8		1200	165	0	0	1380	132	0	0	360	114	300	90
795	820.0	139.6		131.6		780	174	0	0	1020	142	0	0	180	114	480	88
796	780.0	137.7		134.8		600	166	0	0	1020	137	0	0	540	120	180	100
797	1100.0	129.8		123.6		1200	156	0	0	1320	130	0	0	120	111	660	85
798	1360.0	125.8		120.3		1620	151	0	0	1440	124	0	0	180	100	840	86
799	800.0	134.8		129.7		720	167	0	0	1140	132	0	0	180	107	360	93
800	900.0	135.3		129.5		780	168	0	0	1020	138	0	0	480	117	420	89
801	880.0	134.9		130.2		840	157	0	0	1080	140	60	102	300	116	360	89
802	820.0	127.4		123.3		660	152	0	0	1020	132	60	96	300	116	420	90
803	980.0	130.3		123.4		1140	159	0	0	1020	130	60	100	60	84	660	88
804	1100.0	127.7		124.7		1260	144	0	0	1440	126	0	0	180	119	420	88
805	920.0	135.0		125.7		900	173	0	0	960	136	60	115	240	123	600	83
806	1080.0	137.6		130.3		1320	166	0	0	1260	133	60	115	60	107	540	85
807	920.0	129.0		124.4		540	159	0	0	1440	132	60	110	240	132	480	87
808	980.0	144.9		137.9		1200	176	0	0	960	138	0	0	480	117	300	87
809	740.0	134.6		125.9		600	176	0	0	900	139	0	0	180	117	540	87
810	960.0	135.8		128.9		780	173	0	0	1380	137	60	119	300	91	360	91
811	980.0	138.7		131.3		1200	165	0	0	1020	141	0	0	120	105	600	89
812	1080.0	131.7		125.9		960	161	0	0	1500	134	0	0	180	102	600	88
813	800.0	137.1		133.0		720	162	0	0	1140	137	0	0	300	116	240	89
814	700.0	137.4		132.3		300	170	0	0	1080	149	0	0	300	121	420	96
815	880.0	142.6		135.5		1020	170	0	0	960	145	60	112	180	108	420	90
816	1020.0	134.0		128.7		1080	158	0	0	1140	137	0	0	120	136	720	93
817	1080.0	138.0		131.4		1500	160	0	0	1140	136	0	0	0	0	600	87
818	800.0	138.4		129.5		840	174	0	0	960	138	0	0	0	0	600	89
819	680.0	134.9		127.5		660	172	0	0	840	131	0	0	120	123	420	88
820	1000.0	121.9		115.7		1260	148	0	0	720	122	240	97	120	110	660	83
821	680.0	148.1		143.4		660	177	0	0	960	143	0	0	240	130	180	93
822	720.0	131.5		126.0		660	157	0	0	900	136	60	103	120	124	420	88
823	1400.0	126.4		121.9		1560	149	0	0	1620	126	240	111	0	0	780	87
824	1220.0	133.3		127.9		1380	158	0	0	1320	134	0	0	360	112	600	88
825	1000.0	134.8		128.7		900	166	0	0	1260	136	0	0	360	118	480	86
826	860.0	139.3		133.2		720	174	0	0	1320	137	0	0	240	114	300	86
827	660.0	136.5		128.3		600	173	0	0	840	138	0	0	120	121	420	86
828	660.0	139.6		130.2		480	188	0	0	780	146	0	0	240	121	480	90
829	980.0	140.0		131.7		780	179	0	0	1320	142	0	0	300	129	540	85
830	820.0	152.0		145.6		720	191	0	0	1140	150	0	0	360	116	240	99
831	900.0	133.1		125.1		840	171	0	0	1020	133	0	0	240	119	600	86
832	1020.0	123.9		115.1		780	168	0	0	1140	130	60	109	60	128	1020	84
833	540.0	133.2		126.4		420	170	0	0	660	138	0	0	360	107	180	82
834	660.0	129.1		121.9		420	169	0	0	960	134	0	0	120	127	480	85
835	1220.0	128.8		122.1		1260	159	0	0	1320	130	120	113	180	109	780	85
836	980.0	127.8		122.3		900	157	0	0	1320	128	60	97	180	108	480	84
837	1020.0	134.0		130.6		1260	154	0	0	1200	129	0	0	360	111	240	89
838	1040.0	130.9		124.2		1080	165	0	0	1140	127	0	0	240	114	660	88
839	960.0	126.1		118.4		720	162	0	0	960	138	0	0	480	113	720	83
840	660.0	139.2		132.7		540	172	0	0	1020	140	0	0	180	108	240	85
841	880.0	130.5		120.5		1200	161	0	0	480	134	120	93	120	133	720	83
842	1140.0	123.9		117.4		1140	153	0	0	1320	127	0	0	0	0	960	85
843	920.0	122.6		117.0		780	155	0	0	1020	126	180	106	120	110	660	86
844	920.0	140.8		134.5		960	169	0	0	1200	141	0	0	60	116	540	93
845	1100.0	135.4		131.2		1440	152	0	0	1200	136	180	117	60	112	420	88
846	640.0	143.2		141.0		480	163	0	0	960	144	0	0	420	127	60	86
847	920.0	125.2		118.8		600	170	0	0	1320	127	0	0	120	99	720	89
848	940.0	138.3		131.1		1020	172	0	0	960	136	120	108	360	110	360	87
849	920.0	128.1		122.4		780	157	0	0	1320	131	0	0	0	0	660	88
850	1160.0	129.2		123.5		1560	151	0	0	1020	130	120	102	60	111	720	87
851	780.0	136.2		131.0		780	166	0	0	960	135	0	0	300	106	300	93
852	1120.0	136.3		131.1		1140	160	0	0	1440	137	60	111	240	124	480	87
853	720.0	147.4		141.4		780	173	0	0	1020	145	0	0	120	123	240	87
854	980.0	127.6		121.9		840	154	0	0	1200	132	0	0	240	127	660	86
855	1020.0	121.1		116.3		1140	145	0	0	1080	121	180	102	60	86	600	85
856	920.0	139.0		129.6		960	177	0	0	1080	138	0	0	120	105	600	87
857	700.0	148.7		142.3		540	180	0	0	960	150	0	0	360	140	240	86
858	920.0	135.2		128.8		900	166	0	0	1140	136	0	0	180	115	540	89
859	960.0	134.8		126.6		1080	166	0	0	1020	137	120	89	60	94	600	88
860	740.0	135.3		131.3		600	154	0	0	1020	144	60	103	180	113	360	96
861	1280.0	133.7		128.4		1500	159	0	0	1440	131	0	0	180	115	720	91
862	920.0	123.1		117.4		660	152	0	0	1140	132	60	100	120	125	780	87
863	800.0	141.4		135.3		540	181	0	0	1200	142	0	0	300	128	360	91
864	860.0	134.5		128.3		840	164	0	0	1020	136	60	117	240	112	420	87
865	1080.0	126.2		120.5		900	153	0	0	1380	133	0	0	180	115	780	86
866	1220.0	130.4		124.5		1320	154	0	0	1440	134	60	118	60	117	780	86
867	920.0	137.3		129.9		1320	159	0	0	840	139	0	0	0	0	600	87
868	1200.0	130.7		126.0		1080	158	0	0	1680	129	0	0	300	120	540	87
869	660.0	145.8		141.8		600	172	0	0	660	143	0	0	600	135	120	85
870	620.0	138.9		132.5		300	177	0	0	1080	144	0	0	180	133	300	86
871	1180.0	125.6		121.0		1320	143	0	0	1320	133	120	105	0	0	780	87
872	760.0	131.6		125.3		840	157	0	0	900	134	0	0	0	0	540	88
873	740.0	127.8		120.9		780	152	0	0	720	140	60	110	60	83	600	88
874	1000.0	137.7		133.4		1260	157	0	0	1260	134	0	0	120	124	360	88
875	1000.0	138.2		130.6		1380	162	0	0	960	138	0	0	60	117	600	86
876	920.0	141.3		136.5		1080	166	0	0	1140	136	0	0	240	120	300	90
877	780.0	123.1		116.9		540	161	0	0	1020	129	0	0	0	0	780	89
878	1020.0	128.1		125.0		960	148	0	0	1620	127	0	0	60	114	420	89
879	1080.0	132.4		127.3		1440	155	0	0	960	129	60	102	300	112	480	88
880	940.0	131.2		126.8		1080	152	0	0	1080	131	60	117	180	116	420	87
881	1000.0	137.4		130.9		1320	161	0	0	960	137	60	117	240	106	420	85
882	1240.0	122.3		116.5		960	156	0	0	1320	128	180	108	300	114	960	86
883	540.0	133.3		127.4		360	162	0	0	840	140	0	0	120	119	300	86
884	820.0	150.9		146.6		1020	176	0	0	960	143	0	0	360	120	120	94
885	580.0	138.6		131.1		480	161	0	0	900	146	0	0	60	60	300	96
886	920.0	139.4		134.2		900	160	0	0	1020	145	0	0	420	132	420	89
887	1060.0	128.7		122.2		1020	158	0	0	1380	130	0	0	60	123	720	85
888	1060.0	128.8		120.7		780	167	0	0	1500	135	0	0	180	90	720	84
889	760.0	137.7		130.5		720	172	0	0	660	147	60	117	480	112	360	90
890	660.0	140.8		132.1		480	185	0	0	900	146	0	0	180	115	420	90
891	1000.0	135.4		129.9		1200	157	0	0	1200	135	60	93	120	122	420	85
892	1200.0	126.8		120.2		1620	153	0	0	900	125	240	95	120	89	720	87
893	880.0	135.5		130.1		900	168	0	0	900	131	0	0	420	117	420	94
894	840.0	141.1		138.3		1080	157	0	0	780	140	0	0	480	125	180	93
895	980.0	134.1		128.0		1080	161	0	0	1080	135	0	0	240	113	540	88
896	800.0	135.3		129.0		660	165	0	0	1200	139	0	0	60	105	480	89
897	900.0	144.8		134.6		780	190	0	0	1320	143	0	0	60	117	540	87
898	720.0	128.7		123.8		360	145	0	0	1020	143	120	112	120	144	540	91
899	1000.0	135.4		130.0		1080	157	0	0	1260	138	0	0	180	116	480	87
900	880.0	130.5		124.6		900	160	0	0	1080	130	60	103	0	0	600	90
901	680.0	135.4		125.7		660	169	0	0	660	148	0	0	180	114	540	86
902	1020.0	131.1		121.0		960	163	0	0	1380	134	60	105	60	41	600	85
903	940.0	139.7		131.5		1200	169	0	0	1020	135	0	0	60	116	540	86
904	840.0	142.5		136.2		1080	169	0	0	780	139	0	0	240	121	420	93
905	720.0	140.6		131.5		840	168	0	0	660	149	60	87	180	127	420	86
906	700.0	142.2		134.1		480	175	0	0	960	155	0	0	300	114	360	88
907	900.0	136.0		131.9		1020	157	0	0	1020	136	0	0	360	116	300	89
908	1100.0	136.9		130.8		1200	163	0	0	1380	136	120	107	120	125	480	85
909	820.0	134.2		126.5		900	169	0	0	780	131	180	96	300	112	300	83
910	620.0	137.6		131.6		540	172	0	0	660	143	60	104	300	112	300	96
911	1020.0	123.9		117.6		1140	149	0	0	840	131	60	118	180	115	840	85
912	940.0	133.3		126.4		900	165	0	0	1200	133	0	0	180	121	540	85
913	1040.0	127.0		120.6		1020	158	0	0	1200	127	120	101	180	116	600	83
914	980.0	122.7		115.0		900	157	0	0	960	129	60	116	60	135	960	84
915	920.0	140.8		134.6		1140	167	0	0	1080	135	0	0	60	146	480	91
916	920.0	134.2		129.0		960	161	0	0	1140	134	120	106	180	100	360	90
917	980.0	139.2		134.8		960	164	0	0	1500	136	0	0	180	119	300	88
918	900.0	139.7		135.1		900	166	0	0	1140	136	60	107	300	131	300	90
919	1000.0	143.9		137.9		1200	169	0	0	1080	143	0	0	300	121	420	91
920	940.0	141.2		136.5		1020	166	0	0	1260	136	0	0	240	130	300	88
921	800.0	120.6		115.0		720	152	0	0	780	126	120	102	0	0	780	89
922	680.0	137.0		131.9		540	168	0	0	780	138	0	0	480	126	240	86
923	960.0	135.8		129.0		1020	167	0	0	1080	135	60	111	240	111	480	87
924	840.0	137.1		134.4		720	161	0	0	1260	134	0	0	300	126	240	96
925	640.0	142.7		134.6		420	191	0	0	840	145	0	0	300	132	360	90
926	820.0	142.6		137.7		540	169	0	0	1260	148	0	0	420	125	240	86
927	1000.0	126.0		121.4		900	154	0	0	1260	127	0	0	420	102	420	87
928	660.0	139.9		134.7		480	174	0	0	840	145	0	0	360	119	300	96
929	760.0	141.2		136.0		780	167	0	0	960	141	120	112	120	130	300	91
930	700.0	137.8		127.8		540	180	0	0	840	149	0	0	120	114	600	89
931	780.0	152.4		149.0		780	178	0	0	1080	148	0	0	420	125	60	90
932	900.0	147.4		142.3		900	177	0	0	960	144	0	0	600	131	240	91
933	820.0	128.8		124.4		780	154	0	0	900	130	60	90	300	122	420	90
934	760.0	132.8		125.4		780	168	0	0	780	132	60	92	180	114	480	89
935	720.0	116.2		95.6		720	150	0	0	480	136	240	100	180	31	540	89
936	1040.0	140.7		133.7		1260	167	0	0	1140	139	0	0	240	120	480	86
937	920.0	140.2		134.7		840	172	0	0	1260	139	0	0	420	110	240	88
938	900.0	135.0		127.8		960	168	0	0	1020	134	0	0	300	99	420	88
939	660.0	143.3		138.8		540	168	0	0	1140	143	0	0	180	113	120	81
940	940.0	139.3		133.7		1080	164	0	0	1080	137	0	0	360	118	300	84
941	820.0	132.2		124.8		900	164	0	0	960	129	0	0	60	121	540	86
942	800.0	135.9		127.0		600	181	0	0	1020	139	0	0	240	122	540	86
943	700.0	138.9		134.3		900	164	0	0	720	130	60	90	240	115	180	97
944	820.0	132.7		126.6		660	163	0	0	960	141	0	0	420	112	420	87
945	820.0	134.4		128.8		720	165	0	0	1020	138	0	0	300	108	420	92
946	980.0	129.0		123.9		1200	150	0	0	1080	130	0	0	180	89	480	89
947	600.0	143.2		138.6		600	173	0	0	540	129	0	0	540	137	120	86
948	680.0	134.1		130.2		660	157	0	0	1020	132	0	0	120	119	240	88
949	800.0	127.6		122.9		780	152	0	0	900	131	60	96	240	113	420	88
950	720.0	122.6		117.8		600	153	0	0	960	124	60	90	0	0	540	90
951	560.0	133.1		127.7		540	157	0	0	600	137	0	0	240	127	300	87
952	1060.0	142.5		138.0		1440	165	0	0	1200	134	0	0	360	108	180	89
953	640.0	140.3		135.2		540	159	0	0	900	149	0	0	240	118	240	88
954	900.0	127.7		123.7		960	152	0	0	1080	123	60	116	180	121	420	89
955	900.0	128.1		123.4		900	151	0	0	1200	129	120	115	0	0	480	86
956	820.0	131.1		127.5		600	162	0	0	1140	130	0	0	420	117	300	93
957	840.0	127.5		122.3		660	158	0	0	1080	129	60	92	240	127	480	87
958	900.0	129.4		126.4		720	152	0	0	1200	133	0	0	480	108	300	95
959	860.0	134.4		129.7		1020	157	0	0	840	134	180	102	360	113	180	83
960	920.0	126.8		123.5		840	149	0	0	1320	125	0	0	240	117	360	88
961	980.0	141.4		138.3		1080	163	0	0	1260	136	0	0	480	121	120	86
962	960.0	131.0		126.8		1080	151	0	0	1080	130	0	0	300	124	420	87
963	780.0	134.6		126.0		1020	166	0	0	720	129	60	106	0	0	540	86
964	1180.0	132.7		128.8		1200	158	0	0	1500	130	0	0	540	107	300	91
965	900.0	135.8		131.3		1140	154	0	0	900	138	0	0	360	114	300	86
966	840.0	124.1		118.1		600	157	0	0	960	134	180	97	240	108	540	86
967	940.0	125.3		121.7		1140	142	0	0	960	129	240	103	60	100	420	88
968	580.0	137.8		133.1		300	170	0	0	720	143	0	0	420	138	300	93
969	720.0	137.3		131.7		660	160	0	0	900	142	0	0	240	133	360	87
970	920.0	136.5		130.0		960	169	0	0	1080	134	0	0	360	106	360	88
971	940.0	132.7		128.5		840	159	0	0	1320	133	0	0	360	106	300	90
972	1260.0	125.7		122.8		1920	139	0	0	1080	122	180	111	120	123	480	87
973	1080.0	116.9		113.9		1140	129	0	0	1200	125	240	92	180	107	480	84
974	1360.0	119.9		117.2		1860	134	0	0	1260	120	180	96	240	105	540	86
975	700.0	140.1		135.8		660	159	0	0	960	143	60	86	240	129	180	88
976	820.0	136.3		130.4		1020	158	0	0	720	141	120	99	180	127	420	90
977	1020.0	123.2		116.5		1020	149	0	0	1260	124	60	46	180	112	540	85
978	840.0	117.2		114.8		540	133	0	0	1140	123	120	89	420	112	300	85
979	820.0	123.4		120.8		720	142	0	0	1320	123	60	106	60	102	300	88
980	620.0	107.9		104.7		300	137	0	0	540	122	120	99	180	103	720	88
981	1040.0	119.0		116.2		1260	130	0	0	900	127	180	89	300	116	480	88
982	720.0	137.7		135.0		540	164	0	0	780	138	0	0	720	125	120	93
983	1320.0	125.1		118.7		1800	151	0	0	960	121	180	109	120	95	900	85
984	800.0	126.5		120.7		780	155	0	0	900	130	60	119	120	88	540	89
985	840.0	136.7		133.7		660	159	0	0	1200	137	0	0	420	127	240	91
986	1140.0	132.7		127.9		1200	157	0	0	1500	132	0	0	240	105	480	88
987	660.0	137.5		129.6		480	178	0	0	840	145	0	0	300	111	360	88
988	1100.0	144.2		136.7		1320	174	0	0	1200	142	0	0	240	111	540	91
989	920.0	140.0		134.0		1260	159	0	0	1020	140	0	0	60	119	420	86
990	1160.0	138.7		133.3		1260	167	0	0	1380	135	0	0	480	114	360	87
991	720.0	143.9		137.6		780	169	0	0	840	145	0	0	240	128	300	88
992	920.0	135.3		126.7		1080	168	0	0	900	134	120	103	60	122	600	86
993	480.0	138.9		127.6		240	200	0	0	720	151	0	0	60	92	420	90
994	980.0	136.7		132.9		900	155	0	0	1260	141	0	0	480	122	300	87
995	800.0	131.7		127.7		840	150	0	0	720	140	180	109	300	123	360	91
996	1080.0	145.1		139.8		1440	168	0	0	1140	139	0	0	300	125	360	90
997	980.0	127.1		120.4		1020	160	0	0	960	128	120	98	60	92	780	90
998	900.0	136.1		129.4		900	170	0	0	1260	131	60	119	0	0	480	88
999	800.0	132.9		125.4		600	172	0	0	1020	140	60	90	240	104	480	89
1000	960.0	141.4		136.4		900	169	0	0	1200	143	0	0	480	117	300	91
1001	1000.0	127.1		122.2		1020	149	0	0	1200	131	60	109	60	124	660	88
1002	820.0	130.2		123.6		840	163	0	0	960	128	0	0	60	119	600	89
1003	720.0	135.2		127.2		540	169	0	0	960	143	0	0	240	119	420	83
1004	880.0	128.5		124.1		1020	152	0	0	960	123	60	111	360	112	240	80
1005	1220.0	132.8		129.2		1440	153	0	0	1500	127	0	0	420	120	300	83
1006	580.0	136.6		130.7		420	171	0	0	720	139	0	0	300	130	300	89
1007	840.0	137.1		130.6		1140	165	0	0	780	128	60	88	300	104	240	88
1008	740.0	138.3		132.3		660	167	0	0	1080	140	0	0	180	108	300	87
1009	840.0	132.6		126.4		660	170	0	0	1320	131	0	0	120	104	420	87
1010	1020.0	143.4		140.2		960	165	0	0	1320	144	0	0	480	127	300	98
1011	820.0	138.1		133.2		840	165	0	0	960	137	60	105	300	120	300	91
1012	680.0	134.6		126.2		540	168	0	0	900	144	0	0	60	120	540	87
1013	1240.0	122.9		118.4		1500	139	0	0	1380	127	180	94	120	110	540	80
1014	1100.0	139.8		135.2		1560	157	0	0	1200	138	0	0	120	104	420	91
1015	920.0	137.0		131.5		960	162	0	0	1140	136	60	100	240	127	360	86
1016	720.0	138.0		130.6		900	167	0	0	660	134	0	0	180	124	420	88
1017	1020.0	140.4		135.1		1200	168	0	0	1200	131	60	118	360	121	240	84
1018	900.0	138.4		131.5		1080	168	0	0	1140	130	0	0	120	114	360	84
1019	740.0	133.2		129.9		600	159	0	0	960	135	0	0	420	114	240	95
1020	960.0	132.8		128.1		1140	151	0	0	1200	134	0	0	60	128	480	87
1021	1140.0	126.7		121.0		1200	151	0	0	1320	131	60	103	0	0	840	87
1022	640.0	142.2		136.8		360	176	0	0	1020	149	0	0	360	116	180	88
1023	860.0	133.4		126.7		960	162	0	0	960	131	0	0	180	123	480	85
1024	720.0	124.8		117.7		480	167	0	0	960	131	0	0	180	93	540	87
1025	1180.0	140.6		135.5		1440	165	0	0	1440	136	0	0	180	106	480	94
1026	820.0	143.3		139.4		1080	166	0	0	780	137	0	0	480	114	120	97
1027	880.0	129.7		124.2		840	158	0	0	1080	129	0	0	300	117	420	84
1028	1040.0	136.3		131.6		1200	161	0	0	1320	132	0	0	300	103	300	90
1029	1000.0	136.2		132.6		960	160	0	0	1260	135	60	112	540	116	180	86
1030	720.0	131.1		123.7		420	167	0	0	1020	143	0	0	180	112	540	87
1031	800.0	145.2		137.1		780	180	0	0	1020	145	0	0	180	127	420	89
1032	1120.0	129.0		124.9		1320	152	0	0	1020	129	240	96	360	109	420	93
1033	920.0	138.6		133.9		840	171	0	0	1080	135	120	94	420	125	300	98
1034	900.0	141.0		135.3		1080	167	0	0	1020	137	60	88	300	114	240	88
1035	1080.0	133.1		127.4		1320	160	0	0	1140	126	60	103	180	127	540	88
1036	1140.0	139.7		135.7		1440	161	0	0	1320	134	0	0	360	116	300	91
1037	1220.0	132.4		127.9		1800	149	60	117	900	137	180	90	360	104	360	90
1038	800.0	138.6		132.9		780	169	0	0	960	137	0	0	360	119	300	88
1039	1060.0	150.6		146.7		960	179	0	0	1320	150	0	0	660	128	240	102
1040	1020.0	136.4		127.1		1140	178	0	0	900	130	120	96	360	107	540	88
1041	660.0	138.1		132.5		540	173	0	0	900	138	0	0	240	116	300	93
1042	1080.0	137.8		133.4		1260	158	0	0	1320	138	120	103	240	112	300	87
1043	1140.0	142.9		137.5		1140	174	0	0	1260	141	120	114	540	122	360	92
1044	720.0	145.6		139.8		720	177	0	0	900	143	0	0	300	121	240	92
1045	1040.0	135.8		130.2		1260	161	0	0	1080	134	0	0	240	112	540	91
1046	820.0	138.8		130.2		1020	172	0	0	720	136	120	104	60	116	540	90
1047	760.0	142.7		134.7		900	172	0	0	840	143	0	0	180	104	360	88
1048	660.0	131.8		127.8		480	154	0	0	840	140	60	104	300	120	300	91
1049	1020.0	151.5		146.4		1260	174	0	0	1200	148	0	0	300	129	300	93
1050	820.0	139.9		131.2		780	175	0	0	1020	144	60	87	180	106	420	87
1051	980.0	144.7		137.4		1080	171	0	0	1260	146	0	0	120	120	480	88
1052	660.0	139.7		133.8		480	179	0	0	900	141	60	119	360	114	180	87
1053	920.0	141.3		133.1		840	182	0	0	1200	138	0	0	300	118	420	86
1054	920.0	135.0		130.3		1020	158	0	0	1020	135	60	100	240	123	420	91
1055	1000.0	135.9		130.6		960	162	0	0	1320	138	60	101	180	116	480	90
1056	1040.0	147.4		145.0		1320	164	0	0	1080	144	0	0	660	125	60	88
1057	740.0	142.3		137.2		660	175	0	0	780	145	0	0	540	118	240	98
1058	880.0	140.8		134.7		960	167	0	0	1020	142	0	0	180	124	480	92
1059	880.0	143.3		134.6		960	176	0	0	1140	142	0	0	0	0	540	88
1060	740.0	136.7		131.3		660	158	0	0	1080	142	0	0	120	121	360	87
1061	1000.0	136.1		132.9		1020	155	0	0	1140	141	0	0	660	109	180	97
1062	880.0	145.8		135.4		840	184	0	0	960	153	0	0	240	125	600	89
1063	1020.0	129.8		124.3		1140	158	0	0	1200	126	0	0	60	84	660	92
1064	860.0	134.5		126.5		1020	168	0	0	900	129	60	112	0	0	600	88
1065	920.0	137.1		129.4		960	166	0	0	960	146	120	107	180	88	540	93
1066	1220.0	136.8		131.2		1380	161	0	0	1500	136	0	0	240	115	540	87
1067	900.0	139.7		134.6		1080	163	0	0	1080	135	0	0	240	123	300	86
1068	1160.0	141.1		137.6		1620	160	0	0	1260	132	0	0	480	116	120	81
1069	880.0	133.9		128.4		780	163	0	0	1020	135	0	0	420	124	420	87
1070	1400.0	128.3		124.2		1860	147	0	0	1380	126	0	0	300	111	660	88
1071	820.0	144.9		136.3		1020	174	0	0	780	146	0	0	300	115	360	85
1072	1000.0	128.3		123.2		780	156	0	0	1320	134	120	90	180	120	600	90
1073	1140.0	132.2		128.8		1560	149	0	0	1200	130	60	94	240	104	360	92
1074	880.0	139.9		135.3		1080	159	0	0	900	141	0	0	360	123	300	88
1075	860.0	138.6		129.7		780	173	0	0	1080	145	0	0	180	109	540	86
1076	920.0	135.2		126.7		840	174	0	0	1140	137	0	0	120	105	660	88
1077	920.0	140.1		133.5		900	172	0	0	1200	140	60	109	120	114	480	91
1078	900.0	138.9		132.9		1020	163	0	0	900	140	60	107	420	123	300	82
1079	1040.0	141.7		134.4		1140	177	0	0	900	137	60	115	600	121	420	89
1080	980.0	142.1		139.4		1140	160	0	0	1320	138	0	0	300	121	180	94
1081	1060.0	141.3		136.8		1140	165	0	0	1380	140	0	0	480	110	180	85
1082	760.0	143.4		138.4		780	163	0	0	1020	146	60	112	180	131	240	86
1083	740.0	141.1		133.6		540	181	0	0	900	150	0	0	540	110	240	88
1084	800.0	134.4		129.5		660	171	0	0	780	129	0	0	600	126	360	93
1085	820.0	138.3		130.5		660	176	0	0	1080	142	0	0	180	126	540	89
1086	1200.0	132.0		126.9		1560	151	0	0	1320	133	120	93	0	0	600	88
1087	780.0	129.4		124.7		720	160	60	119	780	129	120	88	360	113	300	95
1088	760.0	134.6		129.1		660	161	0	0	900	140	60	89	360	121	300	86
1089	960.0	145.7		140.8		1080	166	0	0	900	151	0	0	600	129	300	90
1090	1140.0	136.6		132.3		1380	156	0	0	1380	136	0	0	240	112	420	89
1091	920.0	139.6		133.0		960	173	0	0	1140	136	60	107	240	106	360	90
1092	900.0	139.7		133.7		780	173	0	0	1320	138	0	0	240	118	360	88
1093	840.0	139.6		136.6		1020	159	0	0	1140	131	0	0	180	133	180	91
1094	900.0	155.2		152.5		900	173	0	0	1080	160	0	0	660	128	60	100
1095	660.0	146.4		141.6		540	169	0	0	900	149	0	0	300	142	240	91
1096	900.0	145.1		138.3		1020	172	0	0	960	147	0	0	360	121	360	88
1097	960.0	135.5		130.7		960	159	0	0	1140	138	0	0	360	119	420	89
1098	1080.0	137.0		128.9		1260	167	0	0	1080	140	0	0	420	95	480	88
1099	800.0	133.2		124.0		840	165	0	0	720	144	120	89	60	146	660	88
1100	920.0	135.4		130.8		960	159	0	0	1200	134	0	0	180	125	420	90
1101	880.0	126.8		120.9		1020	149	0	0	960	130	120	105	180	76	360	88
1102	680.0	131.8		127.4		660	155	0	0	840	132	0	0	180	129	360	90
1103	900.0	139.6		132.4		960	171	0	0	1140	137	0	0	120	119	480	88
1104	620.0	130.0		122.6		540	150	0	0	840	142	60	96	60	61	360	89
1105	1040.0	129.1		125.2		1080	151	0	0	1320	129	0	0	420	104	300	86
1106	940.0	129.9		124.8		840	159	0	0	1200	130	0	0	240	119	540	89
1107	940.0	121.8		116.0		780	152	0	0	1140	128	0	0	180	95	720	86
1108	1240.0	119.3		116.5		1800	132	0	0	1320	116	120	115	60	81	420	82
1109	920.0	125.6		120.6		960	154	0	0	1140	122	0	0	300	92	360	89
1110	840.0	138.7		136.1		660	164	0	0	1260	138	0	0	540	114	60	96
1111	1060.0	135.9		133.0		1260	155	0	0	1320	131	0	0	420	114	180	89
1112	1140.0	123.2		117.8		1500	143	0	0	1260	120	0	0	120	116	540	77
1113	1180.0	106.1		96.4		1140	135	0	0	1140	119	60	110	120	59	1080	67
1114	580.0	131.8		128.9		420	159	0	0	600	138	0	0	540	113	180	104
1115	1020.0	134.9		128.4		1140	165	0	0	1140	131	0	0	180	122	600	89
1116	980.0	141.0		138.4		1080	160	0	0	1020	141	0	0	720	120	120	95
1117	1000.0	129.2		122.5		1080	157	0	0	1020	134	60	81	120	103	720	89
1118	800.0	131.8		127.7		660	161	0	0	1140	130	0	0	300	116	300	90
1119	940.0	140.5		132.8		960	175	0	0	1320	136	0	0	120	109	420	85
1120	1100.0	136.8		128.2		1440	167	0	0	1080	131	0	0	180	110	600	83
1121	820.0	130.3		122.9		540	167	0	0	1080	138	60	111	180	132	600	85
1122	680.0	141.2		134.6		600	170	0	0	900	147	0	0	120	122	420	93
1123	640.0	135.9		129.6		660	163	0	0	660	139	60	92	180	132	360	90
1124	1000.0	141.5		133.8		1200	170	0	0	1260	135	0	0	240	115	300	76
1125	840.0	132.2		126.1		900	165	0	0	780	129	0	0	420	110	420	90
1126	820.0	153.6		146.5		900	183	0	0	1080	151	0	0	240	122	240	87
1127	900.0	135.8		131.1		900	161	0	0	1200	136	60	119	180	100	360	93
1128	940.0	136.6		129.1		960	164	0	0	1140	143	180	97	60	102	480	86
1129	1180.0	139.4		131.7		1500	166	0	0	1080	143	60	91	360	101	540	89
1130	920.0	139.6		133.6		1140	166	0	0	1020	134	0	0	240	115	360	88
1131	1120.0	134.4		128.0		1260	168	0	0	1140	126	60	90	420	115	480	89
1132	980.0	135.1		127.7		1200	162	0	0	1020	135	60	87	60	127	600	87
1133	1020.0	137.3		132.1		1020	165	0	0	1320	137	0	0	300	106	420	93
1134	760.0	136.4		131.6		660	161	0	0	1020	139	60	90	240	127	300	90
1135	1080.0	124.4		119.4		1620	143	0	0	840	123	120	88	60	108	600	85
1136	660.0	145.4		140.4		540	188	0	0	780	140	60	109	540	119	60	106
1137	1020.0	133.8		125.6		1380	159	0	0	660	146	180	88	120	108	720	90
1138	840.0	144.5		139.8		660	172	0	0	1020	149	0	0	600	129	240	89
1139	1180.0	128.0		122.7		1380	157	0	0	1140	119	120	99	360	115	540	88
1140	540.0	154.7		150.5		600	176	0	0	720	154	0	0	240	120	60	88
1141	860.0	151.5		144.6		780	184	0	0	1140	155	0	0	360	119	300	93
1142	640.0	140.0		136.4		480	171	0	0	960	140	0	0	240	112	240	106
1143	720.0	146.8		138.2		600	193	0	0	840	150	0	0	360	112	360	97
1144	900.0	135.7		130.2		840	163	0	0	1200	138	0	0	180	112	480	91
1145	940.0	121.3		114.0		900	147	0	0	900	134	180	104	60	55	780	86
1146	420.0	129.5		120.1		180	193	0	0	480	146	60	103	180	116	360	87
1147	520.0	128.5		120.4		120	183	0	0	720	145	0	0	240	137	480	86
1148	740.0	139.3		133.1		540	175	0	0	960	145	0	0	240	125	480	95
1149	720.0	131.0		125.1		540	165	0	0	840	139	0	0	240	112	540	93
1150	600.0	126.0		120.2		420	167	0	0	660	131	0	0	180	111	540	93
1151	920.0	138.8		132.4		960	172	0	0	1200	133	60	110	120	116	420	90
1152	780.0	139.3		133.8		720	171	0	0	900	139	0	0	360	123	360	93
1153	640.0	149.4		144.6		600	186	0	0	780	141	0	0	480	125	60	88
1154	840.0	148.7		143.1		1080	179	0	0	720	139	0	0	540	117	180	101
1155	720.0	136.5		129.7		660	169	0	0	840	138	60	100	240	125	360	87
1156	500.0	154.7		148.8		600	178	0	0	540	154	0	0	180	140	180	94
1157	840.0	146.5		139.2		840	175	0	0	960	153	0	0	300	122	420	92
1158	600.0	131.5		124.2		420	180	0	0	600	130	60	114	360	125	360	87
1159	520.0	149.3		144.4		360	173	0	0	780	156	0	0	300	129	120	86
1160	680.0	138.1		131.3		780	164	0	0	780	140	60	100	60	115	360	88
1161	1020.0	123.6		119.8		1140	145	0	0	900	116	60	92	420	131	540	89
1162	1260.0	138.1		132.2		1500	165	0	0	1320	135	0	0	480	114	480	87
1163	700.0	139.6		133.7		660	167	0	0	840	141	120	97	240	133	240	87
1164	600.0	158.5		152.5		480	191	0	0	720	166	0	0	480	131	120	93
1165	920.0	140.3		134.8		1020	162	0	0	1080	144	120	103	180	123	360	89
1166	740.0	134.9		132.2		480	154	0	0	1020	140	0	0	480	126	240	93
1167	560.0	154.3		149.6		420	187	0	0	720	159	0	0	420	129	120	100
1168	560.0	148.0		140.6		360	183	0	0	900	156	0	0	120	118	300	94
1169	740.0	143.9		136.1		600	183	0	0	1080	145	60	110	180	113	300	87
1170	740.0	145.9		140.8		780	174	0	0	960	140	0	0	300	127	180	87
1171	760.0	133.5		77.5		720	175	0	0	900	139	60	99	60	5	540	87
1172	460.0	151.4		142.6		360	193	0	0	660	156	0	0	180	111	180	92
1173	760.0	113.0		107.0		840	144	0	0	300	123	180	94	120	88	840	86
1174	660.0	155.4		146.2		840	188	0	0	720	149	0	0	240	113	180	85
1175	940.0	144.6		138.8		960	173	0	0	1320	143	0	0	240	107	300	91
1176	880.0	136.7		130.3		900	168	0	0	1020	134	0	0	240	126	480	89
1177	660.0	141.8		132.0		600	184	0	0	600	147	0	0	360	127	420	87
1178	560.0	155.7		147.9		480	195	0	0	600	161	0	0	300	138	300	100
1179	740.0	127.2		120.4		540	169	0	0	1020	128	0	0	60	131	600	88
1180	560.0	137.0		129.2		360	175	0	0	780	147	0	0	120	123	420	90
1181	540.0	132.4		125.7		300	172	0	0	960	137	0	0	0	0	360	87
1182	640.0	141.7		130.3		480	182	0	0	780	158	60	119	120	100	480	88
1183	840.0	147.4		141.8		1080	166	0	0	960	151	60	101	240	105	180	89
1184	960.0	127.2		120.5		960	157	0	0	1080	131	0	0	60	105	780	87
1185	840.0	142.6		136.3		900	171	0	0	1140	140	60	92	180	110	240	86
1186	500.0	128.2		122.1		300	174	0	0	540	135	0	0	300	115	360	91
1187	380.0	151.9		138.3		420	191	0	0	360	162	60	94	60	131	240	88
1188	640.0	142.1		133.8		660	175	0	0	780	144	60	92	60	119	360	90
1189	640.0	142.3		132.2		720	181	0	0	660	138	60	105	60	142	420	88
1190	960.0	142.2		135.9		1020	169	0	0	1200	143	0	0	180	121	480	91
1191	680.0	135.9		129.8		420	169	0	0	1140	141	60	106	120	114	300	85
1192	660.0	147.9		141.0		720	177	0	0	660	151	60	115	240	129	300	93
1193	620.0	143.8		134.8		600	171	0	0	720	156	0	0	120	126	420	89
1194	500.0	152.8		140.9		600	189	0	0	540	153	60	113	0	0	300	88
1195	680.0	141.6		133.8		660	182	0	0	840	136	0	0	240	116	300	89
1196	540.0	151.1		142.3		360	194	0	0	720	161	0	0	300	124	240	91
1197	720.0	149.1		140.3		600	184	0	0	960	153	0	0	240	139	360	87
1198	840.0	126.5		118.3		840	166	0	0	780	125	0	0	180	110	720	86
1199	640.0	151.6		141.0		720	193	0	0	600	149	60	111	120	134	420	95
1200	760.0	145.7		136.5		840	182	0	0	900	143	0	0	120	107	420	90
1201	560.0	141.1		130.7		480	181	0	0	600	152	120	91	120	134	360	89
1202	540.0	141.2		133.0		420	187	0	0	720	142	0	0	120	121	360	93
1203	740.0	135.2		128.9		780	163	0	0	840	137	0	0	180	117	420	88
1204	440.0	146.7		138.8		240	191	0	0	660	154	0	0	240	128	180	86
1205	580.0	137.3		132.2		240	182	0	0	1080	141	0	0	180	119	240	90
1206	440.0	123.5		116.1		180	176	0	0	660	135	0	0	0	0	480	88
1207	640.0	139.4		134.9		420	165	0	0	1020	146	0	0	300	111	180	90
1208	540.0	145.9		138.3		480	189	0	0	420	144	0	0	420	134	300	96
1209	840.0	139.5		128.9		900	177	0	0	900	143	0	0	120	100	600	86
1210	600.0	146.2		141.0		540	174	0	0	840	148	0	0	180	121	240	96
1211	620.0	138.6		131.3		360	177	0	0	900	146	0	0	180	138	420	90
1212	520.0	144.7		131.7		480	197	0	0	480	147	0	0	180	131	420	88
1213	800.0	143.3		139.0		660	165	0	0	1140	145	0	0	360	136	240	87
1214	680.0	137.9		128.2		720	179	0	0	780	132	0	0	60	130	480	87
1215	500.0	130.0		117.3		300	195	0	0	540	146	0	0	120	94	540	86
1216	720.0	137.0		127.0		660	176	0	0	780	144	0	0	120	127	600	87
1217	760.0	117.0		109.6		360	161	0	0	840	136	0	0	60	114	1020	86
1218	480.0	156.9		145.2		360	203	0	0	600	168	0	0	240	128	240	89
1219	720.0	137.0		128.0		720	170	0	0	720	141	60	102	180	139	480	85
1220	440.0	127.5		121.3		360	161	0	0	420	131	0	0	180	129	360	89
1221	540.0	152.2		146.6		420	193	0	0	600	155	0	0	540	124	60	92
1222	540.0	150.1		142.6		480	186	0	0	540	156	60	119	360	129	180	89
1223	680.0	137.8		128.6		600	181	0	0	780	139	0	0	180	121	480	88
1224	540.0	122.1		118.6		180	155	0	0	720	134	0	0	360	112	360	92
1225	580.0	139.9		133.4		660	169	0	0	660	137	0	0	180	113	240	88
1226	540.0	159.0		154.0		540	181	0	0	600	162	0	0	360	144	120	90
1227	480.0	146.1		135.0		300	203	0	0	600	155	0	0	180	132	360	91
1228	700.0	126.1		118.9		540	167	60	110	720	132	0	0	120	118	660	89
1229	760.0	146.4		139.1		780	176	0	0	900	150	60	88	240	121	300	91
1230	640.0	151.8		145.7		600	181	0	0	720	159	0	0	420	122	180	95
1231	460.0	153.2		144.4		360	185	0	0	660	161	0	0	180	129	180	85
1232	720.0	127.3		124.1		660	146	0	0	900	131	0	0	300	112	300	90
1233	680.0	136.8		130.5		720	166	0	0	660	140	0	0	240	119	420	92
1234	440.0	135.7		128.2		360	179	0	0	420	134	60	91	300	125	180	86
1235	740.0	136.8		127.6		720	171	0	0	780	146	120	99	60	122	540	88
1236	520.0	129.3		120.8		240	182	0	0	780	139	0	0	60	130	480	87
1237	580.0	141.0		133.3		420	174	0	0	780	150	0	0	180	129	360	89
1238	380.0	134.8		128.3		300	169	0	0	480	142	60	100	120	102	180	92
1239	600.0	138.1		128.2		420	185	0	0	660	151	0	0	300	114	420	88
1240	600.0	144.2		133.2		840	178	0	0	420	136	120	101	60	159	360	87
1241	480.0	139.2		129.7		420	179	0	0	540	147	0	0	180	110	300	87
1242	400.0	128.5		121.4		120	191	0	0	600	139	0	0	180	121	300	87
1243	380.0	139.4		130.6		180	185	0	0	660	148	0	0	60	126	240	85
1244	820.0	133.5		126.1		660	172	0	0	1080	136	0	0	120	122	600	89
1245	520.0	125.2		116.6		180	194	0	0	720	139	0	0	120	106	540	88
1246	680.0	131.9		124.7		420	176	0	0	900	138	0	0	240	120	480	88
1247	480.0	147.3		139.2		540	184	0	0	540	140	60	90	120	124	180	94
1248	520.0	148.2		140.8		480	175	0	0	780	152	0	0	60	125	240	88
1249	540.0	132.6		126.5		360	167	0	0	720	142	0	0	240	105	300	91
1250	480.0	127.4		116.7		360	179	0	0	300	139	120	87	240	130	420	85
1251	560.0	163.9		154.1		540	198	0	0	660	169	0	0	300	138	180	86
1252	520.0	136.7		128.3		420	175	0	0	600	146	0	0	180	112	360	89
1253	520.0	142.1		128.6		420	205	0	0	600	143	0	0	120	103	420	89
1254	440.0	147.8		138.4		300	192	0	0	540	152	0	0	240	144	240	87
1255	660.0	145.0		136.0		660	180	0	0	600	152	0	0	420	123	300	85
1256	580.0	136.7		129.9		360	179	0	0	720	142	60	108	240	133	360	91
1257	500.0	141.7		133.6		420	179	0	0	660	145	0	0	120	125	300	89
1258	600.0	131.8		119.7		300	183	0	0	720	157	60	94	120	100	600	86
1259	220.0	162.1		148.2		180	201	0	0	240	183	0	0	120	136	120	88
1260	620.0	140.5		131.8		420	186	0	0	720	153	0	0	300	112	420	94
1261	540.0	138.7		125.7		540	181	0	0	480	154	60	92	0	0	540	88
1262	260.0	129.2		119.3		120	181	0	0	360	146	0	0	60	102	240	85
1263	500.0	157.2		148.9		360	205	0	0	660	164	0	0	360	115	120	103
1264	540.0	144.7		137.2		420	182	0	0	540	152	0	0	360	134	300	92
1265	520.0	139.0		129.2		480	180	0	0	600	143	0	0	60	121	420	89
1266	420.0	152.3		148.2		300	183	0	0	420	157	0	0	480	137	60	88
1267	380.0	122.8		114.2		180	194	0	0	540	126	60	89	0	0	360	88
1268	520.0	137.8		134.4		420	158	0	0	660	146	0	0	420	111	60	93
1269	460.0	134.2		127.9		420	161	0	0	480	140	120	98	120	144	240	89
1270	640.0	117.0		108.0		300	181	0	0	540	138	120	103	0	0	960	87
1271	420.0	127.1		119.7		300	171	0	0	480	134	0	0	180	101	300	88
1272	440.0	122.9		115.9		480	151	0	0	180	150	60	105	180	108	420	88
1273	440.0	117.9		111.1		180	170	0	0	420	134	0	0	360	109	360	82
1274	460.0	126.4		118.2		360	172	0	0	420	134	60	103	180	104	360	87
1275	500.0	132.2		122.7		420	179	0	0	540	136	0	0	60	116	480	89
1276	620.0	148.1		134.0		480	194	0	0	600	169	0	0	300	132	480	86
1277	480.0	143.0		130.8		300	204	0	0	720	147	0	0	60	133	360	86
1278	640.0	143.2		133.6		540	184	0	0	780	148	0	0	180	129	420	88
1279	1040.0	142.1		134.8		1380	171	0	0	1080	134	0	0	60	123	600	92
1280	600.0	138.7		130.1		420	173	0	0	780	151	60	86	180	124	360	88
1281	740.0	141.2		132.8		540	186	0	0	900	144	0	0	360	129	420	88
1282	540.0	133.9		129.3		420	155	0	0	540	147	60	91	360	124	240	93
1283	380.0	139.0		129.1		180	198	0	0	540	150	0	0	120	126	300	89
1284	380.0	151.7		145.2		300	190	0	0	540	152	0	0	180	126	120	93
1285	300.0	138.7		132.7		180	171	0	0	360	151	0	0	240	122	120	87
1286	700.0	110.6		108.2		840	114	0	0	480	128	240	87	180	125	360	88
1287	620.0	131.9		123.2		540	169	0	0	660	140	0	0	120	122	540	87
1288	660.0	125.9		118.2		660	163	0	0	540	131	120	99	60	86	600	90
1289	440.0	156.0		145.3		420	203	0	0	540	147	0	0	120	158	240	93
1290	420.0	128.8		123.2		120	158	0	0	600	146	0	0	240	121	300	89
1291	520.0	131.9		126.0		360	167	0	0	420	143	60	91	480	123	240	88
1292	560.0	124.1		116.4		300	159	0	0	660	145	120	102	0	0	600	88
1293	300.0	160.1		150.2		120	198	0	0	420	182	0	0	180	147	180	97
1294	380.0	150.3		145.0		240	191	0	0	480	154	0	0	360	129	60	86
1295	380.0	150.6		140.6		360	193	0	0	480	148	0	0	120	129	180	87
1296	400.0	147.7		135.4		240	205	0	0	660	154	0	0	0	0	300	88
1297	340.0	146.7		141.6		60	190	0	0	540	164	0	0	360	123	60	90
1298	520.0	138.3		127.1		360	194	0	0	660	145	0	0	60	126	480	89
1299	500.0	129.3		122.0		300	161	0	0	600	146	60	89	180	119	360	87
1300	320.0	136.9		130.3		180	185	0	0	360	148	60	109	300	110	60	88
1301	360.0	146.6		137.2		420	174	0	0	420	152	60	96	0	0	180	87
1302	680.0	127.5		118.8		600	165	0	0	660	139	120	93	120	93	540	87
1303	640.0	142.0		131.8		660	181	0	0	660	146	0	0	60	128	540	91
1304	440.0	140.3		129.6		360	187	0	0	600	142	0	0	60	119	300	85
1305	640.0	138.8		130.4		720	170	0	0	660	140	60	88	120	126	360	87
1306	280.0	145.3		131.8		240	200	0	0	300	151	0	0	60	123	240	89
1307	360.0	140.1		130.1		240	176	0	0	480	154	0	0	60	145	300	88
1308	380.0	156.6		148.0		180	204	0	0	600	167	0	0	240	130	120	87
1309	580.0	130.7		121.3		660	166	0	0	360	140	60	90	120	121	540	88
1310	500.0	122.7		117.7		420	152	0	0	480	130	60	88	240	109	300	88
1311	460.0	132.8		120.7		480	180	0	0	180	161	120	102	120	100	480	91
1312	260.0	135.5		126.6		60	187	0	0	420	156	0	0	120	111	180	87
1313	540.0	147.1		141.0		300	174	0	0	840	159	0	0	240	126	240	93
1314	500.0	138.1		130.1		480	167	0	0	540	148	60	93	120	126	300	88
1315	500.0	134.5		125.9		480	164	0	0	600	144	0	0	60	88	360	87
1316	540.0	135.7		125.1		660	170	0	0	420	143	60	90	60	95	420	87
1317	420.0	134.7		130.8		120	167	0	0	720	145	0	0	240	118	180	94
1318	540.0	137.3		132.6		360	172	0	0	720	141	0	0	420	116	120	86
1319	500.0	110.4		103.8		240	165	0	0	360	130	0	0	0	0	900	88
1320	520.0	130.5		120.0		360	164	0	0	600	154	0	0	60	85	540	87
1321	320.0	145.9		130.4		240	209	0	0	300	164	0	0	120	114	300	90
1322	520.0	133.5		122.6		420	182	0	0	540	142	0	0	120	116	480	86
1323	460.0	137.5		130.0		300	184	0	0	480	144	0	0	360	123	240	88
1324	340.0	138.0		125.6		300	192	0	0	240	145	0	0	120	133	360	90
1325	400.0	139.2		134.0		180	174	0	0	660	148	0	0	180	118	180	93
1326	340.0	132.6		126.2		60	182	0	0	420	158	0	0	300	118	240	94
1327	740.0	136.5		130.3		660	161	0	0	1020	141	0	0	120	137	420	87
1328	600.0	131.7		124.7		540	167	0	0	600	138	60	93	300	107	300	88
1329	400.0	121.1		114.7		120	173	0	0	480	141	0	0	120	110	480	91
1330	400.0	131.8		122.6		420	167	0	0	420	136	0	0	0	0	360	86
1331	640.0	127.9		123.1		840	149	0	0	540	123	60	102	180	124	300	85
1332	320.0	135.9		127.1		120	177	0	0	360	148	0	0	240	148	240	85
1333	480.0	142.3		134.1		480	178	0	0	420	152	0	0	360	109	180	91
1334	460.0	139.5		128.4		480	181	0	0	420	146	0	0	60	108	420	90
1335	360.0	137.6		130.9		300	175	0	0	480	139	0	0	60	113	240	94
1336	400.0	134.0		126.9		300	174	0	0	540	137	0	0	120	110	240	89
1337	540.0	140.0		131.6		540	172	0	0	540	147	60	91	120	136	360	91
1338	400.0	124.0		115.2		180	210	0	0	420	125	0	0	300	106	300	89
1339	300.0	131.1		119.5		120	190	0	0	360	157	0	0	120	107	300	86
1340	440.0	127.2		119.2		240	157	0	0	480	150	60	91	120	132	420	88
1341	320.0	127.2		121.6		180	164	0	0	360	140	0	0	240	110	180	88
1342	280.0	137.7		128.9		180	190	0	0	360	143	0	0	60	128	240	93
1343	300.0	106.3		102.5		120	140	0	0	240	119	0	0	60	134	480	88
1344	260.0	123.2		115.9		120	179	0	0	360	132	0	0	120	97	180	86
1345	260.0	131.6		123.4		120	165	0	0	300	155	60	89	180	117	120	83
1346	420.0	128.4		121.3		240	171	0	0	660	135	0	0	0	0	360	88
1347	460.0	120.0		110.4		300	169	0	0	420	139	60	83	0	0	600	86
1348	540.0	132.9		123.9		480	169	0	0	660	140	0	0	0	0	480	87
1349	300.0	113.9		108.9		120	169	0	0	240	119	0	0	240	115	300	87
1350	200.0	136.3		131.0		120	178	0	0	180	146	0	0	240	120	60	89
1351	520.0	132.3		124.2		720	158	0	0	240	148	120	100	180	109	300	85
1352	340.0	138.6		130.8		240	172	0	0	420	149	0	0	120	135	240	89
1353	260.0	140.2		133.2		180	183	0	0	300	144	0	0	180	125	120	89
1354	320.0	124.4		119.4		60	145	0	0	480	141	0	0	180	123	240	87
1355	460.0	123.5		113.0		420	173	0	0	240	136	60	118	60	87	600	88
1356	320.0	137.6		131.9		180	177	0	0	420	145	0	0	240	120	120	88
1357	400.0	132.0		124.3		180	175	0	0	540	146	0	0	180	122	300	87
1358	280.0	133.3		119.8		240	190	0	0	240	142	0	0	60	113	300	85
1359	360.0	143.2		136.3		180	190	0	0	600	149	0	0	120	121	180	92
1360	360.0	137.6		127.8		420	167	0	0	300	140	0	0	60	173	300	87
1361	500.0	133.4		125.6		360	175	0	0	660	138	0	0	120	119	360	88
1362	560.0	127.0		122.2		420	160	0	0	540	137	60	102	480	101	180	98
1363	380.0	135.8		125.7		180	195	0	0	540	147	60	87	120	121	240	86
1364	540.0	137.7		132.1		360	172	0	0	780	143	0	0	180	121	300	93
1365	540.0	138.7		133.1		480	173	0	0	720	136	60	119	180	114	180	89
1366	240.0	123.0		116.6		0	0	0	0	360	149	0	0	120	113	240	89
1367	300.0	147.8		139.9		120	204	0	0	480	157	0	0	180	125	120	89
1368	400.0	117.6		110.9		480	150	0	0	180	118	180	92	0	0	360	87
1369	360.0	136.8		119.0		240	210	0	0	360	157	0	0	60	79	420	86
1370	300.0	122.5		114.9		0	0	0	0	420	154	0	0	120	113	360	89
1371	440.0	117.0		107.9		360	168	0	0	180	124	180	104	60	125	540	84
1372	380.0	138.2		131.4		180	170	0	0	540	152	0	0	180	129	240	90
1373	300.0	125.2		117.4		180	169	0	0	300	144	0	0	60	93	360	93
1374	340.0	137.0		126.3		300	168	0	0	420	152	0	0	0	0	300	85
1375	340.0	141.2		130.0		300	187	0	0	360	147	0	0	120	120	240	86
1376	460.0	150.0		145.4		480	182	0	0	600	143	0	0	300	113	0	0
1377	480.0	130.8		122.0		480	168	0	0	420	138	180	102	0	0	360	87
1378	500.0	123.7		118.3		600	143	0	0	420	135	120	92	60	103	300	86
1379	320.0	120.1		111.5		120	181	0	0	240	149	60	93	180	116	360	87
1380	380.0	119.4		113.6		180	158	0	0	540	131	0	0	0	0	420	88
1381	300.0	132.8		119.8		60	193	0	0	420	165	0	0	60	128	360	86
1382	340.0	135.9		125.7		240	169	0	0	480	149	0	0	60	118	240	81
1383	260.0	141.0		132.0		240	173	0	0	300	146	0	0	60	150	180	87
1384	340.0	127.3		121.2		180	164	0	0	420	137	0	0	180	123	240	86
1385	260.0	127.4		120.7		60	134	0	0	360	142	0	0	120	159	240	88
1386	440.0	135.9		124.4		480	179	0	0	360	128	0	0	60	174	420	88
1387	160.0	158.1		148.7		60	208	0	0	240	173	0	0	120	139	60	87
1388	420.0	113.9		106.2		240	149	0	0	240	145	180	89	60	165	540	87
1389	180.0	150.9		143.4		120	171	0	0	240	169	0	0	120	127	60	86
1390	320.0	123.1		115.4		120	160	0	0	360	142	0	0	120	141	360	86
1391	400.0	140.3		132.3		360	171	0	0	540	146	60	91	60	117	180	86
1392	160.0	107.6		101.7		60	152	0	0	120	137	0	0	0	0	300	87
1393	440.0	104.3		98.2		180	164	0	0	180	137	0	0	0	0	960	87
1394	300.0	150.7		139.2		240	203	0	0	360	153	0	0	120	132	180	89
1395	460.0	123.7		114.0		240	191	0	0	420	135	0	0	180	118	540	87
1396	320.0	123.9		118.4		240	155	0	0	420	126	0	0	60	137	240	86
1397	220.0	120.4		112.8		60	149	0	0	300	147	0	0	0	0	300	88
1398	480.0	116.3		110.5		300	155	0	0	420	128	60	109	120	114	540	87
1399	180.0	142.1		132.3		120	186	0	0	300	147	0	0	0	0	120	86
1400	280.0	118.0		114.9		0	0	0	0	480	133	0	0	120	110	240	92
1401	380.0	119.7		109.1		240	191	0	0	300	124	60	94	60	109	480	86
1402	320.0	122.5		112.4		120	182	0	0	420	143	0	0	0	0	420	85
1403	320.0	105.0		102.8		60	143	0	0	360	114	60	110	60	120	420	89
1404	340.0	140.9		135.2		240	168	0	0	600	145	0	0	0	0	180	91
1405	280.0	133.1		126.2		180	168	0	0	360	142	60	87	60	141	180	93
1406	280.0	131.9		124.1		60	184	0	0	360	151	0	0	180	135	240	88
1407	260.0	117.5		111.5		60	189	0	0	240	137	60	89	240	110	180	87
1408	240.0	119.7		113.9		60	182	0	0	300	136	0	0	120	107	240	90
1409	200.0	118.3		108.9		120	174	0	0	180	135	0	0	0	0	300	86
1410	440.0	127.2		118.3		300	173	0	0	420	142	0	0	180	110	420	87
1411	440.0	107.8		102.6		180	143	0	0	420	126	60	90	60	130	600	84
1412	260.0	120.2		115.8		120	162	0	0	360	126	0	0	60	114	240	92
1413	440.0	141.8		129.4		360	191	0	0	540	150	0	0	60	96	360	88
1414	300.0	117.4		111.3		180	137	0	0	300	145	60	91	0	0	360	89
1415	360.0	132.6		124.4		240	175	0	0	360	145	0	0	240	118	240	86
1416	320.0	139.0		129.2		120	177	0	0	480	162	0	0	240	101	120	85
1417	280.0	140.5		132.6		120	188	0	0	300	162	0	0	300	121	120	88
1418	140.0	130.9		127.1		0	0	0	0	240	145	0	0	120	124	60	88
1419	300.0	123.1		114.6		120	179	0	0	360	143	0	0	0	0	420	90
1420	440.0	117.6		111.8		300	157	0	0	360	128	60	113	120	109	480	88
1421	340.0	119.4		113.1		240	160	0	0	360	126	0	0	120	102	300	86
1422	300.0	114.0		107.7		60	184	0	0	420	131	0	0	0	0	420	87
1423	240.0	102.5		99.7		120	130	0	0	180	118	0	0	0	0	420	88
1424	420.0	119.0		112.3		240	160	0	0	300	142	120	98	180	112	420	88
1425	240.0	117.4		111.1		120	166	0	0	180	138	0	0	60	111	360	92
1426	400.0	122.2		114.9		180	169	0	0	360	144	0	0	120	127	540	91
1427	340.0	115.8		109.6		60	172	0	0	360	136	0	0	180	126	420	86
1428	340.0	112.8		106.5		120	176	0	0	240	134	60	99	60	121	540	90
1429	280.0	114.9		108.1		60	172	0	0	300	143	120	94	0	0	360	89
1430	140.0	120.4		115.7		0	0	0	0	180	143	0	0	120	119	120	88
1431	420.0	133.5		126.3		360	162	0	0	420	148	0	0	120	125	360	91
1432	240.0	113.7		106.8		120	139	0	0	180	153	120	99	0	0	300	86
1433	300.0	128.3		121.4		120	180	0	0	360	142	0	0	120	126	300	92
1434	280.0	132.8		118.4		300	189	0	0	180	130	60	89	0	0	300	87
1435	420.0	122.2		114.4		180	180	0	0	480	138	0	0	120	105	480	89
1436	300.0	133.3		127.8		120	160	0	0	360	147	60	91	240	133	120	87
1437	300.0	114.2		104.6		120	150	0	0	180	176	60	93	0	0	540	88
1438	300.0	133.3		121.4		0	0	0	0	420	170	0	0	120	141	360	88
1439	320.0	147.6		135.8		300	191	0	0	360	154	0	0	60	122	240	90
1440	300.0	135.9		132.1		240	156	0	0	360	143	60	92	120	131	120	101
1441	340.0	133.6		126.8		180	176	0	0	540	139	0	0	60	136	240	89
1442	220.0	127.3		121.5		60	172	0	0	360	139	0	0	60	127	180	89
1443	200.0	115.9		107.7		120	165	0	0	120	133	0	0	60	133	300	86
1444	360.0	109.3		102.7		180	168	0	0	300	120	60	90	0	0	540	86
1445	160.0	134.6		127.9		0	0	0	0	240	162	0	0	60	132	180	99
1446	260.0	111.2		104.4		240	155	60	106	0	0	60	103	0	0	420	88
1447	220.0	138.5		127.7		120	186	0	0	240	157	0	0	120	133	180	86
1448	220.0	135.7		126.5		60	184	0	0	360	154	0	0	60	124	180	87
1449	100.0	124.8		117.6		0	0	0	0	180	148	0	0	60	92	60	88
1450	360.0	110.6		104.4		60	180	0	0	240	145	120	89	180	116	480	88
1451	140.0	152.6		141.2		120	213	0	0	120	150	0	0	120	125	60	92
1452	100.0	150.0		129.4		60	246	0	0	120	162	0	0	0	0	120	90
1453	320.0	100.6		95.4		120	153	0	0	180	126	300	83	0	0	360	85
1454	220.0	113.5		105.5		60	173	0	0	180	151	0	0	0	0	420	89
1455	200.0	114.2		109.1		0	0	0	0	360	133	0	0	0	0	240	86
1456	460.0	127.1		117.0		420	168	0	0	360	144	180	94	0	0	420	86
1457	200.0	109.4		103.7		0	0	0	0	180	141	0	0	60	143	360	88
1458	120.0	130.3		115.2		60	198	0	0	60	189	0	0	60	131	180	88
1459	340.0	137.3		122.4		240	192	0	0	300	167	60	90	60	113	360	88
1460	260.0	126.5		114.1		180	196	0	0	240	133	60	90	0	0	300	87
1461	280.0	129.5		119.1		120	197	0	0	300	150	0	0	60	123	360	91
1462	220.0	122.6		111.5		60	165	0	0	240	164	0	0	0	0	360	88
1463	180.0	116.7		109.4		60	138	0	0	240	143	0	0	0	0	240	85
1464	240.0	154.3		134.2		120	220	0	0	240	196	0	0	120	138	240	88
1465	100.0	108.4		103.1		0	0	0	0	120	139	0	0	0	0	180	88
1466	300.0	120.5		113.3		240	146	0	0	180	146	60	114	60	150	360	87
1467	280.0	129.4		120.3		180	175	0	0	300	147	0	0	0	0	360	92
1468	220.0	103.5		100.9		0	0	0	0	180	130	120	100	120	100	240	87
1469	200.0	122.3		112.5		60	200	0	0	180	143	0	0	60	149	300	89
1470	340.0	106.9		101.6		60	130	0	0	240	145	180	91	120	120	420	85
1471	400.0	104.0		98.4		120	167	0	0	60	184	120	94	180	106	720	88
1472	140.0	102.9		99.8		0	0	0	0	180	124	0	0	0	0	240	87
1473	260.0	132.4		121.5		120	194	0	0	360	148	0	0	0	0	300	89
1474	120.0	160.8		150.6		60	210	0	0	120	166	0	0	120	166	60	91
1475	360.0	103.7		97.9		240	157	0	0	0	0	120	91	0	0	720	88
1476	220.0	110.0		104.3		0	0	0	0	180	154	120	90	120	106	240	89
1477	240.0	124.2		120.0		120	160	0	0	360	131	0	0	60	88	180	99
1478	300.0	103.3		98.3		60	154	0	0	180	135	0	0	60	131	600	86
1479	180.0	106.2		99.3		60	164	0	0	60	169	60	89	0	0	360	89
1480	320.0	115.8		110.2		240	153	0	0	300	121	60	114	0	0	360	87
1481	200.0	99.2		95.4		60	154	0	0	60	134	0	0	0	0	480	88
1482	160.0	134.4		123.4		0	0	0	0	120	185	0	0	180	145	180	90
1483	320.0	126.9		115.3		120	210	0	0	420	143	60	88	0	0	360	87
1484	260.0	106.3		98.1		0	0	0	0	180	168	180	99	0	0	420	83
1485	200.0	144.1		139.3		240	155	0	0	240	155	0	0	60	112	60	89
1486	200.0	121.1		109.9		60	194	0	0	240	148	0	0	0	0	300	85
1487	280.0	105.9		99.8		180	161	60	114	0	0	180	90	0	0	420	88
1488	60.0	114.7		109.5		0	0	0	0	0	0	60	112	60	146	60	86
1489	120.0	112.5		107.2		0	0	0	0	120	137	0	0	60	137	180	88
1490	180.0	133.8		120.5		60	214	0	0	240	155	0	0	60	118	180	84
1491	80.0	111.5		107.7		0	0	0	0	120	132	0	0	0	0	120	91
1492	300.0	114.9		104.5		60	238	0	0	240	149	0	0	60	98	540	88
1493	160.0	121.1		113.9		120	168	0	0	120	124	60	94	60	117	120	87
1494	220.0	128.5		119.0		60	173	0	0	300	154	0	0	60	122	240	87
1495	300.0	99.5		95.1		0	0	0	0	180	149	120	88	0	0	600	87
1496	80.0	149.8		144.9		60	182	0	0	60	171	0	0	120	123	0	0
1497	300.0	123.7		112.3		240	185	0	0	240	126	60	89	0	0	360	87
1498	220.0	128.3		121.4		120	167	0	0	120	136	0	0	240	136	180	87
1499	80.0	95.8		93.3		0	0	0	0	60	125	0	0	0	0	180	86
