#File created from auswertNew
# Temporary input file:
# tmp24.dat
# Created from repository file
# /home/vwitme/data/workdata/trafficData/Invent_A5/intermediatedata/A5frankfurt_06_01/daten/F24_1106.dat.gz
# Infrastructure description file:
# /home/vwitme/data/workdata/trafficData/Invent_A5/intermediatedata/A5frankfurt_06_01/daten/A5frankfurt_06_01.dsc
#
# Date: 11.06.2001
# Direction: Frankfurt
# Detector cross section 24
# Position (m)= 489.150000
# Number of main lanes=3
# Number of ramp lanes=0
# The lane indices are ordered from left to right
# NOTICE: The time has been increased by 1 hour 
# since summertime was not taken care of  in the original data!
# Velocity averages: Over veh types and lanes, weighted with flow
# vAvg=arithmetic average; vHarm=harmonic average
#===========================================
#t(min)	Qav(/h)	vAvg(km/h)	vHarm(km/h)	Q1car	v1car	Q1truck	v1truck	Q2car	v2car	Q2truck	v2truck	Q3car	v3car	Q3truck	v3truck
60	400.0	106.9		101.5		60	184	0	0	600	121	0	0	60	87	480	82
61	400.0	110.7		103.3		60	225	0	0	600	123	0	0	60	110	480	81
62	320.0	104.4		98.7		120	164	0	0	180	129	0	0	60	85	600	87
63	300.0	124.8		117.8		60	184	0	0	480	141	0	0	60	120	300	88
64	60.0	132.7		132.2		0	0	0	0	120	138	0	0	60	122	0	0
65	180.0	114.8		107.9		60	144	0	0	180	148	0	0	0	0	300	89
66	380.0	106.6		99.8		60	184	0	0	360	137	0	0	0	0	720	85
67	260.0	117.2		110.1		60	180	0	0	300	141	0	0	120	99	300	88
68	240.0	104.7		101.1		0	0	0	0	300	128	120	90	60	92	240	86
69	360.0	114.7		106.8		300	163	0	0	240	116	120	88	60	100	360	85
70	340.0	134.5		128.4		240	171	0	0	480	133	0	0	120	139	180	87
71	360.0	99.2		95.4		180	139	0	0	60	120	120	90	120	114	600	84
72	320.0	105.9		102.2		60	144	0	0	360	126	120	89	0	0	420	88
73	260.0	116.9		105.3		120	205	0	0	180	138	0	0	0	0	480	87
74	440.0	119.4		113.8		180	157	0	0	660	132	0	0	0	0	480	88
75	200.0	101.0		96.9		60	165	0	0	60	123	60	105	120	86	300	89
76	260.0	137.5		135.5		60	127	0	0	480	143	0	0	180	142	60	91
77	520.0	103.1		97.3		240	143	0	0	420	126	60	93	0	0	840	81
78	540.0	104.9		97.6		300	163	0	0	240	126	0	0	0	0	1080	84
79	180.0	89.6		88.3		0	0	0	0	60	124	0	0	60	87	420	85
80	220.0	109.0		102.7		60	153	0	0	180	139	0	0	60	119	360	85
81	180.0	100.7		97.8		0	0	0	0	180	126	0	0	0	0	360	88
82	320.0	107.8		103.2		120	146	0	0	360	124	0	0	0	0	480	86
83	460.0	110.4		101.4		240	171	0	0	300	136	0	0	0	0	840	84
84	240.0	103.7		99.6		0	0	0	0	240	135	0	0	0	0	480	88
85	200.0	115.2		108.1		120	168	0	0	60	151	0	0	120	105	300	91
86	260.0	105.3		98.2		0	0	0	0	240	151	0	0	0	0	540	85
87	160.0	113.4		109.8		60	156	0	0	60	139	0	0	240	108	120	90
88	200.0	107.8		100.9		120	156	0	0	60	151	0	0	60	87	360	88
89	320.0	106.8		103.7		60	122	0	0	420	125	0	0	60	95	420	88
90	300.0	96.9		94.9		0	0	0	0	180	128	60	91	0	0	660	89
91	200.0	108.3		104.8		60	153	0	0	240	120	0	0	60	90	240	90
92	400.0	123.1		114.0		300	180	0	0	480	119	0	0	0	0	420	87
93	380.0	113.7		107.1		60	160	0	0	480	140	0	0	60	106	540	86
94	220.0	104.9		98.9		60	163	0	0	180	132	0	0	0	0	420	85
95	220.0	99.6		96.3		0	0	0	0	180	132	60	84	0	0	420	88
96	420.0	108.9		105.7		180	127	0	0	540	124	60	86	0	0	480	88
97	320.0	103.3		100.0		60	158	0	0	300	121	0	0	0	0	600	89
98	220.0	99.5		96.2		60	146	0	0	120	122	60	98	60	90	360	86
99	340.0	113.8		109.2		300	140	0	0	240	128	0	0	60	99	420	89
100	300.0	97.0		94.7		0	0	0	0	240	124	60	89	0	0	600	87
101	340.0	111.5		106.7		300	130	0	0	300	130	0	0	0	0	420	85
102	300.0	105.5		102.4		240	122	0	0	240	122	0	0	60	90	360	86
103	240.0	119.0		111.2		180	162	0	0	240	128	0	0	0	0	300	86
104	340.0	112.1		105.8		120	163	0	0	300	134	60	93	60	120	480	87
105	360.0	118.7		106.7		180	207	0	0	240	137	0	0	0	0	660	88
106	260.0	107.6		100.2		60	184	0	0	180	144	0	0	0	0	540	87
107	360.0	99.3		95.0		60	180	0	0	120	141	60	90	60	91	780	88
108	360.0	93.3		91.6		0	0	0	0	180	125	0	0	0	0	900	87
109	220.0	118.0		108.6		180	172	0	0	120	124	0	0	60	104	300	86
110	260.0	85.0		85.0		0	0	0	0	0	0	0	0	0	0	780	85
111	280.0	97.4		94.7		60	117	0	0	300	116	0	0	60	92	420	82
112	260.0	102.1		97.2		60	187	0	0	240	113	0	0	0	0	480	86
113	120.0	114.0		106.7		0	0	0	0	120	152	0	0	60	122	180	86
114	320.0	103.4		99.3		180	124	0	0	180	124	0	0	60	145	540	85
115	360.0	94.6		91.5		120	129	0	0	180	122	0	0	0	0	780	83
116	260.0	93.2		89.3		60	141	0	0	60	154	60	87	0	0	600	83
117	240.0	116.2		110.7		60	175	0	0	300	130	0	0	60	125	300	89
118	120.0	93.2		92.0		0	0	0	0	0	0	0	0	60	119	300	88
119	120.0	103.3		98.4		60	138	0	0	60	138	0	0	0	0	240	86
120	120.0	119.5		115.6		180	135	0	0	0	0	0	0	60	130	120	91
121	220.0	118.8		113.6		240	134	0	0	180	134	60	86	60	121	120	81
122	280.0	105.9		101.5		60	148	0	0	240	129	0	0	120	112	420	85
123	240.0	119.7		109.8		0	0	0	0	300	159	60	90	60	126	300	85
124	140.0	115.1		106.6		60	164	0	0	120	147	0	0	0	0	240	87
125	320.0	117.9		110.3		120	164	0	0	360	142	60	90	60	88	360	88
126	260.0	108.3		101.0		120	164	0	0	120	146	120	91	60	84	360	87
127	360.0	116.8		106.1		120	221	0	0	420	128	0	0	0	0	540	85
128	120.0	118.8		112.3		60	167	0	0	120	135	0	0	0	0	180	92
129	260.0	115.5		107.4		120	164	0	0	240	141	0	0	0	0	420	87
130	240.0	100.4		96.6		120	146	0	0	60	121	180	90	0	0	360	87
131	100.0	113.2		105.6		60	158	0	0	0	0	0	0	60	144	180	88
132	180.0	103.7		98.5		0	0	0	0	180	139	0	0	0	0	360	86
133	140.0	117.1		112.0		60	149	0	0	120	130	0	0	60	141	180	90
134	360.0	107.6		103.1		180	149	0	0	300	121	180	87	60	89	360	89
135	300.0	100.5		96.0		120	161	0	0	120	113	60	90	0	0	600	87
136	220.0	98.9		96.2		0	0	0	0	180	128	0	0	60	88	420	88
137	220.0	107.4		100.5		60	214	0	0	60	133	60	100	60	97	420	91
138	120.0	116.8		103.7		60	214	0	0	60	139	0	0	0	0	240	87
139	240.0	101.2		95.8		120	165	0	0	0	0	60	92	0	0	540	88
140	300.0	110.0		102.5		60	214	0	0	240	133	60	90	60	118	480	87
141	320.0	97.5		95.8		0	0	0	0	240	120	120	100	0	0	600	88
142	340.0	99.1		94.9		120	154	0	0	180	118	60	89	60	84	600	85
143	360.0	108.2		100.3		240	169	0	0	60	129	120	87	0	0	660	88
144	220.0	116.2		109.3		120	150	0	0	240	137	0	0	0	0	300	86
145	300.0	117.2		111.1		60	154	0	0	360	143	0	0	120	109	360	88
146	220.0	113.0		110.0		0	0	0	0	240	136	0	0	300	105	120	87
147	320.0	100.9		98.9		240	117	0	0	180	117	60	86	60	101	420	87
148	260.0	113.7		111.1		240	126	0	0	240	126	0	0	120	103	180	88
149	180.0	134.7		127.2		60	171	0	0	300	140	0	0	60	169	120	86
150	320.0	97.5		94.4		0	0	0	0	300	125	0	0	0	0	660	85
151	340.0	93.8		92.2		60	138	0	0	120	106	60	113	0	0	780	87
152	340.0	115.1		110.8		120	138	0	0	480	127	0	0	60	142	360	87
153	200.0	103.8		101.0		0	0	0	0	180	125	0	0	120	114	300	87
154	120.0	112.0		109.1		0	0	0	0	180	127	0	0	120	105	60	81
155	240.0	106.9		101.1		60	194	0	0	180	122	0	0	60	107	420	88
156	220.0	95.7		93.9		0	0	0	0	180	119	0	0	0	0	480	87
157	240.0	107.1		101.2		0	0	0	0	300	138	0	0	0	0	420	85
158	240.0	103.2		99.0		60	160	0	0	240	119	0	0	0	0	420	86
159	100.0	99.4		97.6		0	0	0	0	0	0	0	0	60	129	240	92
160	300.0	105.5		100.2		60	167	0	0	180	142	0	0	180	98	480	87
161	220.0	109.8		104.2		60	151	0	0	240	134	0	0	60	91	300	86
162	200.0	104.4		101.2		0	0	0	0	120	135	0	0	180	113	300	87
163	120.0	115.5		106.7		60	163	0	0	120	139	0	0	0	0	180	84
164	180.0	85.0		85.0		0	0	0	0	0	0	0	0	0	0	540	85
165	220.0	107.2		99.5		0	0	0	0	180	161	0	0	0	0	480	87
166	260.0	105.2		101.5		0	0	0	0	300	131	0	0	0	0	480	89
167	200.0	97.2		95.0		60	135	0	0	120	113	60	89	0	0	360	87
168	140.0	97.1		96.0		0	0	0	0	120	107	0	0	60	114	240	88
169	280.0	95.7		93.9		180	117	0	0	60	117	120	96	0	0	480	85
170	40.0	85.0		85.0		0	0	0	0	0	0	0	0	0	0	120	85
171	120.0	138.8		134.4		60	164	0	0	240	144	0	0	0	0	60	93
172	120.0	134.3		125.0		120	164	0	0	120	145	0	0	60	111	60	77
173	280.0	109.9		102.1		120	164	0	0	180	144	0	0	60	82	480	87
174	260.0	104.2		99.4		60	141	0	0	180	141	60	87	0	0	480	88
175	240.0	102.8		97.8		0	0	0	0	180	147	0	0	0	0	540	88
176	140.0	112.0		106.8		60	165	0	0	60	135	0	0	60	116	240	92
177	180.0	95.6		92.9		0	0	0	0	120	129	0	0	0	0	420	86
178	200.0	117.0		112.0		60	146	0	0	300	131	0	0	60	117	180	84
179	300.0	109.1		103.7		120	160	0	0	180	134	60	89	120	105	420	88
180	260.0	101.6		98.4		60	154	0	0	240	116	60	94	0	0	420	87
181	180.0	115.7		111.9		0	0	0	0	240	135	0	0	120	117	180	89
182	160.0	118.5		106.8		120	185	0	0	60	138	0	0	0	0	300	88
183	360.0	131.6		119.6		300	185	0	0	360	139	60	88	0	0	360	87
184	260.0	131.2		118.8		120	219	0	0	360	138	0	0	0	0	300	88
185	220.0	106.5		100.9		120	161	0	0	120	117	120	88	0	0	300	88
186	260.0	120.8		112.2		120	167	0	0	300	143	0	0	0	0	360	87
187	240.0	106.4		103.5		0	0	0	0	300	128	0	0	0	0	420	91
188	180.0	115.0		106.4		60	182	0	0	120	135	60	114	60	137	240	83
189	240.0	113.9		108.4		0	0	0	0	360	139	0	0	60	88	300	89
190	220.0	116.3		112.5		180	141	0	0	180	128	60	88	0	0	240	96
191	240.0	106.3		99.8		60	187	0	0	180	131	0	0	0	0	480	87
192	160.0	96.4		95.0		0	0	0	0	120	117	0	0	60	97	300	88
193	300.0	107.0		104.9		300	117	0	0	300	117	0	0	0	0	300	87
194	320.0	113.9		110.0		60	180	0	0	600	120	0	0	60	94	240	87
195	240.0	100.8		95.2		0	0	0	0	180	148	0	0	60	86	480	85
196	140.0	108.0		103.2		60	160	0	0	60	111	60	100	60	124	180	87
197	180.0	100.9		97.2		0	0	0	0	180	130	60	88	0	0	300	86
198	160.0	116.6		108.8		60	182	0	0	180	133	0	0	0	0	240	88
199	340.0	107.2		101.7		180	150	0	0	240	127	60	92	60	85	480	86
200	320.0	104.4		100.0		60	158	0	0	300	128	60	90	0	0	540	87
201	280.0	113.4		110.7		0	0	0	0	420	131	0	0	60	101	360	95
202	180.0	120.2		115.4		60	143	0	0	240	137	0	0	60	124	180	89
203	220.0	119.6		113.9		180	143	0	0	180	143	0	0	180	94	120	88
204	300.0	100.6		96.9		60	169	0	0	180	122	60	94	0	0	600	88
205	280.0	100.4		98.5		60	130	0	0	180	120	120	102	0	0	480	89
206	360.0	110.8		103.8		180	166	0	0	240	132	0	0	0	0	660	88
207	220.0	102.1		97.4		0	0	0	0	180	142	0	0	60	88	420	87
208	320.0	101.1		98.3		60	147	0	0	300	118	0	0	0	0	600	88
209	220.0	117.9		113.3		120	147	0	0	300	127	0	0	60	113	180	85
210	140.0	118.9		112.9		60	142	0	0	180	141	0	0	0	0	180	89
211	140.0	116.7		112.6		0	0	0	0	240	134	0	0	60	107	120	87
212	200.0	99.3		94.9		60	158	0	0	120	120	60	85	0	0	360	85
213	60.0	134.3		117.5		0	0	0	0	120	164	0	0	0	0	60	75
214	200.0	119.6		115.6		60	134	0	0	240	125	0	0	120	146	180	90
215	220.0	112.2		106.9		180	134	0	0	180	134	0	0	0	0	300	86
216	220.0	109.8		103.6		120	144	0	0	120	144	0	0	60	116	360	86
217	260.0	143.1		143.1		300	144	0	0	300	144	0	0	180	140	0	0
218	180.0	126.1		121.6		180	138	0	0	180	138	0	0	60	133	120	87
219	280.0	114.7		108.6		60	182	0	0	360	131	0	0	60	116	360	87
220	200.0	113.4		107.2		0	0	0	0	240	147	0	0	60	101	300	89
221	180.0	120.2		111.7		60	175	0	0	180	150	60	101	0	0	240	89
222	200.0	99.9		95.9		0	0	0	0	180	133	60	90	0	0	360	85
223	300.0	119.7		108.9		120	205	0	0	300	137	60	91	0	0	420	87
224	240.0	131.3		120.5		120	193	0	0	300	145	0	0	60	121	240	86
225	280.0	108.5		102.6		120	142	0	0	180	147	60	90	0	0	480	88
226	360.0	126.9		121.4		240	156	0	0	480	136	60	107	60	118	240	87
227	180.0	116.7		112.2		60	146	0	0	240	134	0	0	0	0	240	92
228	240.0	119.5		112.6		120	154	0	0	300	138	60	88	0	0	240	87
229	280.0	108.5		103.4		0	0	0	0	420	132	0	0	0	0	420	85
230	460.0	103.9		97.1		120	182	0	0	300	133	0	0	0	0	960	85
231	180.0	129.3		123.9		0	0	0	0	300	148	0	0	120	124	120	88
232	260.0	106.8		102.8		60	160	0	0	300	122	0	0	60	91	360	88
233	420.0	114.6		106.8		240	167	0	0	420	127	0	0	0	0	600	85
234	300.0	110.1		104.3		120	142	0	0	240	142	60	91	120	96	360	86
235	320.0	100.0		95.4		120	147	0	0	240	119	0	0	0	0	600	83
236	200.0	118.8		113.7		60	148	0	0	300	136	0	0	0	0	240	90
237	280.0	107.5		103.6		0	0	0	0	420	128	0	0	0	0	420	87
238	420.0	98.1		95.4		180	126	0	0	180	126	0	0	0	0	900	87
239	360.0	112.3		104.9		240	158	0	0	300	124	0	0	60	105	480	83
240	260.0	109.1		103.6		0	0	0	0	360	136	0	0	0	0	420	86
241	180.0	100.2		97.8		120	118	0	0	120	118	0	0	0	0	300	86
242	320.0	107.4		103.3		240	129	0	0	240	128	0	0	60	89	420	86
243	400.0	113.6		108.7		360	132	0	0	360	132	0	0	0	0	480	86
244	240.0	122.8		120.1		300	130	0	0	300	130	0	0	60	87	60	87
245	220.0	124.7		120.2		180	142	0	0	240	139	0	0	120	109	120	86
246	300.0	118.1		112.9		60	200	0	0	420	125	0	0	180	116	240	87
247	220.0	130.5		127.2		60	177	0	0	420	134	0	0	120	116	60	88
248	160.0	127.5		121.0		0	0	0	0	240	152	0	0	120	119	120	87
249	240.0	135.9		130.4		60	181	0	0	480	145	0	0	60	110	120	90
250	280.0	130.6		124.7		120	181	0	0	480	132	0	0	60	144	180	89
251	220.0	109.2		104.2		0	0	0	0	360	130	60	85	0	0	240	84
252	300.0	131.8		124.0		300	152	0	0	300	152	0	0	60	109	240	87
253	80.0	141.0		140.3		60	151	0	0	60	151	0	0	120	131	0	0
254	140.0	104.4		100.3		60	155	0	0	60	107	0	0	60	117	240	88
255	280.0	113.7		108.1		120	156	0	0	300	130	0	0	60	108	360	87
256	180.0	130.8		122.2		120	171	0	0	240	142	0	0	60	95	120	86
257	240.0	123.2		114.7		60	173	0	0	360	145	0	0	0	0	300	87
258	240.0	124.9		115.1		120	148	0	0	300	153	120	84	60	112	120	79
259	260.0	118.0		112.8		60	160	0	0	300	130	0	0	180	128	240	85
260	280.0	123.4		116.4		120	180	0	0	480	114	0	0	60	189	180	89
261	180.0	126.4		117.8		60	211	0	0	180	133	60	90	120	131	120	88
262	220.0	124.5		113.9		120	172	0	0	180	159	60	88	120	103	180	85
263	280.0	123.4		115.2		60	135	0	0	360	145	120	89	120	151	180	81
264	280.0	113.6		108.6		120	159	0	0	360	123	0	0	60	99	300	87
265	260.0	128.5		121.0		240	162	0	0	240	140	0	0	120	96	180	90
266	300.0	109.7		103.0		180	147	0	0	180	142	120	89	60	84	360	86
267	360.0	124.2		116.2		120	185	0	0	480	141	0	0	60	114	420	89
268	440.0	128.5		119.0		420	173	0	0	360	133	120	101	0	0	420	88
269	280.0	112.0		107.6		0	0	0	0	480	129	0	0	60	116	300	84
270	420.0	137.9		132.6		180	164	0	0	660	149	0	0	180	132	240	92
271	460.0	139.0		131.1		360	172	0	0	660	146	0	0	60	119	300	88
272	320.0	130.1		121.7		240	170	0	0	300	138	60	91	120	136	240	87
273	400.0	132.4		129.7		360	155	0	0	600	127	0	0	120	131	120	93
274	240.0	91.2		90.4		0	0	0	0	180	107	0	0	0	0	540	86
275	260.0	109.8		105.8		60	146	0	0	300	128	0	0	120	106	300	86
276	120.0	125.3		118.0		0	0	0	0	240	145	0	0	0	0	120	86
277	460.0	135.9		127.4		420	177	0	0	540	133	60	90	120	128	240	86
278	440.0	128.7		119.4		240	189	0	0	540	137	60	90	180	109	300	85
279	200.0	122.5		113.4		0	0	0	0	300	151	0	0	60	134	240	84
280	320.0	136.1		127.3		240	178	0	0	360	145	0	0	120	122	240	88
281	280.0	118.4		114.1		0	0	0	0	360	142	0	0	180	115	300	92
282	360.0	127.1		121.1		120	158	0	0	420	144	0	0	240	131	300	88
283	300.0	108.3		101.6		0	0	0	0	300	150	60	92	0	0	540	87
284	440.0	113.2		110.3		180	141	0	0	720	120	0	0	60	100	360	88
285	380.0	125.1		120.1		180	164	0	0	480	129	0	0	180	134	300	90
286	300.0	130.3		121.7		180	187	0	0	420	134	0	0	0	0	300	91
287	580.0	127.0		123.2		540	152	0	0	780	126	0	0	240	103	180	88
288	360.0	109.6		104.7		0	0	0	0	480	134	60	92	60	121	480	86
289	500.0	132.8		128.5		180	154	0	0	900	143	60	97	120	126	240	91
290	380.0	141.4		135.9		240	171	0	0	540	149	0	0	240	123	120	85
291	280.0	129.0		125.0		240	163	0	0	360	120	0	0	180	116	60	86
292	200.0	153.6		151.0		60	182	0	0	300	162	0	0	180	145	60	109
293	460.0	115.5		110.1		300	150	0	0	360	130	120	94	180	112	420	86
294	440.0	101.4		97.2		60	120	0	0	360	136	60	90	0	0	840	86
295	400.0	134.6		131.8		240	169	0	0	480	133	0	0	420	123	60	91
296	300.0	114.7		109.4		300	137	0	0	180	137	120	90	120	96	180	84
297	480.0	102.0		98.5		180	146	0	0	360	117	60	88	60	90	780	87
298	480.0	123.6		116.8		240	164	0	0	720	133	60	104	60	112	360	83
299	320.0	126.8		125.0		60	165	0	0	480	132	0	0	360	120	60	88
300	260.0	125.7		120.1		0	0	0	0	360	148	0	0	240	122	180	86
301	560.0	114.8		108.8		240	158	0	0	720	128	0	0	60	112	660	85
302	480.0	111.7		105.9		120	182	0	0	600	126	0	0	0	0	720	88
303	380.0	127.9		123.0		180	164	0	0	480	140	0	0	360	108	120	85
304	420.0	137.2		129.5		360	171	0	0	480	144	0	0	180	120	240	86
305	360.0	126.9		117.9		360	171	0	0	420	119	0	0	0	0	300	85
306	620.0	107.1		101.2		240	146	0	0	540	134	0	0	60	86	1020	85
307	420.0	129.7		122.6		300	172	0	0	480	128	0	0	180	135	300	87
308	340.0	124.6		121.8		120	155	0	0	600	131	0	0	240	103	60	87
309	880.0	118.4		114.6		900	140	0	0	960	119	0	0	240	110	540	85
310	460.0	130.3		127.1		300	154	0	0	660	136	0	0	300	110	120	90
311	360.0	129.6		120.6		180	176	0	0	480	146	0	0	240	96	180	84
312	420.0	127.7		122.5		180	169	0	0	600	131	0	0	240	130	240	86
313	540.0	121.8		114.7		360	158	0	0	480	140	240	89	180	114	360	87
314	520.0	115.1		109.6		420	144	0	0	420	129	120	88	60	122	540	87
315	520.0	124.5		118.1		480	156	0	0	480	134	0	0	240	96	360	89
316	460.0	136.8		129.3		300	175	0	0	660	145	0	0	120	116	300	89
317	520.0	129.7		122.8		480	164	0	0	540	134	60	90	240	105	240	86
318	640.0	137.4		130.9		540	174	0	0	660	139	60	90	360	126	300	91
319	660.0	127.4		122.8		420	157	0	0	1080	132	0	0	120	98	360	89
320	500.0	133.4		123.5		360	183	0	0	660	139	0	0	120	93	360	87
321	240.0	139.8		135.8		60	177	0	0	480	147	0	0	120	119	60	87
322	660.0	111.7		107.0		420	139	0	0	540	129	120	91	300	106	600	84
323	560.0	133.9		129.9		540	161	0	0	780	127	0	0	180	127	180	89
324	680.0	127.8		121.6		600	160	0	0	960	128	0	0	60	102	420	85
325	600.0	130.3		122.3		540	167	0	0	780	132	0	0	60	87	420	86
326	460.0	122.6		116.6		300	159	0	0	600	130	120	94	60	106	300	86
327	580.0	132.4		126.2		600	161	0	0	660	133	60	90	180	114	240	84
328	460.0	139.3		133.0		240	186	0	0	780	141	0	0	180	123	180	86
329	560.0	127.8		119.9		360	165	0	0	720	141	60	91	60	109	480	87
330	520.0	147.1		141.6		540	170	0	0	600	153	0	0	300	118	120	87
331	600.0	138.4		134.2		540	167	0	0	840	137	0	0	360	107	60	88
332	700.0	129.9		123.5		660	161	0	0	660	136	0	0	420	110	360	85
333	760.0	123.7		117.5		540	164	0	0	1140	124	0	0	60	105	540	85
334	860.0	126.2		121.2		900	152	0	0	1080	125	0	0	60	115	540	87
335	960.0	125.7		119.6		900	159	0	0	1260	124	0	0	60	88	660	87
336	900.0	129.2		124.3		1080	153	0	0	840	127	0	0	420	110	360	85
337	680.0	128.4		123.3		540	155	0	0	840	135	0	0	360	110	300	84
338	580.0	141.7		135.4		540	174	0	0	720	141	0	0	360	116	120	78
339	1160.0	122.7		115.8		1380	152	0	0	1140	120	0	0	60	80	900	84
340	800.0	128.8		122.4		720	163	0	0	900	124	0	0	300	131	480	85
341	860.0	122.7		117.1		840	147	0	0	840	129	0	0	180	126	720	86
342	1160.0	122.2		119.1		1620	136	0	0	1080	121	0	0	420	107	360	81
343	760.0	112.7		107.2		480	144	0	0	900	125	0	0	180	87	720	83
344	660.0	122.1		115.7		420	163	0	0	780	131	0	0	300	98	480	87
345	960.0	140.8		138.6		1140	157	0	0	1260	138	0	0	360	114	120	97
346	860.0	122.7		116.2		900	149	0	0	900	129	0	0	60	98	720	84
347	760.0	112.5		108.0		480	140	0	0	900	124	0	0	180	92	720	85
348	1000.0	119.2		116.4		1440	132	0	0	1020	115	0	0	60	148	480	86
349	780.0	117.3		113.3		540	142	0	0	840	128	60	106	300	106	600	87
350	980.0	123.7		118.8		1200	145	0	0	1080	122	0	0	120	108	540	83
351	600.0	132.4		127.3		480	163	0	0	900	130	0	0	180	127	240	84
352	940.0	142.3		139.8		1320	159	0	0	1020	136	0	0	480	110	0	0
353	700.0	119.4		111.1		540	158	0	0	660	130	0	0	180	118	720	81
354	1300.0	113.8		109.0		1320	140	0	0	1440	114	0	0	180	84	960	83
355	1260.0	115.9		112.6		1380	134	0	0	1320	119	0	0	120	104	960	87
356	820.0	126.8		123.3		960	147	0	0	900	125	0	0	180	109	420	92
357	980.0	119.9		115.3		900	146	0	0	1380	119	0	0	60	117	600	83
358	900.0	126.0		122.2		900	150	0	0	1080	124	0	0	360	111	360	87
359	720.0	128.1		123.9		720	150	0	0	900	130	0	0	240	108	300	86
360	1040.0	133.7		131.6		1440	148	0	0	1320	127	0	0	240	108	120	88
361	760.0	130.9		127.8		960	148	0	0	840	129	0	0	300	107	180	88
362	780.0	115.8		111.3		720	140	0	0	780	123	60	105	60	102	720	86
363	820.0	127.3		121.4		780	156	0	0	960	130	0	0	180	113	540	86
364	660.0	126.1		122.6		600	151	0	0	1020	122	0	0	180	109	180	83
365	1060.0	118.9		115.4		1200	141	0	0	1260	115	0	0	240	93	480	87
366	960.0	133.7		132.2		1260	146	0	0	1140	130	0	0	420	113	60	89
367	1080.0	126.2		122.5		1200	146	0	0	1500	124	0	0	120	96	420	86
368	740.0	111.2		106.8		300	149	0	0	1020	121	0	0	240	100	660	83
369	1060.0	118.6		116.6		1560	130	0	0	1020	116	0	0	240	105	360	86
370	1000.0	119.3		117.4		1260	130	0	0	1140	120	0	0	240	108	360	87
371	1360.0	121.2		118.0		1860	139	0	0	1380	116	0	0	240	97	600	88
372	960.0	121.5		118.1		1080	141	0	0	1140	121	0	0	120	102	540	88
373	640.0	138.0		134.7		540	167	0	0	900	135	0	0	360	116	120	96
374	800.0	125.5		122.6		840	143	0	0	1080	126	0	0	300	98	180	87
375	800.0	135.5		131.5		840	158	0	0	1140	133	60	91	180	110	180	87
376	980.0	123.5		119.9		1200	147	0	0	1020	115	60	90	420	101	240	90
377	840.0	124.2		119.4		840	152	0	0	960	124	60	87	120	104	540	90
378	1120.0	115.5		113.4		1500	128	0	0	960	117	120	89	360	99	420	89
379	880.0	116.4		113.6		900	132	0	0	1080	120	0	0	180	95	480	87
380	1020.0	125.2		121.7		1320	142	0	0	1080	125	0	0	180	103	480	88
381	820.0	120.0		117.3		960	136	0	0	900	121	120	89	180	100	300	90
382	1280.0	118.9		116.9		1560	134	0	0	1500	115	0	0	360	106	420	88
383	1060.0	124.0		123.0		1500	134	0	0	1080	118	0	0	540	113	60	82
384	1120.0	117.7		114.2		1380	138	0	0	1140	111	0	0	300	110	540	84
385	1060.0	128.2		126.9		1140	142	0	0	1440	126	0	0	600	107	0	0
386	760.0	134.1		132.7		840	152	0	0	1020	126	0	0	420	118	0	0
387	1160.0	121.8		119.3		1560	134	0	0	1200	123	60	91	360	102	300	84
388	1340.0	115.6		112.9		1860	130	0	0	1200	115	240	91	60	96	660	87
389	1520.0	109.4		107.8		2100	121	0	0	1500	106	120	90	120	95	720	88
390	1280.0	114.3		111.7		1560	130	0	0	1320	114	60	86	240	96	660	87
391	1140.0	115.4		113.4		1380	131	0	0	1440	110	0	0	240	100	360	87
392	1100.0	117.3		114.6		1380	132	0	0	1200	118	0	0	0	0	720	88
393	1380.0	118.4		117.2		1920	127	0	0	1680	116	0	0	240	104	300	88
394	1220.0	119.6		117.6		1860	129	0	0	1020	118	120	87	240	123	420	89
395	860.0	121.0		118.8		900	135	0	0	1140	122	0	0	300	105	240	84
396	1320.0	120.9		118.9		2160	130	0	0	1080	120	0	0	240	111	480	87
397	1060.0	123.9		122.3		1380	134	0	0	1320	123	0	0	360	102	120	83
398	1300.0	121.0		118.3		1680	135	0	0	1440	121	0	0	420	92	360	89
399	1100.0	118.3		116.1		1260	132	0	0	1440	118	60	90	180	99	360	86
400	1180.0	124.3		122.5		1860	133	0	0	1080	123	0	0	360	111	240	83
401	1480.0	113.8		112.4		2280	122	0	0	1320	111	0	0	480	107	360	81
402	1300.0	122.4		121.0		1860	132	0	0	1200	122	60	116	600	105	180	87
403	1040.0	126.6		124.8		1320	139	0	0	1200	125	0	0	480	107	120	85
404	1200.0	119.8		118.8		1560	127	0	0	1680	119	0	0	360	92	0	0
405	1300.0	122.9		121.8		1920	132	0	0	1320	117	0	0	480	116	180	88
406	860.0	125.5		123.3		1020	140	0	0	900	125	0	0	480	110	180	87
407	1160.0	122.3		121.4		1440	132	0	0	1500	119	0	0	420	111	120	88
408	1280.0	126.7		125.4		1980	135	0	0	1200	125	60	111	480	108	120	88
409	960.0	126.5		125.0		1020	139	0	0	1320	125	0	0	360	116	180	88
410	1140.0	127.8		125.4		1380	143	0	0	1560	125	0	0	180	101	300	89
411	1180.0	126.6		125.1		1560	136	0	0	1620	124	0	0	120	116	240	88
412	880.0	133.8		131.8		1260	146	0	0	960	130	60	107	240	115	120	88
413	1160.0	129.9		128.8		1440	140	0	0	1500	127	0	0	420	117	120	90
414	1080.0	125.8		123.8		1260	138	0	0	1380	127	0	0	420	101	180	89
415	920.0	122.0		119.3		1080	140	0	0	960	121	0	0	360	102	360	91
416	1020.0	121.0		118.1		1560	136	0	0	1020	114	0	0	120	88	360	87
417	1060.0	128.0		125.4		1620	138	0	0	1020	131	60	91	120	95	360	92
418	1020.0	124.5		122.1		1200	137	0	0	1200	126	0	0	300	112	360	88
419	980.0	126.4		123.9		1140	142	0	0	1140	126	0	0	420	108	240	87
420	1240.0	124.3		122.1		1620	139	0	0	1440	119	0	0	420	108	240	85
421	740.0	135.0		133.2		900	144	0	0	900	138	0	0	300	117	120	90
422	1240.0	129.5		127.3		1800	140	0	0	1260	130	0	0	420	107	240	87
423	1180.0	122.3		119.6		1560	137	0	0	1440	119	0	0	300	94	240	82
424	1080.0	128.5		126.8		1500	139	0	0	1200	128	0	0	360	105	180	92
425	860.0	128.5		127.1		960	139	0	0	1260	128	0	0	300	105	60	87
426	1020.0	127.8		124.2		1260	146	0	0	1200	126	60	91	180	104	360	88
427	1360.0	127.7		125.7		1800	142	0	0	1560	123	60	105	480	106	180	90
428	1140.0	131.9		128.6		1440	148	0	0	1380	131	0	0	420	99	180	86
429	1040.0	121.6		118.9		1140	140	0	0	1320	120	0	0	240	97	420	91
430	1060.0	134.9		132.7		1560	148	0	0	1320	128	0	0	180	102	120	89
431	1220.0	130.2		128.2		1620	141	0	0	1500	130	0	0	180	112	360	92
432	1200.0	125.0		122.7		1560	139	0	0	1200	124	0	0	540	108	300	87
433	880.0	128.3		125.2		840	146	0	0	1080	132	0	0	480	110	240	86
434	900.0	127.9		125.4		1260	141	0	0	960	125	0	0	180	117	300	89
435	940.0	134.2		130.8		1500	146	0	0	900	133	120	103	60	121	240	84
436	1300.0	125.2		122.9		1920	137	0	0	1320	123	0	0	300	105	360	87
437	1080.0	125.5		122.2		1500	146	0	0	1140	112	0	0	240	112	360	92
438	1280.0	124.9		122.4		1920	137	0	0	1380	122	0	0	180	94	360	87
439	1260.0	126.4		123.5		1740	141	0	0	1320	123	60	92	360	109	300	84
440	1320.0	125.0		123.3		1920	138	0	0	1320	117	0	0	600	109	120	85
441	1060.0	125.9		124.8		1440	135	0	0	1260	124	0	0	420	106	60	88
442	1140.0	125.4		123.3		1620	138	0	0	1500	119	0	0	120	96	180	84
443	1120.0	130.4		127.8		1800	141	0	0	900	133	0	0	540	100	120	88
444	900.0	127.6		124.1		1020	146	0	0	1140	126	0	0	120	126	420	88
445	1440.0	119.6		118.4		2160	128	0	0	1620	116	0	0	300	104	240	87
446	960.0	128.6		127.0		1140	144	0	0	1320	122	0	0	360	111	60	86
447	800.0	124.2		122.4		900	132	0	0	840	132	0	0	540	108	120	84
448	1000.0	124.6		122.7		1140	135	0	0	1200	128	60	113	420	105	180	86
449	880.0	126.6		125.5		900	140	0	0	1200	124	0	0	480	113	60	87
450	820.0	122.3		120.3		780	134	0	0	1380	123	0	0	60	102	240	85
451	980.0	127.8		124.9		1320	141	0	0	1260	126	0	0	0	0	360	86
452	1140.0	125.4		124.2		1560	135	0	0	1500	121	0	0	180	118	180	87
453	1120.0	121.5		119.5		1560	136	0	0	1380	113	60	87	120	111	240	90
454	1000.0	126.1		125.2		1440	132	0	0	1080	128	0	0	420	105	60	99
455	960.0	129.5		127.5		1560	142	0	0	900	120	0	0	300	110	120	87
456	720.0	125.4		122.0		720	142	0	0	1020	128	0	0	60	105	360	88
457	1080.0	123.1		121.4		1260	138	0	0	1380	118	0	0	420	110	180	88
458	1020.0	126.9		124.3		1320	141	0	0	1200	123	0	0	180	127	360	88
459	1140.0	127.2		126.2		1500	138	0	0	1440	122	0	0	420	112	60	88
460	960.0	130.6		127.5		1380	145	0	0	960	128	60	93	180	118	300	88
461	740.0	126.6		124.2		660	146	0	0	1200	125	0	0	120	110	240	90
462	1040.0	125.9		123.7		1380	141	0	0	1080	120	60	103	300	116	300	92
463	1040.0	125.6		124.2		1440	133	0	0	1380	125	0	0	180	96	120	87
464	1020.0	123.6		122.5		1500	132	0	0	1380	119	0	0	60	93	120	87
465	940.0	126.3		124.8		1200	137	0	0	1080	123	0	0	360	119	180	89
466	980.0	128.2		127.0		1380	138	0	0	1200	125	0	0	300	104	60	90
467	860.0	125.3		124.4		1140	134	0	0	1080	122	0	0	300	112	60	85
468	980.0	117.8		115.5		1380	129	0	0	900	120	120	95	180	102	360	85
469	940.0	121.0		120.4		960	130	0	0	1200	120	0	0	600	112	60	87
470	1160.0	124.0		122.4		1680	134	0	0	1260	122	0	0	240	107	300	90
471	960.0	120.6		119.1		1260	131	0	0	1020	118	0	0	300	116	300	90
472	880.0	124.9		122.5		1200	138	0	0	1140	121	0	0	60	97	240	85
473	1020.0	121.3		120.1		1620	128	0	0	1080	119	0	0	180	112	180	84
474	1020.0	118.7		118.3		1560	124	0	0	1020	117	0	0	360	107	120	99
475	1180.0	110.7		109.4		1560	122	0	0	1380	106	60	89	240	102	300	85
476	1000.0	121.1		119.6		1320	133	0	0	1440	115	0	0	60	109	180	86
477	1120.0	117.8		116.2		1980	126	0	0	840	115	0	0	180	100	360	88
478	720.0	114.5		113.0		960	123	0	0	840	115	0	0	60	109	300	87
479	1120.0	115.3		114.3		1740	122	0	0	1140	114	60	112	300	94	120	86
480	1120.0	117.3		116.2		1620	126	0	0	1380	113	0	0	180	106	180	84
481	720.0	128.3		126.4		960	141	0	0	960	122	0	0	120	122	120	84
482	1220.0	115.4		114.1		1680	123	0	0	1320	116	0	0	240	108	420	87
483	820.0	127.2		125.2		1020	139	0	0	1140	126	0	0	120	98	180	88
484	1000.0	119.1		117.7		1380	130	0	0	1080	115	0	0	300	108	240	89
485	860.0	121.1		120.2		1320	127	0	0	960	120	60	97	120	109	120	89
486	1140.0	118.1		116.1		1500	133	0	0	1320	113	60	95	120	99	420	90
487	940.0	123.7		122.4		1440	133	0	0	1140	118	0	0	60	114	180	89
488	960.0	122.9		121.8		1200	132	0	0	1380	120	0	0	120	117	180	89
489	1100.0	119.9		116.9		1560	137	0	0	1260	111	0	0	180	88	300	87
490	740.0	121.4		119.3		1020	132	0	0	960	119	60	90	60	73	120	91
491	1060.0	116.0		115.1		1980	121	0	0	960	113	60	87	120	85	60	90
492	860.0	116.3		114.6		1380	126	0	0	720	114	60	106	120	98	300	87
493	940.0	118.8		117.7		1320	129	0	0	1200	113	0	0	180	103	120	88
494	1040.0	119.0		116.4		1620	131	0	0	780	119	0	0	300	102	420	85
495	960.0	118.2		116.8		1260	130	0	0	1020	115	0	0	360	105	240	90
496	860.0	124.0		122.0		1200	136	0	0	1080	120	0	0	60	95	240	89
497	880.0	126.5		124.5		1140	137	0	0	960	128	0	0	300	112	240	89
498	840.0	122.0		120.3		1020	134	0	0	1140	120	0	0	180	103	180	86
499	820.0	131.3		129.0		1020	146	0	0	1200	125	0	0	60	137	180	88
500	640.0	123.8		122.9		780	136	0	0	960	117	0	0	180	107	0	0
501	880.0	121.9		120.4		1260	132	0	0	960	120	0	0	300	99	120	89
502	940.0	115.2		113.0		1200	128	0	0	720	117	0	0	540	105	360	84
503	760.0	125.8		123.5		1260	139	0	0	780	115	0	0	120	98	120	86
504	1040.0	109.6		108.5		1380	119	0	0	1200	107	0	0	240	98	300	86
505	1100.0	108.8		108.1		1680	113	0	0	1020	112	0	0	480	93	120	87
506	980.0	114.6		112.3		1140	130	0	0	1080	113	0	0	360	101	360	84
507	1040.0	113.0		111.9		1500	120	0	0	1200	113	0	0	240	90	180	86
508	1160.0	113.1		111.7		1500	125	0	0	1320	109	120	86	360	101	180	86
509	840.0	112.5		111.5		900	124	0	0	1260	109	60	108	120	98	180	90
510	1040.0	112.0		111.0		1320	121	0	0	1260	111	0	0	240	98	300	88
511	940.0	117.1		115.5		1080	129	0	0	1200	117	0	0	240	101	300	88
512	680.0	120.1		119.6		780	128	0	0	900	119	0	0	360	106	0	0
513	960.0	119.2		117.1		1440	130	0	0	1140	115	0	0	60	85	240	83
514	820.0	117.2		116.0		900	128	0	0	1020	117	0	0	360	105	180	89
515	860.0	115.0		113.2		1140	126	0	0	1080	113	0	0	0	0	360	86
516	1080.0	113.0		112.0		1260	122	0	0	1380	113	0	0	420	96	180	89
517	1260.0	110.0		109.1		1860	117	0	0	1380	109	0	0	300	91	240	86
518	1040.0	117.2		115.6		1440	127	0	0	1200	116	0	0	240	92	240	89
519	880.0	114.8		112.9		1140	126	0	0	1140	113	0	0	60	84	300	85
520	860.0	121.1		119.4		900	131	0	0	1260	123	60	92	180	103	180	86
521	1040.0	117.0		115.2		1620	127	0	0	840	116	60	105	300	99	300	86
522	840.0	121.0		118.7		1200	134	0	0	960	116	0	0	120	105	240	84
523	1220.0	109.3		108.6		1920	115	0	0	1260	108	0	0	180	97	300	86
524	1000.0	116.6		115.1		1440	128	0	0	1020	112	0	0	300	100	240	89
525	920.0	121.1		119.4		1200	134	0	0	1200	117	0	0	360	92	0	0
526	780.0	116.7		114.3		780	132	0	0	1140	117	0	0	120	99	300	83
527	1000.0	113.4		112.2		1320	119	0	0	1200	116	0	0	180	102	300	85
528	960.0	115.4		114.0		1320	123	0	0	1080	116	60	119	180	95	240	85
529	1080.0	110.4		108.5		1440	124	0	0	1020	107	60	105	300	95	420	84
530	1040.0	114.4		112.8		1320	127	0	0	1080	112	60	105	360	100	300	87
531	1020.0	118.0		116.7		1200	130	0	0	1140	117	0	0	480	103	240	93
532	760.0	119.6		117.7		900	136	0	0	840	114	60	98	300	106	180	93
533	780.0	116.9		115.7		780	130	0	0	1140	115	0	0	240	104	180	90
534	1020.0	117.2		115.6		1500	129	0	0	1080	111	60	91	360	96	60	86
535	1100.0	117.1		114.7		1440	131	0	0	1140	116	0	0	360	97	360	85
536	980.0	115.0		114.1		1560	123	0	0	1080	109	0	0	180	98	120	90
537	1060.0	115.0		113.0		1320	128	0	0	1140	115	0	0	420	94	300	87
538	840.0	113.6		112.0		1200	124	0	0	840	111	0	0	60	113	420	89
539	920.0	122.6		120.0		1380	138	0	0	840	115	0	0	300	101	240	88
540	1000.0	113.5		112.5		1440	123	0	0	900	109	60	90	300	108	300	92
541	1160.0	115.7		114.1		1680	126	0	0	1440	111	0	0	240	85	120	88
542	740.0	122.3		119.7		1200	131	60	105	720	123	0	0	60	73	180	84
543	800.0	119.1		115.9		900	135	0	0	960	121	60	95	240	97	240	80
544	940.0	116.7		113.7		1260	134	0	0	1080	109	0	0	120	105	360	83
545	880.0	113.0		110.4		1140	127	0	0	960	112	60	104	240	85	240	81
546	880.0	113.5		111.4		1200	128	0	0	1080	107	0	0	120	83	240	86
547	920.0	110.0		109.1		1320	118	0	0	900	107	0	0	360	101	180	84
548	680.0	119.7		115.7		720	142	0	0	600	123	0	0	540	100	180	79
549	1220.0	95.7		93.9		1080	111	0	0	1080	101	0	0	1320	81	180	79
550	860.0	110.7		110.0		1200	115	0	0	960	112	0	0	360	98	60	78
551	1060.0	103.2		100.6		1440	114	0	0	1140	105	0	0	240	72	360	75
552	1000.0	108.3		107.5		1500	115	0	0	960	107	0	0	300	94	240	89
553	1080.0	102.8		101.6		1560	112	0	0	1020	100	120	94	180	91	360	80
554	960.0	104.5		103.5		1260	115	0	0	1200	100	0	0	180	89	240	84
555	940.0	110.1		107.8		1260	124	0	0	960	108	0	0	180	85	420	84
556	720.0	100.4		99.1		600	114	0	0	840	103	120	88	360	86	240	85
557	1060.0	95.0		94.4		1560	99	0	0	960	98	0	0	240	81	420	81
558	880.0	96.8		96.4		1200	101	0	0	900	98	0	0	240	86	300	85
559	840.0	99.2		98.3		1020	108	0	0	1080	97	0	0	300	86	120	77
560	1080.0	92.3		91.5		1560	99	0	0	1200	90	0	0	0	0	480	76
561	900.0	90.6		89.9		1080	97	0	0	1020	90	60	89	240	88	300	72
562	820.0	95.9		95.1		960	106	0	0	1200	91	0	0	60	86	240	82
563	960.0	95.6		94.6		1260	104	0	0	1020	94	0	0	300	85	300	76
564	1080.0	90.6		89.9		1500	98	0	0	1080	86	0	0	420	86	240	73
565	1080.0	98.4		98.0		1500	104	0	0	1140	97	60	88	240	91	300	84
566	980.0	104.6		103.8		1740	111	0	0	660	101	60	90	180	94	300	85
567	620.0	106.5		105.2		660	120	0	0	840	103	60	100	180	90	120	84
568	1040.0	104.9		104.0		1080	115	0	0	1260	105	0	0	720	91	60	86
569	820.0	107.4		106.3		840	115	0	0	960	112	60	102	420	92	180	85
570	920.0	107.3		106.7		1320	114	0	0	840	107	0	0	420	95	180	89
571	740.0	110.2		109.0		960	120	0	0	960	107	0	0	180	94	120	81
572	760.0	106.6		105.6		900	116	0	0	1020	105	0	0	120	93	240	85
573	900.0	97.5		97.1		1380	101	0	0	960	98	0	0	0	0	360	83
574	1140.0	105.5		104.3		1500	115	0	0	1320	104	0	0	300	87	300	83
575	780.0	110.8		109.3		1260	121	0	0	780	104	60	94	0	0	240	84
576	920.0	112.2		110.0		1140	128	0	0	840	110	60	96	480	94	240	85
577	880.0	109.0		107.3		1320	120	0	0	660	107	0	0	360	92	300	85
578	1040.0	104.8		104.5		1380	111	0	0	1260	101	0	0	420	98	60	89
579	920.0	105.9		104.4		1140	119	0	0	1140	101	60	90	300	86	120	85
580	1060.0	111.7		110.6		1500	120	0	0	1200	110	60	97	120	100	300	85
581	840.0	111.3		109.9		1260	122	0	0	780	106	0	0	240	98	240	86
582	980.0	110.2		109.5		1440	116	0	0	1200	108	0	0	120	101	180	84
583	860.0	109.8		107.6		1080	127	0	0	1020	102	0	0	300	89	180	86
584	1040.0	118.3		116.6		1680	130	0	0	1020	110	0	0	300	94	120	87
585	1140.0	110.3		109.3		1500	121	0	0	1260	106	0	0	420	98	240	88
586	860.0	116.2		113.9		1260	129	0	0	840	113	0	0	60	95	420	87
587	820.0	111.2		108.6		960	128	0	0	900	110	60	90	240	88	300	84
588	940.0	103.5		102.6		1200	112	0	0	960	103	60	87	240	95	360	85
589	1020.0	110.3		108.7		1320	123	0	0	1140	107	0	0	120	96	480	87
590	940.0	116.4		113.7		1380	131	0	0	900	112	0	0	180	88	360	86
591	980.0	117.7		116.4		1380	128	0	0	1140	114	0	0	420	94	0	0
592	1020.0	123.3		121.0		1440	135	0	0	960	123	60	104	300	109	300	86
593	860.0	121.4		119.5		1080	136	0	0	1020	117	0	0	240	107	240	89
594	980.0	117.5		114.7		1560	132	0	0	900	109	0	0	240	87	240	86
595	920.0	120.9		119.7		1380	130	0	0	900	118	120	103	240	104	120	89
596	1120.0	114.0		112.6		1860	123	0	0	1080	108	0	0	240	94	180	83
597	800.0	116.7		113.8		900	136	0	0	900	114	60	91	300	97	240	85
598	960.0	114.4		112.3		1140	130	0	0	1140	111	0	0	300	94	300	88
599	680.0	120.1		117.7		900	135	0	0	780	116	60	103	180	90	120	88
600	1120.0	123.4		122.2		1380	136	0	0	1440	118	0	0	480	107	60	92
601	860.0	129.1		125.3		1320	146	0	0	840	122	0	0	240	91	180	89
602	940.0	125.9		124.9		1440	136	0	0	1200	117	0	0	180	104	0	0
603	640.0	127.5		123.1		660	147	0	0	960	128	0	0	180	84	120	82
604	900.0	121.7		119.4		1320	135	0	0	1020	116	0	0	180	91	180	87
605	540.0	122.9		120.5		480	146	0	0	720	121	0	0	240	102	180	97
606	640.0	119.6		115.0		660	145	0	0	540	125	0	0	240	99	480	89
607	880.0	118.2		116.0		900	136	0	0	1320	115	0	0	180	93	240	88
608	840.0	117.6		115.8		1200	130	0	0	840	113	0	0	300	99	180	87
609	1020.0	118.4		116.2		1440	131	0	0	1140	115	0	0	180	93	300	86
610	840.0	122.5		121.9		1080	131	0	0	900	118	0	0	480	116	60	90
611	840.0	121.1		118.6		1020	134	0	0	960	123	0	0	300	102	240	83
612	860.0	119.8		116.1		960	141	0	0	1020	118	0	0	360	93	240	83
613	920.0	121.4		119.1		960	135	0	0	1260	122	0	0	240	109	300	85
614	500.0	123.4		116.8		360	155	0	0	660	133	0	0	60	98	420	85
615	920.0	120.7		118.4		1200	134	0	0	1020	120	0	0	240	95	300	90
616	740.0	130.1		127.2		780	150	0	0	1140	126	0	0	120	103	180	88
617	800.0	131.4		128.2		900	152	0	0	960	129	0	0	360	106	180	92
618	580.0	121.6		118.8		360	144	0	0	720	129	0	0	360	110	300	91
619	800.0	122.7		119.4		1020	138	0	0	960	122	0	0	60	86	360	87
620	900.0	115.8		112.2		1020	138	0	0	900	114	60	96	240	87	480	89
621	1020.0	117.8		115.6		1440	130	0	0	1080	116	0	0	120	91	420	88
622	1040.0	117.3		115.5		1440	129	0	0	1020	115	60	103	360	100	240	86
623	880.0	116.9		114.3		900	135	0	0	1200	116	0	0	60	104	480	87
624	920.0	112.7		111.4		1080	122	0	0	1020	115	0	0	420	97	240	88
625	960.0	119.5		117.6		1260	132	0	0	1020	118	0	0	360	101	240	88
626	1000.0	117.5		114.8		1260	133	0	0	960	118	0	0	300	96	480	89
627	900.0	115.9		114.0		1080	129	0	0	1020	116	0	0	300	94	300	90
628	900.0	114.8		113.6		1380	123	0	0	900	112	60	101	180	103	180	83
629	820.0	111.2		109.8		840	123	0	0	1080	112	0	0	360	95	180	84
630	720.0	118.7		116.9		600	133	0	0	1200	118	0	0	180	111	180	83
631	800.0	116.7		115.4		720	129	0	0	1020	119	60	105	240	109	360	93
632	860.0	123.0		121.0		900	138	0	0	1080	122	0	0	300	115	300	90
633	1060.0	115.7		114.5		1500	125	0	0	1020	115	0	0	480	97	180	92
634	920.0	112.0		109.7		960	127	0	0	1140	113	60	105	180	88	420	86
635	1060.0	117.9		116.2		1620	127	0	0	1200	115	60	97	60	82	240	85
636	880.0	115.1		113.1		1260	125	0	0	660	117	60	88	180	117	480	89
637	1080.0	111.7		110.7		1260	121	0	0	1380	111	0	0	180	103	420	90
638	480.0	121.8		116.8		420	151	0	0	600	123	0	0	60	113	360	87
639	1060.0	116.5		113.6		1320	131	0	0	1140	118	0	0	120	89	600	87
640	1000.0	116.1		114.5		1140	128	0	0	1200	116	180	107	180	99	300	87
641	580.0	112.7		111.4		360	130	0	0	840	115	0	0	420	100	120	89
642	680.0	121.4		120.5		480	138	0	0	1200	119	0	0	360	107	0	0
643	1020.0	111.7		110.5		1320	121	0	0	1320	110	0	0	60	92	360	87
644	720.0	119.1		115.5		780	140	0	0	840	119	60	97	60	96	420	87
645	520.0	123.4		120.0		420	147	0	0	780	125	0	0	120	95	240	91
646	780.0	114.8		113.3		780	127	0	0	900	118	60	106	300	99	300	91
647	900.0	122.6		119.4		1140	142	0	0	1020	116	0	0	180	106	360	88
648	1020.0	112.3		109.9		1200	129	0	0	1140	110	0	0	60	88	660	88
649	940.0	120.8		118.8		1380	132	0	0	1020	117	60	111	180	96	180	84
650	1180.0	111.2		110.3		1560	119	0	0	1380	110	0	0	360	98	240	87
651	780.0	118.5		114.8		960	136	0	0	780	121	60	89	180	85	360	88
652	760.0	125.0		121.5		1020	139	0	0	720	129	0	0	240	102	300	86
653	1240.0	115.3		113.3		1560	130	0	0	1620	110	0	0	300	94	240	82
654	900.0	115.5		114.3		1080	126	0	0	1080	113	0	0	360	108	180	83
655	800.0	117.7		114.9		1020	131	0	0	900	118	120	87	120	109	240	80
656	820.0	115.3		112.2		900	133	0	0	840	119	0	0	60	88	660	89
657	1160.0	113.2		111.2		1680	126	0	0	1020	109	120	101	180	92	480	88
658	660.0	121.0		120.6		900	128	0	0	780	118	0	0	300	108	0	0
659	1080.0	107.1		103.8		1380	121	0	0	900	113	0	0	120	99	840	79
660	940.0	108.8		106.3		1200	125	0	0	900	106	0	0	60	88	660	85
661	840.0	116.1		114.4		1020	128	0	0	960	116	0	0	300	100	240	86
662	820.0	112.1		110.7		1020	126	0	0	720	108	120	103	360	99	240	90
663	900.0	109.3		107.9		1080	123	0	0	960	106	0	0	300	94	360	90
664	840.0	117.2		115.1		1200	131	0	0	840	111	60	109	120	99	300	88
665	940.0	104.2		103.3		1080	113	0	0	1200	103	0	0	60	117	480	86
666	1100.0	111.2		110.0		1380	117	0	0	1260	116	0	0	120	94	540	89
667	980.0	109.9		107.8		960	127	0	0	1140	109	60	119	360	96	420	84
668	740.0	118.1		116.5		1020	129	0	0	780	114	0	0	180	116	240	87
669	900.0	111.7		109.0		1200	128	0	0	840	108	180	90	120	94	360	83
670	900.0	119.7		118.3		1200	131	0	0	1140	116	0	0	300	94	60	92
671	1000.0	118.9		115.9		1260	133	0	0	1080	121	0	0	180	98	480	85
672	880.0	119.1		117.4		1020	133	0	0	1140	117	60	91	180	101	240	91
673	860.0	122.7		121.5		1140	128	0	0	1020	125	0	0	240	114	180	87
674	780.0	111.7		110.5		840	123	0	0	900	113	0	0	180	99	420	92
675	980.0	108.7		107.2		1140	118	0	0	1080	111	0	0	240	103	480	84
676	860.0	112.0		111.6		1260	118	0	0	1020	107	0	0	240	107	60	91
677	860.0	107.6		105.9		1200	119	0	0	780	105	120	100	60	93	420	84
678	780.0	104.8		103.3		900	116	0	0	960	104	60	101	0	0	420	83
679	840.0	103.4		101.6		1020	114	0	0	780	107	60	101	240	81	420	84
680	880.0	110.0		108.3		1200	121	0	0	960	107	0	0	300	96	180	76
681	920.0	105.9		104.5		1020	116	0	0	1200	106	0	0	300	94	240	77
682	1000.0	107.5		105.4		1320	121	0	0	960	105	60	105	120	85	540	84
683	900.0	111.5		109.3		1380	124	0	0	780	107	0	0	0	0	540	86
684	780.0	114.6		113.6		1080	124	0	0	780	109	0	0	300	110	180	90
685	960.0	107.7		106.5		1140	117	0	0	1080	109	0	0	180	93	480	88
686	880.0	111.8		109.0		780	131	0	0	1080	115	0	0	300	93	480	85
687	780.0	109.8		108.3		900	119	0	0	900	113	0	0	180	93	360	87
688	820.0	113.2		111.5		1140	125	0	0	900	110	0	0	60	95	360	87
689	700.0	124.3		121.6		960	139	0	0	720	121	0	0	180	109	240	87
690	800.0	117.8		116.0		1080	132	0	0	660	115	60	91	360	101	240	94
691	900.0	109.4		107.2		1200	125	0	0	900	102	0	0	180	99	420	85
692	1080.0	104.1		102.8		1440	116	0	0	1020	100	0	0	180	89	600	87
693	760.0	119.4		117.8		1080	126	0	0	780	123	0	0	120	112	300	89
694	780.0	117.4		115.3		1080	130	0	0	840	115	0	0	120	94	300	88
695	780.0	118.6		115.5		1020	137	0	0	840	111	60	110	60	117	360	86
696	880.0	108.2		106.6		840	124	0	0	1200	106	0	0	180	101	420	86
697	920.0	110.9		108.7		1080	125	0	0	900	110	0	0	420	102	360	81
698	1200.0	101.9		101.1		1560	110	0	0	1260	101	0	0	180	88	600	87
699	1100.0	98.9		98.3		1260	106	60	104	1380	98	60	97	120	86	420	84
700	1120.0	109.2		108.4		1680	113	0	0	1200	112	0	0	180	95	300	85
701	900.0	107.0		104.0		960	124	0	0	900	111	0	0	60	100	780	82
702	860.0	105.2		102.7		960	123	0	0	840	104	60	91	300	87	420	82
703	980.0	105.0		103.2		1140	119	0	0	1020	104	120	98	240	87	420	82
704	1020.0	101.3		99.6		1320	113	0	0	840	102	60	88	360	86	480	81
705	920.0	105.6		104.3		1380	116	0	0	900	99	60	105	120	85	300	86
706	1140.0	108.9		107.6		1560	118	0	0	1200	108	60	107	0	0	600	87
707	1320.0	110.4		109.4		1980	119	0	0	1380	106	0	0	120	109	480	88
708	840.0	118.9		116.6		1200	130	0	0	780	119	0	0	180	110	360	86
709	1080.0	109.6		108.0		1380	121	0	0	1320	107	60	102	120	93	360	82
710	1140.0	105.3		103.5		1500	116	0	0	1200	103	60	87	120	118	540	80
711	1060.0	108.1		106.6		1320	118	0	0	1260	108	60	100	120	96	420	82
712	1080.0	113.6		111.6		1560	126	0	0	1080	110	120	97	60	85	420	86
713	760.0	106.0		104.4		960	118	0	0	840	104	0	0	60	88	420	85
714	740.0	109.9		107.0		720	127	0	0	840	114	0	0	60	105	600	84
715	680.0	109.2		106.7		540	134	0	0	720	110	60	90	360	95	360	88
716	760.0	132.6		130.0		840	149	0	0	1140	130	0	0	120	108	180	89
717	580.0	123.6		120.2		660	144	0	0	720	120	0	0	120	106	240	87
718	580.0	130.1		125.4		660	157	0	0	840	121	0	0	0	0	240	88
719	620.0	131.7		128.3		720	147	0	0	780	130	0	0	120	138	240	88
720	520.0	130.6		127.1		360	163	0	0	900	128	0	0	180	106	120	90
721	520.0	128.3		123.5		360	162	0	0	840	128	0	0	60	126	300	89
722	320.0	133.3		127.7		240	167	0	0	480	133	0	0	60	134	180	89
723	480.0	116.9		112.7		240	155	0	0	660	123	0	0	120	105	420	89
724	520.0	128.5		125.2		480	155	0	0	720	125	0	0	240	101	120	98
725	400.0	132.8		129.1		360	160	0	0	600	128	0	0	60	130	180	95
726	640.0	119.1		114.5		300	155	0	0	900	129	60	97	120	92	540	91
727	540.0	128.3		122.7		480	160	0	0	540	133	0	0	240	112	360	90
728	420.0	142.8		137.9		240	176	0	0	720	148	0	0	240	107	60	90
729	780.0	136.4		132.2		780	167	0	0	1080	127	0	0	300	117	180	92
730	600.0	135.4		132.9		540	159	0	0	780	133	0	0	420	116	60	91
731	600.0	127.7		124.0		420	161	0	0	840	127	0	0	360	110	180	89
732	660.0	127.2		121.6		720	154	0	0	780	124	60	93	180	108	240	80
733	620.0	133.6		129.0		600	162	0	0	840	130	0	0	240	111	180	86
734	600.0	125.5		120.0		600	156	0	0	780	122	60	94	120	95	240	84
735	560.0	134.0		130.9		480	160	0	0	1020	128	0	0	60	120	120	88
736	500.0	134.7		129.3		480	165	0	0	600	135	0	0	240	107	180	90
737	420.0	136.2		131.7		420	163	0	0	600	133	0	0	120	105	120	90
738	460.0	129.6		121.5		300	177	0	0	660	134	0	0	120	93	300	87
739	540.0	133.3		128.6		420	158	0	0	840	136	0	0	120	123	240	86
740	460.0	130.3		126.3		240	160	0	0	720	135	0	0	300	115	120	81
741	700.0	130.9		127.0		540	161	0	0	1080	130	0	0	300	105	180	89
742	520.0	132.2		129.1		300	165	0	0	840	131	0	0	240	124	180	94
743	540.0	130.6		126.4		420	163	0	0	840	129	0	0	120	102	240	94
744	380.0	134.2		130.6		240	175	0	0	420	135	0	0	480	113	0	0
745	460.0	125.3		118.9		480	160	0	0	420	122	0	0	240	101	240	86
746	560.0	128.7		123.6		360	169	0	0	840	129	0	0	300	105	180	86
747	560.0	136.2		130.6		600	169	0	0	720	128	0	0	120	108	240	93
748	520.0	122.6		119.1		360	153	0	0	840	122	0	0	60	107	300	91
749	580.0	132.6		126.4		660	164	0	0	600	128	0	0	300	99	180	89
750	500.0	128.4		123.9		300	169	0	0	780	129	0	0	300	101	120	91
751	500.0	123.4		120.2		360	149	0	0	660	128	60	109	240	99	180	93
752	700.0	125.0		121.0		900	146	0	0	660	122	0	0	240	98	300	90
753	460.0	129.7		124.9		540	152	0	0	480	131	0	0	240	100	120	84
754	640.0	128.6		124.3		720	153	0	0	720	125	0	0	300	104	180	86
755	560.0	131.0		126.9		420	162	0	0	840	130	0	0	60	139	360	96
756	580.0	133.9		129.1		540	166	0	0	780	129	0	0	180	113	240	93
757	580.0	129.2		124.9		420	154	0	0	960	132	0	0	120	108	240	85
758	700.0	137.6		131.5		780	165	0	0	840	136	60	91	120	116	300	89
759	440.0	127.9		123.8		360	150	0	0	540	133	120	93	180	120	120	85
760	620.0	123.1		116.9		720	152	0	0	600	121	0	0	60	94	480	86
761	660.0	126.2		121.6		540	155	0	0	1080	125	0	0	60	90	300	86
762	720.0	127.2		123.1		900	149	0	0	840	121	60	87	120	107	240	87
763	540.0	124.4		119.5		540	156	0	0	720	117	0	0	300	94	60	80
764	660.0	118.8		115.3		540	149	0	0	900	115	60	94	180	103	300	90
765	580.0	126.5		119.9		420	167	0	0	660	132	0	0	240	108	420	88
766	800.0	132.7		128.3		840	154	0	0	1020	135	0	0	300	101	240	88
767	700.0	134.3		131.3		900	149	0	0	720	133	0	0	180	133	300	94
768	640.0	123.9		121.6		780	140	0	0	600	124	120	105	240	105	180	92
769	600.0	139.4		137.2		600	155	0	0	900	140	0	0	180	109	120	103
770	720.0	135.9		132.4		1020	153	0	0	840	130	0	0	0	0	300	94
771	560.0	129.5		125.9		420	151	0	0	840	133	60	90	120	127	240	91
772	600.0	125.7		122.3		480	148	0	0	840	126	60	100	240	119	180	82
773	420.0	123.3		119.1		180	159	0	0	660	128	0	0	120	130	300	89
774	680.0	125.2		120.8		540	157	0	0	1020	124	0	0	240	95	240	89
775	640.0	130.9		126.5		720	152	0	0	720	129	0	0	120	139	360	90
776	540.0	139.6		134.8		780	156	0	0	600	138	0	0	60	90	180	90
777	560.0	126.1		121.3		480	153	0	0	780	128	0	0	60	114	360	88
778	600.0	132.9		127.4		540	161	0	0	840	134	0	0	180	107	240	85
779	660.0	129.5		127.7		600	143	0	0	1020	131	0	0	180	109	180	96
780	640.0	121.2		118.7		780	139	0	0	720	116	0	0	180	108	240	89
781	520.0	121.5		119.1		480	139	0	0	780	122	0	0	120	96	180	90
782	700.0	124.4		121.2		720	143	0	0	900	126	0	0	180	101	300	89
783	640.0	128.2		126.1		600	143	0	0	960	128	60	109	120	125	180	89
784	740.0	122.2		118.1		660	149	0	0	1140	120	0	0	60	88	360	86
785	720.0	121.6		118.7		900	139	0	0	780	118	0	0	60	120	420	91
786	780.0	141.5		135.6		960	171	0	0	840	133	0	0	240	114	300	93
787	640.0	131.6		125.8		660	162	0	0	840	127	0	0	120	111	300	86
788	560.0	122.3		120.7		420	138	0	0	840	124	60	116	180	109	180	93
789	800.0	125.4		122.1		840	145	0	0	1140	123	0	0	180	104	240	84
790	600.0	126.3		122.6		480	155	0	0	840	125	0	0	240	112	240	88
791	940.0	131.9		128.2		1020	156	0	0	1200	128	60	106	300	103	240	92
792	720.0	127.7		123.2		720	151	0	0	1080	126	0	0	0	0	360	86
793	660.0	134.4		127.9		540	167	0	0	1020	136	60	95	120	95	240	84
794	720.0	124.4		119.1		840	150	0	0	780	122	0	0	120	95	420	86
795	500.0	128.9		125.5		420	150	0	0	720	130	0	0	180	118	180	86
796	860.0	128.4		124.9		1080	147	0	0	1020	125	60	108	240	96	180	86
797	760.0	134.2		127.6		840	163	0	0	960	132	0	0	60	97	420	87
798	780.0	131.3		127.2		960	151	0	0	960	129	0	0	300	94	120	85
799	580.0	124.6		119.6		420	155	0	0	780	129	120	99	60	124	360	88
800	680.0	127.3		123.1		420	158	0	0	1080	131	0	0	240	106	300	88
801	580.0	131.2		129.2		300	160	0	0	900	133	0	0	420	115	120	102
802	760.0	133.8		129.7		960	155	0	0	720	131	60	99	360	112	180	87
803	560.0	138.0		134.2		600	154	0	0	780	141	0	0	180	106	120	86
804	580.0	124.8		119.1		540	151	0	0	780	128	0	0	0	0	420	85
805	680.0	128.1		126.0		660	137	0	0	1080	132	0	0	180	101	120	85
806	800.0	136.7		132.4		1080	156	0	0	840	132	0	0	120	129	360	92
807	880.0	129.1		124.8		840	159	0	0	1140	125	0	0	360	103	300	92
808	540.0	125.7		123.2		480	144	0	0	660	123	0	0	300	125	180	88
809	580.0	119.5		117.5		600	132	0	0	840	121	0	0	60	87	240	91
810	620.0	117.8		114.7		480	142	0	0	900	119	0	0	180	99	300	87
811	620.0	126.9		123.1		660	150	0	0	660	128	0	0	360	98	180	96
812	620.0	134.8		130.9		540	157	0	0	1020	135	0	0	60	116	240	89
813	460.0	114.4		112.2		240	135	0	0	780	119	0	0	60	100	300	89
814	800.0	120.7		118.3		900	138	0	0	1080	116	0	0	120	115	300	88
815	640.0	117.7		114.7		780	136	0	0	600	116	0	0	180	101	360	89
816	680.0	113.8		110.6		420	134	0	0	1020	121	60	85	180	93	360	85
817	620.0	123.7		121.8		420	137	0	0	1080	127	0	0	120	113	240	91
818	780.0	118.9		118.2		840	125	0	0	1080	120	0	0	240	112	180	93
819	600.0	127.1		123.8		480	149	0	0	960	129	0	0	0	0	360	93
820	840.0	122.3		117.9		900	145	0	0	780	128	60	100	360	96	420	89
821	800.0	128.3		124.1		1080	146	0	0	780	128	120	91	120	111	300	87
822	780.0	127.9		123.6		960	152	0	0	960	120	0	0	0	0	420	91
823	820.0	124.7		120.6		660	149	0	0	1200	128	0	0	120	105	480	88
824	860.0	117.6		114.3		600	138	0	0	1200	125	120	90	240	95	420	88
825	680.0	127.9		124.1		780	145	0	0	840	130	0	0	60	109	360	89
826	700.0	121.1		117.8		600	141	0	0	900	126	0	0	240	101	360	89
827	980.0	125.9		121.5		1320	146	0	0	1020	120	60	89	180	110	360	83
828	740.0	128.3		124.3		900	148	0	0	720	130	60	91	360	103	180	86
829	880.0	124.5		120.8		780	144	0	0	1200	128	60	114	120	118	480	87
830	720.0	129.4		124.3		840	154	0	0	660	128	60	90	300	115	300	86
831	660.0	127.1		122.3		540	149	0	0	780	131	0	0	240	135	420	87
832	500.0	127.5		123.5		360	162	0	0	720	125	0	0	240	112	180	89
833	640.0	123.4		119.2		480	157	0	0	900	122	0	0	300	103	240	87
834	620.0	128.4		125.4		480	151	0	0	840	131	0	0	360	112	180	89
835	700.0	134.0		129.5		720	161	0	0	960	129	0	0	180	114	240	88
836	680.0	119.8		113.7		720	149	0	0	660	121	60	99	240	94	360	80
837	600.0	115.1		111.8		360	142	0	0	900	120	0	0	240	89	300	89
838	840.0	112.4		110.3		540	131	0	0	1260	116	0	0	240	100	480	88
839	520.0	124.0		119.6		420	153	0	0	660	127	0	0	180	104	300	89
840	780.0	117.4		115.5		780	133	0	0	1140	115	60	113	120	104	240	86
841	800.0	115.8		112.8		660	137	0	0	1140	118	60	88	120	97	420	86
842	700.0	122.7		119.2		840	143	0	0	660	122	0	0	300	100	300	90
843	780.0	119.7		115.0		780	145	0	0	840	122	60	91	240	97	420	85
844	560.0	137.4		132.4		480	169	0	0	840	135	0	0	120	118	240	92
845	700.0	127.0		122.0		840	151	0	0	840	123	0	0	0	0	420	87
846	700.0	128.1		122.7		480	164	0	0	900	134	0	0	300	105	420	91
847	600.0	122.8		118.7		540	146	0	0	840	125	0	0	60	92	360	88
848	800.0	122.9		119.0		960	142	0	0	960	120	60	106	120	106	300	81
849	760.0	124.0		120.4		780	147	0	0	960	122	0	0	240	102	300	88
850	680.0	120.9		116.7		600	144	0	0	780	127	60	102	120	106	480	88
851	660.0	119.7		116.5		480	146	0	0	960	120	60	105	180	109	300	86
852	460.0	115.9		112.8		300	140	0	0	720	119	0	0	120	101	240	84
853	740.0	111.6		109.0		540	133	0	0	1260	111	0	0	180	96	240	78
854	760.0	112.3		109.3		540	136	0	0	1020	116	0	0	180	99	540	86
855	1020.0	121.0		118.4		1140	138	0	0	1380	119	60	100	0	0	480	89
856	780.0	118.6		115.1		960	139	0	0	780	114	0	0	120	107	480	88
857	920.0	119.7		115.7		1140	141	0	0	960	116	60	92	60	96	540	87
858	920.0	117.7		114.8		1140	136	0	0	840	115	120	102	180	104	480	88
859	760.0	112.3		109.0		540	138	0	0	960	117	0	0	300	95	480	85
860	660.0	125.9		122.3		720	149	0	0	660	125	60	96	360	105	180	89
861	860.0	124.1		121.4		840	141	0	0	1200	124	0	0	240	113	300	86
862	620.0	112.3		109.5		660	128	0	0	840	111	0	0	120	105	240	77
863	720.0	105.6		101.9		660	126	0	0	660	115	0	0	60	84	780	82
864	720.0	120.6		117.0		900	137	0	0	720	123	0	0	120	104	420	86
865	860.0	117.2		113.9		960	135	0	0	900	119	120	112	0	0	600	87
866	980.0	112.9		111.2		960	126	0	0	1260	115	60	102	240	98	420	87
867	940.0	115.7		113.4		1140	129	0	0	1140	115	60	114	0	0	480	86
868	940.0	109.2		106.6		660	131	0	0	1140	115	60	102	120	87	840	88
869	520.0	109.9		106.8		300	137	0	0	720	115	0	0	60	104	480	86
870	1000.0	110.0		106.2		1020	134	0	0	1080	109	0	0	60	99	840	83
871	860.0	109.7		108.1		720	124	0	0	1080	113	60	96	300	95	420	89
872	860.0	111.1		108.1		600	136	0	0	1200	114	60	106	0	0	720	86
873	920.0	107.7		104.7		720	131	0	0	1080	112	0	0	120	89	840	85
874	760.0	114.6		111.3		660	131	0	0	1020	121	60	91	0	0	540	85
875	720.0	117.7		113.5		540	145	0	0	900	120	0	0	240	115	480	84
876	820.0	111.2		109.1		600	129	0	0	1140	111	0	0	180	126	540	87
877	660.0	114.0		111.9		360	134	0	0	1140	117	0	0	120	106	360	87
878	660.0	133.0		131.0		600	152	0	0	960	132	0	0	300	111	120	101
879	420.0	112.5		108.7		0	0	0	0	600	133	0	0	240	104	420	88
880	800.0	130.7		126.3		840	153	0	0	1080	130	0	0	120	108	360	88
881	780.0	126.4		121.5		540	159	0	0	1200	129	0	0	180	101	420	88
882	800.0	116.5		112.6		480	144	0	0	960	122	0	0	420	114	540	84
883	460.0	130.5		126.2		120	185	0	0	780	135	0	0	300	123	180	87
884	620.0	126.0		122.4		420	152	0	0	900	130	0	0	240	112	300	89
885	520.0	137.3		134.3		360	164	0	0	840	137	0	0	240	121	120	92
886	800.0	122.7		120.3		540	146	0	0	1200	124	0	0	360	110	300	91
887	920.0	131.7		128.7		1140	150	0	0	840	129	120	97	540	115	120	86
888	620.0	132.2		124.9		540	171	0	0	780	133	60	93	120	102	360	89
889	700.0	126.5		123.2		480	150	0	0	1140	130	0	0	360	97	120	88
890	620.0	126.6		123.5		180	169	0	0	1080	133	0	0	420	106	180	94
891	400.0	119.5		115.8		120	169	0	0	660	126	0	0	240	96	180	94
892	700.0	120.7		117.3		240	149	0	0	1260	128	0	0	240	106	360	86
893	540.0	132.8		129.8		120	127	0	0	840	148	0	0	420	125	240	96
894	640.0	131.7		128.3		420	157	0	0	720	142	0	0	600	113	180	94
895	660.0	132.2		128.3		480	164	0	0	1080	131	0	0	240	104	180	92
896	580.0	121.5		116.4		420	153	0	0	720	128	60	107	240	95	300	86
897	960.0	125.9		122.2		1020	149	0	0	1260	123	0	0	120	99	480	91
898	480.0	124.0		120.0		300	150	0	0	720	130	0	0	60	119	360	91
899	580.0	130.5		127.3		600	153	0	0	780	127	0	0	180	109	180	92
900	520.0	118.8		115.1		240	142	0	0	660	131	0	0	240	114	420	89
901	700.0	114.8		109.9		360	152	0	0	840	123	120	91	180	117	600	85
902	700.0	125.0		122.1		660	148	0	0	960	122	0	0	240	109	240	90
903	500.0	134.7		132.1		240	159	0	0	840	140	0	0	360	114	60	87
904	500.0	126.0		121.2		240	164	0	0	780	133	0	0	240	102	240	89
905	800.0	123.8		121.2		840	141	0	0	1080	122	60	117	120	112	300	88
906	760.0	130.8		126.7		660	152	0	0	1020	136	120	105	240	108	240	86
907	500.0	129.0		124.7		240	159	0	0	780	136	0	0	180	124	300	90
908	420.0	118.5		113.4		120	149	0	0	480	142	0	0	180	109	480	91
909	780.0	129.3		124.4		720	155	0	0	1140	129	60	94	60	120	360	86
910	580.0	128.6		126.0		420	154	0	0	900	128	60	108	180	115	180	93
911	780.0	124.7		120.1		780	148	0	0	960	126	60	88	120	116	420	86
912	740.0	131.7		128.2		600	154	0	0	1140	133	0	0	180	119	300	90
913	480.0	135.5		133.8		120	171	0	0	840	141	0	0	480	117	0	0
914	600.0	138.4		132.4		540	173	0	0	780	134	60	88	180	132	240	92
915	580.0	125.4		117.4		480	164	0	0	600	132	60	94	60	138	540	86
916	480.0	133.9		129.5		420	164	0	0	660	130	0	0	180	123	180	89
917	600.0	132.7		129.5		300	161	0	0	780	140	0	0	480	122	240	95
918	620.0	128.8		120.5		420	179	0	0	840	130	0	0	180	111	420	84
919	660.0	131.6		127.8		600	156	0	0	900	131	0	0	300	112	180	86
920	780.0	130.2		124.4		780	160	0	0	960	130	0	0	180	101	420	88
921	620.0	127.8		120.9		360	169	0	0	840	136	0	0	240	112	420	85
922	520.0	132.6		130.7		300	143	0	0	900	139	0	0	300	112	60	88
923	780.0	115.8		112.2		300	142	0	0	1320	125	0	0	0	0	720	88
924	560.0	145.0		136.6		720	178	0	0	600	131	0	0	180	124	180	81
925	840.0	111.4		107.6		540	142	0	0	1080	116	0	0	360	91	540	85
926	780.0	120.1		117.0		840	140	0	0	840	116	0	0	300	117	360	86
927	500.0	128.4		123.9		180	184	0	0	900	131	0	0	300	102	120	91
928	400.0	125.5		122.0		0	0	0	0	720	139	0	0	180	126	300	93
929	440.0	128.7		125.7		300	155	0	0	420	133	60	105	420	120	120	90
930	720.0	128.5		123.5		600	156	0	0	1020	131	0	0	120	111	420	88
931	600.0	124.4		120.8		600	145	0	0	720	126	60	102	240	105	180	83
932	720.0	132.1		125.8		480	176	0	0	960	135	0	0	360	108	360	90
933	700.0	128.3		123.8		420	164	0	0	1080	130	0	0	240	117	360	89
934	480.0	134.2		132.4		300	163	0	0	780	132	0	0	360	115	0	0
935	300.0	132.2		124.8		120	192	0	0	360	135	60	105	180	141	180	87
936	640.0	136.2		130.4		540	172	0	0	840	137	0	0	360	103	180	92
937	600.0	137.6		132.8		540	167	0	0	780	136	0	0	240	123	240	91
938	560.0	134.0		130.0		600	154	0	0	780	134	0	0	120	103	180	88
939	600.0	129.1		122.9		420	168	0	0	900	131	0	0	240	99	240	84
940	600.0	133.2		128.5		660	158	0	0	660	131	0	0	240	116	240	88
941	680.0	133.8		129.1		720	159	0	0	720	134	60	88	300	116	240	91
942	600.0	134.6		130.0		420	161	0	0	960	140	0	0	180	97	240	95
943	760.0	128.5		122.9		660	157	0	0	1080	131	0	0	240	92	300	86
944	660.0	120.3		116.3		540	144	0	0	900	124	0	0	120	106	420	86
945	760.0	120.6		116.3		660	145	0	0	960	124	0	0	180	108	480	85
946	580.0	125.4		121.1		360	158	0	0	840	130	0	0	360	102	180	86
947	540.0	132.1		128.3		420	160	0	0	720	132	0	0	300	119	180	89
948	260.0	122.5		121.3		0	0	0	0	360	136	0	0	420	111	0	0
949	500.0	117.8		115.5		360	136	0	0	780	121	0	0	240	96	120	86
950	600.0	105.3		102.9		240	139	0	0	960	107	0	0	240	98	360	83
951	740.0	112.9		110.5		600	131	0	0	1140	114	0	0	180	95	300	83
952	580.0	102.5		99.7		360	127	0	0	720	108	0	0	180	86	480	82
953	700.0	124.0		122.1		660	140	0	0	960	125	0	0	300	101	180	98
954	540.0	118.0		113.8		360	147	0	0	720	124	0	0	240	98	300	85
955	580.0	114.0		111.2		360	143	0	0	900	114	0	0	60	116	420	89
956	420.0	124.1		121.0		300	154	0	0	540	125	0	0	300	106	120	91
957	520.0	114.4		112.0		420	134	0	0	720	116	0	0	240	99	180	83
958	720.0	117.7		114.3		780	139	0	0	900	115	60	95	0	0	420	87
959	740.0	114.1		111.4		840	135	0	0	960	107	0	0	60	87	360	89
960	400.0	124.4		122.5		300	134	0	0	660	130	0	0	120	103	120	91
961	620.0	106.7		105.9		300	121	0	0	1140	108	60	106	180	92	180	90
962	560.0	112.1		111.2		300	129	0	0	840	113	0	0	480	103	60	88
963	540.0	108.5		106.4		240	138	0	0	600	114	0	0	480	99	300	89
964	540.0	111.0		108.9		360	134	0	0	840	111	0	0	180	100	240	85
965	900.0	111.1		109.3		720	128	0	0	1380	112	0	0	180	93	420	87
966	660.0	112.2		110.2		540	129	0	0	960	113	60	102	180	98	240	84
967	700.0	113.7		112.7		420	134	0	0	1200	110	0	0	420	107	60	91
968	880.0	114.2		112.9		900	130	0	0	900	112	0	0	720	101	120	92
969	760.0	117.5		115.9		660	136	0	0	900	115	0	0	600	107	120	87
970	680.0	123.2		117.6		660	159	0	0	900	115	0	0	240	92	240	87
971	740.0	112.8		110.7		540	132	0	0	1080	115	0	0	300	95	300	88
972	740.0	117.9		115.6		720	138	0	0	1020	114	0	0	240	105	240	87
973	820.0	119.0		116.5		660	143	0	0	1080	119	0	0	540	98	180	94
974	780.0	120.1		118.3		600	140	0	0	1080	121	0	0	540	103	120	90
975	680.0	120.5		116.8		540	152	0	0	900	118	0	0	360	102	240	87
976	700.0	122.4		117.8		540	154	0	0	1080	122	0	0	180	91	300	86
977	680.0	123.0		119.8		600	141	0	0	1020	126	0	0	180	97	240	85
978	680.0	124.9		120.5		660	152	0	0	840	124	60	92	300	98	180	86
979	720.0	127.0		122.5		720	153	0	0	900	127	0	0	240	93	300	92
980	560.0	127.0		124.7		360	147	0	0	900	130	0	0	240	113	180	91
981	700.0	133.9		131.7		900	151	0	0	720	129	0	0	480	109	0	0
982	940.0	114.1		111.3		1380	126	0	0	840	115	120	90	60	109	420	81
983	840.0	115.7		112.7		900	134	0	0	1080	114	60	106	180	95	300	81
984	580.0	118.5		116.2		360	141	0	0	900	122	0	0	300	97	180	92
985	640.0	112.5		109.4		300	136	0	0	960	121	0	0	120	100	540	87
986	540.0	108.6		106.9		180	133	0	0	900	113	0	0	180	103	360	88
987	460.0	111.0		108.8		120	136	0	0	780	117	0	0	180	112	300	85
988	500.0	121.3		118.8		360	135	0	0	900	125	0	0	0	0	240	87
989	1120.0	118.0		115.0		1260	137	0	0	1380	116	0	0	120	97	600	87
990	680.0	122.3		117.4		720	143	0	0	660	132	0	0	300	95	360	86
991	900.0	123.0		120.3		960	142	0	0	1140	121	0	0	300	104	300	89
992	780.0	124.3		119.9		780	148	0	0	900	126	0	0	240	108	420	86
993	940.0	114.0		111.3		1140	129	0	0	840	116	60	97	240	105	540	85
994	660.0	132.0		127.1		540	164	0	0	840	135	0	0	540	100	60	90
995	620.0	131.7		126.6		600	162	0	0	840	128	0	0	240	103	180	86
996	700.0	129.4		124.6		660	157	0	0	720	130	0	0	420	116	300	86
997	980.0	119.8		117.0		1260	136	0	0	960	116	60	96	300	110	360	85
998	560.0	131.4		127.8		600	154	0	0	540	132	0	0	300	114	240	95
999	420.0	114.4		110.3		240	137	0	0	540	127	60	92	120	100	300	84
1000	500.0	128.8		122.8		240	164	0	0	780	139	0	0	120	114	360	88
1001	940.0	123.2		118.6		1200	145	0	0	900	120	60	119	60	100	600	87
1002	1040.0	134.7		130.5		1320	156	0	0	1260	129	0	0	300	105	240	85
1003	480.0	125.5		121.2		420	152	0	0	480	131	0	0	360	107	180	86
1004	580.0	141.1		134.3		540	177	0	0	840	137	0	0	240	104	120	82
1005	720.0	135.4		130.3		660	163	0	0	1020	135	0	0	180	115	300	88
1006	660.0	127.5		123.0		600	151	0	0	840	130	60	90	120	127	360	89
1007	600.0	126.7		122.8		780	145	0	0	660	125	0	0	60	101	300	88
1008	1120.0	116.5		113.4		1380	135	0	0	1320	112	0	0	240	94	420	83
1009	740.0	124.9		121.0		540	157	0	0	1140	123	0	0	360	103	180	84
1010	620.0	119.0		114.6		360	148	0	0	900	125	0	0	180	113	420	84
1011	640.0	129.9		122.6		540	160	0	0	840	138	0	0	60	88	480	87
1012	640.0	137.2		130.9		600	173	0	0	840	134	0	0	300	105	180	87
1013	880.0	125.2		119.8		1020	153	0	0	840	122	60	86	540	96	180	83
1014	600.0	141.6		137.5		780	162	0	0	540	136	0	0	360	125	120	84
1015	680.0	130.7		125.6		600	156	0	0	1020	133	0	0	60	95	360	88
1016	800.0	134.2		129.3		900	159	0	0	1080	130	0	0	120	101	300	88
1017	600.0	130.6		126.2		420	166	0	0	960	129	0	0	120	113	300	93
1018	700.0	116.9		111.6		540	153	0	0	780	119	60	104	300	95	420	84
1019	460.0	129.7		124.8		420	155	0	0	660	131	0	0	120	101	180	85
1020	760.0	140.0		135.0		780	164	0	0	1020	139	0	0	240	120	240	86
1021	880.0	126.5		124.4		840	142	0	0	1380	126	0	0	60	115	360	94
1022	740.0	128.3		124.1		840	150	0	0	1020	125	0	0	60	83	300	88
1023	640.0	134.9		129.0		540	171	0	0	900	133	0	0	240	109	240	87
1024	520.0	129.1		124.1		300	156	0	0	720	142	0	0	300	101	240	92
1025	520.0	117.8		115.8		120	152	0	0	900	123	0	0	240	112	300	93
1026	780.0	121.3		116.0		780	148	0	0	780	123	60	89	180	118	540	85
1027	640.0	122.2		117.6		540	156	0	0	720	119	60	113	360	105	240	84
1028	700.0	133.9		131.8		660	158	0	0	1020	127	60	106	360	114	0	0
1029	640.0	129.9		125.2		480	155	0	0	1020	134	0	0	60	104	360	89
1030	460.0	128.5		123.1		360	164	0	0	600	130	0	0	240	101	180	89
1031	940.0	125.4		119.9		960	147	0	0	1200	130	60	90	60	104	540	83
1032	600.0	135.3		128.8		360	182	0	0	780	141	60	94	420	111	180	88
1033	620.0	127.4		122.5		540	152	0	0	840	132	60	90	180	101	240	85
1034	1020.0	126.1		121.3		1200	144	0	0	1260	129	0	0	180	90	420	82
1035	840.0	130.2		127.2		780	154	0	0	1200	128	0	0	420	102	120	96
1036	700.0	131.6		126.4		360	175	0	0	1200	133	0	0	240	115	300	87
1037	660.0	128.0		125.5		540	148	0	0	1080	128	0	0	240	102	120	90
1038	700.0	131.7		127.3		660	159	0	0	1020	129	0	0	120	112	300	89
1039	820.0	121.4		117.0		660	152	0	0	1020	123	0	0	240	103	540	89
1040	760.0	120.3		118.6		420	146	0	0	1260	120	0	0	300	109	300	97
1041	640.0	123.9		121.2		240	151	0	0	1080	128	0	0	360	119	240	86
1042	1040.0	130.7		127.4		1260	150	0	0	1140	129	0	0	480	104	240	91
1043	880.0	126.4		124.1		900	143	0	0	1080	126	0	0	420	114	240	88
1044	960.0	129.4		125.0		1320	151	0	0	900	123	60	92	240	105	360	89
1045	1100.0	135.3		130.9		1200	163	0	0	1500	127	60	111	180	114	360	92
1046	860.0	121.9		118.4		780	145	0	0	1020	124	120	106	360	100	300	87
1047	560.0	138.3		133.2		600	163	0	0	660	139	60	90	240	113	120	86
1048	700.0	137.3		134.7		600	148	0	0	1140	143	0	0	180	108	180	95
1049	860.0	132.7		128.5		840	157	0	0	1140	133	0	0	300	105	300	91
1050	660.0	132.1		130.0		480	151	0	0	1020	134	0	0	360	114	120	94
1051	920.0	136.1		131.7		900	160	0	0	1320	135	0	0	240	114	300	87
1052	660.0	137.2		134.7		540	165	0	0	1020	129	0	0	360	127	60	88
1053	620.0	137.0		133.7		660	159	0	0	660	131	0	0	360	130	180	92
1054	820.0	135.9		129.6		720	175	0	0	1140	131	0	0	240	111	360	90
1055	680.0	132.9		128.0		720	156	0	0	960	132	0	0	0	0	360	89
1056	880.0	131.1		124.9		840	164	0	0	1140	130	0	0	240	97	420	88
1057	500.0	134.1		128.5		300	168	0	0	840	139	0	0	180	103	180	86
1058	480.0	124.8		119.4		480	153	0	0	420	130	60	88	240	105	240	88
1059	560.0	124.9		120.8		360	156	0	0	900	127	60	87	120	106	240	89
1060	740.0	133.6		128.8		840	157	0	0	900	132	0	0	120	113	360	90
1061	780.0	132.2		127.9		660	155	0	0	1080	137	0	0	360	106	240	87
1062	720.0	139.8		133.9		900	164	0	0	720	140	0	0	300	107	240	89
1063	840.0	134.5		131.9		1140	153	0	0	1080	124	0	0	120	108	180	98
1064	520.0	137.0		131.2		480	169	0	0	600	139	0	0	240	113	240	92
1065	760.0	134.6		132.1		660	157	0	0	1140	132	0	0	360	117	120	89
1066	900.0	134.2		129.9		1080	158	0	0	1140	127	0	0	240	107	240	88
1067	720.0	128.9		123.0		600	156	0	0	900	137	0	0	240	106	420	86
1068	820.0	126.4		121.9		960	149	0	0	840	126	0	0	300	104	360	86
1069	740.0	128.1		123.3		780	158	0	0	840	122	0	0	360	104	240	88
1070	440.0	151.7		145.5		360	181	0	0	720	153	60	109	60	130	120	88
1071	780.0	127.9		125.8		720	147	0	0	1020	126	60	108	420	114	120	88
1072	900.0	125.4		121.4		1080	150	0	0	960	117	0	0	360	105	300	88
1073	700.0	116.6		114.4		480	131	0	0	840	125	0	0	420	107	360	89
1074	640.0	133.1		128.7		420	170	0	0	960	134	0	0	420	107	120	88
1075	740.0	122.4		117.3		660	154	0	0	1260	116	0	0	60	70	240	82
1076	800.0	124.0		122.4		1020	134	0	0	1080	123	0	0	60	103	240	91
1077	560.0	138.9		135.5		360	175	0	0	960	136	0	0	300	114	60	92
1078	680.0	133.2		130.2		660	155	0	0	1020	130	0	0	180	115	180	90
1079	880.0	121.0		115.5		660	153	0	0	1080	128	0	0	120	89	780	89
1080	700.0	119.7		115.3		660	144	0	0	720	123	0	0	300	108	420	84
1081	760.0	115.7		112.3		180	147	0	0	1320	126	0	0	120	108	660	88
1082	600.0	128.5		123.1		660	156	0	0	780	123	0	0	60	115	300	85
1083	420.0	121.5		116.4		240	161	0	0	540	129	0	0	120	97	360	92
1084	760.0	124.4		119.0		600	151	0	0	1020	129	0	0	180	120	480	83
1085	680.0	117.3		113.4		360	147	0	0	1080	123	0	0	180	99	420	85
1086	680.0	122.0		118.7		660	141	0	0	900	122	0	0	180	116	300	84
1087	800.0	136.7		135.0		780	153	0	0	900	137	0	0	600	122	120	101
1088	780.0	125.9		120.1		480	169	0	0	1080	130	60	94	420	97	300	89
1089	320.0	137.1		131.5		120	185	0	0	480	149	0	0	300	108	60	92
1090	440.0	131.6		125.9		360	163	0	0	600	134	0	0	120	115	240	87
1091	700.0	135.2		129.3		720	172	0	0	660	124	0	0	480	118	240	90
1092	860.0	127.7		125.1		900	147	0	0	1260	124	60	90	180	105	180	92
1093	580.0	130.9		126.8		360	159	0	0	840	137	0	0	300	113	240	90
1094	800.0	130.2		124.8		840	159	0	0	960	127	0	0	180	111	420	88
1095	600.0	130.1		123.7		480	153	0	0	840	141	0	0	60	96	420	87
1096	620.0	127.9		123.9		480	157	0	0	900	128	60	104	180	111	240	88
1097	640.0	131.7		128.0		300	169	0	0	1140	134	0	0	360	108	120	87
1098	480.0	129.0		123.3		300	171	0	0	660	132	0	0	240	109	240	88
1099	720.0	125.8		122.3		600	148	0	0	1020	129	0	0	300	101	240	88
1100	720.0	131.4		127.5		480	153	0	0	1140	137	60	88	300	113	180	84
1101	580.0	127.7		121.4		360	175	0	0	720	131	60	90	420	105	180	85
1102	540.0	136.1		130.9		480	166	0	0	780	136	0	0	120	103	240	93
1103	520.0	134.8		132.9		360	153	0	0	660	139	0	0	480	121	60	90
1104	740.0	137.2		132.3		840	164	0	0	840	134	0	0	420	104	120	89
1105	640.0	131.1		125.6		720	153	0	0	660	135	180	90	120	128	240	87
1106	500.0	131.4		124.2		420	168	0	0	540	136	60	90	120	127	360	90
1107	560.0	129.9		125.9		360	158	0	0	840	134	0	0	300	111	180	86
1108	780.0	121.3		114.2		600	160	0	0	660	133	120	90	180	114	780	88
1109	700.0	129.6		126.2		540	153	0	0	1080	132	120	100	120	110	240	91
1110	460.0	124.7		119.2		300	158	0	0	480	139	60	107	180	98	360	94
1111	540.0	132.7		126.8		480	166	0	0	540	138	0	0	360	109	240	90
1112	780.0	127.9		122.7		900	155	0	0	1020	118	0	0	120	124	300	82
1113	720.0	123.2		120.9		420	146	0	0	1080	127	0	0	540	107	120	83
1114	700.0	131.3		126.3		840	153	0	0	780	132	0	0	180	99	300	88
1115	940.0	121.0		118.6		900	138	0	0	1320	120	60	118	180	112	360	87
1116	720.0	129.5		124.5		720	154	0	0	960	131	60	94	120	87	300	90
1117	980.0	130.6		125.6		1440	150	0	0	900	125	0	0	240	106	360	83
1118	840.0	132.1		126.4		960	159	0	0	900	131	0	0	420	100	240	85
1119	520.0	132.5		131.4		240	155	0	0	840	135	0	0	480	117	0	0
1120	680.0	134.1		129.9		660	162	0	0	840	132	60	91	420	107	60	88
1121	540.0	139.7		132.2		480	176	0	0	720	139	0	0	120	128	300	88
1122	480.0	142.5		139.6		300	165	0	0	840	145	0	0	240	120	60	85
1123	1000.0	110.6		106.4		1020	135	0	0	900	113	240	88	120	102	720	82
1124	780.0	127.3		121.9		600	153	0	0	1080	135	0	0	180	106	480	86
1125	460.0	123.3		119.3		300	149	0	0	600	131	0	0	180	110	300	90
1126	980.0	122.6		119.2		1380	139	0	0	1020	119	0	0	180	89	360	87
1127	500.0	136.2		132.5		300	176	0	0	780	136	0	0	360	108	60	109
1128	540.0	129.8		123.7		420	167	0	0	540	136	0	0	420	109	240	87
1129	500.0	143.9		139.5		420	181	0	0	780	136	0	0	240	118	60	91
1130	680.0	119.2		112.6		420	164	0	0	780	127	60	102	120	97	660	87
1131	620.0	139.5		136.1		540	163	0	0	960	138	0	0	240	119	120	87
1132	800.0	127.2		121.1		960	151	0	0	780	129	0	0	180	110	480	83
1133	780.0	129.3		122.6		540	167	0	0	960	138	0	0	420	102	420	88
1134	520.0	139.8		133.3		540	171	0	0	660	137	0	0	120	116	240	89
1135	720.0	133.3		129.4		780	156	0	0	900	132	0	0	300	105	180	89
1136	760.0	136.5		131.5		900	166	0	0	780	127	60	107	240	115	300	96
1137	680.0	134.1		127.6		720	164	0	0	720	135	60	90	180	116	360	89
1138	840.0	122.9		118.4		1020	147	0	0	780	120	60	105	120	99	540	89
1139	800.0	136.1		131.9		1080	155	0	0	780	134	0	0	240	114	300	91
1140	500.0	126.2		120.4		240	174	0	0	720	133	0	0	240	103	300	90
1141	700.0	121.7		116.6		420	156	0	0	1080	127	0	0	60	99	540	87
1142	640.0	128.4		121.0		540	165	0	0	660	136	60	97	180	112	480	87
1143	660.0	136.2		128.0		600	175	0	0	840	137	0	0	120	106	420	88
1144	740.0	127.6		121.9		720	159	0	0	1020	124	0	0	0	0	480	88
1145	460.0	138.6		135.7		300	164	0	0	780	141	0	0	240	108	60	102
1146	960.0	122.1		116.3		960	156	0	0	1200	116	60	101	0	0	660	86
1147	620.0	129.0		123.5		420	170	0	0	780	132	0	0	480	104	180	87
1148	520.0	130.0		120.6		480	167	0	0	540	140	60	92	60	83	420	87
1149	420.0	140.5		134.4		360	180	0	0	480	138	0	0	240	121	180	94
1150	680.0	133.5		130.8		540	155	0	0	960	136	0	0	480	110	60	87
1151	460.0	139.5		136.3		240	189	0	0	660	135	0	0	480	121	0	0
1152	380.0	137.7		130.7		180	190	0	0	480	143	0	0	300	129	180	86
1153	440.0	126.0		120.0		180	162	0	0	600	143	0	0	180	101	360	92
1154	400.0	141.5		128.6		180	219	0	0	540	157	0	0	60	109	420	93
1155	460.0	123.0		116.8		180	167	0	0	720	134	60	91	120	99	300	86
1156	440.0	135.0		129.5		360	157	0	0	540	141	0	0	240	128	180	82
1157	460.0	127.9		124.3		240	161	0	0	780	131	60	99	120	110	180	92
1158	500.0	127.0		122.1		360	155	0	0	540	137	60	90	300	114	240	88
1159	580.0	132.8		125.3		480	176	0	0	660	134	60	91	180	111	360	91
1160	700.0	132.9		126.9		600	164	0	0	840	139	0	0	420	102	240	88
1161	320.0	152.1		147.9		240	192	0	0	420	150	0	0	300	123	0	0
1162	560.0	141.6		137.6		540	169	0	0	660	142	0	0	420	113	60	92
1163	400.0	144.3		135.1		240	185	0	0	600	157	0	0	240	100	120	88
1164	320.0	148.1		136.3		180	206	0	0	480	157	0	0	60	135	240	90
1165	520.0	146.4		141.6		540	168	0	0	660	151	0	0	300	109	60	88
1166	440.0	141.0		134.0		300	182	0	0	720	143	0	0	120	101	180	91
1167	640.0	139.1		130.5		480	191	0	0	840	137	0	0	240	116	360	90
1168	520.0	137.0		133.7		300	164	0	0	840	141	0	0	300	117	120	91
1169	860.0	135.1		130.3		960	160	0	0	1080	130	0	0	120	136	420	91
1170	460.0	129.7		124.3		180	177	0	0	600	141	0	0	420	111	180	88
1171	580.0	123.1		115.3		600	153	0	0	480	136	60	87	180	92	420	84
1172	540.0	130.3		125.3		240	168	0	0	780	139	0	0	300	119	300	89
1173	400.0	130.7		128.5		120	163	0	0	600	136	0	0	420	120	60	87
1174	540.0	132.4		127.2		540	159	0	0	660	134	0	0	60	119	360	92
1175	460.0	125.7		123.4		120	158	0	0	840	131	0	0	300	112	120	90
1176	520.0	131.4		129.6		180	162	0	0	960	133	0	0	360	119	60	88
1177	380.0	139.6		132.4		360	168	0	0	480	146	0	0	120	106	180	88
1178	500.0	119.0		115.8		120	177	0	0	840	121	0	0	240	118	300	91
1179	380.0	153.7		149.2		180	191	0	0	660	159	0	0	240	127	60	91
1180	620.0	135.9		126.9		600	173	0	0	660	142	60	105	60	104	480	89
1181	480.0	137.7		130.2		420	174	0	0	660	138	0	0	120	112	240	86
1182	680.0	123.1		116.3		780	155	0	0	480	123	180	89	120	112	480	87
1183	520.0	124.0		121.8		120	163	0	0	780	127	0	0	480	122	180	90
1184	380.0	113.9		109.1		60	169	0	0	480	134	0	0	360	96	240	87
1185	380.0	128.4		124.9		240	159	0	0	480	133	0	0	300	112	120	90
1186	540.0	124.1		119.0		360	164	0	0	600	127	120	96	240	114	300	90
1187	460.0	135.2		128.5		420	163	0	0	480	147	0	0	240	109	240	89
1188	600.0	138.6		131.1		720	171	0	0	660	132	0	0	180	102	240	87
1189	620.0	122.6		117.5		360	154	0	0	960	130	60	92	60	104	420	86
1190	600.0	140.8		133.5		720	169	0	0	660	140	0	0	60	109	360	91
1191	620.0	131.5		125.7		660	159	0	0	780	130	0	0	60	117	360	87
1192	240.0	144.2		134.7		180	204	0	0	240	143	0	0	240	115	60	86
1193	560.0	124.7		118.0		300	165	0	0	780	136	60	88	0	0	540	90
1194	560.0	116.1		110.8		480	154	0	0	480	114	180	92	360	97	180	83
1195	320.0	129.1		120.4		180	174	0	0	300	148	0	0	180	123	300	87
1196	440.0	120.6		115.6		240	157	0	0	660	127	0	0	60	100	360	88
1197	400.0	129.2		125.6		180	164	0	0	660	133	60	106	180	116	120	87
1198	480.0	127.2		122.2		300	154	0	0	600	137	0	0	180	124	360	90
1199	640.0	127.2		123.8		360	158	0	0	840	130	0	0	420	121	300	91
1200	560.0	120.4		114.4		360	151	0	0	720	131	0	0	120	110	480	84
1201	300.0	133.8		126.4		180	175	0	0	360	148	0	0	180	107	180	91
1202	520.0	128.2		123.1		420	157	0	0	660	132	0	0	180	116	300	87
1203	500.0	135.5		129.9		360	174	0	0	840	134	0	0	120	99	180	90
1204	460.0	141.3		134.7		300	180	0	0	600	148	0	0	300	121	180	88
1205	380.0	134.4		123.9		300	195	0	0	300	134	0	0	180	119	360	92
1206	520.0	142.3		137.2		480	173	0	0	720	137	0	0	180	134	180	90
1207	440.0	124.5		116.7		120	184	0	0	600	145	0	0	0	0	600	92
1208	380.0	128.6		121.4		240	173	0	0	420	140	0	0	120	110	360	92
1209	440.0	127.2		121.1		420	156	0	0	420	136	0	0	60	118	420	91
1210	320.0	137.2		129.3		240	166	0	0	420	150	60	102	60	121	180	86
1211	380.0	127.4		119.6		300	167	0	0	360	137	0	0	120	118	360	88
1212	260.0	126.8		118.2		60	177	0	0	360	148	60	98	60	142	240	86
1213	400.0	141.6		136.6		300	174	0	0	540	141	0	0	180	137	180	94
1214	460.0	139.8		135.2		360	172	0	0	780	136	0	0	120	122	120	86
1215	440.0	135.4		124.4		300	191	0	0	420	144	0	0	180	133	420	88
1216	560.0	135.2		127.8		480	177	0	0	660	132	0	0	240	121	300	87
1217	340.0	147.2		137.6		180	213	0	0	480	153	0	0	240	116	120	88
1218	640.0	131.6		123.7		540	170	0	0	780	135	60	90	60	133	480	88
1219	440.0	138.2		130.6		300	178	0	0	660	144	0	0	120	105	240	89
1220	520.0	143.8		135.8		540	176	0	0	480	152	60	95	300	116	180	88
1221	580.0	136.1		127.2		360	187	0	0	780	143	0	0	180	114	420	89
1222	260.0	126.2		116.7		60	232	0	0	300	144	0	0	240	109	180	84
1223	400.0	137.9		129.2		180	197	0	0	720	143	0	0	60	103	240	87
1224	500.0	132.7		122.3		420	182	0	0	420	140	60	88	240	115	360	86
1225	500.0	124.8		116.9		360	169	0	0	660	129	0	0	0	0	480	86
1226	440.0	105.6		102.0		60	148	0	0	480	127	60	89	60	102	660	88
1227	320.0	133.2		127.0		120	185	0	0	540	142	0	0	180	95	120	99
1228	240.0	129.7		120.0		60	194	0	0	360	149	0	0	60	124	240	86
1229	360.0	130.9		121.9		180	193	0	0	420	141	0	0	180	117	300	88
1230	340.0	137.8		135.3		120	183	0	0	540	141	0	0	360	118	0	0
1231	360.0	132.7		124.9		300	174	0	0	420	136	0	0	120	103	240	90
1232	680.0	132.4		128.1		660	157	0	0	720	131	0	0	360	126	300	89
1233	400.0	133.1		122.2		120	210	0	0	600	150	0	0	120	113	360	86
1234	480.0	147.3		138.2		360	179	0	0	660	160	0	0	120	126	300	90
1235	400.0	143.5		137.8		180	201	0	0	600	149	0	0	420	111	0	0
1236	300.0	130.3		122.3		120	182	0	0	420	144	0	0	120	117	240	87
1237	460.0	122.7		116.0		120	182	0	0	600	135	0	0	180	135	480	88
1238	440.0	135.5		130.6		300	170	0	0	600	138	0	0	300	116	120	85
1239	420.0	135.6		129.3		360	172	0	0	540	134	0	0	180	116	180	87
1240	280.0	131.8		130.0		120	168	0	0	420	132	0	0	300	117	0	0
1241	320.0	128.4		123.1		0	0	0	0	540	149	0	0	180	115	240	92
1242	380.0	134.3		127.4		180	154	0	0	660	149	60	89	60	107	180	85
1243	360.0	138.6		128.7		240	195	0	0	480	142	0	0	120	111	240	89
1244	460.0	136.6		128.0		480	170	0	0	540	139	60	90	0	0	300	88
1245	440.0	133.3		120.6		360	190	0	0	360	146	120	89	180	103	300	86
1246	460.0	122.6		116.5		180	182	0	0	720	128	0	0	180	99	300	88
1247	260.0	130.2		125.3		60	165	0	0	360	148	0	0	180	119	180	94
1248	300.0	120.1		113.8		0	0	0	0	480	141	0	0	60	145	360	88
1249	460.0	126.1		117.8		300	181	0	0	540	129	60	91	60	121	420	89
1250	220.0	129.6		124.4		120	161	0	0	300	138	0	0	120	121	120	86
1251	260.0	132.6		124.7		60	221	0	0	360	144	0	0	180	125	180	88
1252	380.0	126.7		119.5		300	170	0	0	480	126	120	88	60	113	180	87
1253	540.0	122.9		117.2		360	152	0	0	660	135	60	101	60	116	480	88
1254	280.0	137.0		129.3		120	191	0	0	480	144	0	0	60	117	180	89
1255	340.0	120.6		114.2		180	156	0	0	360	141	0	0	180	99	300	88
1256	440.0	139.9		130.5		300	195	0	0	720	138	0	0	60	95	240	88
1257	280.0	129.9		123.4		180	178	0	0	180	141	0	0	300	117	180	92
1258	220.0	140.3		129.8		120	204	0	0	300	147	0	0	120	115	120	85
1259	340.0	131.6		121.2		60	211	0	0	480	152	0	0	120	144	360	87
1260	400.0	150.4		143.2		240	186	0	0	540	159	0	0	240	140	180	91
1261	460.0	136.5		127.3		120	209	0	0	720	152	0	0	180	121	360	89
1262	440.0	128.6		123.4		180	175	0	0	720	134	0	0	180	115	240	88
1263	380.0	126.7		119.7		240	167	0	0	420	140	0	0	240	103	240	87
1264	360.0	131.8		126.8		120	161	0	0	540	144	0	0	180	130	240	91
1265	480.0	141.7		128.2		420	200	0	0	600	139	0	0	60	88	360	87
1266	500.0	136.1		127.2		360	179	0	0	600	147	0	0	180	106	360	90
1267	280.0	125.3		115.0		60	205	0	0	240	154	0	0	180	137	360	87
1268	400.0	157.3		144.9		300	213	0	0	600	158	0	0	60	137	240	91
1269	340.0	131.1		122.0		60	221	0	0	480	154	0	0	240	104	240	90
1270	440.0	121.2		115.1		180	176	0	0	720	127	0	0	60	87	360	88
1271	380.0	137.3		130.7		300	177	0	0	480	136	0	0	180	124	180	88
1272	180.0	157.9		146.1		120	211	0	0	180	167	0	0	120	155	120	94
1273	300.0	139.5		131.0		120	181	0	0	480	155	0	0	60	127	240	91
1274	340.0	140.4		133.9		60	214	0	0	600	151	0	0	180	130	180	91
1275	320.0	125.1		119.8		180	161	0	0	360	132	0	0	180	125	240	88
1276	340.0	134.2		125.4		240	184	0	0	420	140	0	0	60	105	300	92
1277	380.0	133.3		128.6		120	167	0	0	480	151	60	90	420	116	60	88
1278	200.0	134.6		122.9		120	198	0	0	240	146	0	0	60	102	180	88
1279	500.0	116.5		109.3		480	148	0	0	300	137	120	97	0	0	600	85
1280	420.0	139.2		128.4		360	194	0	0	480	135	60	94	120	119	240	87
1281	340.0	137.4		132.7		120	182	0	0	600	145	0	0	180	109	120	97
1282	280.0	117.5		111.7		60	194	0	0	360	131	0	0	120	110	300	89
1283	520.0	141.5		132.9		540	180	0	0	600	137	0	0	180	115	240	86
1284	500.0	137.5		128.9		420	173	0	0	540	150	0	0	240	109	300	88
1285	500.0	131.6		123.3		480	159	0	0	480	149	60	90	120	107	360	87
1286	460.0	127.8		119.8		240	187	0	0	540	136	120	100	180	111	300	87
1287	400.0	134.4		128.8		60	165	0	0	660	141	0	0	240	155	240	88
1288	400.0	115.5		109.9		120	184	0	0	420	128	0	0	240	106	420	89
1289	480.0	126.2		118.5		300	166	0	0	600	139	0	0	60	105	480	88
1290	420.0	120.5		114.0		120	149	0	0	420	148	60	114	180	126	480	88
1291	260.0	147.3		141.2		120	219	0	0	300	145	0	0	300	131	60	97
1292	280.0	123.6		119.1		60	151	0	0	360	141	0	0	240	118	180	87
1293	420.0	163.7		154.4		480	199	0	0	540	158	0	0	120	124	120	88
1294	300.0	140.2		130.1		180	199	0	0	480	143	0	0	60	98	180	88
1295	360.0	119.6		115.6		120	157	0	0	540	128	60	88	120	119	240	90
1296	400.0	114.5		108.1		300	151	0	0	240	137	120	88	60	90	480	90
1297	340.0	124.8		117.8		240	169	0	0	360	131	0	0	120	107	300	89
1298	400.0	139.0		133.9		240	197	0	0	480	133	0	0	480	116	0	0
1299	240.0	122.1		113.3		0	0	0	0	360	153	0	0	60	117	300	86
1300	340.0	126.5		117.5		180	191	0	0	300	136	0	0	180	121	360	89
1301	360.0	117.7		110.6		60	173	0	0	420	146	0	0	240	102	360	86
1302	260.0	137.6		135.2		60	187	0	0	360	147	0	0	360	120	0	0
1303	260.0	155.3		151.2		120	214	0	0	360	156	0	0	300	131	0	0
1304	360.0	134.7		128.2		120	175	0	0	540	148	0	0	180	129	240	89
1305	380.0	132.6		126.5		240	176	0	0	360	136	0	0	300	127	240	91
1306	340.0	149.4		144.1		360	177	0	0	420	149	0	0	180	114	60	93
1307	200.0	130.1		119.7		120	183	0	0	180	154	0	0	60	109	240	91
1308	420.0	134.8		128.6		180	174	0	0	480	148	60	111	240	137	300	93
1309	460.0	145.3		139.1		300	193	0	0	600	148	0	0	360	118	120	95
1310	300.0	123.9		116.5		120	151	0	0	300	159	60	91	60	101	360	95
1311	420.0	120.4		115.1		60	148	0	0	600	136	60	90	180	136	360	87
1312	380.0	139.1		127.8		360	182	0	0	420	145	0	0	60	100	300	87
1313	220.0	134.2		127.6		120	181	0	0	300	132	0	0	120	140	120	87
1314	300.0	119.3		109.5		180	175	0	0	240	141	60	91	0	0	420	87
1315	300.0	120.2		114.2		120	148	0	0	420	139	60	94	0	0	300	88
1316	220.0	129.6		118.9		120	194	0	0	300	138	0	0	0	0	240	87
1317	380.0	134.6		123.3		240	206	0	0	540	132	0	0	120	103	240	85
1318	380.0	130.4		123.1		120	196	0	0	540	144	0	0	180	110	300	92
1319	420.0	120.0		112.7		300	162	0	0	420	130	60	91	60	108	420	86
1320	240.0	124.9		114.6		180	186	0	0	300	120	0	0	60	83	180	86
1321	320.0	130.6		124.1		120	176	0	0	360	149	60	119	240	115	180	88
1322	360.0	127.6		121.8		180	161	0	0	540	139	0	0	60	113	300	90
1323	340.0	134.1		127.2		120	187	0	0	480	147	0	0	180	122	240	91
1324	360.0	120.1		116.1		120	152	0	0	540	130	60	90	120	121	240	89
1325	320.0	103.1		101.2		240	123	0	0	300	107	60	88	0	0	360	89
1326	200.0	154.8		147.2		120	200	0	0	360	157	0	0	60	116	60	90
1327	300.0	131.9		122.9		120	181	0	0	360	153	60	91	120	126	240	89
1328	320.0	117.6		108.7		180	175	0	0	240	137	0	0	60	113	480	87
1329	380.0	122.8		115.8		240	169	0	0	420	127	0	0	120	123	360	87
1330	380.0	120.3		115.1		180	152	0	0	480	134	0	0	180	109	300	86
1331	360.0	125.8		120.8		120	154	0	0	600	136	60	86	120	128	180	85
1332	320.0	121.3		113.4		240	160	0	0	300	137	0	0	0	0	420	88
1333	380.0	134.9		130.4		180	164	0	0	600	145	0	0	180	113	180	94
1334	240.0	117.5		114.2		60	145	0	0	360	127	0	0	180	113	120	82
1335	360.0	137.9		132.8		240	172	0	0	600	139	0	0	120	115	120	87
1336	520.0	125.1		118.9		360	152	0	0	600	138	120	87	120	129	360	88
1337	320.0	123.1		116.5		180	142	0	0	360	148	0	0	120	110	300	87
1338	420.0	137.9		126.6		300	188	0	0	420	147	0	0	180	137	360	86
1339	140.0	129.0		118.6		0	0	0	0	120	188	0	0	180	117	120	88
1340	320.0	129.8		117.8		180	198	0	0	300	147	60	97	60	122	360	88
1341	240.0	140.7		135.4		120	185	0	0	480	141	0	0	0	0	120	95
1342	320.0	136.2		128.0		180	187	0	0	360	151	60	119	240	103	120	91
1343	420.0	128.5		120.1		480	169	0	0	360	118	0	0	240	93	180	89
1344	200.0	133.0		129.8		60	180	0	0	300	135	0	0	180	128	60	91
1345	260.0	126.2		120.5		120	173	0	0	420	131	0	0	60	114	180	88
1346	340.0	126.7		122.1		180	167	0	0	540	130	0	0	120	105	180	91
1347	200.0	140.4		131.8		120	196	0	0	300	141	0	0	60	129	120	89
1348	200.0	108.8		103.8		0	0	0	0	300	132	0	0	60	88	240	85
1349	220.0	119.2		115.3		240	134	0	0	180	134	60	106	0	0	180	89
1350	280.0	123.0		117.4		120	151	0	0	420	138	0	0	60	102	240	88
1351	220.0	127.6		125.6		0	0	0	0	480	134	0	0	120	123	60	86
1352	380.0	117.3		109.4		180	181	0	0	360	131	60	91	120	89	420	90
1353	180.0	143.3		135.6		120	189	0	0	180	160	0	0	240	108	0	0
1354	300.0	115.0		110.5		60	156	0	0	480	129	0	0	60	102	300	87
1355	300.0	125.1		120.0		240	156	0	0	360	128	0	0	60	124	240	90
1356	280.0	106.7		102.1		0	0	0	0	360	133	0	0	0	0	480	87
1357	380.0	124.5		116.1		60	154	0	0	660	147	0	0	60	85	360	85
1358	220.0	115.1		110.1		60	154	0	0	360	128	0	0	0	0	240	86
1359	180.0	113.1		106.3		60	180	0	0	180	131	0	0	0	0	300	89
1360	180.0	126.6		120.0		0	0	0	0	300	151	0	0	120	103	120	89
1361	260.0	120.8		117.3		60	165	0	0	420	130	60	90	180	106	60	87
1362	240.0	114.8		110.8		0	0	0	0	420	132	60	87	120	95	120	88
1363	340.0	121.0		117.2		300	134	0	0	300	134	0	0	180	123	240	87
1364	420.0	132.1		124.7		420	152	0	0	420	152	0	0	120	103	300	88
1365	240.0	128.4		123.3		120	164	0	0	360	138	0	0	180	99	60	88
1366	300.0	117.3		113.2		60	173	0	0	540	126	0	0	60	97	240	89
1367	340.0	117.2		111.1		120	169	0	0	420	132	60	90	60	113	360	88
1368	320.0	136.7		130.6		120	193	0	0	600	139	0	0	60	138	180	91
1369	380.0	138.6		127.0		360	190	0	0	420	136	0	0	60	91	300	90
1370	280.0	129.0		124.6		60	175	0	0	420	143	0	0	240	112	120	91
1371	280.0	129.7		126.0		60	175	0	0	300	148	0	0	420	116	60	89
1372	360.0	123.2		120.4		0	0	0	0	600	137	0	0	240	118	240	94
1373	240.0	122.2		110.0		120	208	0	0	180	141	0	0	60	100	360	88
1374	240.0	125.0		116.7		120	196	0	0	240	123	0	0	120	128	240	90
1375	180.0	136.1		123.7		60	255	0	0	300	138	0	0	60	110	120	85
1376	180.0	125.8		115.8		60	244	0	0	180	130	0	0	180	106	120	90
1377	220.0	126.7		113.4		0	0	0	0	300	173	60	94	0	0	300	87
1378	320.0	119.1		113.6		120	187	0	0	480	118	0	0	120	118	240	88
1379	360.0	118.8		113.1		0	0	0	0	600	141	0	0	60	105	420	89
1380	380.0	121.4		116.2		420	137	0	0	360	137	60	96	0	0	300	86
1381	300.0	119.5		111.5		60	169	0	0	360	148	120	93	60	119	300	86
1382	260.0	126.1		121.0		60	173	0	0	480	131	0	0	60	154	180	88
1383	440.0	127.0		120.8		300	151	0	0	600	140	0	0	60	116	360	87
1384	240.0	136.7		131.0		60	175	0	0	480	147	0	0	60	111	120	89
1385	220.0	135.2		132.4		120	171	0	0	300	138	0	0	180	115	60	110
1386	240.0	119.4		110.1		180	174	0	0	180	128	0	0	60	92	300	87
1387	300.0	116.8		110.4		120	138	0	0	420	138	0	0	60	90	300	84
1388	380.0	128.8		121.2		180	186	0	0	540	136	0	0	120	113	300	88
1389	280.0	104.1		97.3		60	218	0	0	180	123	60	94	60	81	480	87
1390	220.0	130.2		121.0		60	175	0	0	240	162	0	0	180	117	180	86
1391	200.0	130.2		124.3		60	160	0	0	300	146	0	0	120	120	120	86
1392	220.0	121.7		115.2		180	151	0	0	300	128	0	0	0	0	180	82
1393	120.0	161.7		148.5		120	215	0	0	180	150	0	0	0	0	60	90
1394	260.0	127.2		117.8		180	188	0	0	180	131	0	0	180	115	240	88
1395	320.0	137.4		131.3		240	174	0	0	480	137	0	0	60	134	180	91
1396	200.0	121.0		111.4		0	0	0	0	300	155	0	0	0	0	300	87
1397	380.0	122.1		112.1		300	176	0	0	300	128	0	0	60	111	480	86
1398	140.0	146.4		130.0		120	198	0	0	60	205	0	0	120	124	120	88
1399	220.0	123.3		112.9		60	218	0	0	300	140	60	90	0	0	240	87
1400	220.0	148.5		138.6		120	180	0	0	300	166	0	0	120	137	120	85
1401	160.0	128.2		120.8		60	214	0	0	240	128	0	0	60	114	120	93
1402	580.0	114.2		106.2		540	158	0	0	240	124	60	90	60	85	840	87
1403	160.0	118.1		116.5		60	134	0	0	240	122	0	0	120	118	60	87
1404	380.0	123.3		116.3		180	179	0	0	480	133	0	0	180	99	300	89
1405	320.0	117.2		112.8		120	162	0	0	540	122	0	0	60	109	240	86
1406	260.0	126.5		118.5		180	175	0	0	360	128	0	0	60	96	180	85
1407	320.0	113.8		107.6		300	150	0	0	180	113	120	92	60	122	300	85
1408	340.0	121.9		117.4		180	152	0	0	480	132	0	0	120	100	240	90
1409	160.0	123.4		108.6		60	255	0	0	120	141	0	0	0	0	300	90
1410	240.0	115.5		111.8		0	0	0	0	360	130	0	0	120	127	240	88
1411	640.0	120.2		117.4		780	129	0	0	720	129	60	92	60	96	300	87
1412	460.0	115.9		112.5		360	133	0	0	360	133	0	0	240	110	420	90
1413	160.0	115.9		106.6		60	171	0	0	180	139	0	0	60	72	180	89
1414	80.0	112.0		104.0		0	0	0	0	60	169	0	0	120	99	60	81
1415	200.0	131.8		129.6		60	163	0	0	360	138	0	0	180	109	0	0
1416	280.0	112.1		108.3		120	137	0	0	360	127	0	0	60	84	300	90
1417	240.0	130.2		120.7		240	177	0	0	240	123	60	89	60	102	120	86
1418	180.0	120.9		114.3		120	148	0	0	180	139	60	87	60	120	120	84
1419	400.0	115.5		109.9		300	152	0	0	360	124	60	91	60	91	420	89
1420	200.0	111.9		107.9		60	148	0	0	240	121	0	0	60	135	240	88
1421	220.0	125.3		119.5		0	0	0	0	480	140	0	0	0	0	180	86
1422	200.0	132.3		123.7		60	180	0	0	300	151	0	0	60	124	180	88
1423	320.0	105.0		100.9		60	154	0	0	180	138	120	89	180	106	420	88
1424	320.0	127.1		118.6		360	166	0	0	120	135	0	0	300	102	180	86
1425	100.0	131.6		121.6		60	184	0	0	60	144	0	0	60	148	120	91
1426	80.0	135.5		131.4		0	0	0	0	120	159	0	0	120	112	0	0
1427	260.0	128.5		122.7		240	164	0	0	300	127	60	94	60	97	120	94
1428	240.0	116.5		109.8		60	202	0	0	240	131	60	104	120	110	240	87
1429	220.0	126.9		116.2		60	236	0	0	300	140	0	0	120	101	180	86
1430	120.0	115.5		110.0		0	0	0	0	180	127	0	0	60	146	120	83
1431	420.0	122.5		115.3		300	166	0	0	420	131	120	92	120	103	300	87
1432	440.0	125.0		120.5		180	160	0	0	660	136	60	100	60	109	360	94
1433	300.0	117.9		113.1		0	0	0	0	420	140	0	0	180	116	300	88
1434	180.0	112.4		103.7		60	185	0	0	180	134	0	0	60	77	240	87
1435	300.0	121.2		111.4		180	185	0	0	300	130	0	0	60	85	360	88
1436	260.0	135.8		125.2		240	185	0	0	300	133	0	0	60	99	180	87
1437	460.0	103.5		99.6		240	146	0	0	120	128	240	96	60	88	720	89
1438	220.0	123.7		119.3		0	0	0	0	360	144	0	0	180	105	120	91
1439	260.0	131.5		125.1		120	188	0	0	360	136	0	0	120	121	180	92
1440	200.0	129.5		118.7		60	208	0	0	180	163	0	0	120	117	240	91
1441	220.0	102.7		99.4		0	0	0	0	240	127	0	0	60	106	360	86
1442	180.0	127.4		115.1		60	218	0	0	240	145	0	0	60	97	180	84
1443	260.0	123.8		113.7		240	175	0	0	240	120	0	0	0	0	300	86
1444	120.0	132.8		116.0		60	208	0	0	60	187	0	0	60	141	180	87
1445	240.0	128.2		117.1		60	225	0	0	420	140	0	0	60	81	180	84
1446	240.0	111.8		107.5		60	163	0	0	300	125	60	90	60	112	240	88
1447	320.0	109.8		106.1		300	127	0	0	240	125	60	77	60	104	300	88
1448	180.0	105.9		102.7		0	0	0	0	240	127	0	0	0	0	300	89
1449	400.0	138.8		135.3		480	148	0	0	480	148	0	0	120	114	120	90
1450	280.0	130.3		119.1		240	162	0	0	240	162	0	0	0	0	360	88
1451	120.0	137.0		135.7		120	146	0	0	120	146	0	0	120	119	0	0
1452	200.0	139.3		124.0		180	210	0	0	180	130	0	0	60	109	180	88
1453	360.0	131.3		119.7		240	185	0	0	300	156	120	92	120	110	300	88
1454	160.0	141.8		135.1		60	175	0	0	180	147	0	0	120	163	120	96
1455	280.0	127.9		115.1		120	206	0	0	180	171	60	114	60	115	420	91
1456	180.0	133.4		119.7		60	244	0	0	240	147	60	91	60	110	120	84
1457	100.0	115.8		109.4		0	0	0	0	180	137	0	0	0	0	120	84
1458	140.0	121.6		111.7		60	189	0	0	120	149	0	0	0	0	240	91
1459	160.0	136.5		122.8		60	189	0	0	180	174	0	0	60	117	180	88
1460	120.0	152.7		133.7		60	189	0	0	120	205	0	0	60	141	120	88
1461	140.0	118.7		115.0		0	0	0	0	300	131	0	0	0	0	120	88
1462	340.0	120.6		116.8		360	131	0	0	360	131	0	0	60	135	240	86
1463	240.0	128.6		114.9		120	214	0	0	300	138	0	0	0	0	300	85
1464	200.0	136.9		124.9		60	225	0	0	240	160	60	90	120	119	120	88
1465	160.0	111.6		104.0		0	0	0	0	120	169	0	0	60	105	300	90
1466	220.0	115.8		105.6		60	182	0	0	240	147	0	0	0	0	360	84
1467	260.0	144.8		134.4		180	210	0	0	300	143	0	0	120	126	180	95
1468	120.0	113.0		104.6		0	0	0	0	120	161	0	0	0	0	240	89
1469	360.0	111.1		104.6		60	211	0	0	420	128	60	97	60	107	480	86
1470	160.0	112.6		107.7		60	145	0	0	180	133	60	90	0	0	180	89
1471	180.0	112.0		103.3		60	202	0	0	120	136	60	94	0	0	300	88
1472	140.0	128.7		116.8		60	184	0	0	180	153	0	0	0	0	180	86
1473	80.0	95.5		94.3		0	0	0	0	0	0	0	0	120	106	120	85
1474	260.0	124.5		118.1		240	142	0	0	240	142	0	0	60	139	240	86
1475	220.0	124.7		117.2		180	152	0	0	180	152	0	0	0	0	300	92
1476	200.0	116.8		109.0		60	189	0	0	180	139	0	0	120	109	240	86
1477	160.0	117.2		107.8		60	184	0	0	180	138	0	0	0	0	240	85
1478	240.0	120.8		113.6		60	182	0	0	300	141	0	0	60	118	300	89
1479	100.0	106.2		96.4		60	187	0	0	0	0	0	0	0	0	240	86
1480	280.0	97.7		94.1		60	180	0	0	120	110	0	0	0	0	660	88
1481	140.0	106.6		102.3		0	0	0	0	180	132	0	0	60	86	180	88
1482	200.0	108.9		105.0		60	140	0	0	180	131	0	0	60	111	300	89
1483	120.0	112.2		109.1		60	140	0	0	120	123	0	0	60	107	120	90
1484	340.0	97.9		94.9		120	140	0	0	240	112	60	87	0	0	600	85
1485	180.0	114.8		108.5		0	0	0	0	180	149	0	0	120	119	240	87
1486	140.0	142.9		119.2		120	243	0	0	120	128	0	0	0	0	180	86
1487	220.0	109.0		103.8		60	145	0	0	240	133	0	0	0	0	360	87
1488	180.0	91.9		91.1		0	0	0	0	120	99	0	0	60	113	360	86
1489	220.0	122.1		112.0		60	248	0	0	240	130	60	90	120	112	180	87
1490	240.0	98.0		94.5		0	0	0	0	120	137	120	95	60	124	420	84
1491	100.0	107.2		102.3		0	0	0	0	60	139	60	87	60	134	120	88
1492	260.0	108.8		104.6		60	148	0	0	240	131	0	0	180	104	300	86
1493	160.0	108.6		104.3		0	0	0	0	180	138	60	95	0	0	240	90
1494	160.0	139.6		132.0		120	173	0	0	180	155	0	0	120	109	60	88
1495	200.0	129.2		121.0		120	170	0	0	240	146	0	0	0	0	240	92
1496	100.0	87.0		87.0		0	0	0	0	0	0	0	0	0	0	300	87
1497	180.0	111.2		104.8		60	153	0	0	120	149	0	0	60	110	300	88
1498	80.0	139.0		137.6		120	153	0	0	120	125	0	0	0	0	0	0
1499	180.0	132.0		124.0		180	153	0	0	180	153	0	0	60	88	120	91
