#File created from auswertNew
# Temporary input file:
# tmp06.dat
# Created from repository file
# /home/vwitme/data/workdata/trafficData/Invent_A5/intermediatedata/A5frankfurt_06_01/daten/F06_1106.dat.gz
# Infrastructure description file:
# /home/vwitme/data/workdata/trafficData/Invent_A5/intermediatedata/A5frankfurt_06_01/daten/A5frankfurt_06_01.dsc
#
# Date: 11.06.2001
# Direction: Frankfurt
# Detector cross section 6
# Position (m)= 471.500000
# Number of main lanes=3
# Number of ramp lanes=2
# The lane indices are ordered from left to right
# NOTICE: The time has been increased by 1 hour 
# since summertime was not taken care of  in the original data!
# Velocity averages: Over veh types and lanes, weighted with flow
# vAvg=arithmetic average; vHarm=harmonic average
#===========================================
#t(min)	Qav(/h)	vAvg(km/h)	vHarm(km/h)	Q1car	v1car	Q1truck	v1truck	Q2car	v2car	Q2truck	v2truck	Q3car	v3car	Q3truck	v3truck
60	400.0	109.1		98.1		60	174	0	0	480	145	0	0	0	0	660	77
61	540.0	109.4		101.2		300	161	0	0	540	122	0	0	120	96	660	78
62	400.0	113.1		105.9		180	147	0	0	540	131	0	0	60	90	420	79
63	380.0	131.8		124.7		240	165	0	0	540	141	0	0	180	112	180	80
64	400.0	107.9		96.6		240	167	0	0	240	131	0	0	60	129	660	76
65	680.0	101.5		92.5		300	172	0	0	420	123	60	114	0	0	1260	77
66	420.0	111.1		104.3		180	146	0	0	480	129	60	103	60	128	480	79
67	460.0	131.7		117.3		360	192	0	0	420	145	60	88	60	101	480	84
68	300.0	120.1		111.2		120	193	0	0	420	125	0	0	120	112	240	79
69	520.0	107.4		97.5		360	142	0	0	600	118	0	0	120	120	480	65
70	540.0	107.6		96.3		180	185	0	0	540	133	60	103	0	0	840	75
71	440.0	119.5		107.2		420	162	0	0	240	147	180	97	0	0	480	77
72	380.0	116.2		108.3		180	156	0	0	480	132	0	0	60	123	420	80
73	320.0	111.2		103.1		240	140	0	0	240	135	60	88	60	129	360	77
74	320.0	104.1		98.2		120	139	0	0	240	124	60	95	120	125	420	78
75	240.0	124.5		121.2		180	141	0	0	300	132	0	0	60	132	180	93
76	480.0	116.5		110.1		240	135	0	0	720	134	0	0	0	0	480	81
77	240.0	95.8		88.9		60	180	0	0	120	129	0	0	0	0	540	79
78	280.0	90.9		88.1		60	138	0	0	120	119	120	84	0	0	540	81
79	500.0	118.8		111.3		420	158	0	0	480	119	60	85	120	126	420	82
80	340.0	102.0		92.8		180	159	0	0	180	135	60	72	0	0	600	78
81	420.0	97.2		90.7		60	164	0	0	420	126	60	71	0	0	720	77
82	380.0	98.9		92.2		60	169	0	0	300	130	60	119	60	95	660	77
83	280.0	101.9		97.2		0	0	0	0	420	123	0	0	60	98	360	78
84	340.0	113.4		104.9		300	144	0	0	240	140	0	0	0	0	480	81
85	360.0	101.2		92.1		240	158	0	0	120	127	240	84	0	0	480	75
86	500.0	113.4		107.7		420	139	0	0	540	125	0	0	0	0	540	82
87	420.0	105.6		97.5		240	170	0	0	360	108	120	89	0	0	540	79
88	440.0	101.6		93.2		60	141	0	0	540	133	0	0	60	95	660	73
89	300.0	98.5		92.4		120	134	0	0	240	128	60	81	0	0	480	77
90	300.0	93.7		88.7		60	145	0	0	180	126	60	82	60	107	540	77
91	260.0	112.2		106.8		60	143	0	0	360	130	60	112	60	104	240	80
92	440.0	99.7		91.9		120	164	0	0	240	146	120	85	60	85	780	79
93	360.0	96.4		90.9		60	170	0	0	300	123	0	0	60	81	660	79
94	360.0	110.8		104.8		180	156	0	0	480	119	0	0	0	0	420	82
95	740.0	100.6		93.8		420	146	0	0	360	130	240	85	0	0	1200	79
96	320.0	104.9		99.3		60	104	0	0	240	149	60	117	60	97	540	85
97	320.0	87.2		81.6		120	141	0	0	120	122	60	78	0	0	660	72
98	320.0	86.2		81.3		60	166	0	0	60	150	0	0	0	0	840	76
99	440.0	122.9		106.9		480	176	0	0	300	124	0	0	0	0	540	75
100	380.0	117.7		109.6		300	163	0	0	420	120	0	0	0	0	420	83
101	240.0	84.3		81.9		0	0	0	0	60	113	0	0	60	129	600	77
102	380.0	94.0		85.7		120	191	0	0	180	115	60	84	0	0	780	75
103	500.0	104.7		93.0		180	187	0	0	420	133	0	0	0	0	900	75
104	260.0	90.7		86.2		0	0	0	0	180	133	0	0	0	0	600	78
105	240.0	93.0		90.7		60	121	0	0	180	113	0	0	0	0	480	82
106	240.0	117.2		111.4		60	154	0	0	240	136	0	0	180	124	240	84
107	240.0	93.3		90.0		0	0	0	0	240	120	0	0	0	0	480	80
108	260.0	112.8		105.7		240	134	0	0	240	134	0	0	0	0	300	79
109	260.0	106.8		97.4		120	154	0	0	240	129	0	0	60	120	360	74
110	120.0	125.3		114.3		0	0	0	0	240	149	0	0	0	0	120	78
111	260.0	86.4		84.2		120	115	0	0	60	113	0	0	0	0	600	78
112	320.0	95.0		90.8		60	131	0	0	360	116	0	0	0	0	540	77
113	300.0	103.8		97.0		0	0	0	0	360	138	0	0	0	0	540	81
114	400.0	109.6		102.8		120	157	0	0	360	136	0	0	120	116	600	83
115	220.0	90.9		87.2		0	0	0	0	120	133	0	0	60	102	480	79
116	360.0	105.4		98.0		60	162	0	0	360	132	60	113	120	111	480	76
117	320.0	109.3		99.7		180	163	0	0	240	131	0	0	60	112	480	78
118	380.0	104.2		92.4		120	151	0	0	300	153	60	74	60	108	600	73
119	400.0	112.6		103.5		240	151	0	0	480	130	0	0	0	0	480	76
120	120.0	110.0		104.0		0	0	0	0	60	171	120	90	60	123	120	93
121	260.0	129.0		112.3		240	187	0	0	240	136	0	0	0	0	300	77
122	240.0	111.8		101.1		0	0	0	0	300	155	0	0	0	0	420	81
123	440.0	103.0		94.6		300	156	0	0	120	137	180	86	60	85	660	79
124	240.0	92.2		88.8		0	0	0	0	240	119	60	85	0	0	420	78
125	300.0	108.1		102.0		180	140	0	0	300	125	60	88	60	99	300	78
126	360.0	90.8		88.3		120	118	0	0	180	114	120	94	0	0	660	79
127	180.0	100.9		93.6		60	160	0	0	120	134	120	80	0	0	240	80
128	240.0	91.2		87.0		60	150	0	0	60	126	60	107	0	0	540	79
129	460.0	99.5		91.5		180	161	0	0	300	129	0	0	60	83	840	77
130	440.0	89.0		85.8		60	149	0	0	300	112	0	0	0	0	960	78
131	340.0	99.5		93.2		60	162	0	0	360	125	0	0	0	0	600	78
132	340.0	105.8		97.6		120	175	0	0	360	123	0	0	0	0	540	79
133	220.0	104.9		101.1		60	142	0	0	240	117	0	0	120	110	240	81
134	180.0	120.7		111.8		60	197	0	0	180	140	0	0	60	117	240	88
135	400.0	99.2		91.2		180	174	0	0	180	117	60	85	0	0	780	79
136	320.0	125.2		121.7		120	136	0	0	540	137	0	0	240	106	60	75
137	420.0	116.5		109.1		300	153	0	0	420	126	0	0	120	120	420	80
138	460.0	97.0		91.7		120	135	0	0	420	123	60	77	120	94	660	76
139	240.0	98.7		91.1		0	0	0	0	180	150	0	0	60	110	480	78
140	240.0	102.9		96.5		60	149	0	0	180	140	0	0	60	92	420	82
141	280.0	94.4		89.6		60	135	0	0	180	131	60	83	0	0	540	79
142	360.0	139.3		134.7		240	172	0	0	540	142	0	0	240	115	60	82
143	200.0	95.5		88.8		60	146	0	0	120	135	0	0	0	0	420	77
144	420.0	92.8		86.1		120	152	0	0	240	130	0	0	0	0	900	75
145	380.0	104.3		99.5		60	126	0	0	480	123	0	0	180	111	420	77
146	340.0	103.4		96.3		120	156	0	0	360	124	0	0	0	0	540	78
147	300.0	105.4		98.1		60	194	0	0	360	123	60	96	0	0	420	79
148	320.0	102.0		94.4		120	159	0	0	120	144	180	99	60	113	480	77
149	220.0	109.6		104.2		60	158	0	0	240	125	0	0	120	112	240	81
150	240.0	102.8		95.0		0	0	0	0	240	142	0	0	60	119	420	78
151	280.0	97.6		90.9		120	155	0	0	120	117	0	0	120	107	480	76
152	280.0	98.6		92.4		60	160	0	0	300	121	60	84	0	0	420	76
153	280.0	122.8		110.9		120	182	0	0	300	149	0	0	60	118	360	82
154	300.0	107.8		100.0		120	152	0	0	300	134	60	83	0	0	420	80
155	260.0	96.5		92.2		60	176	0	0	120	114	120	81	0	0	480	86
156	200.0	89.5		85.2		0	0	0	0	60	162	60	101	0	0	480	79
157	280.0	92.1		87.9		180	121	0	0	60	135	240	87	0	0	360	74
158	220.0	115.9		110.6		120	151	0	0	180	135	60	88	180	104	120	84
159	140.0	132.1		121.5		60	189	0	0	120	158	0	0	120	126	120	84
160	60.0	113.7		103.8		0	0	0	0	120	135	0	0	0	0	60	71
161	160.0	84.4		83.2		0	0	0	0	0	0	0	0	60	115	420	80
162	300.0	90.5		86.7		60	165	0	0	180	108	0	0	0	0	660	79
163	300.0	97.0		92.2		120	123	0	0	180	119	120	78	120	120	360	76
164	220.0	100.6		93.6		60	147	0	0	240	126	0	0	0	0	360	76
165	220.0	101.0		95.0		60	133	0	0	180	137	0	0	0	0	420	81
166	240.0	98.8		94.0		0	0	0	0	240	128	60	113	0	0	420	80
167	280.0	118.7		109.1		120	138	0	0	420	143	0	0	0	0	300	77
168	260.0	95.2		90.3		0	0	0	0	240	131	60	82	0	0	480	79
169	140.0	120.7		110.8		120	154	0	0	60	160	0	0	60	128	180	83
170	280.0	101.9		70.8		180	129	0	0	240	129	60	14	60	115	300	79
171	320.0	108.0		101.5		180	159	0	0	240	114	60	113	120	101	360	80
172	280.0	95.1		90.3		0	0	0	0	300	126	0	0	0	0	540	78
173	340.0	97.4		93.6		240	118	0	0	240	118	0	0	0	0	540	79
174	220.0	89.0		86.7		60	103	0	0	60	103	0	0	60	133	480	80
175	220.0	112.9		104.3		180	156	0	0	120	135	0	0	0	0	360	84
176	300.0	132.7		123.4		300	166	0	0	360	130	0	0	60	146	180	78
177	240.0	100.2		95.5		120	141	0	0	180	114	60	99	0	0	360	80
178	360.0	96.9		92.0		60	163	0	0	240	127	180	91	0	0	600	80
179	380.0	115.7		105.0		120	161	0	0	360	145	120	87	60	185	480	81
180	440.0	114.1		106.1		240	159	0	0	480	130	120	97	0	0	480	80
181	160.0	109.2		99.3		0	0	0	0	180	150	60	116	0	0	240	77
182	400.0	109.3		104.5		120	146	0	0	480	124	0	0	120	119	480	83
183	220.0	92.4		88.7		60	147	0	0	60	101	60	78	120	108	360	79
184	260.0	115.8		106.0		120	195	0	0	180	129	180	98	60	110	240	81
185	200.0	103.5		99.9		0	0	0	0	300	120	0	0	60	111	240	81
186	360.0	109.2		98.3		240	165	0	0	240	132	120	81	0	0	480	77
187	260.0	114.5		105.7		0	0	0	0	300	142	0	0	120	146	360	81
188	260.0	95.2		90.4		60	169	0	0	60	144	0	0	60	95	600	83
189	200.0	99.0		93.2		60	148	0	0	180	122	60	91	0	0	300	77
190	300.0	113.2		105.9		180	155	0	0	120	132	180	88	180	127	240	81
191	300.0	117.0		110.1		180	149	0	0	360	131	0	0	60	117	300	81
192	240.0	98.2		92.6		120	137	0	0	120	131	180	79	0	0	300	81
193	440.0	105.3		99.9		240	135	0	0	300	129	180	84	120	116	480	81
194	320.0	112.4		104.0		240	150	60	118	240	131	60	82	0	0	360	79
195	260.0	96.5		92.1		0	0	0	0	240	129	60	98	0	0	480	80
196	480.0	108.7		99.3		420	137	0	0	240	137	180	112	60	126	540	71
197	280.0	97.4		94.0		180	119	0	0	120	119	60	96	60	112	420	80
198	180.0	117.2		109.1		60	156	0	0	300	133	0	0	0	0	180	78
199	220.0	122.8		115.9		120	179	0	0	300	124	0	0	60	112	180	87
200	400.0	105.3		99.9		120	146	0	0	300	135	180	85	120	106	480	84
201	60.0	114.0		112.5		0	0	0	0	120	123	0	0	0	0	60	96
202	380.0	116.7		113.4		420	126	0	0	420	126	0	0	60	122	240	83
203	240.0	105.7		92.5		120	178	0	0	120	152	120	79	0	0	360	75
204	200.0	104.7		96.8		60	181	0	0	120	126	60	113	60	111	300	78
205	180.0	91.9		89.7		0	0	0	0	240	108	0	0	0	0	300	79
206	240.0	118.5		113.0		180	148	0	0	360	121	0	0	60	100	120	76
207	260.0	123.2		113.2		120	178	0	0	300	140	0	0	60	130	300	83
208	220.0	87.7		85.4		0	0	0	0	180	112	60	90	0	0	420	77
209	260.0	98.2		92.9		180	128	0	0	120	128	60	90	0	0	420	78
210	420.0	115.8		106.1		300	165	0	0	300	133	120	95	60	112	480	80
211	160.0	112.4		104.1		0	0	0	0	180	147	0	0	60	130	240	82
212	380.0	97.5		91.0		120	167	0	0	240	122	300	83	0	0	480	77
213	300.0	98.5		93.3		60	148	0	0	240	128	120	93	0	0	480	79
214	180.0	118.3		107.8		60	201	0	0	240	133	0	0	120	89	120	77
215	420.0	112.0		103.3		240	150	0	0	300	143	180	98	60	118	480	78
216	300.0	111.2		106.6		0	0	0	0	480	129	0	0	120	113	300	82
217	560.0	99.0		90.9		360	148	0	0	300	122	0	0	0	0	1020	75
218	460.0	118.0		107.4		180	175	0	0	600	139	0	0	0	0	600	80
219	260.0	116.8		109.5		120	162	0	0	420	125	60	92	0	0	180	76
220	320.0	100.6		93.8		120	143	0	0	300	126	0	0	0	0	540	77
221	300.0	105.2		100.1		60	126	0	0	480	123	0	0	0	0	360	78
222	400.0	92.0		85.6		120	163	0	0	120	133	120	90	60	93	780	75
223	400.0	107.7		100.1		0	0	0	0	600	134	0	0	60	121	540	77
224	220.0	113.8		106.0		120	175	0	0	120	131	0	0	60	112	360	88
225	480.0	105.0		97.1		240	153	0	0	420	125	60	109	0	0	720	77
226	520.0	90.1		86.1		240	143	0	0	180	80	360	86	0	0	780	78
227	480.0	103.6		95.4		240	146	0	0	420	128	180	92	0	0	600	73
228	300.0	96.9		93.1		60	137	0	0	360	114	0	0	0	0	480	79
229	400.0	110.2		102.4		420	148	0	0	360	105	0	0	0	0	420	77
230	360.0	95.1		91.5		0	0	0	0	420	119	0	0	60	78	600	80
231	260.0	101.0		96.4		120	135	0	0	240	119	0	0	0	0	420	81
232	280.0	109.1		101.4		0	0	0	0	420	131	0	0	60	149	360	77
233	240.0	136.4		131.4		120	189	0	0	300	130	0	0	240	131	60	85
234	220.0	108.3		101.3		60	126	0	0	300	134	0	0	0	0	300	79
235	200.0	111.6		106.6		0	0	0	0	360	130	0	0	0	0	240	84
236	200.0	114.9		110.1		60	126	0	0	240	123	0	0	120	141	180	83
237	200.0	122.2		119.4		0	0	0	0	420	130	0	0	120	117	60	78
238	300.0	120.0		114.7		240	144	0	0	300	130	120	106	60	122	180	80
239	360.0	112.8		106.6		120	143	0	0	480	133	60	107	0	0	420	82
240	320.0	115.3		106.9		180	152	0	0	360	131	60	86	60	132	300	77
241	220.0	132.5		128.1		60	169	0	0	300	144	0	0	180	129	120	91
242	360.0	118.0		109.3		180	149	0	0	540	135	0	0	0	0	360	77
243	300.0	109.9		104.0		120	158	0	0	360	120	0	0	60	120	360	82
244	240.0	100.7		96.6		0	0	0	0	360	120	60	79	60	97	240	78
245	180.0	107.1		100.4		60	151	0	0	180	128	0	0	120	102	180	75
246	400.0	111.2		105.9		360	136	0	0	300	123	60	89	120	112	360	80
247	80.0	115.0		112.8		0	0	0	0	120	131	0	0	0	0	120	99
248	360.0	111.6		106.7		120	129	0	0	480	131	60	92	60	112	360	83
249	100.0	115.0		111.3		0	0	0	0	240	124	0	0	0	0	60	79
250	520.0	107.8		101.5		420	146	0	0	540	106	120	75	60	125	420	79
251	220.0	112.1		105.0		60	150	0	0	300	132	0	0	120	99	180	75
252	260.0	118.5		111.8		60	200	0	0	240	132	0	0	240	118	240	85
253	320.0	104.8		95.8		240	159	0	0	180	113	0	0	0	0	540	78
254	460.0	116.1		106.6		180	170	60	101	480	137	120	100	60	139	480	78
255	460.0	108.7		102.7		300	134	0	0	480	127	120	95	0	0	480	78
256	360.0	114.6		102.8		120	187	0	0	420	140	0	0	60	84	480	78
257	320.0	116.0		108.3		120	144	0	0	480	136	60	85	0	0	300	79
258	420.0	125.3		121.9		300	136	0	0	600	133	0	0	120	135	240	88
259	440.0	108.9		102.9		180	137	0	0	360	132	60	73	240	118	480	81
260	300.0	123.9		116.0		120	171	0	0	540	133	0	0	0	0	240	80
261	380.0	107.4		102.9		180	124	60	98	360	130	60	80	60	122	420	84
262	580.0	116.8		110.6		360	152	0	0	780	125	60	112	0	0	540	82
263	540.0	110.6		105.3		360	143	0	0	600	121	0	0	60	78	600	84
264	480.0	140.8		135.5		480	165	0	0	720	136	0	0	120	135	120	78
265	320.0	115.2		105.6		240	158	0	0	240	136	0	0	60	108	420	80
266	380.0	106.6		99.2		60	166	0	0	480	127	0	0	60	141	540	78
267	200.0	128.8		120.4		0	0	0	0	360	146	0	0	120	131	120	75
268	380.0	109.6		105.7		240	137	0	0	360	119	120	84	120	114	300	85
269	280.0	111.1		105.3		60	141	0	0	360	133	0	0	60	119	360	83
270	440.0	117.1		110.4		300	148	0	0	480	128	0	0	180	115	360	78
271	560.0	121.0		109.5		420	170	0	0	480	140	120	93	0	0	660	81
272	400.0	114.5		104.7		180	164	0	0	360	142	240	90	60	124	360	77
273	540.0	112.8		104.7		360	164	0	0	540	119	60	89	120	86	540	81
274	540.0	114.9		109.0		540	144	0	0	600	115	0	0	60	103	420	79
275	460.0	103.0		96.8		240	140	0	0	420	122	180	84	60	63	480	80
276	440.0	108.5		103.2		120	151	0	0	600	121	60	84	120	119	420	79
277	400.0	128.2		120.6		300	159	0	0	540	138	60	112	0	0	300	83
278	420.0	120.2		115.2		300	143	0	0	600	128	60	115	120	87	180	80
279	320.0	118.9		116.1		120	135	0	0	420	133	0	0	240	107	180	91
280	340.0	125.6		121.2		180	152	0	0	480	133	0	0	240	115	120	78
281	740.0	106.6		99.7		540	147	0	0	540	119	120	99	60	88	960	79
282	580.0	111.1		104.0		300	152	0	0	600	130	0	0	60	95	780	82
283	280.0	143.7		137.7		300	161	0	0	420	141	0	0	60	150	60	70
284	700.0	100.5		91.3		420	143	0	0	480	131	180	81	0	0	1020	72
285	660.0	106.7		103.0		600	127	0	0	540	114	0	0	180	111	660	81
286	600.0	126.5		120.7		600	149	0	0	720	130	180	93	60	145	240	80
287	300.0	111.9		108.7		120	136	60	118	480	119	0	0	0	0	240	84
288	560.0	109.4		101.2		360	156	0	0	480	124	60	108	0	0	780	79
289	420.0	116.4		107.3		180	156	0	0	540	138	0	0	180	93	360	76
290	700.0	107.7		101.6		480	141	0	0	660	122	60	65	60	88	840	82
291	420.0	121.2		116.3		360	157	0	0	660	112	0	0	60	119	180	84
292	500.0	114.7		110.9		240	135	0	0	660	124	0	0	360	110	240	76
293	860.0	107.6		99.5		840	142	0	0	660	116	120	76	60	102	900	74
294	540.0	109.4		103.7		420	125	0	0	600	126	0	0	120	109	480	75
295	420.0	118.1		110.6		120	155	0	0	600	139	0	0	120	107	420	81
296	340.0	125.1		120.0		120	148	0	0	480	138	60	109	180	125	180	81
297	480.0	121.0		110.7		300	169	0	0	600	134	0	0	0	0	540	80
298	700.0	115.2		106.8		480	163	0	0	780	119	60	51	240	91	540	85
299	880.0	116.5		113.1		720	144	0	0	960	119	0	0	480	97	480	90
300	620.0	100.7		95.6		300	133	0	0	720	115	0	0	120	89	720	75
301	700.0	115.8		110.0		420	153	0	0	960	121	120	111	60	103	540	80
302	480.0	100.4		94.0		240	145	0	0	240	132	240	90	60	73	660	79
303	600.0	113.1		107.4		360	159	0	0	660	117	0	0	360	95	420	83
304	640.0	122.8		115.6		660	153	0	0	780	123	0	0	60	94	420	79
305	760.0	119.7		116.1		780	141	0	0	840	120	60	90	300	106	300	83
306	760.0	111.3		102.6		660	147	0	0	840	117	60	109	0	0	720	72
307	680.0	113.9		108.5		720	132	0	0	780	121	120	72	60	108	360	77
308	700.0	107.2		102.8		540	138	0	0	840	109	60	82	300	88	360	77
309	780.0	121.3		114.5		840	148	0	0	900	122	120	106	60	83	420	76
310	640.0	119.3		114.1		600	148	0	0	840	117	0	0	180	103	300	78
311	900.0	127.0		122.5		840	148	0	0	1200	132	0	0	420	96	240	83
312	580.0	103.8		96.9		240	148	0	0	660	122	60	75	0	0	780	77
313	760.0	114.1		108.1		660	143	0	0	780	120	60	89	240	105	540	77
314	720.0	107.1		100.7		480	146	0	0	780	115	60	100	0	0	840	78
315	620.0	118.9		111.9		420	157	0	0	780	126	60	101	180	101	420	78
316	840.0	118.1		110.7		600	154	0	0	1080	126	60	102	240	92	540	76
317	1000.0	108.2		103.2		1020	132	0	0	1020	112	60	103	60	80	840	77
318	540.0	144.6		142.4		600	168	0	0	600	134	0	0	360	129	60	111
319	700.0	120.0		117.1		600	137	0	0	900	125	0	0	240	108	360	87
320	800.0	117.5		107.0		540	156	0	0	960	134	0	0	60	100	840	75
321	840.0	115.4		108.3		660	141	0	0	960	126	0	0	360	107	540	71
322	1260.0	115.9		106.9		1380	145	0	0	1260	118	60	102	240	108	840	68
323	920.0	118.7		109.9		960	150	0	0	900	126	60	86	120	79	720	77
324	920.0	112.2		107.3		720	138	0	0	1020	116	60	79	360	114	600	77
325	1400.0	105.0		102.5		1680	119	120	98	1380	106	180	97	120	86	720	77
326	1560.0	106.4		101.1		2040	125	60	116	1260	110	60	85	240	82	1020	71
327	1020.0	120.3		116.0		1680	135	0	0	780	117	60	101	120	89	420	79
328	1120.0	100.4		94.1		1260	117	0	0	960	114	120	78	120	105	900	65
329	1180.0	100.1		96.1		1320	118	0	0	1080	106	60	69	60	73	1020	74
330	1200.0	101.1		97.9		1560	118	60	102	840	101	180	84	180	80	780	76
331	1200.0	109.5		106.2		1500	123	120	112	1140	113	120	99	60	80	660	77
332	1200.0	114.9		112.5		1440	131	0	0	1560	111	0	0	360	91	240	80
333	1500.0	96.7		92.1		1620	118	60	98	1620	96	120	94	0	0	1080	66
334	1080.0	111.6		106.5		1020	134	0	0	1380	115	60	115	240	83	540	73
335	1020.0	102.1		96.8		1080	128	0	0	780	106	180	88	60	75	960	74
336	1040.0	105.6		100.8		1020	126	0	0	1080	113	180	95	60	83	780	73
337	1580.0	107.5		105.0		2220	117	0	0	1620	110	0	0	60	115	840	77
338	1160.0	109.2		106.9		1620	123	0	0	1140	105	60	103	120	94	540	81
339	800.0	108.1		104.5		960	124	60	119	780	108	60	112	180	89	360	73
340	1340.0	87.8		79.8		1620	110	120	118	780	93	240	83	0	0	1260	54
341	1600.0	96.3		92.5		1920	111	0	0	1500	97	300	105	120	80	960	65
342	1300.0	100.8		96.6		1260	120	0	0	1380	108	120	68	180	76	960	74
343	1340.0	102.0		99.8		1680	113	120	108	1500	100	120	112	0	0	600	73
344	1840.0	92.7		89.7		2580	104	0	0	1560	94	180	97	180	78	1020	64
345	1220.0	102.5		100.1		1560	117	0	0	840	102	360	97	240	85	660	78
346	1500.0	97.5		95.6		2280	109	0	0	1140	92	300	82	180	90	600	74
347	880.0	110.0		107.3		1020	125	0	0	1020	110	120	103	0	0	480	80
348	1420.0	111.3		108.1		1920	126	0	0	1500	109	0	0	300	96	540	74
349	1480.0	97.3		89.7		1560	122	60	113	1380	102	120	114	120	62	1200	61
350	1600.0	105.3		103.7		2160	117	60	96	1620	101	120	105	420	88	420	80
351	1100.0	112.0		109.8		1440	125	0	0	1200	108	240	104	60	109	360	79
352	1720.0	104.4		102.8		2040	117	60	117	1920	102	180	97	420	90	540	78
353	1120.0	109.2		105.4		1140	130	0	0	1320	109	0	0	240	103	660	76
354	1460.0	110.9		109.3		1680	122	60	108	1740	109	60	118	480	104	360	77
355	1500.0	101.2		97.9		1500	120	0	0	1800	103	0	0	0	0	1200	75
356	1400.0	111.4		109.9		1560	124	0	0	1920	109	0	0	600	93	120	77
357	1480.0	107.5		104.1		1980	122	60	112	1080	111	240	103	240	86	840	76
358	1400.0	109.6		106.7		1740	126	0	0	1620	107	60	91	180	83	600	79
359	1380.0	110.0		107.6		1380	129	60	119	1800	106	60	106	420	95	420	79
360	1380.0	108.2		105.0		1920	123	0	0	1320	106	0	0	300	92	600	74
361	1500.0	117.3		115.3		2220	129	0	0	1620	112	60	112	420	94	180	77
362	1500.0	109.1		107.0		2100	118	0	0	1560	111	60	96	180	96	600	78
363	1400.0	106.3		102.9		1560	121	0	0	1560	110	120	107	360	78	600	75
364	1560.0	105.7		103.1		2160	117	60	113	1620	105	120	97	0	0	720	74
365	1800.0	97.6		96.2		2100	108	120	90	2220	97	0	0	60	97	900	76
366	1520.0	101.6		99.4		1980	114	0	0	1800	99	120	94	180	78	480	71
367	1320.0	110.8		108.6		1740	123	0	0	1440	110	0	0	240	94	540	81
368	1320.0	104.1		102.2		1560	115	60	107	1380	106	120	99	240	92	600	77
369	1760.0	100.3		98.1		2340	112	120	106	1440	101	240	87	300	87	840	74
370	1820.0	95.8		94.7		2340	106	0	0	1500	93	360	88	780	85	480	78
371	1960.0	97.6		96.5		2520	105	60	104	2100	97	180	99	180	92	840	77
372	2060.0	94.3		93.4		2400	105	180	102	2580	88	120	96	540	83	360	81
373	1280.0	105.0		103.9		1560	115	0	0	1500	103	120	91	480	93	180	77
374	1600.0	97.3		95.5		1980	110	60	106	1800	92	60	97	180	101	720	74
375	2100.0	85.6		84.4		2700	96	0	0	2460	81	180	78	120	72	840	69
376	2060.0	84.6		82.3		2580	96	60	100	2460	83	0	0	0	0	1080	60
377	1840.0	88.2		86.4		2100	101	60	91	1920	87	60	81	240	77	1140	69
378	1740.0	90.1		88.4		2340	100	0	0	1740	89	180	84	60	84	900	68
379	1820.0	87.1		86.2		2280	95	0	0	2100	86	0	0	240	74	840	72
380	1820.0	88.8		88.4		2340	92	120	97	1860	88	120	83	480	92	540	74
381	1880.0	86.4		85.9		2160	91	120	94	2400	85	120	82	180	96	660	73
382	1980.0	83.0		82.7		2460	87	120	82	2100	83	180	85	300	75	780	73
383	2020.0	80.1		79.5		2460	86	0	0	2400	80	120	82	60	65	1020	67
384	2180.0	64.2		64.0		2400	68	60	64	2520	63	60	62	1080	61	420	58
385	1920.0	66.3		66.2		2340	68	0	0	2160	65	120	65	480	67	660	64
386	1820.0	67.8		67.7		2100	69	60	58	1860	67	0	0	960	70	480	62
387	2060.0	65.0		64.8		2160	68	60	70	2580	64	120	67	720	63	540	59
388	1940.0	68.2		68.1		2280	71	0	0	2160	67	120	66	840	68	420	60
389	1900.0	58.0		58.0		2100	59	60	54	1980	57	120	62	1080	59	360	54
390	1880.0	67.4		67.3		1920	68	60	80	1980	64	120	64	1380	71	180	69
391	1820.0	64.4		64.3		1980	66	120	65	1860	62	240	59	1020	67	240	63
392	1720.0	63.7		63.4		1920	67	60	70	1800	63	180	62	840	62	360	53
393	1640.0	65.0		63.9		1980	73	0	0	1860	62	120	69	720	57	240	44
394	1840.0	64.4		63.7		2100	71	180	68	2160	63	0	0	600	56	480	51
395	1740.0	67.1		66.5		1980	71	60	75	1860	68	120	70	840	62	360	50
396	1780.0	67.4		66.8		2040	74	0	0	2040	66	180	64	780	60	300	53
397	1760.0	63.3		63.0		1860	67	120	65	2280	63	60	66	420	61	540	53
398	1940.0	65.4		65.1		2340	67	0	0	2400	66	60	65	600	65	420	53
399	1900.0	59.4		59.2		2220	63	0	0	2160	56	60	57	1140	59	120	58
400	1760.0	58.0		57.6		2160	62	60	61	1680	58	180	56	480	52	720	50
401	1740.0	55.9		54.4		2100	61	60	20	1800	58	180	60	240	44	840	44
402	1880.0	58.1		57.6		2280	63	60	66	2100	57	180	54	420	52	600	48
403	1780.0	58.9		58.5		1920	63	300	66	2040	58	60	58	480	53	540	49
404	1820.0	59.0		58.7		2220	63	0	0	2160	58	60	64	360	52	660	52
405	1700.0	66.3		66.0		2100	70	60	66	2040	66	0	0	60	61	840	58
406	1780.0	64.7		63.8		2040	72	0	0	2160	64	180	64	360	51	600	51
407	1940.0	62.8		62.4		1980	69	60	73	2640	61	0	0	720	58	420	52
408	1760.0	65.6		64.9		1980	72	0	0	2220	65	120	65	840	54	120	52
409	1700.0	56.8		55.7		2160	63	0	0	1680	58	60	60	480	47	720	42
410	1880.0	55.4		55.2		2040	60	0	0	2040	54	120	56	960	51	480	51
411	1680.0	57.7		57.7		1920	58	0	0	1800	59	0	0	1020	57	300	51
412	1820.0	61.5		61.0		1920	66	180	63	2100	62	0	0	600	56	660	51
413	1700.0	61.0		60.2		1800	67	180	68	2100	61	60	56	240	54	720	47
414	2140.0	62.4		62.3		2160	66	120	67	2280	61	120	62	1500	61	240	51
415	1980.0	61.7		61.6		2100	65	60	65	2280	61	60	61	960	59	480	56
416	1880.0	61.4		61.1		2220	65	60	66	2040	61	240	59	540	58	540	52
417	1900.0	58.6		58.3		2100	63	60	62	2040	58	240	55	900	54	360	49
418	1700.0	61.1		60.3		2100	67	0	0	2100	60	60	62	420	52	420	46
419	1740.0	59.1		58.6		1920	65	0	0	2280	58	0	0	540	51	480	50
420	1920.0	56.7		56.2		2040	63	60	62	2280	55	0	0	900	50	480	50
421	1760.0	59.5		58.8		2160	65	60	57	1980	59	120	56	480	50	480	47
422	1700.0	57.6		57.3		1920	60	60	68	1860	59	240	56	420	52	600	49
423	1720.0	61.1		60.3		2040	69	0	0	2220	58	60	54	360	54	480	48
424	1740.0	61.7		60.6		2160	70	60	68	1500	60	240	57	660	51	600	49
425	1840.0	62.8		62.4		2160	68	0	0	1980	61	60	61	840	60	480	52
426	1620.0	62.4		61.6		1980	69	120	69	1560	60	180	63	540	56	480	48
427	1780.0	59.7		59.3		1860	65	0	0	2040	59	120	58	900	54	420	52
428	1600.0	58.1		56.7		1800	66	60	60	1800	58	60	57	600	49	480	40
429	1800.0	59.6		59.0		2280	66	0	0	2160	57	0	0	660	53	300	45
430	1880.0	50.1		49.4		2160	56	120	59	2040	49	60	45	660	39	600	44
431	1720.0	52.8		52.4		1920	58	120	56	2040	51	0	0	660	47	420	46
432	1860.0	60.4		60.1		2220	64	0	0	1800	61	240	60	720	54	600	53
433	1800.0	64.0		63.7		2220	67	60	63	1860	64	120	67	960	60	180	47
434	1900.0	58.4		58.1		2280	63	60	63	1740	56	240	52	960	57	420	50
435	1940.0	56.7		56.4		1920	63	60	53	2340	54	0	0	1020	54	480	51
436	1700.0	61.9		61.7		1620	67	240	63	1860	59	120	56	1080	61	180	55
437	1780.0	62.0		61.3		2220	67	120	73	1920	60	120	56	540	61	420	45
438	1780.0	64.1		63.9		2040	68	0	0	1920	63	120	60	780	62	480	56
439	1880.0	58.9		58.8		2160	61	60	68	2040	57	60	54	900	59	420	56
440	2020.0	62.0		61.9		2100	65	0	0	2220	61	60	56	1320	61	360	56
441	1740.0	60.3		60.0		1980	65	60	62	1800	59	240	56	540	56	600	54
442	1820.0	64.3		63.8		2220	70	0	0	1920	64	60	61	660	55	600	55
443	1860.0	64.9		64.5		2220	68	60	73	2040	65	180	61	780	62	300	49
444	1940.0	60.6		60.1		2280	67	60	61	2100	58	180	61	720	55	480	50
445	1720.0	61.6		61.2		2040	67	60	58	1800	60	120	63	720	58	420	49
446	1780.0	62.2		61.7		2040	68	0	0	2040	61	120	64	660	56	480	51
447	1920.0	63.0		62.1		2280	72	0	0	2100	59	120	56	660	57	600	51
448	1820.0	61.5		60.5		1980	69	0	0	2280	60	60	56	660	57	480	44
449	1700.0	58.0		57.5		1860	63	0	0	1980	57	120	59	900	54	240	42
450	1860.0	57.8		57.5		1620	63	180	62	1860	58	120	59	1380	53	420	51
451	2040.0	60.5		60.2		2520	64	60	70	2160	59	0	0	1020	59	360	48
452	1760.0	61.4		61.2		1980	64	0	0	2160	61	60	61	660	61	420	52
453	1640.0	54.2		53.8		2100	57	0	0	1860	55	60	52	360	51	540	43
454	1880.0	57.4		57.1		2040	62	60	72	1800	56	240	54	1140	53	360	52
455	1340.0	47.7		47.4		1560	45	60	56	1740	51	120	52	300	46	240	39
456	1360.0	33.6		32.9		1140	31	240	21	1500	33	120	39	540	40	540	39
457	1260.0	36.0		34.5		1260	27	120	32	1260	41	180	29	540	44	420	42
458	1600.0	53.4		53.2		1680	56	60	51	1860	54	120	52	720	50	360	46
459	1560.0	60.1		59.9		1680	63	0	0	1620	60	240	57	720	58	420	54
460	1740.0	55.2		55.0		2040	58	0	0	1740	55	180	55	780	52	480	49
461	1680.0	59.0		58.9		1920	61	0	0	1860	59	60	52	600	58	600	54
462	1540.0	59.2		59.0		1860	62	0	0	1620	59	60	61	660	56	420	52
463	1620.0	53.9		53.7		1680	58	0	0	1800	53	120	54	720	51	540	48
464	1860.0	52.8		52.7		2040	56	60	58	1920	52	180	52	1020	50	360	47
465	1540.0	52.1		51.9		1680	56	0	0	1740	51	60	44	600	51	540	46
466	1640.0	44.7		44.6		1800	42	0	0	1740	46	180	43	660	50	540	44
467	1580.0	50.9		50.7		1560	55	60	54	1740	49	240	48	720	51	420	45
468	1460.0	56.7		56.4		1680	61	0	0	1680	56	180	57	480	50	360	49
469	1840.0	57.7		57.5		1740	63	60	64	2220	55	120	57	1080	56	300	52
470	1580.0	61.5		61.1		1680	67	60	63	1740	61	120	60	780	55	360	53
471	1540.0	60.0		59.8		1800	64	0	0	1800	58	60	58	600	59	360	52
472	1740.0	56.3		56.1		2160	60	0	0	2040	55	120	54	660	52	240	47
473	1660.0	61.2		60.7		2220	67	0	0	1620	58	120	52	600	55	420	54
474	1660.0	62.8		62.0		2100	69	120	71	1800	61	60	58	480	53	420	49
475	1740.0	60.2		59.7		2040	64	0	0	2100	61	120	58	420	54	540	48
476	1700.0	59.7		59.4		1980	62	0	0	2220	60	0	0	480	59	420	48
477	1700.0	52.8		52.4		2040	56	0	0	1680	54	360	51	420	50	600	42
478	1560.0	58.2		57.6		1860	64	60	71	1740	57	0	0	540	51	480	47
479	1720.0	55.0		54.8		1740	57	240	57	1860	56	240	55	480	50	600	49
480	1600.0	58.5		58.3		1680	61	120	64	2040	58	0	0	540	59	420	49
481	1680.0	60.4		59.8		1920	66	60	68	1920	59	180	57	600	55	360	47
482	1720.0	56.9		56.4		1800	63	0	0	1860	56	300	56	720	51	480	47
483	1740.0	57.0		56.5		2100	62	60	59	1980	56	60	50	720	51	300	44
484	1820.0	56.3		55.8		1860	63	120	62	1920	54	360	52	840	51	360	48
485	1700.0	56.8		56.1		2100	62	120	61	1860	56	120	62	240	45	660	45
486	1720.0	56.6		56.4		1980	60	120	60	1740	55	240	59	600	53	480	51
487	1760.0	57.9		57.1		2160	63	0	0	2040	58	60	60	480	51	540	43
488	1680.0	58.9		58.4		1860	64	0	0	1860	59	240	56	660	52	420	48
489	1680.0	62.3		61.9		1860	66	60	66	1920	63	300	62	540	55	360	50
490	1900.0	57.2		56.5		2040	64	180	64	2220	56	120	49	660	48	480	46
491	1640.0	65.9		65.4		2040	71	60	72	1800	65	60	64	540	60	420	52
492	1760.0	62.1		61.4		1920	69	180	71	1920	60	180	63	540	53	540	51
493	1520.0	58.2		57.5		1740	63	60	62	1800	58	180	57	360	52	420	44
494	1680.0	56.6		56.2		2040	60	60	63	1740	57	120	59	600	53	480	44
495	1820.0	50.8		50.8		1920	52	120	50	1740	51	240	52	660	50	780	48
496	1840.0	47.7		47.6		2040	48	60	51	2100	47	120	49	780	49	420	46
497	1740.0	57.0		56.7		2040	60	0	0	1860	58	0	0	840	52	480	49
498	1740.0	57.5		57.2		1860	62	0	0	1980	56	180	58	900	54	300	49
499	1700.0	57.5		56.9		1800	61	120	62	2220	59	60	60	360	49	540	44
500	1920.0	51.4		51.2		2400	55	60	62	2100	49	180	48	480	49	540	47
501	1620.0	54.6		54.1		1800	59	0	0	1920	55	0	0	720	49	420	43
502	1940.0	52.6		52.5		1980	53	120	62	1920	54	240	49	960	51	600	49
503	1580.0	56.5		56.0		1980	62	60	60	1680	55	120	55	300	50	600	46
504	1680.0	58.2		57.8		1800	63	60	61	2100	58	60	61	480	52	540	48
505	1520.0	53.2		52.8		1980	57	60	60	1620	51	180	48	300	56	420	43
506	1560.0	53.6		51.6		1800	64	60	58	1440	53	360	48	480	38	540	38
507	1740.0	57.6		57.4		1860	61	0	0	1980	58	120	56	720	54	540	50
508	1560.0	55.7		55.1		1620	62	180	61	1440	55	240	52	480	49	720	47
509	1620.0	52.5		52.2		1860	57	0	0	1800	51	120	51	720	48	360	46
510	1620.0	54.6		54.3		1800	58	0	0	1560	55	300	57	600	50	600	47
511	1560.0	51.2		51.0		1860	54	180	53	1560	51	120	50	360	46	600	46
512	1620.0	54.6		54.5		1860	56	180	55	1620	55	120	55	720	52	360	50
513	1760.0	52.8		52.4		1860	56	180	57	1800	54	180	53	660	49	600	42
514	1780.0	56.9		56.5		2040	60	60	62	1980	58	240	54	600	50	420	47
515	1640.0	58.6		58.5		1860	61	60	57	1920	59	120	63	420	54	540	52
516	1740.0	62.5		62.1		2100	67	60	65	1920	62	60	58	480	58	600	52
517	1580.0	61.5		61.2		1800	65	60	63	1920	62	0	0	540	55	420	52
518	1580.0	60.1		59.7		1440	64	240	65	1680	60	420	59	660	56	300	48
519	1700.0	54.2		53.6		2100	60	60	55	1860	52	60	56	360	48	660	45
520	1540.0	59.5		59.0		1740	65	120	62	1680	59	0	0	360	51	720	51
521	1640.0	60.2		60.0		1800	64	180	63	1440	58	240	58	720	59	540	55
522	1620.0	58.0		57.5		1860	63	120	62	1680	57	180	61	360	50	660	49
523	1660.0	59.5		59.3		1560	63	180	63	1800	59	60	51	960	56	420	56
524	1920.0	60.4		59.9		2160	66	0	0	1800	60	240	59	900	55	660	51
525	1600.0	61.0		60.2		1740	67	120	63	1680	62	300	61	120	50	840	48
526	1740.0	59.7		58.6		1860	69	60	66	2160	58	0	0	240	49	900	47
527	1560.0	54.4		53.8		1800	59	0	0	1740	55	180	57	180	50	780	43
528	1460.0	55.9		55.5		1860	60	60	60	1500	54	300	58	60	52	600	47
529	1660.0	63.8		63.4		2040	69	120	67	1200	64	480	60	420	57	720	55
530	1740.0	58.7		58.2		1980	64	180	62	1560	57	300	59	480	52	720	51
531	1740.0	53.8		53.5		1860	58	180	59	1860	53	120	59	480	48	720	47
532	1700.0	56.6		56.3		1980	61	0	0	1920	54	60	54	660	55	480	51
533	960.0	29.2		28.9		900	26	120	44	840	29	180	33	480	30	360	30
534	440.0	12.0		10.8		540	8	60	12	540	16	0	0	120	10	60	16
535	360.0	9.0		8.1		480	6	0	0	360	12	120	10	0	0	120	11
536	200.0	6.5		5.9		360	5	0	0	60	5	0	0	180	10	0	0
537	1220.0	36.0		35.6		1500	38	0	0	1260	38	180	32	240	28	480	30
538	1560.0	53.6		53.2		1800	57	60	57	1620	55	60	47	660	49	480	43
539	1420.0	44.6		44.1		1440	49	180	31	1320	45	360	37	600	44	360	41
540	920.0	29.5		25.4		660	14	60	23	900	32	240	33	480	38	420	38
541	1040.0	38.0		36.1		1020	27	0	0	960	43	300	42	240	50	600	42
542	1380.0	55.6		55.4		1500	55	0	0	1680	58	120	53	420	53	420	51
543	1400.0	54.4		53.9		1620	60	0	0	1560	53	180	53	480	47	360	46
544	1640.0	60.3		59.4		1980	68	180	67	1680	57	120	59	420	52	540	47
545	1600.0	56.8		56.5		1740	61	120	60	1500	56	420	51	540	55	480	50
546	1600.0	63.4		62.5		1920	67	0	0	1860	67	60	64	360	48	600	50
547	1600.0	71.9		71.5		1860	76	0	0	1920	72	120	71	480	65	420	61
548	1700.0	59.3		59.0		2040	63	60	61	1860	59	60	63	360	51	720	53
549	1140.0	41.7		40.7		1020	45	60	28	1440	38	60	18	180	49	660	46
550	440.0	18.5		14.7		120	5	0	0	540	16	60	9	180	18	420	27
551	520.0	12.0		11.4		480	12	60	14	540	14	60	13	360	8	60	14
552	1040.0	30.3		30.0		1080	33	60	44	1440	29	0	0	60	26	480	27
553	1340.0	49.7		49.4		1500	52	60	61	1200	50	240	47	480	50	540	42
554	1500.0	60.9		60.1		1920	67	0	0	1620	60	60	64	420	52	480	47
555	1460.0	60.1		59.7		1440	64	60	67	1920	60	60	61	540	57	360	48
556	1580.0	58.3		58.0		1860	63	0	0	1740	54	0	0	840	60	300	50
557	1620.0	57.5		56.8		1860	64	60	59	1380	57	240	56	660	49	660	49
558	1100.0	35.5		32.7		660	20	0	0	1440	36	60	31	780	44	360	44
559	940.0	30.5		29.5		960	28	60	39	780	25	360	29	240	42	420	40
560	1240.0	47.9		47.5		1140	51	240	49	1620	49	0	0	240	45	480	38
561	1380.0	55.7		55.3		1620	59	0	0	1500	56	180	55	540	52	300	43
562	1480.0	55.7		55.6		1800	59	60	54	1680	54	120	54	360	55	420	50
563	1480.0	52.4		52.4		1680	53	60	57	1500	54	180	53	300	51	720	48
564	1020.0	33.8		32.0		900	23	0	0	1320	39	60	37	180	35	600	38
565	420.0	9.5		8.6		240	6	60	11	540	10	60	12	120	5	240	13
566	340.0	13.8		13.5		420	12	0	0	360	16	0	0	120	12	120	15
567	1180.0	40.0		38.9		1320	44	60	44	1260	42	120	39	360	33	420	27
568	1220.0	52.7		52.1		1380	58	60	53	1080	54	300	47	420	44	420	45
569	1540.0	53.5		53.2		1800	58	0	0	1800	52	60	55	540	49	420	46
570	1360.0	35.0		34.4		1380	31	120	39	1320	33	300	37	780	44	180	35
571	620.0	24.3		23.3		240	19	60	13	660	24	120	19	480	24	300	34
572	760.0	30.4		30.2		780	32	0	0	840	32	0	0	180	23	480	28
573	1160.0	41.1		41.0		1440	40	0	0	1260	41	60	39	420	48	300	38
574	1240.0	35.2		33.4		1380	26	0	0	1140	37	120	42	780	45	300	42
575	1380.0	49.5		49.5		1680	50	0	0	1260	49	180	49	840	50	180	46
576	1400.0	53.0		52.8		1680	55	60	60	1500	54	120	52	360	47	480	47
577	1360.0	55.5		55.4		1620	57	0	0	1560	56	60	56	480	53	360	50
578	1440.0	53.7		53.6		1560	56	60	55	1440	54	120	60	600	51	540	48
579	1300.0	56.0		55.7		1560	60	0	0	1260	55	180	55	480	52	420	49
580	1320.0	60.4		59.9		1380	64	120	71	1320	62	240	60	360	50	540	52
581	1420.0	60.5		59.4		1380	67	180	64	1680	62	120	57	420	53	480	43
582	1500.0	54.4		54.0		1860	59	120	58	1680	53	0	0	420	48	420	45
583	1000.0	40.1		39.1		840	46	240	53	900	35	240	29	180	39	600	39
584	500.0	20.0		16.7		180	7	0	0	600	19	180	14	180	30	360	26
585	340.0	10.0		8.6		420	6	60	12	240	15	0	0	240	10	60	16
586	780.0	15.8		15.6		960	17	60	20	780	14	60	11	300	17	180	16
587	660.0	23.7		22.9		660	27	60	24	600	26	240	18	60	20	360	18
588	1140.0	35.4		35.3		1200	37	180	38	1080	33	240	34	300	38	420	35
589	1100.0	48.0		48.0		1140	50	60	44	1380	48	0	0	480	46	240	44
590	1220.0	52.6		52.5		1560	51	0	0	1260	56	120	51	120	58	600	49
591	1240.0	52.4		52.2		1500	56	60	52	1260	51	120	51	360	49	420	47
592	1320.0	52.7		52.6		1440	55	60	43	1200	52	300	51	540	53	420	49
593	1280.0	46.8		46.7		1200	47	60	60	1320	48	120	51	600	45	540	43
594	1080.0	38.2		36.7		1020	35	120	15	1200	40	60	44	420	45	420	40
595	1340.0	47.6		47.5		1440	49	60	39	1380	49	180	47	540	46	420	42
596	1260.0	51.5		51.1		1320	57	60	60	1140	50	180	50	600	47	480	45
597	880.0	34.5		34.4		1020	33	0	0	660	38	180	33	180	34	600	34
598	400.0	9.2		7.8		720	11	60	17	360	5	0	0	60	5	0	0
599	360.0	7.0		6.8		120	10	0	0	600	7	0	0	360	6	0	0
600	540.0	11.7		10.6		780	15	60	17	480	8	60	11	120	7	120	8
601	660.0	13.3		11.3		720	18	180	16	660	11	120	11	240	5	60	11
602	760.0	24.2		19.6		780	28	120	10	900	18	60	11	180	68	240	13
603	1080.0	44.2		42.1		1200	53	0	0	1320	44	0	0	60	20	660	31
604	1100.0	50.1		49.7		1380	54	0	0	960	49	300	48	300	47	360	42
605	1200.0	53.8		53.5		1260	58	60	65	1200	52	300	55	180	49	600	48
606	1240.0	54.1		53.9		1320	57	180	63	1260	53	180	50	180	53	600	49
607	1400.0	57.8		57.5		1500	62	60	66	1200	57	420	57	660	52	360	53
608	1280.0	60.9		60.3		1620	67	0	0	1260	59	120	59	480	53	360	51
609	1320.0	60.7		59.2		1560	70	0	0	1560	59	60	62	180	43	600	46
610	1260.0	61.3		59.9		1560	69	0	0	1140	61	300	63	240	45	540	46
611	1320.0	63.2		62.7		1680	67	0	0	1140	64	180	60	120	72	840	54
612	1300.0	60.2		59.9		1620	64	0	0	1320	60	60	62	360	53	540	54
613	1560.0	59.3		58.9		1680	64	120	62	1560	59	120	58	720	54	480	51
614	1520.0	55.8		55.6		1860	58	60	64	1500	57	120	58	300	50	720	49
615	1340.0	57.0		56.5		1560	62	0	0	1500	56	120	57	300	54	540	47
616	1240.0	58.5		58.0		1380	64	60	66	1260	58	120	55	540	51	360	50
617	1400.0	59.3		58.2		1560	67	120	63	1440	59	120	56	540	48	420	46
618	1540.0	61.0		60.6		1680	66	120	66	1500	61	300	59	300	55	720	52
619	1500.0	70.6		70.1		1920	76	60	67	1380	68	180	71	420	68	540	60
620	1420.0	63.5		63.4		1680	63	60	57	1440	64	300	68	240	68	540	60
621	1420.0	54.5		54.0		1800	59	0	0	1320	54	240	51	120	53	780	46
622	1080.0	50.5		50.3		960	52	60	32	1200	51	180	49	540	52	300	46
623	660.0	30.4		29.8		300	22	60	24	960	32	0	0	300	33	360	32
624	460.0	9.2		7.1		420	16	0	0	420	5	60	10	300	5	180	10
625	280.0	7.1		6.5		120	9	0	0	600	6	60	17	60	5	0	0
626	980.0	30.4		29.4		1080	35	60	29	1080	30	60	36	420	20	240	29
627	900.0	56.1		55.2		960	64	60	65	1380	53	0	0	60	40	240	44
628	1080.0	56.8		56.1		1260	62	180	65	840	56	240	55	180	50	540	46
629	1200.0	58.5		58.0		1440	63	60	65	1380	56	60	59	300	62	360	46
630	1320.0	57.4		56.4		1620	64	0	0	1380	57	180	57	180	43	600	45
631	1300.0	54.4		54.2		1680	56	0	0	1260	56	60	54	180	59	720	47
632	1300.0	54.1		54.1		1500	56	60	56	1380	53	240	55	300	53	420	51
633	1280.0	54.4		53.7		1560	61	120	56	1500	52	0	0	60	46	600	44
634	1160.0	55.9		54.8		1440	63	120	62	960	55	180	54	180	45	600	43
635	1260.0	59.9		59.1		1440	67	0	0	1500	59	0	0	180	50	660	49
636	1420.0	60.3		59.9		1680	64	60	66	1500	61	60	66	540	53	420	51
637	1520.0	60.4		59.9		1860	66	0	0	1440	59	240	58	360	54	660	52
638	1480.0	63.8		63.6		1920	67	60	78	1320	60	300	64	420	62	420	61
639	1540.0	65.0		64.7		1740	69	60	57	1740	66	60	65	240	57	780	57
640	1360.0	62.7		62.7		1620	61	0	0	1200	63	300	64	540	64	420	66
641	1400.0	63.7		63.5		1500	67	240	69	1560	63	120	63	240	63	540	55
642	1780.0	65.0		64.7		2160	69	0	0	1860	64	180	63	420	63	720	57
643	1580.0	61.0		60.8		1680	64	180	61	1680	60	60	67	600	60	540	55
644	1340.0	71.2		70.5		1560	80	0	0	1320	68	300	62	300	64	540	63
645	1040.0	103.2		100.0		1320	118	0	0	1200	101	0	0	60	50	540	78
646	1560.0	94.2		92.9		1560	106	120	106	1680	92	240	96	240	88	840	76
647	1440.0	89.1		88.8		2040	93	120	86	1380	88	60	84	240	87	480	78
648	1360.0	87.9		87.3		1560	90	0	0	1620	92	0	0	180	88	720	74
649	1660.0	82.1		81.7		2280	86	0	0	1560	81	180	94	180	70	780	73
650	1360.0	96.4		95.7		2040	101	0	0	1260	97	60	96	300	91	420	76
651	1480.0	89.4		88.2		1800	99	60	101	1080	90	360	81	240	86	900	73
652	1720.0	82.4		82.0		2100	88	60	78	1920	81	180	79	180	79	720	72
653	1560.0	89.7		89.0		2100	96	0	0	1260	91	180	92	480	77	660	76
654	1380.0	90.3		89.1		1800	98	0	0	1380	92	0	0	180	79	780	72
655	1580.0	84.1		83.7		2340	86	0	0	1440	87	300	83	60	85	600	70
656	1700.0	84.5		82.3		2220	94	0	0	1620	86	300	83	240	59	720	61
657	1400.0	85.1		84.7		1800	92	0	0	1560	80	240	84	180	79	420	78
658	1460.0	89.5		87.6		1740	100	60	110	1440	91	180	81	60	80	900	68
659	1600.0	90.7		89.6		1980	100	0	0	1920	89	0	0	180	78	720	73
660	1380.0	91.0		89.0		1680	103	0	0	1440	90	60	82	300	83	660	67
661	1400.0	93.8		92.5		1860	102	60	106	1380	93	180	89	60	64	660	75
662	1580.0	96.7		95.8		2160	106	0	0	1740	92	0	0	180	92	660	80
663	1520.0	93.3		92.8		2040	100	0	0	1560	91	180	90	180	82	600	81
664	1320.0	94.6		92.9		1800	105	0	0	1380	93	120	87	180	69	480	72
665	1300.0	91.6		90.4		1320	103	60	97	1560	91	0	0	180	79	780	76
666	1520.0	91.7		90.4		1980	101	120	99	1440	90	180	86	60	84	780	72
667	1220.0	92.6		91.6		1320	101	60	103	1500	92	60	107	240	81	480	74
668	1520.0	87.7		87.1		1980	95	60	86	1740	84	240	82	60	79	480	75
669	1340.0	91.5		90.9		1620	99	0	0	1560	90	60	87	60	82	720	79
670	1400.0	86.2		86.0		1860	88	60	94	1380	88	120	89	180	80	600	77
671	1720.0	89.3		88.4		2280	98	0	0	1740	86	240	87	60	79	840	74
672	1520.0	89.5		88.4		2040	99	0	0	1140	86	420	88	240	74	720	74
673	1520.0	65.1		63.8		1620	75	60	68	1560	65	120	63	120	62	1080	51
674	1600.0	71.4		71.0		1860	76	0	0	1920	71	60	80	240	62	720	63
675	1520.0	77.0		76.9		1920	77	0	0	1560	76	240	81	300	82	540	75
676	1360.0	81.5		81.3		1620	82	60	65	1380	85	240	86	360	77	420	72
677	1560.0	74.9		74.6		2040	78	60	75	1560	76	180	77	60	67	780	65
678	1640.0	81.8		81.5		2160	86	0	0	1560	81	240	77	420	81	540	70
679	1620.0	83.2		81.9		1800	92	60	100	1680	85	60	70	240	68	1020	68
680	1560.0	64.7		64.5		1980	62	0	0	1620	65	120	62	480	73	480	67
681	1260.0	85.6		84.2		1560	94	60	110	960	88	60	89	300	72	840	70
682	1580.0	89.6		88.5		1980	97	60	90	1380	91	300	91	360	69	660	75
683	1460.0	94.7		93.5		1560	105	0	0	1860	94	120	92	180	91	660	74
684	1740.0	91.2		90.7		2040	99	60	91	1860	89	60	76	660	84	540	80
685	1600.0	92.7		91.5		2100	100	0	0	1440	95	300	85	180	87	780	73
686	1000.0	90.1		89.6		1020	97	60	86	1020	92	120	88	60	83	720	79
687	1560.0	86.2		85.3		2100	92	60	96	1440	87	120	86	180	78	780	70
688	1700.0	92.2		90.8		2040	105	60	93	1920	87	60	93	120	77	900	76
689	1640.0	92.1		91.5		2040	96	60	106	1800	94	60	90	600	82	360	75
690	1360.0	82.0		81.6		1440	87	120	86	1560	83	120	75	240	72	600	72
691	1460.0	95.1		93.4		1980	105	60	89	1320	92	240	94	120	104	660	71
692	1240.0	89.0		87.5		1500	99	120	94	1020	91	60	84	0	0	1020	72
693	1500.0	94.0		92.8		1740	103	60	112	1620	94	180	88	180	82	720	75
694	1700.0	99.4		98.2		2580	106	60	110	1380	101	180	96	180	79	720	78
695	1300.0	101.1		97.4		1380	118	60	113	1260	106	120	74	300	90	780	71
696	1320.0	101.2		99.2		1380	115	60	111	1560	102	60	91	240	81	660	78
697	960.0	104.9		103.5		720	115	0	0	1080	110	120	103	720	97	240	76
698	1340.0	101.9		100.1		1380	116	60	110	1260	102	300	98	180	100	840	80
699	1340.0	104.3		102.9		1380	115	60	105	1620	106	60	107	240	86	660	84
700	1080.0	106.4		104.5		1140	120	0	0	1440	106	0	0	120	95	540	81
701	1000.0	110.5		109.2		780	125	0	0	1260	111	60	108	600	103	300	86
702	1180.0	106.3		103.7		1260	121	0	0	1320	109	120	101	240	85	600	79
703	1100.0	99.6		97.0		720	123	0	0	1320	102	240	99	240	90	780	77
704	1180.0	103.6		102.6		1140	113	60	119	1500	104	60	100	240	95	540	85
705	1260.0	107.6		104.2		1560	126	0	0	1320	104	60	98	180	89	660	77
706	1180.0	116.2		113.2		1260	130	0	0	1200	122	180	100	480	104	420	79
707	1340.0	116.3		110.4		1740	141	0	0	1320	110	60	112	0	0	900	78
708	980.0	133.0		126.9		1320	158	0	0	960	127	60	107	300	96	300	84
709	700.0	125.9		120.8		540	153	0	0	840	133	60	105	360	109	300	82
710	980.0	117.8		112.1		780	152	0	0	1320	119	60	99	120	89	660	82
711	1140.0	115.0		109.8		1260	142	0	0	1140	112	120	99	180	96	720	80
712	1380.0	120.7		115.1		1800	145	0	0	1440	114	0	0	180	93	720	80
713	840.0	132.1		127.9		1020	154	0	0	960	129	0	0	300	102	240	89
714	1520.0	110.8		108.0		1920	127	0	0	1860	106	60	87	180	97	540	77
715	1140.0	122.1		115.6		1320	145	0	0	1140	127	180	105	240	89	540	76
716	880.0	128.8		120.9		900	162	0	0	1020	129	60	103	120	106	540	81
717	1060.0	109.7		107.4		1080	126	60	118	1080	111	180	100	240	96	540	83
718	1140.0	111.0		108.7		1440	125	0	0	1080	111	240	100	60	90	600	84
719	1080.0	110.3		106.7		1140	128	0	0	1140	114	0	0	120	111	840	81
720	800.0	114.8		110.1		600	140	0	0	1080	121	60	105	60	100	600	81
721	1060.0	119.6		115.5		1140	143	0	0	1380	116	60	88	360	94	240	76
722	740.0	121.5		117.7		600	144	0	0	1020	122	60	114	180	123	360	83
723	980.0	107.8		104.6		840	129	0	0	1200	109	240	104	120	79	540	80
724	1040.0	115.7		113.5		1140	129	0	0	1320	116	60	105	240	104	360	82
725	920.0	113.3		109.2		900	136	0	0	900	118	180	97	420	92	360	78
726	1380.0	106.3		102.8		1800	120	0	0	1140	111	240	104	60	70	900	76
727	1120.0	106.3		98.5		1020	128	0	0	1320	115	120	110	60	131	840	64
728	920.0	109.6		103.9		960	134	0	0	840	111	120	91	240	110	600	72
729	980.0	106.1		101.5		900	128	0	0	1020	113	120	104	180	71	720	78
730	1340.0	114.4		111.7		1560	128	0	0	1620	116	0	0	240	99	600	81
731	1020.0	112.6		110.6		1260	127	0	0	900	112	60	96	480	99	360	85
732	1560.0	101.6		100.0		2220	108	0	0	1260	107	300	101	60	101	840	77
733	1360.0	106.4		103.4		1920	120	0	0	1140	106	120	94	180	98	720	75
734	1380.0	118.7		114.5		1800	136	0	0	1440	117	60	111	240	105	600	77
735	1040.0	114.9		109.9		660	138	0	0	1620	123	0	0	180	97	660	77
736	1260.0	120.3		116.2		1560	141	0	0	1440	116	0	0	180	104	600	82
737	1240.0	112.3		107.4		1500	138	0	0	1320	104	180	92	0	0	720	79
738	1260.0	100.5		97.4		1380	123	0	0	1140	95	240	82	300	87	720	78
739	800.0	117.9		111.9		960	140	0	0	900	116	0	0	60	137	480	75
740	980.0	121.5		114.6		960	156	0	0	1080	120	120	106	300	91	480	79
741	640.0	117.3		112.0		360	152	0	0	780	127	120	106	240	101	420	82
742	760.0	120.2		113.5		660	154	0	0	780	124	180	107	60	119	600	82
743	1020.0	121.4		116.3		1140	146	0	0	1200	120	60	96	300	85	360	83
744	960.0	121.1		116.7		1080	142	0	0	1080	121	60	112	120	109	540	83
745	1180.0	124.4		118.2		1560	153	0	0	1140	111	60	106	360	98	420	80
746	780.0	121.1		116.3		660	150	0	0	900	125	60	80	420	99	300	85
747	900.0	124.2		118.5		1080	152	0	0	960	117	60	104	240	96	360	82
748	1020.0	129.3		123.9		1020	158	0	0	1260	128	60	92	240	108	480	87
749	880.0	125.0		122.2		780	143	0	0	900	131	180	108	480	114	300	88
750	980.0	131.7		124.0		1500	154	0	0	780	129	120	102	0	0	540	80
751	1260.0	116.0		113.6		1560	133	0	0	1320	110	180	96	300	110	420	85
752	1000.0	123.3		119.2		840	148	0	0	1440	125	120	101	240	98	360	83
753	1300.0	117.0		112.0		1620	135	0	0	1140	124	180	101	300	89	660	78
754	860.0	132.6		127.2		960	159	0	0	900	131	0	0	480	108	240	82
755	1320.0	117.6		113.9		1500	141	0	0	1380	112	120	90	480	102	480	83
756	1200.0	122.2		117.9		1500	141	0	0	1440	120	60	94	60	102	540	81
757	1240.0	119.2		115.1		1380	138	0	0	1380	122	120	110	120	97	720	83
758	900.0	117.8		115.0		840	134	0	0	1140	122	60	112	120	106	540	87
759	1060.0	120.3		113.0		1200	149	0	0	900	125	180	102	120	88	780	80
760	1000.0	120.5		114.6		960	149	0	0	1200	119	120	107	120	128	600	79
761	940.0	124.3		116.7		900	157	0	0	1200	125	0	0	300	91	420	76
762	1020.0	131.1		124.0		1140	162	0	0	1260	126	60	113	60	113	540	82
763	980.0	126.6		121.5		1020	149	0	0	1080	127	120	99	480	113	240	71
764	1180.0	119.6		114.4		1260	142	0	0	1200	124	60	83	480	101	540	78
765	820.0	131.7		122.8		780	166	0	0	840	137	60	103	300	118	480	79
766	1200.0	116.3		107.3		1200	155	0	0	1140	118	60	87	180	81	1020	77
767	900.0	129.4		125.5		960	152	0	0	1020	128	60	99	480	109	180	81
768	1520.0	111.5		106.6		1980	132	0	0	1140	108	300	104	360	99	780	73
769	1180.0	124.2		119.5		1500	145	0	0	1260	121	120	108	120	103	540	82
770	620.0	112.9		105.7		300	152	0	0	900	125	0	0	120	91	540	76
771	1140.0	107.8		98.1		1200	141	0	0	1140	110	0	0	60	112	1020	66
772	1240.0	119.1		113.6		1380	147	0	0	1440	114	60	103	120	96	720	81
773	1200.0	130.9		126.6		1200	152	0	0	1620	131	120	105	240	122	420	83
774	1260.0	111.0		107.9		1320	128	60	112	1680	111	0	0	180	85	540	78
775	1040.0	122.4		113.5		1080	156	0	0	1020	123	60	104	180	125	780	76
776	1120.0	111.3		105.0		1140	138	0	0	1140	115	120	102	120	92	840	74
777	1020.0	128.1		122.0		1140	153	0	0	1200	129	60	104	120	97	540	83
778	1280.0	120.2		115.4		1320	142	60	114	1680	121	60	83	60	101	660	80
779	980.0	124.4		118.7		1020	152	0	0	1020	124	60	106	360	110	480	80
780	680.0	127.1		119.9		420	158	0	0	1020	133	0	0	300	119	300	72
781	1020.0	121.9		117.5		960	144	0	0	1260	122	60	100	300	122	480	80
782	1160.0	119.5		115.6		900	136	0	0	1620	128	120	112	120	102	720	84
783	940.0	117.7		113.9		960	140	0	0	1080	118	60	90	300	101	420	82
784	800.0	135.7		128.7		900	165	0	0	900	133	0	0	240	115	360	83
785	980.0	114.1		108.2		960	145	0	0	1080	113	60	88	120	101	720	79
786	840.0	128.7		122.8		780	155	0	0	1140	131	0	0	240	105	360	80
787	900.0	127.1		121.3		960	155	0	0	1020	127	120	98	420	91	180	82
788	600.0	138.0		133.2		480	178	0	0	780	132	0	0	420	117	120	91
789	1040.0	105.4		100.3		1200	129	0	0	780	110	420	80	60	77	660	76
790	880.0	126.5		122.2		900	154	0	0	1380	119	0	0	60	101	300	84
791	880.0	122.3		117.3		540	159	0	0	1320	123	0	0	540	106	240	73
792	1040.0	122.5		117.0		1140	147	0	0	1260	122	120	105	60	77	540	81
793	780.0	132.7		127.7		600	168	0	0	1020	130	0	0	360	124	360	90
794	1100.0	119.0		112.1		1140	147	0	0	1320	119	0	0	60	134	780	77
795	1160.0	116.2		110.1		1440	141	0	0	1080	115	0	0	300	85	660	78
796	1240.0	124.8		119.7		1260	151	0	0	1740	122	60	83	120	104	540	82
797	620.0	122.9		119.1		360	153	0	0	780	129	60	97	540	107	120	77
798	900.0	120.7		117.0		720	144	0	0	1080	126	60	98	540	103	300	82
799	960.0	125.8		119.3		1020	154	0	0	1200	125	60	88	120	79	480	84
800	820.0	122.3		114.1		600	159	0	0	1080	127	60	96	240	115	480	73
801	1140.0	112.4		108.8		1500	130	0	0	1140	110	60	79	120	78	600	83
802	860.0	135.5		124.6		900	169	0	0	960	142	0	0	180	106	540	78
803	800.0	126.8		119.0		720	164	0	0	1020	127	60	95	60	113	540	82
804	1140.0	122.1		118.6		1200	142	0	0	1140	121	120	94	480	119	480	85
805	940.0	119.8		116.6		720	147	0	0	1380	119	0	0	240	104	480	89
806	800.0	126.7		122.1		960	146	0	0	660	134	60	87	480	105	240	83
807	920.0	126.5		121.5		1320	148	0	0	720	118	60	96	300	112	360	82
808	800.0	120.8		115.8		780	148	0	0	1020	119	60	118	60	101	480	83
809	1160.0	116.4		109.0		1200	148	0	0	1020	122	180	80	300	87	780	80
810	1040.0	119.5		115.9		1020	139	0	0	1320	122	60	106	360	96	360	81
811	640.0	128.8		123.1		600	157	0	0	780	132	0	0	240	101	300	86
812	820.0	123.9		119.0		540	157	0	0	1200	128	60	98	360	99	300	83
813	780.0	127.6		119.7		840	162	0	0	660	127	120	106	180	118	540	83
814	980.0	120.4		113.2		1200	141	0	0	900	124	120	81	240	122	480	71
815	1020.0	127.5		121.3		1260	157	0	0	840	120	180	99	420	105	360	82
816	880.0	122.6		113.4		720	152	0	0	1080	136	60	108	60	103	720	76
817	840.0	115.6		109.6		840	151	0	0	780	110	120	98	300	92	480	82
818	640.0	124.5		121.2		300	151	0	0	1020	127	60	100	300	127	240	84
819	820.0	127.3		120.1		840	155	0	0	840	133	120	95	180	116	480	81
820	900.0	112.5		108.3		780	135	0	0	840	120	240	87	240	115	600	82
821	1460.0	113.5		109.2		1680	135	0	0	1500	114	180	81	240	90	780	81
822	1020.0	126.7		121.9		960	154	0	0	1320	127	0	0	360	100	420	86
823	760.0	125.9		117.8		720	167	0	0	840	121	0	0	300	105	420	80
824	940.0	129.0		125.5		780	149	0	0	1500	131	0	0	240	108	300	84
825	680.0	122.7		116.8		660	148	0	0	780	126	120	100	60	140	420	81
826	540.0	124.0		119.1		420	156	0	0	600	125	0	0	360	113	240	82
827	720.0	125.1		120.7		540	156	0	0	840	130	60	96	480	104	240	88
828	1380.0	109.7		100.3		1860	138	60	115	900	109	120	90	60	52	1140	69
829	800.0	126.6		118.5		600	170	0	0	1140	127	60	91	60	121	540	82
830	740.0	122.0		117.4		480	156	0	0	960	126	60	109	480	102	240	81
831	740.0	112.2		104.3		840	146	0	0	600	105	60	114	120	101	600	74
832	620.0	117.1		111.9		420	149	0	0	720	126	60	94	120	103	540	86
833	1340.0	110.9		107.2		1560	131	60	98	1500	108	60	103	180	93	660	77
834	800.0	121.3		116.1		540	152	0	0	1020	128	60	80	360	108	420	83
835	1200.0	112.0		108.8		960	133	60	115	1500	116	120	96	420	95	540	80
836	1000.0	115.4		111.9		840	139	0	0	1200	117	60	119	420	101	480	82
837	660.0	122.0		114.6		540	160	0	0	840	119	120	116	60	141	420	78
838	940.0	107.1		99.9		900	136	0	0	780	116	180	95	60	119	900	72
839	840.0	104.1		97.2		900	133	0	0	480	116	240	89	0	0	900	73
840	940.0	131.9		128.5		840	155	0	0	1200	132	60	118	540	113	180	84
841	820.0	121.0		114.7		660	150	0	0	1200	125	0	0	120	69	480	84
842	960.0	127.0		120.1		840	158	0	0	1260	128	60	113	240	117	480	77
843	940.0	136.3		131.5		1200	160	0	0	1080	129	0	0	180	114	360	90
844	980.0	120.2		115.1		960	145	60	112	1320	120	60	109	60	78	480	79
845	840.0	111.0		107.2		660	135	0	0	1020	113	0	0	360	107	480	77
846	1080.0	123.0		115.0		1260	152	0	0	1020	124	120	109	60	108	780	78
847	900.0	117.5		110.9		1080	144	0	0	660	123	240	91	120	84	600	81
848	840.0	128.0		122.6		720	158	0	0	960	131	60	95	420	112	360	84
849	960.0	129.3		125.4		1200	151	0	0	1140	123	60	105	180	102	300	88
850	1060.0	124.3		118.9		1200	145	0	0	1260	125	60	112	180	111	480	77
851	800.0	123.2		116.0		660	156	0	0	900	130	120	88	180	119	540	81
852	1080.0	118.7		115.0		1140	138	0	0	1080	125	240	98	120	90	660	88
853	1040.0	115.8		112.9		1080	134	0	0	1260	116	60	96	180	104	540	85
854	700.0	138.0		129.8		780	172	0	0	720	135	0	0	300	113	300	82
855	900.0	121.3		114.9		840	152	0	0	960	126	120	95	60	117	720	84
856	660.0	125.1		118.1		660	155	0	0	840	126	0	0	120	83	360	82
857	920.0	121.5		116.3		840	152	0	0	1260	119	0	0	240	99	420	81
858	960.0	122.4		114.0		840	165	0	0	1020	123	60	100	180	102	780	82
859	1460.0	118.0		113.0		1620	141	60	116	1560	118	60	93	240	106	840	79
860	620.0	135.9		130.8		600	162	0	0	900	134	0	0	120	119	240	86
861	900.0	112.6		107.9		660	139	0	0	1200	118	60	118	180	90	600	79
862	1040.0	121.6		116.9		1020	144	0	0	1140	126	120	113	300	103	540	82
863	1020.0	121.6		115.6		900	148	0	0	1320	126	60	104	60	135	720	81
864	1020.0	120.4		113.1		960	145	0	0	1260	129	60	112	0	0	780	77
865	1060.0	120.5		115.7		1380	144	0	0	960	115	120	100	240	93	480	83
866	800.0	133.0		130.1		600	166	0	0	900	131	0	0	840	113	60	113
867	920.0	121.1		112.8		840	152	0	0	1260	125	0	0	60	79	600	74
868	800.0	118.5		111.3		780	152	0	0	720	121	60	99	180	111	660	80
869	880.0	124.0		117.8		780	157	0	0	1080	123	120	109	120	122	540	82
870	1020.0	117.4		113.8		960	139	60	117	1200	120	60	84	180	97	600	87
871	840.0	111.8		107.2		960	132	0	0	660	118	180	96	60	118	660	80
872	800.0	127.2		120.1		840	154	0	0	960	129	0	0	180	110	420	77
873	1180.0	127.6		123.0		1440	149	0	0	1620	121	0	0	120	109	360	78
874	880.0	130.5		120.4		900	168	0	0	900	130	120	90	120	146	600	80
875	860.0	117.6		113.0		780	146	0	0	1080	117	120	99	240	94	360	80
876	1080.0	115.6		112.2		1080	136	0	0	1320	116	120	97	240	100	480	81
877	1000.0	114.8		109.3		780	145	0	0	1440	116	120	95	60	119	600	76
878	940.0	131.4		126.8		1080	153	0	0	1320	128	0	0	60	94	360	85
879	1260.0	107.6		104.2		1380	130	120	92	960	106	180	100	300	86	840	84
880	860.0	120.4		117.1		780	141	60	112	960	124	60	77	300	110	420	89
881	680.0	127.1		122.4		660	154	0	0	660	123	60	118	480	116	180	76
882	680.0	119.6		113.3		540	151	0	0	840	125	0	0	240	103	420	78
883	880.0	121.4		114.3		780	146	0	0	1200	126	60	108	120	120	480	72
884	860.0	118.9		111.1		900	145	0	0	900	126	120	81	120	110	540	74
885	1280.0	113.2		109.3		1380	137	0	0	1500	109	120	107	480	87	360	77
886	720.0	133.6		124.5		720	169	0	0	660	143	0	0	300	106	480	85
887	760.0	132.1		122.2		660	166	0	0	960	141	60	115	120	100	480	78
888	780.0	112.3		107.2		780	133	0	0	780	121	60	91	60	119	660	79
889	1080.0	122.7		118.4		1380	141	0	0	1080	125	120	86	240	92	420	85
890	1000.0	123.7		118.1		840	149	0	0	1380	129	0	0	300	100	480	79
891	800.0	133.6		131.1		600	163	0	0	1140	131	60	110	480	113	120	106
892	980.0	121.5		115.4		1080	147	0	0	1080	124	0	0	60	93	720	82
893	1000.0	118.7		112.9		1140	139	0	0	1200	122	60	88	180	75	420	77
894	900.0	119.9		115.4		660	151	0	0	1200	123	0	0	300	100	540	86
895	680.0	122.8		114.9		540	166	0	0	780	125	60	88	120	111	540	83
896	820.0	120.3		114.6		720	150	0	0	720	129	240	89	360	108	420	83
897	1000.0	121.5		115.5		1140	142	0	0	960	127	120	95	120	138	660	80
898	820.0	119.9		115.6		780	135	0	0	900	131	180	102	240	104	360	79
899	860.0	124.0		116.6		780	156	0	0	960	128	120	95	180	118	540	79
900	900.0	121.7		116.8		840	146	0	0	1140	124	0	0	300	105	420	79
901	880.0	127.2		122.0		900	150	0	0	1140	128	60	88	240	111	300	77
902	760.0	125.7		118.4		660	165	0	0	720	127	120	93	300	116	480	84
903	780.0	126.3		119.7		840	159	0	0	660	124	180	86	480	105	180	79
904	600.0	121.8		113.3		540	159	0	0	600	129	120	98	120	92	420	79
905	1080.0	116.0		109.8		1320	138	0	0	1080	118	60	72	180	98	600	74
906	1160.0	127.8		124.7		1260	148	0	0	1380	125	60	110	480	112	300	85
907	980.0	119.4		112.1		840	151	0	0	1080	122	120	102	300	119	600	74
908	740.0	110.8		102.1		360	166	0	0	960	121	60	103	0	0	840	76
909	820.0	124.9		119.6		960	147	0	0	780	123	60	111	300	118	360	78
910	1040.0	114.4		107.6		1020	144	0	0	960	122	120	97	180	88	840	78
911	920.0	118.0		110.9		900	147	0	0	960	124	60	107	240	90	600	77
912	940.0	121.8		117.2		720	151	0	0	1320	124	60	109	300	99	420	83
913	940.0	128.6		118.7		1020	160	0	0	1020	134	60	111	0	0	720	78
914	860.0	129.9		125.9		480	169	0	0	1440	130	0	0	420	109	240	88
915	820.0	125.1		119.7		780	153	0	0	1080	125	60	105	240	98	300	79
916	900.0	131.5		127.3		720	154	0	0	1440	134	0	0	240	108	300	84
917	1100.0	126.9		120.2		1140	154	0	0	1260	131	120	103	120	98	660	82
918	1160.0	118.2		112.8		1380	142	0	0	1200	117	240	95	0	0	660	79
919	620.0	126.7		122.1		420	164	0	0	900	124	0	0	420	110	120	75
920	880.0	121.9		117.3		540	147	0	0	1380	130	0	0	240	91	480	86
921	720.0	126.8		122.2		660	155	0	0	960	125	60	95	120	119	360	88
922	880.0	134.6		129.0		840	170	0	0	1020	128	0	0	540	114	240	85
923	580.0	126.8		119.1		600	156	0	0	660	130	0	0	60	121	420	81
924	1060.0	121.2		117.2		1200	143	0	0	1140	119	60	116	300	105	480	83
925	760.0	127.8		125.2		360	168	0	0	1080	128	0	0	720	112	120	100
926	740.0	122.9		115.8		660	156	0	0	780	129	120	105	180	99	480	81
927	720.0	121.9		115.2		480	162	0	0	960	127	0	0	120	111	600	84
928	600.0	129.2		123.3		180	180	0	0	900	140	0	0	480	114	240	81
929	780.0	138.9		135.7		720	159	0	0	1080	136	0	0	360	134	180	86
930	1100.0	118.1		113.1		1020	145	0	0	1500	118	60	80	180	93	540	80
931	680.0	127.8		119.1		780	158	0	0	600	132	120	104	120	108	420	78
932	840.0	118.2		110.8		1080	146	0	0	720	114	120	97	120	92	480	74
933	540.0	120.2		114.4		420	157	0	0	540	124	120	82	240	108	300	87
934	1020.0	126.1		118.3		1380	147	0	0	840	133	120	79	360	101	360	71
935	880.0	127.0		123.8		720	153	0	0	1020	127	0	0	600	115	300	89
936	760.0	142.5		137.8		540	183	0	0	1200	140	60	116	420	107	60	103
937	900.0	125.5		118.7		900	158	0	0	1260	121	0	0	120	91	420	79
938	960.0	119.2		115.5		1140	138	0	0	1080	118	60	88	60	124	540	85
939	800.0	118.5		112.6		840	143	0	0	540	124	120	82	480	115	420	77
940	720.0	134.0		126.9		600	175	0	0	780	128	0	0	480	125	300	82
941	800.0	128.2		123.1		780	157	0	0	780	132	120	103	480	101	240	89
942	800.0	119.3		115.4		780	143	0	0	900	120	60	115	360	96	300	84
943	680.0	110.7		106.2		420	142	0	0	1080	114	60	90	120	77	360	79
944	840.0	131.6		128.3		960	153	0	0	1140	125	0	0	300	109	120	80
945	620.0	121.3		117.0		540	147	0	0	840	122	0	0	240	101	240	81
946	940.0	111.9		108.5		900	128	0	0	1200	117	180	96	0	0	540	79
947	860.0	115.2		112.1		720	137	0	0	1020	118	120	89	300	106	420	85
948	420.0	124.0		120.1		180	173	0	0	720	124	0	0	120	110	240	94
949	660.0	109.9		108.2		240	134	0	0	1140	113	0	0	300	104	300	85
950	840.0	125.7		124.0		840	145	0	0	1020	122	0	0	660	107	0	0
951	1000.0	101.3		99.5		1260	114	60	103	780	101	120	92	240	88	540	80
952	780.0	105.6		104.6		480	115	0	0	1320	108	60	113	120	103	360	84
953	960.0	109.5		105.8		660	138	0	0	1320	111	240	102	120	89	540	79
954	760.0	111.7		108.9		540	132	0	0	1080	115	0	0	240	103	420	82
955	740.0	115.9		113.2		300	149	0	0	1080	121	60	109	420	103	360	89
956	980.0	113.0		109.9		960	134	0	0	1320	111	60	107	240	93	360	79
957	880.0	112.3		109.0		780	139	0	0	1020	108	60	114	420	99	360	82
958	720.0	115.8		113.6		480	142	0	0	1080	114	0	0	360	104	240	89
959	1040.0	112.5		109.1		1380	128	0	0	960	113	60	88	60	120	660	81
960	1020.0	119.1		114.0		1140	146	0	0	1020	117	120	100	300	88	480	84
961	820.0	111.7		109.4		780	129	60	108	960	111	60	92	180	110	420	85
962	920.0	127.3		125.0		720	150	0	0	1080	128	0	0	780	114	180	90
963	980.0	115.5		110.9		960	135	0	0	1140	123	60	83	120	89	660	82
964	940.0	113.4		109.7		720	142	0	0	1200	115	60	83	240	93	600	87
965	880.0	121.4		117.7		1080	139	0	0	900	121	180	96	180	110	300	81
966	600.0	119.8		116.9		360	143	0	0	600	129	60	118	600	108	180	83
967	660.0	130.2		120.7		540	171	0	0	660	141	60	116	360	103	360	79
968	980.0	116.7		111.8		1020	142	0	0	1140	116	60	80	360	93	360	77
969	1140.0	117.1		113.1		1140	141	60	119	1500	113	120	97	180	103	420	78
970	1100.0	115.9		110.9		1320	137	0	0	960	121	120	87	240	90	660	81
971	1240.0	111.1		108.1		1320	132	0	0	1380	108	120	95	360	95	540	82
972	900.0	127.8		124.0		1020	145	0	0	1080	125	0	0	360	121	240	77
973	920.0	124.0		116.9		840	158	0	0	1140	126	120	92	120	89	540	82
974	1000.0	121.2		115.5		1200	148	0	0	960	117	60	98	120	109	660	83
975	800.0	134.8		131.0		600	164	0	0	1020	138	0	0	720	111	60	76
976	1200.0	114.7		108.7		1200	144	0	0	1440	114	0	0	180	75	780	80
977	800.0	112.7		108.8		720	137	0	0	1140	112	0	0	180	77	360	84
978	500.0	105.5		98.7		60	166	0	0	600	128	0	0	300	105	540	74
979	780.0	120.8		118.9		540	135	60	109	1020	125	120	105	420	115	180	83
980	1140.0	106.0		101.2		1020	132	60	112	1140	110	120	98	240	87	840	75
981	980.0	118.5		113.3		960	148	0	0	1260	115	120	104	60	79	540	82
982	740.0	127.4		125.5		600	147	0	0	960	125	0	0	480	121	180	92
983	1120.0	112.0		108.0		1200	134	0	0	1200	111	120	114	240	89	600	79
984	940.0	122.6		117.8		840	149	0	0	1380	123	0	0	240	86	360	84
985	680.0	119.4		114.2		480	156	0	0	780	123	60	112	300	101	420	85
986	840.0	120.9		113.9		720	147	0	0	960	131	60	82	240	111	540	77
987	1240.0	126.3		123.4		1440	147	0	0	1320	122	0	0	780	104	180	89
988	1060.0	125.9		120.7		1200	153	0	0	1320	120	0	0	180	97	480	85
989	700.0	120.1		113.4		840	145	0	0	540	127	120	93	60	117	540	81
990	880.0	124.8		120.9		840	143	0	0	900	130	60	97	480	119	360	82
991	560.0	119.4		109.5		420	163	0	0	540	131	60	79	180	109	480	77
992	920.0	122.7		119.5		1080	142	0	0	1140	118	120	105	120	107	300	84
993	960.0	124.2		118.9		840	157	0	0	1200	123	60	98	420	101	360	83
994	1060.0	111.3		106.4		1080	136	60	119	900	116	120	102	180	84	840	81
995	960.0	125.8		120.7		1320	147	0	0	780	123	120	95	300	106	360	81
996	900.0	117.4		112.1		1020	142	0	0	900	118	120	97	60	83	600	82
997	640.0	122.4		119.8		600	138	0	0	840	126	60	108	360	98	60	77
998	1140.0	110.2		106.9		1380	128	0	0	960	111	180	110	120	84	780	82
999	900.0	116.3		107.4		960	147	0	0	1020	115	60	118	120	103	540	67
1000	720.0	131.3		123.4		600	172	0	0	1020	129	0	0	240	106	300	78
1001	900.0	115.4		111.3		660	146	0	0	1260	115	60	94	360	102	360	78
1002	760.0	127.7		123.8		420	170	0	0	1260	125	0	0	420	112	180	85
1003	1260.0	120.0		117.3		1440	139	0	0	1440	116	60	107	480	104	360	84
1004	580.0	116.7		112.4		360	153	0	0	840	119	0	0	180	93	360	87
1005	780.0	126.6		118.5		900	159	0	0	780	124	0	0	180	100	480	80
1006	680.0	125.2		120.3		420	162	0	0	1140	126	0	0	180	101	300	85
1007	760.0	124.8		121.7		660	151	0	0	960	122	60	98	360	112	240	90
1008	980.0	122.8		118.1		1260	142	0	0	1020	121	180	94	120	113	360	78
1009	900.0	117.8		111.5		840	142	0	0	1020	126	120	100	60	112	660	78
1010	840.0	118.0		111.2		840	152	0	0	840	118	0	0	180	91	660	82
1011	1100.0	116.4		114.7		1080	129	0	0	1500	117	0	0	420	106	300	83
1012	920.0	122.2		118.0		1140	144	0	0	960	117	120	93	180	110	360	83
1013	860.0	126.4		118.7		900	154	0	0	960	132	60	79	180	101	480	79
1014	880.0	127.6		123.0		840	148	0	0	1140	132	0	0	360	106	300	80
1015	940.0	131.5		126.8		780	165	0	0	1320	130	0	0	360	103	360	93
1016	960.0	133.1		128.9		780	160	0	0	1440	134	0	0	360	110	300	87
1017	920.0	113.2		110.3		660	139	0	0	1200	114	120	102	240	105	540	86
1018	900.0	118.7		109.6		960	151	0	0	840	123	180	80	120	111	600	74
1019	920.0	128.0		125.3		840	147	0	0	1260	128	0	0	360	116	300	89
1020	700.0	118.7		112.5		600	151	0	0	780	123	0	0	180	102	540	82
1021	900.0	110.0		107.0		960	128	0	0	900	113	120	93	360	86	360	84
1022	660.0	130.2		125.7		540	156	0	0	900	132	0	0	240	121	300	86
1023	1120.0	127.5		124.3		1080	151	0	0	1500	124	0	0	600	108	180	81
1024	1160.0	121.3		116.9		1320	145	0	0	1200	120	60	87	300	100	600	86
1025	760.0	129.5		124.8		660	162	0	0	1020	127	0	0	420	103	180	86
1026	960.0	123.5		119.5		900	146	0	0	1080	126	60	114	540	107	300	79
1027	980.0	114.6		111.1		960	130	60	99	960	124	180	85	360	105	420	81
1028	660.0	134.8		128.1		600	162	0	0	660	141	60	112	360	127	300	81
1029	880.0	114.5		110.4		720	140	60	118	1080	117	120	92	300	98	360	77
1030	940.0	131.6		127.7		960	157	0	0	1020	130	60	97	480	114	300	91
1031	1000.0	120.4		116.4		960	144	0	0	1260	119	60	79	240	117	480	84
1032	960.0	124.8		118.4		960	157	0	0	1140	122	60	96	180	109	540	82
1033	920.0	122.5		118.8		780	147	60	117	1200	122	60	76	420	109	240	82
1034	1060.0	116.3		113.6		1380	130	0	0	1080	117	60	82	360	96	300	82
1035	1140.0	132.2		127.5		1260	157	0	0	1440	127	60	101	360	114	300	81
1036	880.0	127.3		123.7		780	156	0	0	1200	123	0	0	420	108	240	89
1037	1120.0	116.9		113.3		1260	136	60	116	1140	118	180	96	300	97	420	80
1038	960.0	131.4		125.7		1140	158	0	0	1020	126	0	0	300	115	420	84
1039	760.0	125.7		119.3		840	152	0	0	720	131	60	102	300	98	360	81
1040	1000.0	128.7		125.1		900	148	0	0	1320	134	0	0	540	101	240	89
1041	1020.0	132.1		127.5		960	157	0	0	1560	131	0	0	240	98	300	85
1042	920.0	127.0		121.5		960	152	0	0	960	132	120	95	360	102	360	83
1043	920.0	115.3		110.0		1080	137	0	0	780	119	240	89	120	116	540	78
1044	900.0	132.1		125.1		960	164	0	0	1080	130	60	87	240	94	360	86
1045	620.0	130.6		124.8		540	164	0	0	780	130	120	105	180	112	240	84
1046	820.0	123.3		116.8		540	153	0	0	1020	133	180	80	420	113	300	77
1047	800.0	121.9		118.3		720	133	0	0	1020	132	0	0	300	109	360	82
1048	920.0	137.7		130.8		840	168	0	0	1320	139	0	0	240	106	360	83
1049	1000.0	129.7		123.9		1200	156	0	0	1140	125	0	0	180	103	480	85
1050	680.0	125.1		119.0		480	169	0	0	900	124	60	109	360	101	240	82
1051	940.0	121.8		114.9		840	156	0	0	1140	122	120	103	120	114	600	79
1052	680.0	132.0		127.5		660	158	0	0	660	135	60	88	420	116	240	91
1053	1040.0	130.3		126.2		960	164	0	0	1140	122	60	119	600	114	360	96
1054	1000.0	133.3		131.8		960	146	0	0	1320	134	60	104	480	123	180	97
1055	1000.0	118.3		112.8		1080	143	0	0	1080	120	120	88	180	98	540	79
1056	820.0	126.7		122.5		720	151	0	0	1260	126	0	0	120	117	360	84
1057	660.0	119.8		113.2		480	155	0	0	780	128	60	83	180	104	480	82
1058	1120.0	127.0		122.8		1380	148	0	0	1260	124	60	99	420	96	240	83
1059	880.0	122.6		117.8		840	143	0	0	1080	126	0	0	300	116	420	78
1060	980.0	121.4		116.0		1560	142	0	0	540	115	180	95	60	97	600	84
1061	1020.0	114.1		111.4		1200	127	0	0	1260	115	120	102	120	100	360	77
1062	780.0	115.8		109.4		420	156	0	0	1080	125	60	100	180	78	600	84
1063	900.0	132.3		127.1		1080	158	0	0	900	129	60	105	240	112	420	89
1064	1180.0	127.3		122.8		1380	151	0	0	1200	123	180	100	420	111	360	83
1065	860.0	135.6		133.4		840	153	0	0	1080	135	0	0	600	118	60	78
1066	1320.0	121.4		117.9		1560	139	0	0	1560	121	0	0	240	103	600	84
1067	980.0	116.7		112.4		1380	135	0	0	660	116	120	85	180	113	600	83
1068	1060.0	121.9		118.2		1320	140	0	0	1140	121	60	91	300	100	360	82
1069	860.0	125.2		117.2		900	163	0	0	960	119	60	79	240	99	420	80
1070	920.0	120.1		116.4		720	145	0	0	1260	121	0	0	420	108	360	81
1071	1060.0	124.6		117.9		960	155	0	0	1140	131	120	115	420	98	540	80
1072	860.0	132.3		126.2		780	161	0	0	1140	134	60	107	300	110	300	79
1073	1080.0	126.6		118.8		1320	156	0	0	1080	124	60	101	120	89	660	81
1074	740.0	122.4		116.5		360	167	0	0	1020	129	0	0	360	110	480	84
1075	960.0	136.0		128.5		1080	170	0	0	960	131	0	0	360	114	480	86
1076	800.0	133.3		126.5		840	167	0	0	900	129	60	105	360	105	240	81
1077	1040.0	126.6		122.3		1140	152	0	0	1260	118	0	0	540	111	180	73
1078	960.0	137.4		133.3		1260	155	0	0	1140	134	60	97	180	121	240	84
1079	1080.0	120.9		119.1		1200	135	60	118	1200	118	120	83	480	114	180	91
1080	940.0	130.0		122.8		960	164	0	0	1020	129	0	0	480	101	360	81
1081	740.0	121.6		116.0		720	143	0	0	600	131	120	93	360	121	420	80
1082	880.0	118.8		113.8		1080	142	0	0	780	115	180	85	240	112	360	79
1083	860.0	123.4		115.5		720	161	0	0	1020	127	60	77	300	101	480	79
1084	1100.0	131.5		127.3		1260	153	0	0	1320	130	0	0	300	109	420	88
1085	720.0	124.2		119.8		720	145	0	0	840	126	60	78	300	114	240	80
1086	820.0	128.1		124.0		660	161	0	0	960	127	60	89	420	114	360	94
1087	1040.0	115.8		112.3		1140	138	60	118	960	112	240	89	360	106	360	83
1088	1220.0	126.1		122.2		1560	148	0	0	1500	117	120	100	60	109	420	87
1089	660.0	121.7		117.6		300	161	0	0	900	123	60	90	480	119	240	81
1090	1000.0	127.8		123.3		960	156	60	116	1200	127	0	0	540	98	240	89
1091	700.0	131.5		127.5		600	160	0	0	840	133	0	0	540	107	120	88
1092	800.0	146.0		139.9		1020	172	0	0	900	137	0	0	240	129	240	86
1093	860.0	128.3		122.7		540	151	0	0	1380	138	0	0	300	98	360	82
1094	1040.0	116.9		112.1		1260	136	0	0	1140	119	180	84	60	77	480	79
1095	760.0	121.3		117.5		660	148	0	0	780	123	60	119	540	103	240	84
1096	1120.0	122.4		116.7		1020	148	0	0	1440	128	60	86	180	90	660	83
1097	880.0	125.2		119.5		780	155	0	0	1080	128	60	93	240	106	480	84
1098	1140.0	118.5		113.6		1380	142	0	0	1380	112	60	101	120	103	480	76
1099	700.0	129.1		123.0		600	162	0	0	840	132	60	101	300	107	300	83
1100	640.0	119.2		113.9		600	149	0	0	540	124	180	97	240	103	360	84
1101	740.0	125.6		118.7		660	153	0	0	1020	131	0	0	120	89	420	80
1102	760.0	120.2		117.1		480	152	0	0	1020	119	60	111	540	108	180	82
1103	1240.0	109.0		106.7		1560	123	0	0	1200	109	180	96	240	88	540	82
1104	980.0	115.5		109.4		1080	137	0	0	840	128	360	83	60	103	600	80
1105	1060.0	125.5		121.2		1080	153	0	0	1260	121	60	115	600	101	180	78
1106	1120.0	119.3		116.1		1200	141	60	113	1260	116	180	98	540	96	120	76
1107	640.0	126.8		123.4		420	159	0	0	960	127	0	0	420	105	120	88
1108	1140.0	117.0		113.8		1140	133	0	0	1380	121	120	99	420	99	360	78
1109	1440.0	104.3		97.7		1800	126	60	116	1320	105	60	73	60	41	1020	70
1110	940.0	122.7		118.2		960	151	0	0	1020	120	0	0	660	96	180	85
1111	820.0	128.9		126.8		420	152	0	0	1200	135	0	0	660	111	180	100
1112	880.0	113.8		109.7		540	138	0	0	1020	121	120	97	420	115	540	79
1113	780.0	132.8		128.4		900	158	0	0	720	128	60	97	480	115	180	85
1114	1140.0	122.7		116.1		1200	148	0	0	1380	126	60	92	60	94	720	79
1115	880.0	128.2		122.7		840	158	0	0	1020	126	0	0	360	118	420	83
1116	760.0	112.9		109.3		540	136	0	0	1200	110	0	0	360	112	180	65
1117	1000.0	115.2		108.4		1080	139	0	0	1020	120	60	86	120	123	720	74
1118	1020.0	121.7		117.1		1140	144	0	0	1200	119	60	101	240	111	420	78
1119	820.0	133.7		126.9		1020	157	0	0	780	135	60	95	240	121	360	80
1120	680.0	129.9		122.9		660	164	0	0	900	127	0	0	180	101	300	81
1121	660.0	112.9		106.4		480	156	0	0	660	117	0	0	240	90	600	83
1122	1020.0	131.5		125.9		1260	157	0	0	1260	124	60	111	240	93	240	80
1123	700.0	128.2		122.6		720	155	0	0	660	130	0	0	480	110	240	79
1124	1100.0	121.4		116.8		1140	145	60	118	960	124	60	90	600	108	480	81
1125	860.0	122.0		117.5		840	146	0	0	1020	121	120	83	240	120	360	83
1126	960.0	122.2		114.8		1200	152	0	0	780	118	180	102	120	99	600	79
1127	1060.0	126.4		121.0		1500	141	0	0	1020	133	60	85	240	87	360	80
1128	1000.0	126.0		118.9		1200	154	0	0	900	124	120	108	180	114	600	80
1129	1120.0	121.2		115.0		900	158	0	0	1620	120	0	0	300	92	540	80
1130	840.0	128.4		122.5		900	155	0	0	1020	126	0	0	240	111	360	80
1131	1140.0	119.4		114.7		1320	141	0	0	1080	121	180	101	360	100	480	78
1132	900.0	123.7		115.6		780	161	0	0	1260	124	0	0	0	0	660	79
1133	800.0	133.4		129.2		480	162	0	0	1260	140	0	0	540	102	120	91
1134	880.0	114.0		107.6		540	143	0	0	1140	127	120	91	120	98	720	78
1135	1000.0	125.0		120.8		1200	146	0	0	1200	119	0	0	360	108	240	75
1136	900.0	130.2		122.2		720	168	0	0	960	135	60	119	420	119	540	81
1137	880.0	136.6		132.7		600	170	0	0	1380	136	0	0	540	113	120	83
1138	500.0	141.5		133.0		420	178	0	0	480	150	0	0	420	122	180	79
1139	920.0	144.7		139.1		1200	170	0	0	780	142	0	0	420	120	360	95
1140	800.0	129.8		124.4		540	152	0	0	1200	138	60	111	360	109	240	75
1141	740.0	120.6		112.8		600	159	0	0	900	125	0	0	120	99	600	80
1142	1000.0	125.0		115.7		1020	162	0	0	1020	128	0	0	60	73	900	83
1143	800.0	127.9		118.6		600	174	0	0	840	137	0	0	480	100	480	82
1144	460.0	125.1		116.4		240	180	0	0	600	136	60	100	120	94	360	85
1145	500.0	125.5		117.0		360	167	0	0	540	130	0	0	240	123	360	79
1146	760.0	118.0		113.6		600	143	0	0	660	130	180	103	480	103	360	82
1147	820.0	118.0		112.2		780	150	0	0	1020	114	120	75	240	103	300	78
1148	560.0	107.9		102.2		240	158	0	0	540	121	120	109	120	85	660	83
1149	720.0	134.9		131.0		480	162	0	0	780	142	0	0	660	123	240	90
1150	740.0	131.4		129.0		600	156	0	0	900	131	0	0	600	114	120	98
1151	720.0	136.1		129.7		480	178	0	0	1080	137	0	0	420	110	180	80
1152	820.0	129.8		122.4		780	166	0	0	960	129	120	100	300	100	300	80
1153	700.0	146.3		142.3		600	179	0	0	840	139	0	0	540	134	120	90
1154	580.0	120.9		113.8		480	152	0	0	660	126	60	111	120	124	420	78
1155	840.0	121.1		117.0		1020	139	0	0	900	122	60	81	300	101	240	77
1156	540.0	131.4		125.6		300	176	0	0	780	131	0	0	300	126	240	84
1157	680.0	122.5		113.2		600	160	0	0	720	132	120	87	60	87	540	80
1158	820.0	125.1		117.8		1020	152	0	0	840	122	0	0	180	102	420	76
1159	960.0	124.7		119.3		660	158	0	0	1260	128	60	92	420	116	480	82
1160	1080.0	126.4		122.8		1260	147	0	0	1140	126	60	88	480	101	300	90
1161	600.0	142.8		138.4		240	191	0	0	780	150	0	0	720	124	60	81
1162	840.0	127.3		119.1		960	153	0	0	780	134	180	85	180	121	420	77
1163	840.0	138.0		133.8		840	166	0	0	1080	133	0	0	540	112	60	72
1164	700.0	132.4		127.8		360	181	0	0	900	134	60	116	720	112	60	77
1165	600.0	132.2		125.0		480	164	0	0	840	138	0	0	120	109	360	84
1166	680.0	127.9		121.7		840	148	0	0	540	139	60	76	300	107	300	83
1167	600.0	135.7		127.1		480	181	0	0	960	130	0	0	120	115	240	78
1168	900.0	124.4		117.4		1080	154	0	0	960	119	0	0	180	94	480	80
1169	580.0	129.7		120.3		540	171	0	0	540	133	60	84	240	112	360	82
1170	760.0	121.6		108.4		780	173	0	0	360	127	180	108	180	95	780	77
1171	480.0	131.9		125.6		360	173	0	0	660	127	0	0	240	122	180	81
1172	680.0	126.4		118.7		540	167	0	0	720	130	60	100	420	107	300	77
1173	1020.0	130.1		124.3		1380	152	0	0	900	127	60	110	420	106	300	76
1174	820.0	125.6		119.6		480	168	0	0	1200	128	0	0	360	112	420	82
1175	600.0	131.2		124.8		360	164	0	0	840	141	120	101	120	127	360	87
1176	720.0	127.4		119.3		660	164	0	0	660	132	0	0	360	114	480	81
1177	580.0	118.7		112.4		420	155	0	0	720	122	0	0	180	111	420	80
1178	660.0	129.0		119.1		420	178	0	0	900	138	0	0	120	97	540	83
1179	600.0	118.7		114.1		600	145	0	0	540	122	60	88	300	100	300	85
1180	520.0	120.5		113.7		300	169	0	0	540	131	120	95	240	99	360	87
1181	860.0	123.4		116.0		1200	146	0	0	600	128	120	86	60	134	600	80
1182	860.0	138.4		133.5		780	168	0	0	1080	139	0	0	540	112	180	86
1183	780.0	130.3		123.9		660	162	0	0	1140	131	0	0	180	108	360	81
1184	440.0	128.3		119.6		360	173	0	0	420	123	60	90	180	138	300	84
1185	460.0	122.1		111.9		360	168	0	0	540	129	0	0	0	0	480	80
1186	640.0	143.5		136.8		780	165	0	0	720	143	0	0	180	134	240	82
1187	800.0	121.6		113.6		720	157	0	0	900	123	120	89	120	127	540	78
1188	620.0	126.9		122.1		420	152	0	0	960	132	60	98	120	123	300	83
1189	800.0	134.1		127.5		660	162	0	0	1020	139	120	92	300	127	300	80
1190	780.0	121.3		114.2		900	151	0	0	660	120	120	84	240	108	420	78
1191	460.0	127.8		119.0		300	166	0	0	540	141	60	89	180	117	300	80
1192	520.0	143.9		134.9		480	185	0	0	600	143	0	0	240	123	240	85
1193	680.0	138.4		131.0		480	184	0	0	780	140	0	0	540	120	240	83
1194	540.0	127.6		115.6		540	167	0	0	420	144	120	84	120	107	420	79
1195	860.0	128.2		120.9		1020	157	0	0	660	128	120	84	360	117	420	81
1196	660.0	135.5		127.1		720	168	0	0	720	135	60	94	120	122	360	83
1197	660.0	133.0		122.5		840	172	0	0	540	123	60	78	60	99	480	87
1198	760.0	129.8		122.5		840	152	0	0	900	134	60	82	60	152	420	80
1199	640.0	126.4		117.0		780	154	0	0	480	141	240	89	0	0	420	80
1200	640.0	137.9		129.1		780	170	0	0	660	134	0	0	180	106	300	82
1201	540.0	146.6		139.2		420	196	0	0	840	140	0	0	240	112	120	89
1202	460.0	126.3		120.2		300	150	0	0	600	138	60	90	180	120	240	81
1203	800.0	123.5		117.1		480	157	0	0	1140	134	0	0	240	93	540	85
1204	280.0	125.0		120.7		120	151	0	0	300	145	0	0	240	111	180	93
1205	700.0	124.1		119.9		300	169	0	0	1080	129	0	0	420	104	300	90
1206	600.0	115.4		108.9		540	151	0	0	660	116	60	86	60	84	480	82
1207	800.0	132.5		124.5		1020	158	0	0	720	135	120	77	240	110	300	80
1208	580.0	143.7		137.2		600	174	0	0	660	146	0	0	240	111	240	94
1209	480.0	123.0		112.7		120	183	0	0	660	144	0	0	180	123	480	79
1210	560.0	138.2		129.3		420	181	0	0	840	139	0	0	120	123	300	82
1211	1000.0	121.0		114.4		1020	150	0	0	1080	122	60	116	180	106	660	79
1212	640.0	124.2		115.6		480	167	0	0	900	127	0	0	60	92	480	80
1213	560.0	119.6		106.7		300	175	0	0	660	141	0	0	0	0	720	77
1214	820.0	115.9		109.2		840	139	0	0	780	128	0	0	60	115	780	79
1215	520.0	131.1		124.9		240	175	0	0	540	141	60	107	480	125	240	83
1216	540.0	119.8		109.0		360	176	0	0	480	133	0	0	180	105	600	80
1217	640.0	137.1		130.6		540	172	0	0	900	138	0	0	240	104	240	88
1218	420.0	132.0		127.1		180	187	0	0	540	135	0	0	420	117	120	88
1219	440.0	125.5		119.2		180	171	0	0	660	136	0	0	180	107	300	86
1220	600.0	137.5		124.7		480	194	0	0	840	135	0	0	120	107	360	78
1221	840.0	124.5		117.8		600	165	0	0	900	127	60	106	540	113	420	79
1222	400.0	126.1		120.8		120	184	0	0	540	133	0	0	360	118	180	83
1223	440.0	138.4		133.0		180	170	0	0	720	144	0	0	300	131	120	76
1224	500.0	130.0		119.8		300	177	0	0	720	139	0	0	60	129	420	81
1225	720.0	118.4		111.3		720	149	0	0	660	120	60	88	180	122	540	78
1226	520.0	132.9		123.2		360	195	0	0	600	131	0	0	300	109	300	86
1227	720.0	139.8		132.9		780	172	0	0	840	133	60	101	300	120	180	78
1228	560.0	133.0		127.4		480	162	0	0	720	137	0	0	240	110	240	86
1229	720.0	133.4		122.6		840	165	0	0	660	141	0	0	120	110	540	80
1230	780.0	131.4		127.3		720	158	0	0	1080	129	60	113	300	108	180	84
1231	600.0	123.6		117.9		420	158	0	0	720	125	0	0	360	118	300	79
1232	720.0	121.4		112.0		600	166	0	0	660	126	120	90	120	126	660	81
1233	560.0	127.2		123.5		300	158	0	0	900	128	0	0	300	121	180	82
1234	460.0	123.6		115.9		360	157	0	0	540	134	60	84	60	112	360	83
1235	540.0	125.9		123.1		480	135	0	0	660	138	0	0	300	107	180	89
1236	560.0	119.7		110.2		300	174	0	0	780	129	0	0	60	93	540	79
1237	400.0	123.0		114.6		120	198	0	0	540	137	0	0	120	115	420	86
1238	580.0	138.7		129.9		540	177	0	0	840	136	0	0	120	103	240	80
1239	720.0	127.5		121.0		780	155	0	0	720	129	0	0	180	118	480	84
1240	240.0	125.1		119.7		60	162	0	0	300	141	0	0	240	118	120	81
1241	560.0	114.1		104.1		300	175	0	0	540	129	60	84	60	115	720	80
1242	780.0	124.2		120.2		780	147	60	118	840	124	120	94	240	118	300	84
1243	460.0	122.4		115.0		300	154	0	0	540	134	0	0	120	133	420	82
1244	520.0	130.3		120.8		420	175	0	0	540	130	60	117	240	123	300	77
1245	500.0	132.1		124.1		420	170	0	0	720	132	60	119	0	0	300	82
1246	460.0	136.8		129.9		360	168	0	0	600	143	0	0	180	123	240	85
1247	700.0	114.3		110.5		540	130	60	112	480	127	180	87	420	123	420	83
1248	240.0	127.9		119.3		120	188	0	0	240	136	0	0	180	121	180	84
1249	680.0	130.0		119.7		540	187	0	0	720	127	0	0	300	108	480	84
1250	580.0	144.6		129.9		660	187	0	0	540	150	0	0	180	102	360	80
1251	380.0	118.2		110.0		240	167	0	0	540	122	0	0	0	0	360	80
1252	360.0	144.9		135.7		240	184	0	0	480	155	0	0	240	119	120	78
1253	820.0	137.3		127.6		900	176	0	0	840	134	0	0	240	110	480	84
1254	580.0	124.0		114.5		360	178	0	0	660	131	0	0	180	116	540	82
1255	420.0	125.8		118.4		300	163	0	0	360	136	0	0	300	120	300	82
1256	540.0	136.3		127.8		300	183	0	0	840	143	0	0	180	116	300	83
1257	280.0	137.5		123.6		300	184	0	0	240	135	0	0	60	141	240	81
1258	660.0	116.8		110.1		480	147	60	112	720	130	120	86	120	102	480	79
1259	420.0	145.9		132.3		300	207	0	0	600	148	0	0	180	105	180	78
1260	300.0	136.6		127.1		180	189	0	0	360	148	0	0	300	104	60	74
1261	540.0	124.5		116.8		300	174	0	0	780	130	0	0	120	110	420	83
1262	580.0	137.8		128.3		600	179	0	0	600	132	120	103	180	120	240	80
1263	380.0	141.6		135.8		180	195	0	0	540	146	0	0	360	118	60	83
1264	680.0	120.6		112.2		420	171	0	0	840	128	0	0	360	92	420	80
1265	200.0	112.5		107.3		60	154	0	0	300	125	0	0	120	95	120	78
1266	660.0	121.5		112.9		360	169	0	0	840	133	0	0	300	102	480	78
1267	640.0	115.2		105.5		300	168	0	0	600	138	0	0	120	126	900	81
1268	420.0	114.3		109.9		60	175	0	0	660	124	0	0	180	119	360	84
1269	580.0	113.6		106.8		300	154	0	0	480	135	60	98	300	105	600	82
1270	400.0	122.8		115.4		180	172	0	0	540	132	0	0	240	110	240	78
1271	340.0	118.9		114.5		180	146	0	0	420	129	60	102	180	112	180	81
1272	440.0	105.2		98.5		180	143	0	0	420	127	0	0	180	104	540	76
1273	560.0	125.1		112.8		360	175	0	0	720	136	0	0	60	138	540	76
1274	560.0	145.6		132.0		600	188	0	0	600	143	0	0	120	143	360	80
1275	480.0	130.8		120.6		240	171	0	0	660	147	0	0	180	121	360	79
1276	840.0	123.1		115.8		780	158	0	0	960	124	0	0	180	107	600	81
1277	740.0	133.8		125.9		900	161	0	0	840	133	0	0	120	90	360	82
1278	740.0	129.9		120.0		900	160	0	0	780	131	0	0	0	0	540	78
1279	580.0	128.3		126.7		360	144	0	0	780	132	0	0	540	118	60	80
1280	580.0	139.3		130.3		540	175	0	0	600	147	60	100	240	119	300	84
1281	240.0	148.2		145.4		60	216	0	0	300	154	0	0	360	132	0	0
1282	520.0	126.7		121.6		180	154	0	0	780	139	0	0	300	121	300	84
1283	420.0	109.3		99.5		360	155	0	0	300	104	60	66	180	116	360	72
1284	580.0	113.4		108.0		660	138	0	0	420	120	180	91	60	83	420	82
1285	760.0	120.2		114.1		660	149	0	0	780	129	60	84	180	109	600	84
1286	540.0	136.3		124.9		420	185	0	0	660	142	0	0	120	121	420	83
1287	400.0	148.1		137.7		420	200	0	0	420	134	0	0	240	109	120	94
1288	500.0	112.7		105.2		360	157	0	0	420	121	120	97	120	101	480	79
1289	440.0	107.2		101.3		300	136	0	0	420	124	120	82	60	101	420	78
1290	440.0	140.0		135.0		240	185	0	0	600	146	0	0	300	115	180	102
1291	160.0	127.1		120.4		0	0	0	0	180	136	0	0	120	165	180	93
1292	580.0	130.7		122.3		480	165	0	0	720	133	0	0	180	133	360	79
1293	320.0	132.5		124.8		60	242	0	0	540	142	0	0	120	116	240	92
1294	340.0	156.8		155.0		180	192	0	0	540	155	0	0	300	139	0	0
1295	540.0	126.0		114.3		600	168	0	0	420	127	60	78	60	115	480	80
1296	360.0	119.8		112.8		240	147	0	0	240	151	120	84	300	110	180	82
1297	560.0	128.3		124.8		300	161	0	0	780	134	60	102	480	108	60	80
1298	340.0	113.9		104.5		120	155	0	0	480	136	0	0	0	0	420	77
1299	540.0	112.1		103.8		300	159	0	0	540	129	180	84	60	107	540	79
1300	620.0	118.9		112.3		480	157	0	0	720	122	180	93	180	99	300	78
1301	380.0	131.3		121.7		300	163	0	0	480	140	0	0	120	128	240	76
1302	580.0	124.4		116.1		420	147	0	0	780	140	120	89	60	126	360	76
1303	620.0	137.2		130.7		660	160	0	0	720	140	60	96	240	122	180	76
1304	240.0	115.5		107.1		0	0	0	0	300	154	0	0	0	0	420	88
1305	420.0	130.4		123.1		300	172	0	0	540	134	0	0	180	112	240	84
1306	460.0	131.0		118.7		480	172	0	0	420	138	60	87	60	111	360	79
1307	520.0	118.1		111.1		360	146	0	0	480	139	180	109	180	94	360	79
1308	560.0	113.8		107.8		180	181	0	0	780	121	60	112	180	95	480	84
1309	260.0	121.6		111.4		0	0	0	0	300	169	0	0	180	97	300	89
1310	280.0	136.5		124.1		60	211	0	0	360	164	60	82	240	120	120	77
1311	620.0	120.4		113.8		540	148	0	0	720	129	180	100	0	0	420	79
1312	460.0	123.0		113.5		420	158	0	0	420	136	60	110	60	108	420	79
1313	480.0	129.6		117.6		420	175	0	0	420	143	120	83	180	108	300	79
1314	420.0	136.3		130.4		180	180	0	0	600	148	0	0	360	111	120	88
1315	460.0	127.6		122.9		180	173	0	0	720	131	0	0	360	115	120	77
1316	740.0	109.0		101.6		600	140	0	0	600	129	180	79	0	0	840	79
1317	400.0	111.5		106.5		120	118	0	0	540	132	120	101	120	107	300	78
1318	420.0	113.9		105.7		360	149	0	0	360	128	60	78	60	99	420	79
1319	360.0	125.9		110.1		180	191	0	0	360	158	0	0	120	100	420	78
1320	400.0	133.7		126.4		300	184	0	0	480	127	0	0	240	119	180	87
1321	500.0	123.2		115.7		180	167	0	0	600	140	0	0	300	121	420	82
1322	200.0	141.9		138.6		60	182	0	0	240	158	0	0	300	121	0	0
1323	520.0	129.3		120.2		360	176	0	0	600	137	60	114	120	117	420	84
1324	460.0	114.1		106.9		300	158	0	0	480	124	0	0	180	92	420	81
1325	560.0	110.0		105.3		480	133	0	0	420	121	60	82	360	104	360	77
1326	680.0	131.6		124.7		600	172	0	0	1080	124	0	0	60	109	300	83
1327	380.0	122.0		111.7		300	162	0	0	420	133	60	115	0	0	360	77
1328	460.0	107.1		102.5		120	132	0	0	720	122	180	85	60	101	300	76
1329	500.0	132.7		127.0		300	183	0	0	600	133	60	117	420	112	120	86
1330	460.0	123.2		117.1		180	185	0	0	720	128	60	103	240	90	180	93
1331	500.0	127.4		119.4		360	169	0	0	660	132	0	0	120	110	360	83
1332	380.0	133.2		123.2		360	172	0	0	420	139	0	0	120	99	240	82
1333	440.0	135.9		127.5		240	169	0	0	720	148	0	0	120	105	240	82
1334	360.0	131.0		119.5		180	202	0	0	360	146	60	88	240	114	240	83
1335	640.0	115.6		111.4		420	140	0	0	780	120	60	111	300	116	360	78
1336	300.0	124.1		116.3		120	181	0	0	360	140	0	0	180	105	240	86
1337	340.0	123.7		106.4		240	187	0	0	240	154	120	82	60	125	360	75
1338	380.0	125.2		118.6		420	158	0	0	360	117	0	0	180	109	180	81
1339	320.0	114.1		109.5		240	138	0	0	300	124	60	101	120	114	240	81
1340	360.0	115.7		106.7		120	181	0	0	420	134	0	0	60	127	480	82
1341	200.0	124.2		116.2		120	184	0	0	240	126	0	0	120	99	120	86
1342	220.0	114.5		107.0		120	149	0	0	240	136	0	0	120	89	180	80
1343	360.0	104.6		96.5		120	184	0	0	300	124	60	78	60	87	540	81
1344	480.0	119.1		110.5		300	171	0	0	540	126	0	0	60	123	540	83
1345	320.0	117.1		109.9		300	147	0	0	240	130	120	86	60	123	240	81
1346	600.0	124.6		117.5		660	154	0	0	660	123	0	0	240	99	240	74
1347	280.0	119.1		112.5		120	148	0	0	420	131	0	0	60	134	240	80
1348	220.0	126.4		121.0		0	0	0	0	240	149	0	0	300	126	120	82
1349	420.0	121.7		116.6		300	160	0	0	480	122	60	99	120	118	300	89
1350	340.0	130.5		121.3		360	164	0	0	300	138	0	0	120	108	240	82
1351	360.0	120.2		112.4		120	185	0	0	480	132	0	0	180	111	300	81
1352	420.0	113.9		107.1		300	147	0	0	360	133	120	97	0	0	480	83
1353	220.0	127.5		121.8		120	150	0	0	360	133	0	0	60	145	120	80
1354	460.0	123.1		115.3		300	157	0	0	720	131	0	0	0	0	360	79
1355	360.0	119.1		114.5		120	163	0	0	540	120	0	0	240	125	180	79
1356	200.0	138.4		128.2		0	0	0	0	360	165	0	0	120	114	120	83
1357	320.0	119.4		110.8		120	182	0	0	480	131	0	0	0	0	360	83
1358	440.0	124.5		117.6		600	152	0	0	300	121	60	85	0	0	360	88
1359	580.0	131.3		125.3		420	171	0	0	780	130	0	0	300	118	240	83
1360	460.0	126.1		119.6		480	148	0	0	480	134	60	78	180	112	180	77
1361	320.0	124.7		116.3		120	199	0	0	420	133	0	0	180	110	240	84
1362	520.0	126.1		120.6		180	167	0	0	840	136	0	0	180	117	360	87
1363	560.0	132.1		123.8		480	179	0	0	660	128	0	0	240	107	300	86
1364	300.0	120.7		112.9		120	193	0	0	300	131	60	116	240	101	180	83
1365	440.0	114.6		107.3		240	153	0	0	540	126	60	79	60	136	420	80
1366	360.0	117.2		110.4		180	169	0	0	540	120	0	0	60	117	300	81
1367	420.0	113.7		100.7		300	178	0	0	360	123	120	80	0	0	480	75
1368	340.0	118.9		108.5		300	162	0	0	240	137	0	0	60	89	420	82
1369	260.0	112.9		108.4		0	0	0	0	420	133	0	0	60	102	300	87
1370	440.0	120.2		114.3		240	144	0	0	600	136	60	115	60	90	360	84
1371	340.0	114.8		107.2		120	165	0	0	480	131	0	0	0	0	420	82
1372	260.0	137.3		130.6		60	171	0	0	420	156	0	0	240	111	60	78
1373	300.0	132.3		126.6		240	176	0	0	300	128	0	0	300	111	60	86
1374	600.0	121.6		110.4		480	167	0	0	720	128	60	100	0	0	540	75
1375	420.0	125.6		117.9		300	167	0	0	420	130	60	104	180	126	300	82
1376	560.0	128.0		119.9		600	159	0	0	660	129	0	0	0	0	420	82
1377	440.0	108.4		100.7		360	149	0	0	300	121	60	83	60	92	540	79
1378	360.0	109.7		102.1		120	158	0	0	420	130	0	0	60	117	480	79
1379	140.0	143.0		133.1		120	190	0	0	120	142	0	0	120	128	60	81
1380	380.0	135.2		127.8		180	170	0	0	660	143	0	0	120	124	180	79
1381	200.0	124.3		119.2		60	159	0	0	300	140	0	0	180	100	60	84
1382	440.0	125.5		119.0		480	154	0	0	480	124	0	0	60	123	300	83
1383	300.0	113.1		106.7		0	0	0	0	360	125	60	84	120	170	360	87
1384	340.0	116.3		106.5		180	160	0	0	300	140	180	91	60	139	300	77
1385	260.0	112.5		102.9		120	188	0	0	180	125	60	88	120	112	300	80
1386	220.0	139.3		125.6		120	202	0	0	360	147	0	0	60	92	120	77
1387	240.0	98.3		91.4		60	153	0	0	120	116	60	89	120	131	360	74
1388	360.0	131.2		124.9		180	165	0	0	480	146	0	0	300	107	120	82
1389	560.0	101.5		92.7		300	159	0	0	360	120	60	84	60	117	900	75
1390	240.0	105.2		95.5		60	214	0	0	180	129	0	0	60	109	420	79
1391	220.0	111.7		103.0		60	181	0	0	300	129	0	0	60	95	240	77
1392	340.0	108.9		102.8		60	169	0	0	360	132	60	97	240	101	300	78
1393	400.0	123.5		112.9		240	190	0	0	540	125	60	100	0	0	360	81
1394	360.0	123.6		113.7		360	166	0	0	240	122	0	0	180	115	300	79
1395	320.0	104.9		99.9		60	134	0	0	300	134	0	0	240	97	360	81
1396	280.0	119.7		114.0		60	180	0	0	360	130	0	0	240	119	180	80
1397	340.0	110.9		105.8		180	154	0	0	240	124	60	111	180	102	360	85
1398	300.0	98.5		93.4		60	152	0	0	240	126	0	0	60	102	540	80
1399	280.0	114.1		105.1		60	187	0	0	360	136	0	0	60	115	360	80
1400	340.0	122.4		111.6		180	184	0	0	420	135	0	0	60	91	360	82
1401	220.0	108.9		104.9		60	149	0	0	240	126	60	87	120	100	180	86
1402	400.0	117.6		111.9		180	160	0	0	540	124	0	0	180	117	300	81
1403	260.0	129.8		124.3		60	174	0	0	360	141	60	108	180	131	120	83
1404	360.0	117.3		108.8		60	228	0	0	360	140	0	0	300	109	360	83
1405	240.0	101.6		97.1		60	160	0	0	300	108	60	97	60	114	240	77
1406	220.0	113.0		102.6		120	181	0	0	180	122	0	0	60	120	300	79
1407	420.0	98.3		93.4		120	152	0	0	300	121	180	93	120	83	540	79
1408	340.0	108.4		100.5		300	148	0	0	180	120	60	113	60	77	420	79
1409	240.0	117.8		113.0		0	0	0	0	360	139	0	0	180	108	180	85
1410	300.0	101.2		94.9		60	180	0	0	360	118	0	0	60	84	420	78
1411	400.0	122.4		114.4		300	160	0	0	420	136	0	0	60	94	420	86
1412	420.0	128.9		117.2		300	189	0	0	480	134	60	97	60	82	360	85
1413	220.0	121.5		117.0		60	135	0	0	240	140	0	0	240	120	120	81
1414	300.0	143.1		136.9		180	188	0	0	300	158	0	0	300	116	120	106
1415	220.0	136.0		130.4		60	147	0	0	300	156	0	0	240	123	60	77
1416	400.0	109.4		101.0		240	156	0	0	300	132	120	82	60	99	480	80
1417	400.0	105.9		99.9		240	151	0	0	240	123	120	83	60	81	540	86
1418	300.0	120.5		115.5		60	158	0	0	480	137	0	0	240	96	120	85
1419	480.0	110.0		103.1		240	159	0	0	480	124	120	98	60	97	540	80
1420	220.0	106.2		101.1		0	0	0	0	300	132	0	0	120	88	240	83
1421	340.0	96.8		92.5		120	137	0	0	240	115	60	91	120	102	480	77
1422	260.0	107.7		102.7		60	170	0	0	300	117	0	0	60	135	360	85
1423	280.0	105.0		99.3		120	161	0	0	120	127	120	98	60	110	420	84
1424	460.0	115.1		105.1		180	150	0	0	660	135	0	0	60	129	480	73
1425	340.0	106.9		101.1		120	155	0	0	300	129	0	0	60	107	540	84
1426	140.0	109.4		104.7		120	127	0	0	120	130	0	0	0	0	180	84
1427	200.0	129.0		122.0		60	178	0	0	300	132	0	0	120	145	120	81
1428	320.0	99.3		95.2		120	131	0	0	180	120	120	101	60	125	480	80
1429	340.0	117.4		110.7		120	167	0	0	540	128	60	104	0	0	300	81
1430	240.0	117.1		110.5		120	160	0	0	300	123	0	0	60	138	240	83
1431	280.0	106.6		100.3		0	0	0	0	420	131	60	108	0	0	360	78
1432	260.0	106.6		97.4		60	182	0	0	240	140	0	0	60	84	420	80
1433	300.0	131.9		120.0		60	198	0	0	540	149	0	0	60	131	240	77
1434	500.0	111.0		103.7		360	150	0	0	480	123	180	86	0	0	480	79
1435	200.0	129.8		118.0		60	197	0	0	240	158	0	0	120	110	180	83
1436	200.0	114.3		106.3		60	140	0	0	180	146	0	0	60	145	300	84
1437	380.0	139.5		132.1		300	172	0	0	540	147	0	0	120	97	180	91
1438	360.0	117.8		110.8		420	149	0	0	240	120	240	84	0	0	180	87
1439	360.0	116.6		109.8		180	163	0	0	360	130	60	94	240	105	240	79
1440	260.0	108.9		102.5		240	149	0	0	60	96	120	102	120	100	240	80
1441	300.0	98.0		93.8		60	146	0	0	300	119	0	0	0	0	540	81
1442	180.0	132.6		128.1		120	164	0	0	300	135	0	0	0	0	120	95
1443	240.0	98.2		92.2		60	182	0	0	180	116	0	0	0	0	480	81
1444	120.0	134.8		125.8		0	0	0	0	180	161	0	0	60	146	120	90
1445	240.0	125.7		113.1		120	190	0	0	300	140	0	0	60	116	240	78
1446	260.0	121.8		113.8		180	160	0	0	240	136	120	95	60	126	180	81
1447	300.0	105.0		101.0		60	104	0	0	300	131	120	89	180	106	240	80
1448	140.0	124.4		114.4		60	198	0	0	180	135	0	0	60	102	120	83
1449	200.0	94.4		87.8		60	147	0	0	120	132	120	79	0	0	300	75
1450	180.0	144.3		126.8		60	208	0	0	300	169	0	0	0	0	180	82
1451	220.0	86.6		84.2		0	0	0	0	60	135	60	91	60	103	480	78
1452	140.0	120.1		112.1		120	168	0	0	120	115	0	0	60	107	120	84
1453	300.0	105.6		97.8		120	182	0	0	180	122	0	0	60	107	540	83
1454	400.0	113.5		106.9		180	142	0	0	480	136	60	84	0	0	480	84
1455	100.0	124.4		116.7		0	0	0	0	120	146	0	0	120	128	60	74
1456	220.0	101.8		93.9		120	147	0	0	120	138	60	76	0	0	360	79
1457	340.0	124.9		113.1		240	162	0	0	300	151	60	98	120	121	300	76
1458	240.0	103.4		96.1		60	177	0	0	240	126	0	0	0	0	420	80
1459	320.0	120.0		106.4		300	179	0	0	240	118	0	0	0	0	420	79
1460	180.0	135.8		122.4		120	178	0	0	180	165	60	106	60	107	120	79
1461	180.0	106.3		100.7		60	123	0	0	180	129	60	82	60	128	180	79
1462	180.0	110.9		98.5		60	184	0	0	180	143	0	0	0	0	300	77
1463	240.0	130.5		113.7		120	225	0	0	240	149	60	105	0	0	300	83
1464	200.0	106.8		99.1		0	0	0	0	240	144	0	0	0	0	360	82
1465	380.0	121.8		114.4		420	140	0	0	360	140	60	94	60	88	240	78
1466	300.0	83.9		81.5		60	133	0	0	0	0	120	79	60	121	660	77
1467	160.0	113.6		106.1		0	0	0	0	240	142	0	0	60	98	180	81
1468	440.0	93.7		90.7		60	137	0	0	360	117	0	0	120	85	780	81
1469	100.0	97.2		92.8		0	0	0	0	60	146	0	0	0	0	240	85
1470	280.0	103.4		99.2		240	121	0	0	240	121	0	0	0	0	360	80
1471	300.0	116.6		107.5		240	140	0	0	240	140	0	0	120	127	300	75
1472	280.0	107.0		95.8		120	182	0	0	180	141	0	0	0	0	540	79
1473	240.0	106.2		101.4		0	0	0	0	180	149	120	92	120	102	300	88
1474	220.0	93.5		87.4		60	180	0	0	60	126	120	88	60	85	360	77
1475	360.0	105.4		101.4		60	155	0	0	420	122	60	85	120	108	420	84
1476	240.0	107.9		99.3		120	169	0	0	180	128	60	87	0	0	360	81
1477	260.0	91.5		88.5		0	0	0	0	180	125	60	84	60	91	480	80
1478	260.0	111.6		106.0		120	143	0	0	300	126	0	0	60	125	300	82
1479	100.0	118.8		110.5		0	0	0	0	120	150	0	0	60	128	120	83
1480	220.0	99.9		91.8		60	173	0	0	120	143	0	0	0	0	480	80
1481	280.0	122.1		112.5		120	198	0	0	300	128	0	0	120	127	300	84
1482	80.0	123.5		116.6		0	0	0	0	120	146	0	0	60	121	60	81
1483	200.0	118.0		107.7		60	198	0	0	180	130	0	0	120	136	240	80
1484	280.0	97.9		92.9		180	139	0	0	60	130	120	84	0	0	480	82
1485	180.0	126.0		119.9		60	172	0	0	120	154	0	0	120	133	240	97
1486	60.0	102.3		97.8		0	0	0	0	60	135	0	0	0	0	120	86
1487	160.0	103.0		97.7		60	142	0	0	120	131	0	0	60	88	240	83
1488	140.0	109.4		103.9		60	142	0	0	120	133	0	0	60	109	180	83
1489	260.0	106.2		98.2		120	142	0	0	180	146	60	84	120	92	300	78
1490	180.0	113.8		104.6		0	0	0	0	240	151	0	0	0	0	300	84
1491	200.0	108.6		101.9		120	145	0	0	240	121	0	0	0	0	240	78
1492	380.0	107.4		99.8		0	0	0	0	360	151	180	92	60	121	540	82
1493	100.0	108.8		105.3		60	128	0	0	60	128	0	0	120	105	60	78
1494	200.0	102.5		96.8		60	167	0	0	180	120	60	88	0	0	300	82
1495	160.0	129.5		121.4		0	0	0	0	300	151	0	0	60	115	120	83
1496	280.0	123.4		111.0		180	185	0	0	300	134	0	0	60	107	300	79
1497	280.0	90.7		87.4		60	129	0	0	180	117	60	88	0	0	540	78
1498	220.0	114.8		107.3		60	142	0	0	240	148	0	0	60	104	300	85
1499	280.0	104.3		97.1		120	174	0	0	180	120	120	82	0	0	420	84
