#File created from auswertNew
# Temporary input file:
# tmp21.dat
# Created from repository file
# /home/vwitme/data/workdata/trafficData/Invent_A5/intermediatedata/A5frankfurt_06_01/daten/F21_1106.dat.gz
# Infrastructure description file:
# /home/vwitme/data/workdata/trafficData/Invent_A5/intermediatedata/A5frankfurt_06_01/daten/A5frankfurt_06_01.dsc
#
# Date: 11.06.2001
# Direction: Frankfurt
# Detector cross section 21
# Position (m)= 486.900000
# Number of main lanes=3
# Number of ramp lanes=0
# The lane indices are ordered from left to right
# NOTICE: The time has been increased by 1 hour 
# since summertime was not taken care of  in the original data!
# Velocity averages: Over veh types and lanes, weighted with flow
# vAvg=arithmetic average; vHarm=harmonic average
#===========================================
#t(min)	Qav(/h)	vAvg(km/h)	vHarm(km/h)	Q1car	v1car	Q1truck	v1truck	Q2car	v2car	Q2truck	v2truck	Q3car	v3car	Q3truck	v3truck
60	600.0	107.7		103.6		360	144	0	0	600	114	60	102	120	89	660	86
61	220.0	114.0		109.7		0	0	0	0	300	136	0	0	120	111	240	88
62	460.0	128.5		123.5		180	169	0	0	600	138	0	0	360	120	240	87
63	240.0	117.5		114.6		0	0	0	0	300	138	0	0	300	108	120	90
64	480.0	108.7		103.0		120	165	0	0	540	129	0	0	0	0	780	86
65	340.0	111.1		105.3		240	152	0	0	240	122	0	0	60	96	480	87
66	340.0	123.4		121.4		180	142	0	0	480	128	0	0	240	117	120	90
67	400.0	102.0		99.3		120	120	0	0	300	125	180	96	60	114	540	86
68	380.0	119.2		113.4		120	138	0	0	660	135	0	0	120	80	240	86
69	440.0	117.5		114.4		360	137	0	0	540	119	60	89	120	128	240	87
70	540.0	108.2		102.6		240	135	0	0	360	146	240	85	240	98	540	86
71	420.0	116.5		110.7		60	159	0	0	600	139	0	0	180	94	420	88
72	380.0	100.9		97.0		180	132	0	0	120	145	120	87	60	100	660	87
73	580.0	121.4		116.9		360	146	0	0	720	131	60	116	120	127	480	88
74	200.0	99.9		98.6		60	129	0	0	240	105	0	0	180	92	120	87
75	480.0	110.6		105.1		300	148	0	0	420	125	60	92	60	88	600	86
76	700.0	104.4		100.2		240	153	0	0	660	118	60	109	0	0	1140	86
77	520.0	116.5		110.4		180	154	0	0	660	136	0	0	120	106	600	86
78	280.0	96.1		92.0		0	0	0	0	180	140	60	83	120	85	480	84
79	340.0	108.6		103.9		120	143	0	0	240	140	0	0	60	100	600	90
80	300.0	100.0		97.2		0	0	0	0	240	122	0	0	120	119	540	86
81	420.0	101.4		97.1		180	147	0	0	300	116	0	0	60	100	720	84
82	400.0	119.1		111.5		60	139	0	0	540	149	0	0	60	119	540	87
83	280.0	105.4		102.5		120	134	0	0	180	120	60	101	120	112	360	87
84	260.0	97.6		92.7		60	197	0	0	60	115	60	87	0	0	600	87
85	220.0	132.1		121.1		120	195	0	0	300	142	0	0	60	92	180	87
86	180.0	104.6		101.6		60	133	0	0	120	129	0	0	120	97	240	89
87	240.0	103.3		99.2		60	148	0	0	120	140	0	0	120	98	420	88
88	460.0	105.2		102.3		120	134	0	0	600	119	0	0	60	92	600	87
89	260.0	105.1		102.3		0	0	0	0	240	121	0	0	180	120	360	87
90	280.0	104.5		101.6		60	144	0	0	180	130	0	0	60	101	540	92
91	500.0	110.6		106.1		240	155	0	0	600	116	60	115	0	0	600	87
92	460.0	114.6		109.7		180	132	0	0	540	136	60	84	120	118	480	87
93	400.0	109.5		102.5		60	165	0	0	360	144	60	85	60	130	660	86
94	280.0	101.3		98.4		60	147	0	0	300	115	0	0	0	0	480	87
95	480.0	110.0		106.6		240	130	0	0	600	124	0	0	0	0	600	88
96	280.0	97.9		96.6		0	0	0	0	300	111	0	0	60	112	480	88
97	440.0	105.5		101.9		240	132	0	0	240	132	0	0	180	99	660	88
98	400.0	110.3		105.5		180	138	0	0	360	133	0	0	180	105	480	85
99	300.0	97.2		94.2		0	0	0	0	240	128	60	86	0	0	600	86
100	380.0	121.8		114.3		300	148	0	0	300	148	0	0	120	116	420	86
101	380.0	110.5		107.0		300	124	0	0	300	124	0	0	120	129	420	86
102	360.0	117.5		114.4		180	144	0	0	420	128	0	0	300	104	180	89
103	400.0	103.3		99.3		240	124	0	0	240	134	60	88	0	0	660	86
104	400.0	110.0		101.3		240	174	0	0	180	129	180	86	0	0	600	86
105	360.0	101.1		97.3		180	144	0	0	120	122	0	0	0	0	780	88
106	420.0	101.0		96.8		120	154	0	0	240	127	0	0	0	0	900	87
107	220.0	112.1		105.3		0	0	0	0	240	149	0	0	60	115	360	87
108	420.0	110.2		102.6		180	178	0	0	300	130	0	0	0	0	780	87
109	380.0	92.1		90.4		60	157	0	0	120	100	0	0	0	0	960	87
110	340.0	101.3		98.7		60	132	0	0	420	108	0	0	60	146	480	86
111	220.0	101.3		99.0		60	129	0	0	180	105	0	0	120	120	300	86
112	160.0	115.4		109.8		60	156	0	0	120	135	60	114	60	125	180	86
113	420.0	100.0		97.4		0	0	0	0	420	124	0	0	0	0	840	88
114	280.0	95.1		91.9		60	150	0	0	120	123	0	0	0	0	660	85
115	360.0	106.0		99.1		0	0	0	0	360	148	0	0	0	0	720	85
116	280.0	119.6		115.9		240	135	0	0	240	135	0	0	180	111	180	87
117	220.0	111.2		105.1		60	149	0	0	240	138	0	0	0	0	360	87
118	100.0	111.0		107.5		0	0	0	0	120	123	0	0	60	133	120	88
119	180.0	105.9		100.5		60	124	0	0	180	136	60	89	0	0	240	83
120	240.0	106.0		102.2		0	0	0	0	240	125	0	0	120	128	360	86
121	200.0	115.8		112.9		0	0	0	0	360	130	0	0	120	98	120	91
122	320.0	111.5		103.4		60	162	0	0	360	144	120	85	0	0	420	84
123	260.0	96.1		93.0		60	146	0	0	60	142	120	89	60	87	480	87
124	440.0	123.5		116.7		240	147	0	0	540	144	0	0	120	115	420	86
125	340.0	103.2		99.1		60	175	0	0	300	122	60	89	0	0	600	88
126	380.0	130.5		123.9		240	172	0	0	480	133	0	0	180	128	240	86
127	240.0	105.8		101.6		60	158	0	0	180	126	0	0	60	118	420	88
128	320.0	105.4		100.1		120	149	0	0	180	139	120	99	0	0	540	86
129	200.0	123.0		116.2		0	0	0	0	240	137	0	0	120	161	240	90
130	240.0	103.7		98.0		120	148	0	0	120	133	120	86	0	0	360	85
131	100.0	106.4		101.0		0	0	0	0	120	137	0	0	0	0	180	86
132	300.0	109.4		105.1		60	133	0	0	240	129	0	0	120	140	480	89
133	260.0	110.4		106.9		60	147	0	0	360	124	60	103	60	89	240	88
134	420.0	98.6		95.5		60	173	0	0	300	116	180	92	60	84	660	87
135	200.0	102.0		97.7		0	0	0	0	180	137	0	0	0	0	420	87
136	340.0	109.8		107.2		240	134	0	0	120	134	120	97	120	95	420	97
137	300.0	95.8		93.3		60	133	0	0	120	130	0	0	0	0	720	87
138	220.0	114.5		109.6		60	175	0	0	180	122	0	0	180	122	240	88
139	420.0	104.1		99.5		180	155	0	0	300	118	0	0	0	0	780	87
140	280.0	99.1		96.4		0	0	0	0	180	133	60	100	120	92	480	88
141	440.0	96.4		93.8		60	114	0	0	300	126	0	0	0	0	960	86
142	240.0	108.7		103.1		0	0	0	0	300	139	0	0	0	0	420	87
143	380.0	107.1		102.9		60	165	0	0	420	124	0	0	120	114	540	86
144	280.0	112.9		108.7		60	137	0	0	300	126	60	87	180	129	240	85
145	320.0	117.4		113.4		0	0	0	0	420	138	60	86	300	113	180	87
146	360.0	97.6		96.1		180	115	0	0	180	115	0	0	120	93	600	88
147	180.0	113.8		110.2		120	134	0	0	120	134	0	0	180	106	120	85
148	380.0	126.5		117.6		120	167	0	0	480	150	0	0	120	134	420	86
149	500.0	100.4		98.0		120	134	0	0	360	120	240	98	0	0	780	87
150	140.0	91.3		90.4		0	0	0	0	60	113	0	0	60	96	300	86
151	380.0	110.8		105.0		180	150	0	0	420	127	0	0	60	95	480	84
152	320.0	118.9		113.8		60	208	0	0	420	126	0	0	240	115	240	88
153	100.0	111.0		107.3		0	0	0	0	180	127	0	0	0	0	120	87
154	420.0	108.9		104.5		60	122	0	0	540	133	0	0	0	0	660	88
155	240.0	95.5		92.4		60	150	0	0	120	115	60	86	0	0	480	85
156	280.0	102.9		99.8		0	0	0	0	360	121	0	0	60	120	420	85
157	300.0	120.1		114.2		240	142	0	0	240	142	0	0	60	132	360	89
158	280.0	104.1		99.9		120	146	0	0	120	134	60	89	60	96	480	89
159	220.0	119.4		110.7		60	158	0	0	300	146	0	0	0	0	300	85
160	260.0	108.2		104.1		0	0	0	0	180	147	0	0	240	108	360	89
161	240.0	115.7		111.3		180	130	0	0	180	130	0	0	120	132	240	86
162	340.0	118.4		110.6		240	149	0	0	240	149	0	0	60	125	480	87
163	200.0	76.1		9.0		60	0	0	0	0	0	60	89	0	0	480	84
164	260.0	109.2		103.0		120	94	0	0	240	152	0	0	0	0	420	89
165	320.0	101.4		98.5		180	126	0	0	240	117	60	88	0	0	480	86
166	200.0	102.8		100.0		60	143	0	0	180	117	0	0	0	0	360	89
167	300.0	96.9		94.4		60	107	0	0	60	111	180	91	120	137	480	86
168	80.0	108.0		103.1		0	0	0	0	120	131	0	0	0	0	120	85
169	40.0	103.0		99.5		0	0	0	0	0	0	0	0	60	122	60	84
170	140.0	124.7		116.8		60	168	0	0	180	135	0	0	60	136	120	82
171	200.0	111.1		105.4		60	168	0	0	240	127	0	0	0	0	300	87
172	340.0	107.2		102.0		180	151	0	0	180	130	120	89	60	97	480	88
173	320.0	102.2		97.1		60	161	0	0	180	143	60	89	0	0	660	87
174	120.0	125.7		120.3		60	171	0	0	60	115	0	0	120	138	120	96
175	300.0	102.3		98.3		60	158	0	0	240	122	0	0	60	114	540	86
176	140.0	112.4		108.0		0	0	0	0	180	135	0	0	60	118	180	88
177	380.0	105.3		100.5		60	147	0	0	420	129	0	0	60	111	600	84
178	280.0	108.4		105.3		0	0	0	0	360	126	0	0	120	117	360	88
179	340.0	104.6		102.4		240	119	0	0	240	119	0	0	120	109	420	87
180	320.0	112.5		109.7		180	125	0	0	180	125	0	0	300	122	300	88
181	240.0	117.4		111.0		240	148	0	0	120	133	0	0	60	116	300	87
182	300.0	122.3		113.7		240	165	0	0	240	138	0	0	0	0	420	89
183	360.0	114.8		107.4		180	159	0	0	360	136	0	0	0	0	540	86
184	180.0	112.2		108.5		0	0	0	0	240	135	0	0	60	102	240	92
185	440.0	108.4		103.0		300	138	0	0	300	133	60	84	120	86	540	86
186	240.0	117.3		110.4		180	149	0	0	120	144	60	88	60	140	300	89
187	200.0	119.8		111.6		60	142	0	0	180	146	60	93	60	173	240	88
188	400.0	107.0		103.0		60	146	0	0	480	128	60	90	0	0	600	88
189	380.0	107.7		103.7		60	139	0	0	300	133	180	91	120	129	480	89
190	220.0	111.4		106.3		120	147	0	0	120	116	0	0	120	132	300	87
191	120.0	106.7		103.0		0	0	0	0	120	125	0	0	60	129	180	87
192	360.0	104.9		102.4		240	112	0	0	240	131	0	0	120	102	480	89
193	420.0	104.5		103.1		420	112	0	0	420	112	0	0	60	111	360	86
194	240.0	117.3		109.2		60	149	0	0	300	148	0	0	60	89	300	86
195	160.0	101.6		97.1		0	0	0	0	180	131	0	0	0	0	300	84
196	180.0	103.1		98.9		60	151	0	0	120	125	0	0	60	92	300	87
197	360.0	105.1		100.2		120	151	0	0	300	128	60	88	60	88	540	86
198	280.0	106.0		101.8		120	135	0	0	240	129	60	89	0	0	420	87
199	320.0	115.5		110.4		120	157	0	0	300	134	0	0	120	117	420	90
200	320.0	112.4		108.2		120	138	0	0	300	126	60	102	120	134	360	87
201	320.0	114.8		111.7		120	143	0	0	360	124	60	117	180	114	240	87
202	260.0	109.4		104.9		60	161	0	0	300	127	0	0	60	98	360	88
203	320.0	104.8		101.4		0	0	0	0	300	134	120	98	0	0	540	90
204	360.0	109.3		102.8		120	167	0	0	180	145	120	115	0	0	660	88
205	340.0	110.5		104.8		180	152	0	0	300	128	60	87	0	0	480	87
206	280.0	109.1		104.9		0	0	0	0	300	133	0	0	120	123	420	88
207	420.0	105.2		102.8		360	120	0	0	300	120	60	93	120	90	420	88
208	280.0	111.4		104.9		60	190	0	0	420	124	0	0	60	82	300	84
209	180.0	122.0		116.5		0	0	0	0	360	139	0	0	0	0	180	88
210	240.0	95.8		92.3		60	170	0	0	180	100	0	0	0	0	480	85
211	140.0	101.7		97.9		0	0	0	0	120	132	0	0	60	108	240	85
212	160.0	128.8		122.5		60	162	0	0	120	149	0	0	180	132	120	87
213	200.0	135.6		129.7		120	162	0	0	180	154	0	0	180	130	120	90
214	300.0	100.2		96.6		120	141	0	0	180	120	60	87	0	0	540	86
215	180.0	110.6		108.7		0	0	0	0	60	139	0	0	360	113	120	89
216	260.0	123.5		118.1		120	158	0	0	300	137	60	118	120	114	180	86
217	220.0	109.7		103.4		0	0	0	0	240	146	60	85	60	103	300	87
218	240.0	111.2		106.8		60	165	0	0	240	126	0	0	120	113	300	88
219	260.0	110.1		104.7		120	152	0	0	120	146	120	92	120	103	300	89
220	280.0	112.6		104.5		120	148	0	0	180	158	120	86	60	119	360	86
221	240.0	122.8		113.8		120	141	0	0	120	161	120	85	180	147	180	86
222	300.0	109.7		104.3		0	0	0	0	300	141	180	93	60	139	360	87
223	380.0	126.5		118.6		180	178	0	0	420	142	60	90	180	115	300	88
224	320.0	105.8		101.5		60	134	0	0	300	135	120	86	0	0	480	89
225	360.0	134.6		129.2		300	166	0	0	540	134	0	0	60	120	180	89
226	300.0	109.5		104.3		60	149	0	0	300	134	0	0	60	127	480	87
227	220.0	108.6		102.2		60	158	0	0	240	132	0	0	60	74	300	87
228	440.0	99.0		95.8		0	0	0	0	420	127	0	0	0	0	900	86
229	360.0	120.2		114.7		120	145	0	0	480	139	0	0	120	120	360	87
230	220.0	113.5		108.5		0	0	0	0	240	133	0	0	120	138	300	88
231	380.0	107.1		103.4		120	153	0	0	480	117	0	0	0	0	540	88
232	460.0	110.2		105.2		60	137	0	0	660	132	0	0	0	0	660	86
233	360.0	119.5		113.0		120	146	0	0	420	144	0	0	240	109	300	83
234	360.0	106.9		102.7		180	148	0	0	300	116	0	0	120	106	480	86
235	220.0	117.4		114.0		60	143	0	0	240	133	0	0	120	122	240	93
236	480.0	101.6		97.9		60	130	0	0	420	131	0	0	0	0	960	87
237	320.0	96.2		94.3		0	0	0	0	300	118	0	0	120	88	540	86
238	420.0	109.5		104.1		240	145	0	0	300	121	60	97	60	158	600	86
239	320.0	114.9		108.6		180	154	0	0	360	129	0	0	0	0	420	86
240	280.0	100.7		97.0		0	0	0	0	240	134	0	0	60	91	540	87
241	280.0	105.0		101.0		120	123	0	0	180	134	60	86	120	113	360	85
242	280.0	111.5		108.7		0	0	0	0	360	127	0	0	180	118	300	89
243	240.0	110.5		106.2		60	137	0	0	300	126	60	85	60	130	240	86
244	180.0	129.7		126.8		60	150	0	0	180	145	0	0	240	123	60	90
245	320.0	107.8		105.6		180	130	0	0	300	116	0	0	180	105	300	88
246	300.0	118.4		113.5		60	158	0	0	480	134	0	0	120	99	240	87
247	240.0	132.9		129.6		120	153	0	0	240	143	0	0	300	127	60	82
248	220.0	118.5		115.8		0	0	0	0	360	133	0	0	60	122	240	96
249	360.0	127.2		121.4		60	158	0	0	720	141	0	0	0	0	300	88
250	320.0	108.8		104.3		120	142	0	0	420	123	0	0	0	0	420	85
251	140.0	120.3		115.7		0	0	0	0	240	137	0	0	60	120	120	87
252	240.0	143.2		134.7		180	171	0	0	180	171	0	0	240	130	120	86
253	280.0	111.0		105.1		120	171	0	0	240	116	0	0	120	116	360	86
254	240.0	110.2		105.7		60	170	0	0	300	120	0	0	60	117	300	87
255	280.0	128.1		122.3		120	166	0	0	420	140	0	0	120	109	180	88
256	320.0	127.8		120.1		120	159	0	0	540	144	0	0	0	0	300	86
257	400.0	108.9		104.7		180	143	0	0	360	127	60	85	180	98	420	87
258	280.0	122.6		119.4		60	157	0	0	360	127	0	0	240	132	180	90
259	300.0	123.9		116.9		240	169	0	0	420	118	0	0	60	104	180	84
260	260.0	129.8		123.7		60	193	0	0	300	143	0	0	240	128	180	89
261	320.0	116.1		108.2		120	168	0	0	300	139	120	96	60	130	360	84
262	300.0	125.4		121.9		240	149	0	0	300	129	0	0	240	117	120	86
263	320.0	107.9		104.8		120	127	0	0	360	126	0	0	60	94	420	89
264	420.0	108.1		102.7		120	151	0	0	420	132	60	86	60	98	600	86
265	400.0	121.0		114.8		300	152	0	0	480	131	60	83	0	0	360	88
266	500.0	115.1		109.9		180	158	60	116	600	130	180	97	0	0	480	87
267	380.0	125.8		120.1		120	168	0	0	720	135	0	0	0	0	300	87
268	300.0	128.1		122.3		120	181	0	0	420	135	0	0	180	117	180	88
269	520.0	129.4		126.5		300	155	0	0	780	133	0	0	240	121	240	94
270	480.0	129.0		123.3		240	158	0	0	720	140	60	112	60	139	360	89
271	540.0	125.7		120.8		300	149	0	0	660	140	60	94	240	120	360	89
272	540.0	120.6		115.1		360	147	0	0	480	137	60	86	240	122	480	88
273	180.0	107.6		102.9		60	143	0	0	120	137	60	85	120	104	180	86
274	260.0	114.8		110.9		0	0	0	0	360	135	0	0	180	110	240	88
275	380.0	116.6		110.8		360	138	0	0	300	138	60	88	0	0	420	87
276	480.0	131.0		126.1		420	156	0	0	540	129	0	0	240	137	240	86
277	460.0	121.3		114.9		480	150	0	0	360	125	120	84	120	123	300	85
278	240.0	127.0		121.7		60	184	0	0	300	136	0	0	180	130	180	90
279	400.0	118.6		114.3		360	145	0	0	420	120	60	94	60	128	300	88
280	400.0	125.7		121.3		180	161	0	0	600	133	0	0	120	120	300	92
281	420.0	114.2		108.7		180	153	0	0	420	130	120	87	120	123	420	87
282	440.0	112.4		108.4		180	137	0	0	600	127	0	0	0	0	540	88
283	620.0	113.5		110.0		360	142	0	0	780	120	0	0	180	108	540	87
284	480.0	118.8		114.8		360	144	0	0	660	124	0	0	0	0	420	89
285	360.0	120.2		114.6		120	156	0	0	480	138	0	0	180	104	300	87
286	800.0	117.4		113.0		660	145	0	0	1020	120	0	0	60	115	660	86
287	400.0	119.9		114.7		180	145	0	0	420	137	60	86	240	122	300	86
288	580.0	130.1		125.3		300	160	0	0	840	138	0	0	300	121	300	87
289	500.0	135.5		133.7		360	147	0	0	720	141	0	0	360	121	60	87
290	340.0	131.4		127.7		240	169	0	0	480	127	0	0	240	113	60	90
291	420.0	124.8		120.2		300	154	0	0	480	133	0	0	120	114	360	93
292	640.0	117.2		109.7		300	159	0	0	720	138	0	0	60	96	840	86
293	480.0	112.5		108.2		120	145	0	0	600	130	0	0	120	115	600	88
294	400.0	125.0		123.4		120	143	0	0	600	134	0	0	420	112	60	91
295	560.0	109.4		104.2		180	148	0	0	540	120	0	0	120	160	840	87
296	580.0	113.8		109.1		360	141	0	0	600	130	60	87	0	0	720	89
297	580.0	120.9		116.2		180	162	0	0	900	131	0	0	300	109	360	85
298	400.0	129.2		127.2		180	150	0	0	420	133	0	0	540	125	60	79
299	620.0	111.1		104.9		300	160	0	0	540	127	0	0	120	105	900	86
300	620.0	118.7		114.1		180	146	0	0	780	134	0	0	360	121	540	86
301	420.0	120.3		116.7		120	165	0	0	540	126	60	100	300	122	240	88
302	620.0	126.7		121.2		360	161	0	0	840	135	0	0	300	111	360	86
303	500.0	140.4		133.4		360	174	0	0	840	142	0	0	60	137	240	85
304	760.0	110.2		103.7		420	154	0	0	660	127	60	115	60	87	1080	84
305	480.0	120.1		113.9		120	162	0	0	720	137	0	0	120	113	480	86
306	540.0	133.1		129.3		300	163	0	0	660	138	0	0	480	125	180	87
307	540.0	112.2		110.0		60	130	0	0	780	122	0	0	420	114	360	86
308	740.0	114.9		112.8		480	127	0	0	1200	121	0	0	240	96	300	86
309	720.0	121.9		119.3		780	142	0	0	660	116	0	0	420	116	300	91
310	540.0	120.7		115.2		180	155	0	0	720	140	0	0	180	95	540	92
311	640.0	116.1		111.3		540	136	0	0	240	125	120	89	480	131	540	85
312	640.0	120.1		116.5		600	134	0	0	720	131	60	85	180	108	360	87
313	740.0	122.2		116.9		720	145	0	0	600	137	180	88	300	106	420	88
314	840.0	113.7		109.9		660	135	0	0	840	126	180	91	420	92	420	87
315	560.0	125.7		119.9		360	159	0	0	720	134	60	88	240	111	300	85
316	760.0	133.4		129.3		660	160	0	0	900	134	0	0	480	119	240	87
317	680.0	118.8		114.6		480	141	0	0	840	127	0	0	180	120	540	86
318	1000.0	122.7		117.0		1020	152	0	0	1140	121	120	94	180	109	540	82
319	560.0	130.0		125.2		540	153	0	0	720	134	60	79	180	101	180	91
320	520.0	114.0		108.9		180	144	0	0	600	134	0	0	180	111	600	86
321	600.0	120.4		117.7		420	135	0	0	900	128	0	0	240	99	240	88
322	740.0	125.7		121.7		660	150	0	0	1020	127	0	0	180	105	360	88
323	840.0	118.7		113.2		600	147	0	0	1020	128	0	0	180	110	720	84
324	860.0	133.7		126.8		780	164	0	0	1020	140	0	0	120	123	660	90
325	820.0	124.2		120.3		600	147	0	0	1140	128	0	0	240	124	480	87
326	640.0	126.3		121.5		540	153	0	0	840	129	0	0	120	121	420	88
327	800.0	118.1		112.7		720	139	0	0	660	130	180	79	300	125	540	85
328	720.0	129.8		123.3		480	164	0	0	1080	136	0	0	120	113	480	86
329	760.0	134.6		130.7		780	155	0	0	780	140	60	119	480	113	180	86
330	940.0	132.5		130.6		960	149	0	0	1080	131	0	0	660	119	120	88
331	1040.0	120.1		114.9		780	150	0	0	1320	125	0	0	120	128	900	86
332	960.0	126.4		123.5		660	145	0	0	1380	132	0	0	540	112	300	86
333	1180.0	119.8		115.3		1200	141	0	0	1380	125	0	0	0	0	960	86
334	1280.0	117.4		113.5		1440	137	0	0	1320	120	60	109	180	96	840	85
335	1200.0	118.8		114.4		1440	141	0	0	1260	116	60	115	120	85	720	85
336	840.0	123.4		119.4		660	155	0	0	900	125	0	0	780	104	180	84
337	1040.0	117.8		113.0		1140	142	0	0	960	120	0	0	240	104	780	84
338	1500.0	116.5		112.5		1620	137	60	114	1500	119	0	0	360	103	960	83
339	1100.0	123.7		119.7		1080	142	0	0	1440	127	0	0	120	126	660	86
340	1160.0	114.5		111.1		1320	134	0	0	1200	114	0	0	300	100	660	83
341	1480.0	116.5		113.4		1620	134	0	0	1680	118	60	115	300	99	780	84
342	1240.0	113.6		109.7		1200	138	0	0	1380	115	0	0	120	88	1020	86
343	820.0	125.4		122.5		600	148	0	0	960	132	0	0	600	108	300	94
344	1660.0	125.1		121.9		2100	139	0	0	1680	125	0	0	600	120	600	82
345	1080.0	114.2		109.1		1020	142	0	0	1080	118	0	0	180	100	960	83
346	1280.0	113.8		110.5		1320	135	0	0	1560	113	0	0	60	86	900	86
347	1260.0	113.6		109.9		1500	134	0	0	1020	114	120	107	120	95	1020	86
348	1060.0	117.0		113.3		960	142	60	119	1080	118	60	110	300	106	720	87
349	1500.0	115.5		112.9		1800	131	0	0	1620	116	0	0	420	94	660	86
350	1000.0	124.1		123.0		960	134	0	0	1140	121	0	0	780	123	120	82
351	1380.0	125.7		120.6		1860	144	0	0	1200	126	0	0	540	111	540	77
352	1380.0	109.6		106.1		1380	135	0	0	1620	105	60	103	120	89	960	84
353	1460.0	108.7		105.5		1560	125	0	0	1380	116	0	0	60	85	1380	84
354	1500.0	114.3		112.1		1620	131	0	0	1800	112	120	111	420	97	540	86
355	1480.0	112.9		109.4		1560	132	0	0	1680	115	60	104	180	90	960	83
356	1300.0	111.5		109.0		1380	127	0	0	1500	113	0	0	180	103	840	85
357	1200.0	123.2		120.7		1260	138	0	0	1560	123	0	0	300	120	480	87
358	1020.0	125.5		122.9		960	143	0	0	1500	126	0	0	360	102	240	87
359	1520.0	116.4		114.8		1680	131	60	119	1920	113	60	100	540	99	300	90
360	1400.0	115.8		113.3		1680	131	0	0	1440	116	60	110	360	102	660	85
361	1500.0	113.2		109.8		1380	135	60	112	1800	115	60	101	180	98	1020	84
362	1240.0	117.7		115.7		1440	132	0	0	1200	117	0	0	720	106	360	86
363	1240.0	116.9		114.2		1020	139	0	0	1680	118	0	0	720	96	300	86
364	1520.0	116.1		114.6		1920	126	0	0	1740	117	0	0	240	103	660	90
365	1460.0	116.5		114.7		1620	131	0	0	1740	114	0	0	480	110	540	87
366	1780.0	113.1		110.5		2220	128	0	0	1800	114	0	0	360	89	960	86
367	1060.0	124.9		122.3		1020	140	0	0	1560	127	0	0	180	102	420	90
368	1640.0	113.3		111.7		2160	122	60	117	1860	115	0	0	180	91	660	86
369	1440.0	114.1		111.8		1680	129	0	0	1680	114	0	0	240	89	720	88
370	1800.0	112.9		111.3		2400	125	0	0	2100	109	0	0	300	98	600	86
371	1080.0	119.5		118.1		840	134	0	0	1440	120	60	119	660	112	240	87
372	1040.0	120.3		119.6		960	128	0	0	1260	122	60	106	660	115	180	92
373	1460.0	115.6		113.5		1680	128	0	0	1680	118	0	0	420	99	600	86
374	1660.0	117.4		115.3		2160	130	0	0	1800	116	0	0	540	102	480	83
375	1620.0	115.9		114.2		1560	130	0	0	1920	117	60	102	840	106	480	85
376	1380.0	116.7		114.0		1560	132	0	0	1440	118	0	0	360	112	780	86
377	1460.0	114.3		111.8		1440	131	0	0	1740	117	60	113	420	95	720	86
378	1540.0	116.6		114.7		1680	133	0	0	1740	114	180	109	660	100	360	87
379	1560.0	117.4		115.8		2040	129	60	112	1620	114	120	105	420	110	420	86
380	1580.0	113.1		111.3		2280	125	0	0	1440	110	120	101	420	95	480	85
381	2260.0	105.3		104.5		2520	113	120	106	2460	106	0	0	1200	97	480	82
382	1640.0	116.0		114.0		1860	129	0	0	1860	114	0	0	420	121	780	87
383	1560.0	114.3		112.4		1740	128	0	0	1740	115	0	0	900	96	300	85
384	1700.0	118.7		117.3		1980	132	60	118	1740	117	0	0	1140	103	180	88
385	1380.0	116.7		114.6		1740	131	0	0	1560	113	0	0	360	104	480	86
386	1900.0	107.8		106.3		2580	118	0	0	1920	107	0	0	480	93	720	83
387	2300.0	101.6		97.0		3120	110	60	16	2160	102	120	103	300	92	1140	85
388	2080.0	109.1		107.9		2460	121	60	118	2220	107	120	100	660	96	720	88
389	1840.0	109.4		108.1		2340	119	0	0	2100	109	0	0	120	109	960	87
390	1700.0	107.2		105.6		1740	120	60	119	2040	108	0	0	660	92	600	83
391	2280.0	104.4		103.8		2580	112	60	111	2400	103	240	102	900	99	660	87
392	2260.0	105.5		104.9		3060	111	0	0	2220	107	0	0	720	94	780	90
393	1620.0	110.3		108.5		1560	125	0	0	1920	112	0	0	780	98	600	83
394	1940.0	109.0		107.6		2460	120	0	0	2100	107	60	115	540	95	660	85
395	1860.0	106.0		105.5		2280	112	0	0	2100	104	60	103	1020	101	120	72
396	1920.0	106.0		104.9		2220	115	60	119	2100	107	60	90	960	93	360	80
397	2240.0	103.1		102.5		2640	110	60	102	2400	103	60	102	1020	95	540	85
398	1900.0	101.0		100.4		2400	106	120	104	1920	103	60	83	480	95	720	84
399	2280.0	100.1		99.7		2700	106	60	93	2520	100	60	107	900	91	600	88
400	2000.0	106.4		106.0		2760	111	0	0	2100	106	120	113	780	96	240	88
401	2080.0	110.6		110.2		2340	119	60	115	2280	108	120	106	1380	102	60	87
402	1640.0	110.1		109.2		1860	121	0	0	1740	108	0	0	1140	99	180	87
403	2020.0	106.9		106.2		2460	114	60	105	2100	108	0	0	1020	96	420	87
404	1940.0	111.6		111.3		2520	117	60	117	1920	110	60	107	1200	104	60	88
405	1680.0	107.2		106.5		2160	113	60	111	1800	107	0	0	600	101	420	86
406	2020.0	109.3		108.6		2640	116	0	0	2160	110	0	0	900	97	360	87
407	2020.0	108.7		108.1		2580	115	0	0	2460	108	0	0	540	99	480	89
408	1320.0	118.7		117.5		1440	132	0	0	1560	114	0	0	780	111	180	86
409	2000.0	104.8		103.7		2640	115	0	0	2100	102	0	0	660	91	600	85
410	1900.0	110.1		109.7		2220	117	0	0	2220	109	0	0	1080	101	180	93
411	1660.0	110.0		107.8		1860	125	0	0	1680	111	60	113	840	91	540	84
412	1860.0	109.3		108.5		2340	117	0	0	1980	108	0	0	840	103	420	85
413	2100.0	107.9		106.7		2580	119	0	0	2280	106	0	0	720	96	720	86
414	1680.0	109.9		108.5		2040	121	0	0	1980	109	0	0	480	91	540	88
415	1780.0	105.0		104.3		2280	110	0	0	1980	107	60	107	540	93	480	86
416	1740.0	112.5		111.0		2220	123	0	0	1920	112	0	0	420	101	660	86
417	1960.0	107.8		106.8		2340	117	0	0	1980	108	0	0	1080	97	480	86
418	1680.0	107.2		106.3		1800	117	0	0	2040	107	0	0	600	99	600	87
419	1800.0	114.1		113.6		2100	120	60	112	2100	115	0	0	960	103	180	94
420	1860.0	112.5		111.4		2040	123	120	112	2040	112	60	100	780	105	540	87
421	1560.0	115.6		115.0		2340	120	60	109	1440	116	120	112	540	108	180	83
422	2100.0	105.8		105.3		2640	113	0	0	2340	105	60	104	960	93	300	91
423	1740.0	116.4		115.3		2100	126	0	0	1920	115	0	0	780	109	420	88
424	1560.0	108.0		107.0		1860	116	0	0	1860	109	0	0	540	93	420	87
425	2220.0	102.0		101.6		2280	110	0	0	2580	99	60	109	1440	97	300	89
426	1920.0	110.2		109.6		2580	117	0	0	2040	110	0	0	840	96	300	93
427	1900.0	112.8		111.7		2040	122	0	0	2160	115	0	0	1080	101	420	87
428	2060.0	104.1		103.4		2400	112	60	108	2400	103	60	103	600	94	660	88
429	1980.0	107.0		105.7		2400	118	60	114	2100	106	0	0	1020	91	360	83
430	1800.0	110.5		109.8		2400	117	0	0	2040	110	60	117	540	95	360	92
431	1840.0	109.3		108.4		2280	117	0	0	1800	111	60	106	840	98	540	89
432	1540.0	109.3		108.1		1800	121	0	0	1740	108	60	94	480	95	540	89
433	1680.0	115.1		113.5		2220	125	0	0	1680	115	0	0	600	107	540	84
434	2380.0	100.3		99.7		2880	107	0	0	2100	102	120	97	1560	92	480	81
435	1940.0	110.2		109.6		2520	117	0	0	2040	108	60	116	840	105	360	87
436	2100.0	104.1		103.1		2580	113	0	0	2100	104	120	110	720	91	780	86
437	2320.0	106.2		105.3		2820	114	60	113	2400	107	0	0	1320	96	360	77
438	2100.0	103.6		102.4		2340	115	0	0	2340	103	0	0	1260	89	360	84
439	2220.0	102.8		102.4		2820	108	0	0	2220	103	120	93	1140	95	360	88
440	1940.0	108.2		107.6		2280	115	0	0	2280	108	0	0	720	101	540	90
441	2080.0	105.7		105.1		2520	113	0	0	2160	105	0	0	1260	97	300	86
442	1860.0	111.6		110.4		2280	121	0	0	1920	113	60	103	900	97	420	87
443	2060.0	102.1		101.5		2400	108	0	0	2280	103	0	0	840	96	660	85
444	2100.0	103.6		103.1		2760	109	60	109	2040	104	60	87	1140	95	240	82
445	1620.0	109.6		107.5		1920	123	0	0	1680	111	60	96	840	88	360	84
446	1660.0	110.5		109.4		1800	122	0	0	1680	111	0	0	1080	98	420	91
447	1700.0	109.3		108.4		1980	119	0	0	1740	109	180	110	900	96	300	87
448	1440.0	113.2		111.9		1560	127	0	0	1440	112	60	109	1020	100	240	88
449	1520.0	107.8		106.7		1740	116	60	113	1860	109	0	0	420	91	480	87
450	1960.0	104.6		103.6		2400	114	0	0	2040	105	0	0	1020	89	420	87
451	2040.0	109.8		109.0		2580	119	0	0	2040	107	0	0	1200	99	300	92
452	1660.0	111.6		111.2		1980	118	0	0	1860	111	60	108	960	103	120	87
453	1840.0	111.9		111.5		2400	118	0	0	1980	110	0	0	960	105	180	88
454	1620.0	116.9		115.7		1920	127	0	0	2100	116	0	0	420	101	420	91
455	1500.0	113.7		112.3		1740	124	60	118	1740	114	60	102	420	101	480	87
456	1720.0	108.2		107.3		2160	116	120	117	1800	108	60	107	720	93	300	86
457	1660.0	110.9		110.3		1920	118	60	117	1860	111	0	0	780	102	360	91
458	2080.0	107.1		106.2		2700	115	0	0	2280	107	0	0	840	92	420	87
459	1720.0	110.0		109.3		1860	119	60	117	2160	108	0	0	660	104	420	89
460	1720.0	110.7		109.6		2100	119	0	0	1800	112	60	112	660	100	540	87
461	2080.0	109.5		108.9		2460	118	120	113	2160	108	60	111	1140	98	300	93
462	1800.0	107.0		106.1		2220	115	60	117	1800	108	0	0	960	94	360	86
463	1820.0	108.3		107.5		2220	116	0	0	1980	109	0	0	840	96	420	89
464	1720.0	107.3		106.9		1980	115	0	0	2040	106	0	0	1020	97	120	92
465	1660.0	107.5		106.1		1980	120	0	0	1620	107	0	0	1140	91	240	87
466	1860.0	98.1		97.6		1920	105	60	102	2160	99	60	94	900	90	480	82
467	1880.0	102.5		101.9		2040	111	0	0	2220	101	0	0	1080	94	300	86
468	1800.0	107.9		107.2		2220	116	0	0	1920	107	60	102	840	97	360	89
469	1680.0	105.0		104.0		1980	115	60	114	1800	104	0	0	960	91	240	84
470	1860.0	102.6		101.7		2280	109	0	0	2040	105	60	107	360	91	840	84
471	1920.0	101.0		100.0		2220	110	0	0	2100	102	0	0	900	87	540	83
472	2180.0	100.3		99.8		2580	107	0	0	2280	100	60	97	1320	92	300	82
473	2000.0	100.1		99.7		2760	106	0	0	1860	98	120	101	900	92	360	86
474	1880.0	104.3		103.9		2640	110	0	0	1800	103	0	0	720	96	480	90
475	2160.0	101.7		101.3		3000	106	0	0	2340	102	0	0	780	89	360	91
476	1920.0	104.6		103.9		2580	112	60	112	1980	102	0	0	540	96	600	88
477	1920.0	101.6		101.1		2280	110	0	0	1920	99	60	106	1260	93	240	87
478	1820.0	103.9		103.3		2340	111	0	0	1740	104	60	102	960	92	360	89
479	1940.0	107.3		106.6		2100	115	0	0	2040	109	60	109	1320	97	300	87
480	1360.0	104.8		103.9		1680	112	60	103	1440	107	120	87	420	92	360	84
481	2020.0	104.8		103.8		2400	114	60	106	2220	105	0	0	960	90	420	85
482	1820.0	107.9		106.9		2220	118	0	0	2160	106	0	0	540	94	540	88
483	1640.0	107.0		106.2		1980	115	60	106	1860	107	60	94	600	93	360	88
484	1740.0	102.2		101.5		2160	111	0	0	2100	99	0	0	480	92	480	87
485	1800.0	103.2		102.5		1980	113	0	0	2100	101	0	0	960	93	360	89
486	1860.0	103.7		103.2		2520	109	0	0	1680	105	0	0	960	95	420	87
487	1980.0	98.8		98.5		2760	102	0	0	1860	101	60	101	780	89	480	88
488	1560.0	103.5		103.3		2040	105	0	0	1620	106	0	0	840	98	180	90
489	1620.0	102.5		101.2		1740	115	0	0	1740	102	60	102	900	90	420	80
490	1860.0	98.4		98.2		2280	101	60	93	1800	102	0	0	1200	91	240	86
491	1760.0	93.2		93.1		1980	97	60	100	1740	93	60	97	1140	89	300	84
492	1780.0	95.6		95.3		2160	100	60	98	1740	97	60	95	720	88	600	85
493	1680.0	94.2		94.0		1800	98	180	104	1860	93	60	91	960	89	180	88
494	1440.0	96.7		95.9		1620	106	60	107	1500	96	60	88	840	84	240	83
495	1700.0	89.6		89.3		2220	94	0	0	1320	91	240	89	840	81	480	81
496	1720.0	91.8		91.4		1920	99	0	0	1560	91	60	97	1380	84	240	84
497	1240.0	92.4		92.2		1560	95	0	0	1440	92	0	0	540	91	180	77
498	1680.0	87.7		87.4		1920	93	0	0	1500	88	60	96	1380	81	180	78
499	1560.0	90.5		89.9		1620	99	0	0	1680	90	0	0	1080	82	300	78
500	1580.0	88.2		87.9		1680	93	60	96	1680	88	60	88	840	83	420	79
501	1620.0	90.5		89.9		1800	97	60	103	1560	92	60	95	960	80	420	79
502	1680.0	84.5		84.0		2100	91	0	0	1380	82	240	85	1020	78	300	72
503	1800.0	89.2		88.4		2160	98	0	0	1740	88	60	62	900	79	540	78
504	1720.0	92.7		92.2		1980	99	0	0	1920	93	0	0	840	85	420	77
505	1700.0	92.3		91.7		1800	101	0	0	1860	91	0	0	1020	84	420	81
506	1780.0	96.4		95.4		1920	105	60	101	1860	99	60	91	1020	81	420	83
507	1720.0	97.9		97.1		1740	107	120	109	1920	98	0	0	960	85	420	86
508	1680.0	92.2		91.9		1680	99	120	98	1560	91	120	94	1260	87	300	80
509	1780.0	88.6		88.3		2220	92	60	104	1800	89	60	84	600	81	600	81
510	1600.0	93.0		92.1		1680	103	60	108	1560	92	60	96	1200	81	240	84
511	1700.0	94.2		93.6		1680	103	0	0	1800	95	0	0	1320	85	300	81
512	1620.0	91.8		91.2		1800	99	60	117	1620	90	60	90	780	83	540	83
513	1700.0	86.0		85.9		1920	88	60	90	1680	88	180	81	1140	81	120	80
514	1900.0	86.9		86.5		2160	92	0	0	2040	88	60	86	600	77	840	78
515	1720.0	92.6		92.2		1800	99	0	0	2040	93	0	0	900	82	420	86
516	1900.0	94.7		94.2		2280	101	60	109	2100	94	0	0	900	84	360	83
517	1640.0	97.7		97.0		1500	106	180	106	1740	100	0	0	1200	86	300	85
518	1720.0	98.1		97.3		2040	106	120	107	2040	97	60	85	720	82	180	83
519	1460.0	96.7		95.5		1320	110	0	0	1800	96	60	100	720	82	480	84
520	1680.0	98.0		97.8		2220	103	60	93	1620	97	0	0	660	91	480	89
521	1920.0	95.3		94.7		2400	103	0	0	1860	94	0	0	660	84	840	85
522	1740.0	101.9		101.1		2220	110	0	0	1620	102	0	0	1080	89	300	87
523	1800.0	97.3		96.9		2280	104	60	113	1860	94	60	100	900	89	240	86
524	1640.0	99.3		98.1		1920	111	0	0	1800	96	0	0	540	92	660	80
525	1760.0	97.2		96.5		2100	106	0	0	1800	96	0	0	720	84	660	87
526	1780.0	92.7		92.3		2460	97	0	0	1620	94	120	96	780	80	360	84
527	1720.0	99.1		98.7		1860	106	120	101	1860	98	120	101	720	91	480	88
528	1500.0	99.7		99.2		1680	107	0	0	1680	99	120	100	360	90	660	88
529	1840.0	100.9		100.1		2220	112	0	0	1980	95	0	0	840	93	480	88
530	1780.0	102.8		102.1		2220	112	0	0	1920	98	0	0	780	95	420	90
531	1760.0	103.9		103.5		2220	111	60	109	1920	101	0	0	720	96	360	91
532	1380.0	104.4		103.7		1500	114	0	0	1800	103	60	103	480	91	300	87
533	1720.0	103.3		102.2		2160	114	0	0	1740	101	0	0	900	89	360	86
534	1920.0	99.2		98.4		2160	108	180	105	1980	98	60	92	900	88	480	84
535	1500.0	106.8		105.7		1980	117	0	0	1680	103	60	98	300	98	480	85
536	1700.0	101.3		100.6		2220	108	0	0	1680	101	60	113	540	90	600	86
537	1660.0	99.0		98.4		1860	107	0	0	1920	97	60	110	720	92	420	83
538	1920.0	95.9		95.7		2280	100	0	0	2220	96	60	96	660	89	540	87
539	1800.0	97.8		97.4		2100	106	0	0	1800	94	120	101	1080	91	300	87
540	1580.0	99.1		98.9		1740	104	0	0	1800	97	120	99	780	98	300	86
541	1300.0	105.1		104.0		1440	115	0	0	1560	105	60	97	600	91	240	83
542	1660.0	96.8		95.1		1800	110	0	0	1680	98	0	0	780	80	720	79
543	1780.0	91.1		90.6		2040	97	120	98	1800	92	0	0	900	82	480	78
544	1740.0	95.9		95.4		1860	103	120	103	1500	97	300	94	840	85	600	86
545	1340.0	103.4		102.6		1680	112	0	0	1500	101	60	97	540	92	240	85
546	1540.0	96.9		95.6		1500	110	60	109	1440	98	60	96	1140	84	420	80
547	2000.0	90.1		89.5		2040	98	0	0	1980	91	60	83	1500	82	420	77
548	1780.0	88.8		88.6		2100	92	0	0	1860	90	0	0	840	85	540	78
549	1820.0	82.3		82.0		2160	86	0	0	1800	83	120	85	840	76	540	74
550	1720.0	91.9		91.7		1980	97	60	89	1860	90	0	0	840	89	420	83
551	1540.0	97.2		96.7		1740	105	60	97	1560	95	180	100	480	92	600	84
552	1260.0	94.2		93.9		1320	100	0	0	1560	94	0	0	480	88	420	84
553	1760.0	94.8		94.2		2100	103	0	0	1620	92	120	99	960	89	480	79
554	1580.0	99.5		98.8		1920	107	0	0	1560	101	120	90	660	86	480	86
555	1560.0	88.8		88.2		1680	97	60	97	1380	89	120	87	840	79	600	79
556	1760.0	91.5		91.1		2220	96	60	108	1680	92	0	0	720	83	600	82
557	1540.0	91.3		90.1		1440	104	0	0	1500	93	0	0	1320	79	360	78
558	1780.0	93.4		92.8		1980	101	0	0	1800	93	0	0	840	85	720	83
559	1500.0	94.4		94.3		1980	95	60	107	1320	97	180	94	540	92	420	85
560	1440.0	101.3		100.6		1620	111	0	0	1620	100	0	0	660	90	420	87
561	1560.0	96.3		96.0		1740	102	0	0	1560	96	120	97	720	91	540	86
562	1800.0	98.1		97.6		1740	105	120	100	2040	97	0	0	900	97	600	83
563	1620.0	95.0		94.5		2040	101	120	103	1620	94	0	0	420	83	660	85
564	1640.0	100.8		100.2		2040	109	0	0	1440	99	120	92	1080	92	240	86
565	1220.0	107.2		106.5		1380	115	60	114	1260	109	0	0	660	94	300	92
566	1420.0	99.0		98.5		1380	107	60	104	1500	99	120	95	960	91	240	85
567	1140.0	110.6		109.9		1080	120	0	0	1200	112	60	100	960	102	120	86
568	1520.0	103.6		102.9		1740	113	0	0	1800	101	60	98	540	94	420	89
569	1280.0	101.5		100.8		1500	109	60	115	1320	102	0	0	600	91	360	84
570	1360.0	104.7		103.3		1440	119	0	0	1440	103	0	0	900	89	300	91
571	1220.0	101.2		100.5		1560	109	0	0	1380	98	120	104	180	91	420	86
572	1460.0	100.7		99.8		1620	111	0	0	1500	100	0	0	720	90	540	86
573	1440.0	100.1		99.7		1620	107	120	110	1440	99	120	93	600	93	420	87
574	1680.0	99.6		98.8		1860	108	60	105	1680	101	60	95	840	88	540	84
575	1560.0	94.8		93.7		1860	105	0	0	1560	95	0	0	780	80	480	79
576	1580.0	96.2		95.3		1860	106	0	0	1500	95	60	97	900	84	420	83
577	1680.0	99.0		97.9		1800	110	60	119	1620	99	0	0	1440	86	120	79
578	1680.0	92.3		91.9		2100	98	0	0	1620	92	120	84	840	86	360	78
579	1520.0	96.7		95.8		1560	107	0	0	1500	98	60	81	1200	85	240	84
580	1380.0	98.9		98.3		1800	107	120	105	960	96	120	89	780	90	360	87
581	1480.0	97.1		96.1		1800	107	0	0	1440	96	0	0	840	84	360	82
582	1540.0	92.0		91.5		1680	99	60	100	1560	93	0	0	900	82	420	81
583	1640.0	94.4		93.8		2100	100	60	112	1560	95	0	0	660	87	540	78
584	1720.0	97.2		96.3		1920	107	0	0	1680	97	60	90	840	86	660	84
585	1560.0	98.0		97.6		1920	104	0	0	1560	97	0	0	1080	90	120	86
586	1340.0	97.7		96.9		1440	107	60	103	1200	99	60	97	540	85	720	86
587	1380.0	99.4		98.6		1860	108	0	0	1260	97	60	105	420	89	540	83
588	1520.0	99.0		98.1		1920	109	60	108	1560	95	0	0	480	88	540	84
589	1620.0	100.5		99.2		1800	112	60	117	1740	100	0	0	660	86	600	82
590	1560.0	98.4		97.5		1860	107	0	0	1560	99	180	100	660	85	420	79
591	1540.0	100.2		99.4		1860	110	0	0	1680	97	60	99	600	90	420	84
592	1560.0	100.3		99.0		1860	111	0	0	1500	101	60	96	900	83	360	86
593	1780.0	101.5		100.6		1920	112	60	116	1860	99	60	101	960	92	480	86
594	1660.0	94.9		94.4		2460	99	0	0	1440	94	180	104	660	88	240	71
595	1720.0	101.1		99.8		2100	112	0	0	1860	100	0	0	660	85	540	82
596	1480.0	98.6		97.0		1200	115	0	0	1560	101	60	99	1020	83	600	86
597	1600.0	103.9		102.9		1800	115	60	114	1440	103	0	0	1380	91	120	92
598	1120.0	104.2		103.8		960	112	0	0	1380	106	0	0	660	96	360	92
599	1780.0	102.6		101.6		2040	113	60	110	1740	102	0	0	1080	90	420	86
600	1320.0	108.7		107.7		1500	120	0	0	1500	106	60	98	600	99	300	87
601	1420.0	110.7		109.8		1740	121	60	118	1560	108	60	98	720	95	120	94
602	1300.0	106.1		104.2		1260	122	0	0	1440	107	120	104	780	87	300	85
603	1580.0	109.3		107.9		1740	121	60	112	1740	110	60	96	720	93	420	87
604	1000.0	108.7		106.9		600	126	0	0	1440	113	120	111	240	90	600	88
605	1480.0	103.1		101.7		1680	117	0	0	1380	100	300	95	540	90	540	85
606	1160.0	108.3		106.7		960	123	0	0	1440	111	0	0	660	95	420	86
607	1600.0	103.9		102.8		1800	115	120	110	1920	102	0	0	540	88	420	84
608	1500.0	103.9		101.9		1680	113	0	0	1920	105	60	43	420	89	420	86
609	1380.0	112.1		110.1		1620	127	0	0	1320	112	180	102	360	97	660	87
610	1280.0	113.2		111.5		1620	125	0	0	1440	111	0	0	360	104	420	83
611	1500.0	102.5		101.7		1560	112	0	0	1860	101	0	0	600	97	480	84
612	1360.0	108.4		106.9		1620	119	0	0	1320	110	60	87	660	97	420	83
613	1120.0	106.0		105.1		780	120	0	0	1500	107	0	0	600	99	480	89
614	1440.0	107.8		106.6		1620	118	0	0	1500	110	60	106	600	93	540	88
615	1340.0	111.4		110.1		1560	124	0	0	1440	110	0	0	720	96	300	90
616	1460.0	110.5		109.6		1620	121	0	0	1440	110	60	101	1140	99	120	87
617	1360.0	106.8		105.5		1320	119	0	0	1740	108	60	94	180	92	780	88
618	1300.0	110.8		108.8		1440	125	0	0	1320	111	240	109	300	97	600	84
619	1520.0	112.7		110.9		1680	128	0	0	1740	111	120	100	420	96	600	89
620	1500.0	109.7		107.8		1680	123	0	0	1680	111	60	114	300	92	780	85
621	1720.0	104.2		103.5		2160	111	0	0	1980	104	60	97	540	95	420	83
622	1800.0	102.7		101.8		1920	112	60	108	2160	103	0	0	840	88	420	87
623	1340.0	109.3		107.4		1680	121	0	0	960	115	300	101	540	92	540	85
624	1960.0	96.7		96.1		2340	102	0	0	2100	99	60	112	540	88	840	81
625	1360.0	102.2		101.7		1200	112	180	99	1440	100	60	100	780	100	420	88
626	1540.0	99.6		98.0		1680	112	60	119	1800	99	60	95	480	79	540	80
627	1600.0	99.7		99.0		1680	108	0	0	1440	101	180	101	960	93	540	82
628	1360.0	104.1		103.6		1800	109	0	0	1560	105	0	0	300	96	420	86
629	1220.0	102.6		101.4		1140	111	60	116	1380	107	120	99	300	92	660	83
630	1080.0	103.5		102.9		900	113	60	112	1320	104	60	105	480	94	420	91
631	1640.0	104.6		103.9		1740	115	60	107	1800	103	0	0	900	95	420	89
632	1500.0	105.0		103.1		1800	120	0	0	1500	101	120	105	540	84	540	87
633	1480.0	101.3		100.2		1860	110	60	119	1440	102	0	0	480	85	600	84
634	1740.0	99.9		98.6		2040	111	0	0	1800	99	180	101	420	81	780	83
635	1460.0	109.4		107.6		1440	124	0	0	1680	110	60	113	360	102	840	86
636	1400.0	113.4		112.5		1680	123	0	0	1500	113	60	101	660	101	300	92
637	1220.0	106.0		103.6		1140	123	0	0	1380	108	120	111	240	86	780	83
638	1640.0	105.7		105.0		2100	114	0	0	1800	104	60	111	300	94	660	89
639	1500.0	105.9		103.9		1740	123	0	0	1380	101	180	99	840	88	360	87
640	680.0	117.8		117.0		480	135	0	0	960	116	0	0	600	107	0	0
641	1440.0	110.5		109.3		1560	124	0	0	1860	105	0	0	540	107	360	86
642	1440.0	107.7		106.7		1500	117	60	110	1680	107	60	103	600	103	420	84
643	1480.0	102.9		101.4		1440	116	0	0	1620	104	0	0	600	94	780	83
644	1140.0	100.3		99.2		780	117	60	108	1260	101	120	95	660	92	540	85
645	1140.0	107.9		105.7		720	132	0	0	1680	109	60	97	480	91	480	86
646	1360.0	111.0		109.0		1680	125	0	0	1380	110	60	107	420	90	540	87
647	1500.0	106.3		105.0		1320	121	0	0	1920	106	120	102	660	93	480	86
648	1920.0	103.9		103.2		2580	112	0	0	1920	102	120	102	420	93	720	87
649	1440.0	108.9		107.7		1620	119	0	0	1620	110	60	86	540	98	480	86
650	920.0	121.9		120.1		960	140	0	0	960	117	0	0	480	115	360	96
651	2020.0	89.1		88.9		2220	94	60	94	2220	88	240	88	600	82	720	83
652	1820.0	98.8		98.3		2160	106	0	0	1680	99	60	94	1500	89	60	84
653	1260.0	111.6		110.3		1140	122	0	0	1320	113	180	102	720	111	420	84
654	1380.0	104.4		102.3		1680	118	0	0	1440	104	0	0	180	90	840	81
655	1320.0	102.2		101.0		1140	115	60	118	1500	104	180	99	360	86	720	86
656	2080.0	93.0		92.7		2280	98	60	90	2160	93	60	88	1320	87	360	84
657	1320.0	104.4		102.0		1200	123	0	0	1500	106	0	0	600	90	660	80
658	1740.0	103.6		101.3		1800	119	0	0	1740	106	120	107	540	86	1020	81
659	1600.0	100.5		99.1		1380	115	0	0	1920	101	120	104	660	87	720	83
660	1520.0	98.0		97.5		1620	104	120	107	1560	99	60	99	660	89	540	86
661	1360.0	96.1		95.4		1260	105	60	110	1380	96	240	92	480	91	660	83
662	1340.0	97.6		96.5		1200	111	60	117	1680	94	60	103	540	91	480	81
663	1440.0	103.4		101.9		1620	115	0	0	1560	104	120	105	120	83	900	84
664	1760.0	85.3		85.1		2220	84	0	0	1680	91	0	0	660	83	720	78
665	1700.0	94.0		93.6		2160	99	60	80	1680	95	0	0	720	86	480	82
666	1200.0	99.3		98.1		1020	113	0	0	1500	99	60	98	480	93	540	80
667	1440.0	89.5		88.4		1500	98	60	91	1680	91	0	0	600	80	480	69
668	1580.0	75.0		74.8		1500	79	60	96	1800	75	120	79	600	69	660	69
669	1380.0	46.4		37.6		1620	56	0	0	1740	47	0	0	360	11	420	37
670	1440.0	33.9		33.3		1620	39	60	34	1440	33	60	36	960	28	180	26
671	1260.0	38.1		35.5		1380	50	180	51	1440	31	120	34	0	0	660	26
672	1500.0	53.2		51.1		1980	59	0	0	1440	57	60	57	300	39	720	35
673	1500.0	55.4		54.6		1680	60	60	61	1560	58	0	0	660	43	540	48
674	1360.0	60.3		59.2		1620	67	60	70	1440	61	0	0	480	49	480	46
675	1240.0	52.2		40.2		1320	67	180	66	1200	54	300	50	240	11	480	24
676	1140.0	42.9		33.6		1200	63	180	59	1020	36	420	35	120	16	480	15
677	1200.0	33.8		29.8		1440	48	60	55	960	24	240	22	540	22	360	25
678	1400.0	44.7		41.6		1620	57	60	58	1500	42	0	0	540	28	480	29
679	1440.0	45.9		44.9		1380	54	180	53	1680	44	0	0	420	39	660	36
680	1500.0	49.8		48.0		1800	59	60	56	1320	49	180	47	480	33	660	39
681	1340.0	40.2		39.9		1560	43	60	39	1560	40	0	0	300	34	540	36
682	1380.0	40.3		37.0		1500	49	120	47	1560	41	120	42	300	21	540	23
683	1420.0	40.6		37.1		1620	52	120	47	1500	39	0	0	540	26	480	22
684	1520.0	41.8		41.1		1620	48	120	47	1800	40	120	43	240	32	660	34
685	1400.0	44.8		43.1		1500	56	120	59	1620	37	120	45	180	38	660	38
686	1460.0	49.5		47.6		1680	58	0	0	1500	50	120	51	660	36	420	34
687	1380.0	43.5		37.0		1380	52	240	60	1620	46	120	44	360	17	420	19
688	1080.0	32.4		27.7		1440	43	120	46	1140	26	60	17	60	17	420	14
689	1220.0	33.2		29.8		1620	42	0	0	1140	32	180	25	180	19	540	17
690	1380.0	51.9		48.0		1500	63	120	62	1500	54	0	0	480	34	540	29
691	1300.0	51.2		49.3		1380	63	60	67	1560	47	120	48	300	36	480	39
692	1220.0	36.3		32.3		1620	44	60	47	1380	35	60	31	180	16	360	16
693	1340.0	38.2		36.7		1740	43	60	48	1320	39	120	35	180	28	600	25
694	1320.0	34.7		34.3		1500	39	180	33	1440	32	120	37	180	28	540	32
695	1280.0	36.2		33.8		1500	44	60	31	1440	36	60	39	300	23	480	21
696	1320.0	51.9		47.4		1560	64	0	0	1440	52	240	47	60	31	660	27
697	1260.0	61.5		58.6		1380	72	120	63	1320	63	180	64	240	39	540	40
698	1400.0	64.9		62.7		1740	73	120	69	1560	66	0	0	60	44	720	44
699	1480.0	71.1		69.3		1860	80	0	0	1800	70	60	75	120	52	600	50
700	1300.0	73.9		70.7		1440	89	60	87	1080	76	120	71	240	56	960	53
701	1440.0	75.8		74.6		1800	85	60	87	1380	74	60	77	240	66	780	60
702	1640.0	71.7		71.1		1680	77	120	85	1800	73	60	68	360	61	900	62
703	1400.0	90.0		88.4		1320	103	120	95	1560	90	180	93	480	72	540	72
704	1740.0	83.5		83.2		1920	89	60	93	2040	83	0	0	300	76	900	75
705	1860.0	80.6		80.0		1920	89	180	88	2040	78	120	79	420	75	900	70
706	1720.0	84.0		82.7		2040	92	60	93	1680	87	0	0	660	68	720	68
707	1760.0	83.5		83.0		2100	89	0	0	1920	84	60	75	480	77	720	71
708	1660.0	81.2		81.0		2100	84	0	0	1680	83	60	88	480	72	660	74
709	1920.0	78.2		76.4		2280	87	180	93	1980	79	120	78	0	0	1200	58
710	1540.0	71.5		62.7		2040	86	240	85	1560	69	120	61	180	30	480	29
711	1380.0	70.1		62.8		1620	87	60	95	1560	69	120	72	180	34	600	35
712	860.0	82.2		81.0		780	92	0	0	1140	84	0	0	180	74	480	65
713	900.0	81.4		80.2		960	91	0	0	960	83	0	0	240	69	540	67
714	1060.0	83.3		82.0		1140	94	0	0	1320	82	60	66	240	78	420	64
715	1060.0	87.6		86.0		1200	98	120	93	1320	86	0	0	180	71	360	65
716	880.0	80.8		79.8		1020	91	0	0	900	79	0	0	180	74	540	67
717	880.0	88.7		87.3		1020	99	0	0	840	89	0	0	360	83	420	68
718	980.0	88.8		88.1		900	97	0	0	1020	90	120	85	720	82	180	70
719	920.0	85.5		84.0		900	96	60	83	960	89	60	78	420	74	360	65
720	820.0	86.6		85.4		900	95	0	0	780	89	60	87	300	81	420	68
721	960.0	86.3		85.2		960	96	0	0	1320	86	0	0	240	80	360	66
722	920.0	85.4		84.8		840	92	60	96	1140	86	60	85	300	76	360	74
723	1000.0	85.7		84.0		1260	97	60	88	780	86	60	73	240	75	600	67
724	840.0	86.2		83.4		720	102	60	89	1020	90	60	80	180	65	480	63
725	980.0	84.8		82.4		840	100	0	0	900	92	60	82	480	71	660	66
726	960.0	90.3		89.2		1080	96	0	0	1140	92	0	0	480	85	180	60
727	1060.0	85.2		84.5		1080	91	0	0	1080	89	0	0	720	78	300	68
728	980.0	86.6		85.7		900	97	0	0	1020	87	0	0	720	80	300	70
729	1000.0	86.7		85.9		960	96	0	0	1320	86	0	0	360	79	360	72
730	940.0	84.8		83.1		900	96	0	0	1440	84	0	0	180	80	300	58
731	920.0	88.5		87.7		1020	97	60	86	1020	86	60	73	180	94	420	74
732	880.0	88.2		86.5		1020	99	0	0	1080	87	60	83	120	83	360	64
733	960.0	85.5		84.8		1140	91	60	84	1080	86	60	82	180	84	360	68
734	880.0	86.7		85.9		780	94	60	95	1140	88	60	96	240	76	360	71
735	880.0	86.9		86.0		960	95	0	0	960	87	60	95	480	77	180	67
736	920.0	88.3		87.3		960	97	0	0	1140	89	0	0	240	82	420	70
737	840.0	83.7		82.8		660	91	0	0	1020	87	120	76	420	79	300	66
738	940.0	83.7		82.2		960	93	60	90	1140	86	0	0	360	68	300	63
739	780.0	87.2		85.7		780	96	0	0	960	89	120	88	180	79	300	63
740	960.0	88.4		87.3		1380	94	0	0	720	87	180	83	360	89	240	63
741	960.0	87.7		86.8		840	96	60	97	1140	90	60	86	420	79	360	70
742	900.0	84.2		83.3		780	93	60	84	1140	86	60	80	360	71	300	71
743	840.0	86.8		85.4		900	94	0	0	1020	91	0	0	300	72	300	66
744	960.0	89.1		88.2		960	96	0	0	1200	91	0	0	420	83	300	68
745	840.0	86.1		85.3		840	97	0	0	1020	83	60	82	300	81	300	72
746	880.0	88.0		86.5		840	100	0	0	1200	88	0	0	180	78	420	68
747	840.0	84.6		83.8		480	96	0	0	1080	87	60	78	660	79	240	68
748	900.0	87.3		86.6		900	96	0	0	1020	87	60	91	420	79	300	73
749	840.0	82.4		81.8		720	91	0	0	1020	82	120	75	360	79	300	70
750	720.0	84.1		83.7		540	93	120	83	900	83	120	75	180	87	300	74
751	1000.0	83.2		82.3		1260	91	0	0	780	83	60	69	480	78	420	68
752	960.0	85.1		84.3		960	93	60	85	900	86	120	85	420	81	420	69
753	1020.0	88.7		88.1		1140	93	0	0	1020	92	120	85	480	82	300	73
754	840.0	85.2		84.1		840	95	0	0	840	87	60	97	360	74	420	70
755	960.0	86.5		85.0		1020	95	60	93	1200	88	60	70	180	79	360	63
756	860.0	87.2		86.3		900	92	0	0	1140	89	0	0	180	90	360	68
757	820.0	85.3		84.0		840	92	0	0	1140	88	0	0	120	80	360	63
758	1100.0	85.1		83.8		1020	92	0	0	1440	89	60	83	360	76	420	63
759	900.0	84.5		83.4		1080	92	0	0	900	87	60	78	180	68	480	70
760	900.0	82.4		81.8		1020	89	0	0	1080	83	0	0	120	67	480	71
761	1060.0	83.7		82.7		1200	93	0	0	1140	83	120	81	300	72	420	68
762	960.0	83.6		82.3		960	92	0	0	1200	85	60	78	420	76	240	58
763	940.0	85.1		84.4		960	91	0	0	1140	87	60	97	180	76	480	71
764	1060.0	85.4		84.3		1320	92	0	0	840	91	60	69	600	72	360	73
765	1160.0	86.4		85.8		1320	92	0	0	1320	89	0	0	480	72	360	76
766	1160.0	85.9		84.6		1200	97	0	0	1320	86	60	93	420	69	480	72
767	900.0	82.9		82.3		1020	89	0	0	900	84	180	79	300	75	300	69
768	940.0	87.7		87.1		960	94	120	88	1080	87	0	0	300	90	360	71
769	940.0	85.1		84.1		1440	91	0	0	600	85	60	85	300	84	420	66
770	960.0	87.8		87.2		840	97	0	0	1140	88	120	88	420	80	360	75
771	920.0	90.1		89.2		1080	99	0	0	900	87	0	0	480	87	300	72
772	920.0	84.8		83.8		780	95	0	0	1200	85	60	98	300	77	420	69
773	880.0	84.7		83.6		960	93	0	0	1320	84	0	0	0	0	360	65
774	1000.0	90.6		89.5		1260	99	60	100	960	91	0	0	300	77	420	73
775	1060.0	87.6		86.5		1140	97	60	97	1140	88	60	90	420	73	360	72
776	1000.0	84.3		83.7		900	93	120	92	1020	82	60	81	600	80	300	72
777	980.0	89.4		88.3		1080	97	60	91	1080	90	60	88	240	88	420	69
778	1040.0	87.7		86.7		1260	94	0	0	1260	89	0	0	240	79	360	67
779	1000.0	87.5		86.5		1080	97	0	0	1320	86	0	0	180	82	420	70
780	1060.0	86.9		85.3		1260	96	60	103	1020	88	60	93	240	71	540	68
781	1060.0	89.2		88.5		1140	95	60	96	1200	91	60	77	300	82	420	74
782	1060.0	87.2		86.0		1380	91	0	0	1200	91	0	0	120	89	480	66
783	1020.0	86.1		85.3		1200	93	60	80	1020	88	60	84	300	75	420	71
784	1120.0	85.8		84.9		1080	95	60	89	1080	88	60	94	600	73	480	75
785	1060.0	91.7		90.4		1380	99	60	99	960	92	0	0	360	88	420	69
786	1080.0	88.0		87.2		1140	96	0	0	1140	89	120	82	420	81	420	72
787	980.0	84.4		83.9		1260	91	0	0	840	84	60	75	360	75	420	75
788	1080.0	89.2		88.6		1380	94	0	0	1080	89	0	0	480	87	300	71
789	1120.0	87.1		86.7		1200	93	60	84	840	90	120	83	780	81	360	76
790	1160.0	88.5		87.9		1620	94	0	0	1020	89	60	90	300	78	480	75
791	1020.0	88.8		87.8		1200	97	60	109	960	87	60	101	420	79	360	72
792	1020.0	88.9		87.6		1320	98	60	94	1020	87	60	100	180	70	420	71
793	1080.0	90.9		89.7		1140	100	60	80	1200	92	120	90	180	90	540	71
794	900.0	90.6		89.3		840	104	60	87	1080	89	120	89	300	81	300	70
795	1120.0	88.8		87.7		1140	99	0	0	1380	88	60	100	300	80	480	71
796	1020.0	88.2		86.8		1380	97	60	97	900	87	60	78	360	76	300	66
797	1000.0	90.5		89.8		900	97	0	0	1320	92	60	100	300	84	420	75
798	1000.0	87.6		86.5		900	99	60	93	1200	87	120	79	300	83	420	70
799	1140.0	87.9		86.9		1260	95	0	0	1260	90	60	94	360	77	480	71
800	1080.0	86.9		85.8		1140	93	0	0	1320	91	0	0	360	72	420	70
801	1040.0	84.8		83.5		1320	92	0	0	1080	87	0	0	300	71	420	66
802	1180.0	86.2		85.0		1260	95	120	90	1320	88	0	0	480	71	360	68
803	980.0	85.6		83.6		1080	96	0	0	1080	88	60	98	240	68	480	64
804	1120.0	90.3		89.8		1380	98	0	0	900	89	60	87	600	83	420	79
805	1100.0	87.6		86.6		1440	95	60	77	1260	87	0	0	60	66	480	71
806	1080.0	88.1		87.0		1080	97	0	0	1560	89	0	0	240	70	360	70
807	1100.0	85.9		84.8		1200	95	120	97	1080	85	120	86	240	66	540	74
808	1040.0	89.0		88.5		1140	97	0	0	1260	87	60	88	300	83	360	76
809	1140.0	89.6		88.2		1320	99	0	0	1260	91	0	0	480	78	360	66
810	1020.0	92.5		91.6		1200	100	60	97	1140	93	0	0	240	84	420	74
811	1100.0	91.7		90.7		1140	102	60	96	1140	92	0	0	540	80	420	77
812	960.0	84.6		83.7		960	95	0	0	1320	83	60	65	300	74	240	70
813	1040.0	87.2		86.1		1260	96	0	0	1080	86	0	0	240	85	540	70
814	1080.0	84.0		82.5		1260	96	60	89	960	82	120	76	300	69	540	69
815	1160.0	88.3		87.2		1320	97	0	0	1140	91	0	0	540	75	480	73
816	1240.0	87.9		86.5		1380	98	0	0	1020	92	0	0	780	77	540	70
817	1220.0	88.1		87.2		1380	97	120	87	1080	89	0	0	600	76	480	76
818	1140.0	84.3		83.4		1200	93	60	72	1200	86	60	78	360	76	540	69
819	1340.0	86.0		85.2		1500	93	60	94	1320	88	60	85	480	78	600	70
820	1200.0	87.9		86.8		1500	96	0	0	1140	88	180	83	300	82	480	68
821	1160.0	85.8		84.5		1440	94	0	0	1320	87	0	0	240	68	480	67
822	1300.0	87.6		87.0		1500	93	0	0	1500	89	60	88	180	81	660	74
823	1080.0	87.4		86.4		1260	97	0	0	1140	86	180	85	180	76	480	71
824	1300.0	86.7		85.9		1380	95	60	82	1260	88	60	91	600	78	540	72
825	1260.0	87.2		85.6		1260	94	60	89	1440	92	120	83	420	80	480	62
826	1280.0	89.2		88.0		1440	97	0	0	1380	92	0	0	540	79	480	69
827	1140.0	89.2		88.2		1560	93	0	0	1320	92	60	99	0	0	480	68
828	1320.0	88.3		87.8		1680	90	60	89	1320	94	60	68	60	84	780	77
829	1280.0	86.9		85.8		1440	95	60	82	1380	87	60	96	300	82	600	69
830	1140.0	88.5		87.8		1260	95	60	101	1380	88	120	89	120	80	480	73
831	1180.0	88.2		86.9		1380	99	0	0	1020	89	60	88	360	77	720	72
832	1220.0	86.9		85.7		1380	97	60	89	1320	86	60	93	420	72	420	70
833	880.0	88.9		88.1		960	95	120	92	780	92	60	87	240	85	480	73
834	1200.0	83.9		82.9		1380	91	60	85	960	88	120	86	360	75	720	69
835	1200.0	83.9		83.4		1380	86	60	89	1320	88	60	83	300	78	480	70
836	1140.0	88.3		87.7		1140	95	60	95	1140	90	180	82	300	81	600	77
837	1100.0	86.8		86.1		1200	93	60	84	1320	87	60	107	180	72	480	74
838	1060.0	86.6		85.4		1260	98	0	0	1080	84	60	74	300	74	480	72
839	1160.0	88.9		88.3		1560	95	60	92	960	90	0	0	360	77	540	77
840	1120.0	89.8		88.9		1380	97	60	97	1080	90	60	91	240	78	540	75
841	1020.0	91.3		89.6		1200	104	0	0	960	91	60	84	240	74	600	74
842	1000.0	87.1		85.8		1020	95	0	0	1260	90	60	91	180	69	480	69
843	1080.0	88.7		87.3		1380	98	0	0	1080	89	60	82	120	75	600	70
844	1180.0	85.8		84.7		1200	94	0	0	1500	88	0	0	240	76	600	68
845	1060.0	87.0		86.4		1320	93	60	95	1140	87	60	85	120	79	480	72
846	1120.0	88.5		87.6		1200	95	180	95	1080	91	60	80	240	83	600	72
847	1240.0	87.6		86.8		1500	94	0	0	1200	89	60	78	300	89	660	71
848	1320.0	89.8		89.4		1440	92	0	0	1320	94	120	90	300	83	780	81
849	1040.0	92.5		92.0		1380	99	60	98	960	91	180	84	180	87	360	78
850	1180.0	94.9		94.0		1260	106	60	94	1200	94	0	0	360	87	660	80
851	1080.0	90.4		89.8		1380	94	0	0	1200	91	0	0	180	99	480	75
852	1320.0	87.5		86.9		1560	94	60	87	1500	88	60	84	120	74	660	74
853	1160.0	88.6		88.0		1500	95	0	0	1080	89	120	84	180	78	600	76
854	1320.0	88.0		87.6		1620	93	0	0	1560	88	60	85	60	78	660	77
855	1240.0	90.9		90.0		1620	98	60	87	1140	91	180	90	60	91	660	74
856	1280.0	86.1		85.1		1860	93	60	87	900	87	120	82	180	73	720	71
857	1140.0	87.6		86.8		1500	93	120	94	1020	89	60	83	180	75	540	73
858	1060.0	87.2		85.9		1200	95	0	0	1200	90	60	89	60	73	660	69
859	1160.0	80.3		79.0		1560	87	60	70	1020	82	360	77	120	59	360	59
860	1180.0	92.7		91.8		1500	100	60	89	1200	93	0	0	360	85	420	73
861	1180.0	91.2		90.4		1500	98	0	0	1080	93	120	84	60	75	780	78
862	1060.0	96.6		95.2		1380	106	0	0	780	101	120	80	240	82	660	80
863	1200.0	96.8		96.2		1560	104	0	0	1260	95	180	89	60	87	540	84
864	1640.0	88.3		88.0		2100	93	0	0	1620	87	180	91	420	78	600	82
865	1740.0	84.2		82.6		2040	95	0	0	1800	85	60	82	360	63	960	68
866	1660.0	85.5		83.9		1800	99	60	94	1860	83	60	78	360	72	840	68
867	800.0	103.6		99.6		540	119	0	0	900	120	60	89	0	0	900	79
868	1100.0	96.5		94.5		780	113	0	0	1320	101	180	94	120	90	900	77
869	1480.0	105.7		105.0		1620	113	0	0	1860	105	0	0	360	108	600	87
870	1600.0	100.9		99.8		1380	113	60	110	1800	102	120	103	360	88	1080	87
871	1400.0	107.6		104.8		1200	127	0	0	1500	112	120	110	180	97	1200	84
872	1220.0	108.3		106.6		840	122	60	118	1740	112	60	106	240	102	720	85
873	1180.0	112.0		109.3		1020	133	0	0	1500	113	0	0	180	101	840	87
874	1340.0	106.5		104.5		1020	124	0	0	1680	110	60	112	480	91	780	85
875	1040.0	110.5		109.1		540	125	0	0	1860	114	0	0	240	96	480	88
876	1140.0	110.5		108.3		780	130	0	0	1620	110	0	0	660	107	360	77
877	960.0	122.0		119.4		720	152	0	0	1020	119	60	113	780	109	300	96
878	780.0	119.5		114.6		660	148	0	0	900	125	60	88	60	103	660	88
879	1200.0	122.4		119.3		1200	139	0	0	1560	126	120	97	240	97	480	88
880	1120.0	122.6		118.4		1140	150	0	0	1080	119	0	0	660	108	480	86
881	1100.0	119.7		117.1		1140	139	0	0	1260	119	0	0	600	101	300	87
882	920.0	121.6		119.7		540	141	0	0	1320	124	0	0	600	115	300	89
883	1040.0	120.4		117.3		780	143	0	0	1200	126	0	0	720	106	420	87
884	1260.0	115.7		112.8		1260	135	0	0	1560	116	60	103	240	94	660	87
885	960.0	121.1		118.2		900	142	0	0	1200	122	0	0	240	106	540	91
886	1100.0	118.9		116.7		1140	137	0	0	1260	116	60	99	480	109	360	88
887	1040.0	123.3		120.1		1200	139	0	0	1320	124	60	86	240	99	300	84
888	1100.0	120.1		118.0		1080	136	0	0	1140	124	120	98	780	103	180	88
889	1060.0	124.4		121.4		960	148	0	0	1140	125	120	112	540	109	420	92
890	1200.0	112.8		109.7		780	140	0	0	1740	115	120	107	300	90	660	86
891	1160.0	117.7		114.2		840	141	0	0	1440	121	0	0	720	109	480	80
892	900.0	127.0		124.1		720	152	0	0	1080	128	0	0	660	112	240	89
893	940.0	123.3		121.5		600	143	0	0	1560	124	60	109	300	114	300	92
894	1140.0	131.0		128.6		1200	152	0	0	1380	125	120	117	540	117	180	89
895	960.0	111.2		107.1		720	141	0	0	1140	114	60	114	300	84	660	86
896	1380.0	118.8		115.9		1380	135	0	0	1680	122	60	111	300	107	720	86
897	840.0	124.1		120.5		600	150	0	0	1140	129	0	0	420	103	360	90
898	1280.0	123.6		121.0		1260	145	0	0	1740	120	60	102	540	104	240	87
899	880.0	117.5		113.1		660	146	0	0	900	125	60	118	240	107	780	88
900	1140.0	121.0		116.9		900	150	0	0	1440	124	0	0	660	96	420	88
901	1080.0	118.6		117.1		1020	135	0	0	1440	116	0	0	540	108	240	89
902	980.0	119.3		115.8		720	146	0	0	1140	124	0	0	540	104	540	89
903	1100.0	117.8		115.0		900	141	0	0	1560	118	60	97	360	96	420	89
904	960.0	120.1		116.9		780	137	0	0	1200	127	0	0	360	112	540	86
905	1140.0	123.5		120.6		960	143	0	0	1320	126	120	111	540	118	480	87
906	860.0	117.3		113.9		540	142	0	0	1200	123	60	103	360	101	420	85
907	1000.0	117.8		113.7		780	139	0	0	1140	129	120	100	360	94	600	87
908	1440.0	118.0		115.7		1380	135	0	0	1800	119	0	0	600	105	540	86
909	1060.0	119.5		116.4		960	141	0	0	1440	120	0	0	240	101	540	88
910	1140.0	120.8		116.8		1200	142	0	0	1380	122	0	0	120	105	720	86
911	1000.0	127.2		124.4		960	146	0	0	1440	126	0	0	240	116	360	89
912	860.0	127.6		125.5		480	146	0	0	1200	131	0	0	660	122	240	89
913	1060.0	121.2		118.8		660	141	0	0	1680	125	0	0	300	111	540	91
914	1100.0	116.3		112.3		960	141	0	0	1260	120	0	0	360	100	720	85
915	840.0	132.6		129.1		660	156	0	0	1260	134	0	0	360	115	240	87
916	1300.0	120.7		117.2		960	139	0	0	1680	128	60	117	360	117	840	87
917	840.0	136.0		133.1		720	165	0	0	900	131	0	0	840	120	60	86
918	1340.0	117.8		115.5		1140	135	0	0	1860	120	0	0	480	103	540	87
919	1160.0	121.9		117.0		1200	145	0	0	1260	127	60	110	180	88	780	87
920	860.0	134.3		132.3		660	158	0	0	1020	136	0	0	900	115	0	0
921	1240.0	113.2		108.0		960	138	0	0	1500	120	120	108	420	101	720	74
922	1240.0	122.6		119.1		1020	145	0	0	1620	125	0	0	660	108	420	82
923	1400.0	108.2		101.6		1140	144	0	0	1560	112	0	0	360	84	1140	75
924	1240.0	115.3		113.1		1140	133	0	0	1620	115	60	119	600	97	300	85
925	960.0	125.7		123.5		1020	143	0	0	960	125	0	0	660	113	240	90
926	860.0	123.0		119.2		480	152	0	0	1140	128	60	96	420	120	480	88
927	700.0	120.4		118.4		240	147	0	0	1140	126	0	0	480	108	240	92
928	1000.0	121.5		118.3		480	145	0	0	1500	130	0	0	540	107	480	88
929	960.0	127.9		123.1		1140	149	0	0	1140	127	0	0	180	102	420	84
930	1360.0	124.9		122.6		1260	146	0	0	1680	123	0	0	840	109	300	91
931	1000.0	132.0		127.3		960	163	0	0	1080	127	0	0	600	117	360	89
932	1060.0	124.0		122.1		900	139	0	0	1320	128	60	117	480	112	420	94
933	940.0	129.7		127.8		660	158	0	0	1020	127	60	109	1080	116	0	0
934	860.0	123.9		119.6		900	148	0	0	840	126	180	96	240	110	420	88
935	900.0	125.0		120.6		720	160	0	0	1080	124	0	0	480	103	420	93
936	1060.0	130.9		126.5		1020	155	0	0	1320	132	0	0	300	120	540	89
937	840.0	125.3		122.3		720	146	0	0	1080	128	0	0	360	111	360	90
938	1200.0	112.1		110.0		1020	131	0	0	1500	113	180	96	480	98	420	86
939	1260.0	122.5		119.6		1140	144	0	0	1440	125	60	88	720	104	420	92
940	1060.0	127.9		123.9		1020	155	0	0	1380	125	0	0	420	106	360	88
941	1100.0	135.4		130.6		1020	162	0	0	1380	138	60	108	540	108	300	88
942	1200.0	127.8		125.3		1320	147	0	0	1380	125	0	0	780	107	120	84
943	1200.0	114.3		110.3		1080	141	0	0	1200	117	180	87	300	100	840	87
944	1060.0	126.2		123.9		1200	144	0	0	1080	124	120	100	660	110	120	84
945	1280.0	123.3		120.9		1320	142	0	0	1620	121	0	0	480	109	420	90
946	980.0	131.9		127.7		840	161	0	0	1320	131	0	0	600	107	180	85
947	680.0	131.5		129.9		540	153	0	0	900	131	0	0	600	113	0	0
948	1220.0	113.4		109.8		1080	136	0	0	1500	117	0	0	420	89	660	84
949	880.0	122.9		121.5		720	138	0	0	1200	122	0	0	540	116	180	89
950	1340.0	111.6		109.0		1200	130	60	116	1680	113	60	115	420	95	600	82
951	920.0	112.9		111.0		660	125	0	0	1260	119	60	108	360	103	420	85
952	1120.0	120.2		118.2		1080	134	0	0	1380	121	0	0	600	112	300	83
953	1060.0	115.6		111.5		900	140	0	0	1200	122	60	90	240	95	780	86
954	960.0	120.8		118.3		540	149	0	0	1260	125	60	112	960	102	60	87
955	940.0	119.1		117.2		720	137	0	0	1140	121	0	0	660	111	300	87
956	980.0	113.4		110.4		660	139	0	0	1260	117	0	0	540	100	480	84
957	1320.0	108.8		107.3		1320	121	0	0	1680	110	0	0	240	98	720	87
958	1160.0	114.0		112.1		960	133	0	0	1740	113	0	0	360	100	420	87
959	1000.0	115.2		112.6		840	138	0	0	1080	116	60	111	780	99	240	85
960	1180.0	106.7		106.0		840	117	60	114	1680	108	60	102	780	96	120	85
961	980.0	108.5		107.6		660	122	0	0	1380	110	0	0	660	99	240	89
962	780.0	100.6		99.7		240	119	0	0	1200	105	0	0	360	94	540	87
963	1340.0	99.6		98.7		1200	110	0	0	1800	100	0	0	420	95	600	81
964	1100.0	101.3		100.4		900	113	0	0	1140	104	180	91	720	92	360	87
965	920.0	104.1		103.1		480	121	60	117	1140	105	0	0	900	97	180	84
966	1260.0	98.9		97.7		960	113	0	0	1440	101	60	106	960	88	360	81
967	1500.0	102.0		100.6		1380	117	0	0	1560	103	0	0	1260	88	300	86
968	1080.0	104.3		102.0		660	130	0	0	1380	107	0	0	660	88	540	86
969	1300.0	108.9		107.6		1200	125	120	115	1680	106	0	0	540	93	360	91
970	1300.0	102.5		101.5		1080	116	0	0	1500	103	60	106	900	92	360	86
971	1440.0	104.2		103.2		1080	121	0	0	1980	103	0	0	960	93	300	88
972	1080.0	107.6		106.0		780	128	0	0	1260	109	0	0	720	95	480	90
973	1180.0	112.5		111.0		900	129	0	0	1500	114	120	97	720	102	300	87
974	1200.0	113.6		110.4		1260	133	0	0	1320	114	0	0	420	99	600	82
975	1000.0	118.9		116.2		840	144	0	0	1320	117	0	0	600	99	240	91
976	1200.0	113.6		110.9		1080	135	0	0	1380	115	60	105	600	95	480	86
977	980.0	120.4		117.6		900	140	0	0	1140	123	60	119	480	103	360	87
978	1200.0	117.1		114.6		1140	136	0	0	1380	119	60	101	600	98	420	89
979	1320.0	116.8		114.1		1380	137	0	0	1680	114	0	0	660	92	240	88
980	1720.0	103.4		100.8		1860	120	60	117	1860	103	300	81	540	87	540	75
981	1760.0	106.2		104.6		1800	120	0	0	1980	107	180	91	840	91	480	83
982	1040.0	116.1		114.2		720	136	0	0	1140	120	120	116	840	103	300	90
983	1100.0	115.5		112.8		900	135	0	0	1680	117	0	0	120	96	600	86
984	1140.0	113.4		110.9		1080	131	0	0	1260	117	0	0	600	96	480	86
985	1060.0	111.5		109.0		720	134	0	0	1320	115	0	0	660	99	480	85
986	820.0	114.6		113.1		420	131	0	0	1140	118	0	0	660	109	240	85
987	1160.0	110.8		109.1		1020	124	60	117	1620	113	0	0	180	97	600	86
988	1420.0	120.0		117.4		1500	137	0	0	1620	121	60	114	660	101	420	86
989	1400.0	115.8		113.1		1140	139	0	0	1920	115	0	0	540	104	600	85
990	1560.0	116.3		115.0		1920	129	0	0	1680	113	180	101	420	105	480	93
991	1240.0	117.0		114.3		1560	132	0	0	1380	116	120	85	120	104	540	86
992	1300.0	118.5		116.3		1380	137	60	105	1380	117	0	0	720	102	360	89
993	1340.0	121.4		119.0		1380	139	0	0	1620	122	60	105	540	101	420	90
994	1080.0	123.8		120.0		1140	146	0	0	1260	124	0	0	420	100	420	87
995	1280.0	120.2		117.7		1140	141	0	0	1800	118	0	0	540	108	360	84
996	1460.0	119.0		117.0		1620	136	0	0	1800	115	0	0	660	102	300	88
997	960.0	123.4		119.4		840	147	0	0	960	125	60	88	600	119	420	84
998	820.0	118.6		116.2		660	139	0	0	1020	121	0	0	480	104	300	89
999	880.0	125.7		120.4		720	158	0	0	1020	124	60	89	300	129	540	88
1000	1400.0	122.0		118.9		1560	140	60	115	1620	121	0	0	300	112	660	87
1001	1280.0	130.2		127.2		1500	150	0	0	1680	125	0	0	480	102	180	88
1002	1100.0	122.9		120.0		1020	143	0	0	1320	124	60	104	480	110	420	88
1003	1040.0	132.6		129.8		1020	153	0	0	1200	134	0	0	660	112	240	95
1004	1160.0	120.9		117.1		1080	142	0	0	1440	125	60	74	240	95	660	91
1005	1080.0	120.4		117.3		1020	138	0	0	1260	126	60	112	240	105	660	89
1006	1220.0	118.7		115.9		1140	138	0	0	1560	120	60	103	360	102	540	87
1007	1660.0	117.2		115.4		1980	132	0	0	2220	113	0	0	420	96	360	87
1008	1140.0	121.3		118.7		840	148	0	0	1500	120	0	0	840	107	240	86
1009	1020.0	115.9		112.5		660	143	0	0	1500	119	60	119	240	93	600	87
1010	1080.0	124.7		121.7		1140	144	0	0	1140	125	0	0	600	110	360	87
1011	1160.0	120.6		118.7		1020	135	0	0	1140	127	60	109	1020	108	240	86
1012	1180.0	129.6		126.3		1260	153	0	0	1380	126	0	0	720	106	180	88
1013	1120.0	127.2		125.3		1320	138	60	119	1320	129	60	99	360	114	240	87
1014	1120.0	125.0		122.2		1260	141	0	0	1380	126	0	0	420	100	300	88
1015	1320.0	127.4		123.9		1320	150	0	0	1860	125	0	0	300	104	480	89
1016	1040.0	122.5		120.0		780	144	0	0	1320	126	120	114	600	105	300	90
1017	1260.0	115.1		112.3		1140	137	0	0	1440	117	120	86	600	95	480	90
1018	860.0	127.2		124.4		780	143	0	0	1080	131	0	0	420	117	300	87
1019	1300.0	126.3		125.1		1320	140	0	0	1800	123	0	0	660	115	120	88
1020	1160.0	117.2		114.2		960	141	0	0	1560	117	120	109	300	102	540	86
1021	1120.0	123.0		119.0		1080	148	0	0	1500	122	0	0	300	96	480	87
1022	1100.0	130.5		128.0		900	155	0	0	1500	130	0	0	780	109	120	94
1023	1100.0	120.1		117.9		840	136	0	0	1500	125	60	90	480	105	420	92
1024	1280.0	111.5		106.6		1080	137	0	0	1560	113	120	87	540	103	540	70
1025	1140.0	119.1		115.9		1080	139	0	0	1560	120	0	0	300	97	480	85
1026	1120.0	116.6		113.3		900	147	0	0	1500	113	0	0	600	98	360	87
1027	1220.0	126.3		122.9		1260	146	0	0	1380	128	0	0	540	110	480	88
1028	1140.0	126.3		123.4		1080	143	0	0	1500	129	60	108	360	114	420	87
1029	1320.0	114.2		109.2		1140	142	0	0	1800	115	0	0	360	90	660	77
1030	1180.0	126.5		124.0		840	145	0	0	1680	132	0	0	720	106	300	93
1031	1140.0	129.2		127.2		840	148	0	0	1800	130	0	0	600	112	180	90
1032	1360.0	122.2		118.7		1380	141	0	0	1680	124	60	104	480	104	480	82
1033	1460.0	120.4		117.8		1560	140	0	0	1620	118	0	0	900	102	300	86
1034	1260.0	127.4		124.8		1260	147	0	0	1560	127	0	0	780	106	180	87
1035	1280.0	120.5		117.2		1020	147	0	0	1740	121	0	0	660	99	420	88
1036	1100.0	123.5		121.1		960	142	0	0	1380	125	0	0	660	110	300	87
1037	1320.0	116.7		114.7		1080	135	0	0	1980	117	0	0	360	102	540	89
1038	1360.0	115.1		113.4		1320	133	0	0	1740	111	120	99	480	107	420	90
1039	1220.0	118.9		116.5		1140	139	0	0	1500	118	0	0	660	103	360	88
1040	1120.0	115.4		112.9		1140	132	0	0	1260	118	120	99	300	99	540	87
1041	1500.0	125.9		123.9		1740	140	0	0	1680	126	0	0	780	109	300	88
1042	1480.0	124.8		121.5		1860	143	0	0	1800	121	0	0	300	94	480	88
1043	1660.0	120.7		118.2		1980	138	0	0	1620	118	120	89	840	106	420	88
1044	1540.0	124.3		121.2		1740	146	0	0	1680	119	60	116	720	106	420	88
1045	1360.0	128.6		125.3		1200	154	0	0	1920	127	0	0	540	106	420	92
1046	1180.0	129.3		125.8		1140	153	0	0	1260	131	60	91	900	108	180	87
1047	1300.0	133.9		131.5		1500	150	0	0	1680	131	0	0	360	120	360	94
1048	1380.0	126.9		124.6		1440	146	0	0	1680	124	0	0	720	110	300	92
1049	1320.0	127.0		123.7		1320	149	0	0	1740	126	0	0	420	103	480	91
1050	1040.0	132.6		130.6		1020	148	0	0	1440	132	0	0	420	119	240	94
1051	1220.0	126.1		124.1		1200	141	0	0	1560	129	0	0	660	104	240	94
1052	1120.0	126.8		124.6		1140	144	0	0	1500	125	0	0	360	116	360	91
1053	1260.0	124.6		121.3		1320	145	0	0	1380	126	0	0	600	106	480	88
1054	1260.0	126.9		124.0		1620	143	0	0	1260	125	60	90	540	110	300	86
1055	1100.0	126.9		124.2		1020	149	0	0	1380	124	60	101	600	115	240	86
1056	1240.0	128.1		125.8		960	149	0	0	1440	131	0	0	1080	114	240	90
1057	1000.0	122.9		120.3		720	151	0	0	1380	120	0	0	660	111	240	88
1058	1380.0	117.8		114.9		1500	138	60	107	1620	115	120	90	240	101	600	88
1059	1160.0	123.0		120.5		1140	139	0	0	1200	128	180	101	720	107	240	86
1060	1220.0	124.4		120.4		1140	147	0	0	1680	126	0	0	420	96	420	85
1061	1060.0	125.2		123.2		1140	141	0	0	1500	122	0	0	180	116	360	93
1062	1360.0	117.4		114.8		1380	137	0	0	1560	117	60	107	600	98	480	88
1063	1100.0	129.6		126.4		900	159	0	0	1380	128	0	0	780	109	240	96
1064	1440.0	121.0		119.0		1380	136	0	0	2100	121	0	0	480	103	360	87
1065	1380.0	121.4		117.7		1260	144	0	0	1680	125	0	0	780	95	420	88
1066	1220.0	129.9		127.7		1500	143	60	117	1440	128	60	88	360	121	240	87
1067	1460.0	124.7		121.9		1620	144	0	0	1800	120	0	0	480	115	480	87
1068	1140.0	125.7		122.7		1020	153	0	0	1260	121	60	100	780	113	300	91
1069	1020.0	128.5		125.8		1200	148	0	0	1020	124	120	98	480	116	240	91
1070	1440.0	119.7		116.3		1260	143	0	0	1860	121	120	84	600	101	480	86
1071	1540.0	123.4		120.3		1980	141	0	0	1740	119	60	109	240	105	600	87
1072	1080.0	124.8		122.9		1020	142	0	0	1320	126	0	0	660	106	240	97
1073	1140.0	122.1		117.5		1140	147	0	0	1200	126	0	0	600	96	480	86
1074	1400.0	118.8		117.1		900	140	0	0	1860	120	0	0	1140	108	300	89
1075	1200.0	124.2		122.1		1200	142	0	0	1680	121	0	0	480	110	240	86
1076	1100.0	126.1		123.9		1080	143	0	0	1260	128	0	0	840	107	120	87
1077	1440.0	116.0		113.1		1260	136	60	119	2040	117	0	0	120	90	840	87
1078	1320.0	125.4		121.6		1200	151	0	0	1920	123	0	0	300	107	540	87
1079	1300.0	122.9		120.1		1560	139	0	0	1500	121	0	0	360	112	480	85
1080	1340.0	119.6		116.1		1320	138	0	0	1500	126	120	86	600	97	480	86
1081	980.0	133.0		131.0		840	152	0	0	1380	131	0	0	600	121	120	84
1082	1020.0	118.9		114.8		660	150	0	0	1380	124	0	0	300	99	720	89
1083	1220.0	119.3		118.1		1440	129	0	0	1560	118	0	0	420	110	240	86
1084	960.0	121.2		117.3		660	151	0	0	1200	126	0	0	420	105	600	90
1085	1520.0	120.3		118.9		1380	136	0	0	1980	119	120	116	720	107	360	95
1086	1120.0	128.5		125.7		900	148	0	0	1260	131	60	88	900	120	240	84
1087	1140.0	124.8		121.3		1080	149	0	0	1260	125	60	98	780	106	240	83
1088	940.0	136.7		132.6		840	161	0	0	1200	138	0	0	540	119	240	85
1089	800.0	121.5		118.4		540	148	0	0	1080	125	0	0	360	107	420	91
1090	1120.0	126.4		124.5		960	142	0	0	1500	129	0	0	720	110	180	88
1091	1640.0	125.2		123.2		1740	142	0	0	2280	121	0	0	480	114	420	91
1092	960.0	130.6		127.4		900	151	0	0	1140	134	120	102	540	110	180	88
1093	1100.0	129.1		123.8		1320	153	0	0	1200	127	60	84	120	115	600	88
1094	1200.0	119.7		115.6		1260	141	0	0	1140	126	120	86	660	96	420	86
1095	1180.0	130.8		127.0		1560	151	0	0	960	126	120	99	600	114	300	87
1096	1240.0	124.1		120.9		1020	142	0	0	1500	130	60	115	900	107	240	77
1097	1060.0	128.7		125.3		1020	152	0	0	1440	127	0	0	240	111	480	93
1098	1260.0	130.9		127.4		1200	154	0	0	1680	131	0	0	600	105	300	90
1099	1360.0	123.2		121.2		1260	140	0	0	1920	123	0	0	600	107	300	87
1100	1040.0	131.3		127.3		960	157	0	0	1380	131	0	0	480	108	300	88
1101	1060.0	130.0		126.9		840	153	0	0	1320	135	0	0	840	107	180	93
1102	1080.0	124.3		121.4		840	154	0	0	1560	121	0	0	660	103	180	93
1103	1260.0	123.1		119.7		1320	143	0	0	1380	126	60	108	600	99	420	88
1104	1040.0	130.5		126.0		840	158	0	0	1380	133	0	0	420	116	480	88
1105	980.0	129.5		126.5		660	155	0	0	1500	130	60	90	540	117	180	83
1106	1180.0	118.7		115.6		1260	137	0	0	1200	121	0	0	480	106	600	86
1107	1060.0	118.7		115.0		1020	143	0	0	1020	122	60	103	540	98	540	89
1108	1100.0	125.7		121.6		960	152	0	0	1440	127	120	109	420	99	360	87
1109	980.0	125.2		122.0		720	149	0	0	1260	129	60	112	480	113	420	89
1110	1040.0	126.3		123.5		780	147	0	0	1620	129	0	0	420	105	300	88
1111	1120.0	127.4		121.4		1080	154	0	0	1560	129	0	0	360	82	360	86
1112	1220.0	128.5		125.2		1200	151	0	0	1320	130	0	0	900	107	240	88
1113	1300.0	125.8		123.1		1320	144	0	0	1560	127	0	0	720	106	300	87
1114	1280.0	120.7		117.5		1380	140	0	0	1500	121	240	100	240	98	480	86
1115	1320.0	120.1		116.1		1740	141	0	0	1200	114	180	86	360	103	480	85
1116	1300.0	125.9		122.7		1260	149	0	0	1440	124	120	103	660	114	420	88
1117	1000.0	136.6		135.4		1080	152	0	0	960	136	0	0	960	120	0	0
1118	980.0	130.3		129.1		660	149	0	0	1200	130	0	0	1020	121	60	88
1119	1160.0	129.7		126.6		1080	151	0	0	1680	128	0	0	360	115	360	88
1120	840.0	140.7		138.6		540	169	0	0	960	138	0	0	960	131	60	85
1121	1320.0	111.6		107.2		1320	132	0	0	1560	116	180	80	60	98	840	79
1122	1380.0	114.6		111.5		1080	134	0	0	1620	123	0	0	960	93	480	86
1123	1100.0	125.5		122.7		900	149	0	0	1500	126	0	0	600	106	300	91
1124	1220.0	116.3		113.6		960	136	0	0	1680	120	60	87	420	100	540	86
1125	1340.0	120.1		118.5		1680	133	0	0	1620	114	0	0	420	116	300	87
1126	1020.0	124.2		121.5		600	146	0	0	1380	130	120	112	660	112	300	86
1127	1060.0	127.6		124.7		1020	146	0	0	1380	129	0	0	480	110	300	87
1128	1400.0	120.0		116.1		1380	147	0	0	1560	117	0	0	540	104	720	87
1129	1000.0	116.8		113.9		780	135	0	0	1380	122	60	96	360	98	420	85
1130	1240.0	118.8		116.6		1140	136	0	0	1440	120	0	0	780	107	360	85
1131	1200.0	120.0		117.0		1080	142	0	0	1620	120	0	0	360	100	540	89
1132	1120.0	129.5		126.5		1080	149	0	0	1500	130	60	117	420	109	300	88
1133	1120.0	128.9		125.7		1380	147	0	0	1200	126	0	0	480	110	300	87
1134	1060.0	132.0		128.2		1140	153	0	0	1380	130	60	105	240	116	360	88
1135	1180.0	126.1		123.1		1200	145	0	0	1500	126	0	0	360	113	480	89
1136	1140.0	124.8		120.4		960	150	0	0	1200	130	60	86	600	116	600	87
1137	1140.0	128.0		125.5		960	147	0	0	1560	129	0	0	600	115	300	88
1138	1480.0	123.5		119.6		1800	142	0	0	1680	124	0	0	420	88	540	88
1139	740.0	123.5		118.5		480	154	0	0	1140	129	0	0	120	100	480	86
1140	1180.0	122.0		119.0		1140	142	0	0	1620	121	60	103	240	111	480	86
1141	920.0	125.1		121.1		720	150	0	0	1260	128	0	0	240	119	540	88
1142	1100.0	127.6		123.6		1380	148	0	0	1320	123	60	99	120	85	420	91
1143	1100.0	129.2		124.3		960	153	0	0	1440	130	0	0	420	126	480	82
1144	1160.0	120.6		116.9		900	145	0	0	1560	125	0	0	300	103	720	88
1145	1280.0	124.2		121.2		1140	145	0	0	1620	126	60	105	660	107	360	85
1146	1180.0	118.1		114.2		900	151	0	0	1440	117	120	101	540	101	540	87
1147	840.0	140.0		136.7		660	173	0	0	900	139	0	0	840	121	120	100
1148	920.0	122.4		120.2		660	140	0	0	1440	126	0	0	240	104	420	93
1149	1020.0	132.5		130.9		840	154	0	0	1320	131	0	0	840	116	60	98
1150	760.0	127.3		124.0		360	156	0	0	1020	136	0	0	720	111	180	86
1151	780.0	130.2		126.6		600	162	0	0	840	123	0	0	720	123	180	86
1152	860.0	124.3		118.5		660	157	0	0	900	133	120	98	360	109	540	86
1153	800.0	127.9		122.2		540	162	0	0	1020	134	60	102	300	116	480	87
1154	1060.0	124.9		119.6		900	153	0	0	1260	131	0	0	360	103	660	87
1155	860.0	130.8		127.2		720	157	0	0	1080	133	60	102	600	107	120	87
1156	960.0	126.2		121.7		960	150	0	0	1080	130	60	111	300	97	480	90
1157	860.0	128.5		124.0		480	159	0	0	1320	135	0	0	360	111	420	88
1158	1000.0	126.1		121.7		960	149	0	0	1200	129	120	97	180	118	540	88
1159	980.0	132.6		130.4		960	146	0	0	1200	135	60	116	480	123	240	90
1160	660.0	137.9		135.6		480	161	0	0	900	140	0	0	540	119	60	92
1161	1080.0	133.1		129.0		900	154	0	0	1320	143	0	0	900	104	120	87
1162	740.0	132.9		128.9		600	158	0	0	960	135	0	0	360	121	300	90
1163	660.0	130.3		126.3		420	156	0	0	720	141	0	0	660	115	180	84
1164	780.0	131.4		128.3		720	152	0	0	900	136	0	0	480	110	240	95
1165	860.0	137.2		132.9		840	162	0	0	1080	137	0	0	420	117	240	87
1166	1060.0	130.8		126.8		1140	154	0	0	1320	126	0	0	300	124	420	88
1167	960.0	129.6		126.0		960	149	0	0	1260	131	0	0	300	113	360	87
1168	1160.0	127.0		122.6		1080	151	0	0	1380	131	60	105	420	107	540	87
1169	900.0	124.6		120.7		780	146	0	0	1080	129	60	85	420	113	360	85
1170	1200.0	127.3		122.6		1140	153	0	0	1500	128	0	0	360	112	600	86
1171	640.0	137.3		135.1		240	170	0	0	960	142	0	0	660	123	60	89
1172	960.0	130.7		127.1		960	153	0	0	960	130	0	0	660	119	300	87
1173	1120.0	124.6		121.3		900	150	0	0	1440	125	0	0	660	110	360	86
1174	660.0	130.9		128.3		180	172	0	0	1080	135	0	0	540	122	180	92
1175	760.0	134.6		131.6		540	163	0	0	1080	134	0	0	480	120	180	92
1176	700.0	130.7		126.8		600	154	0	0	840	135	0	0	420	114	240	87
1177	820.0	125.4		123.9		600	140	0	0	1080	128	0	0	600	116	180	92
1178	680.0	131.3		125.7		480	163	0	0	900	136	0	0	300	121	360	86
1179	960.0	134.7		129.4		1080	160	0	0	1200	132	60	106	120	111	420	88
1180	1000.0	122.0		117.1		720	146	0	0	1140	131	60	85	360	124	720	86
1181	880.0	126.9		122.6		780	157	0	0	1080	126	0	0	360	105	420	92
1182	820.0	127.0		123.4		660	152	0	0	1140	129	0	0	420	105	240	87
1183	720.0	127.7		124.9		600	151	0	0	960	128	0	0	480	108	120	87
1184	660.0	120.4		116.8		300	145	0	0	960	128	0	0	360	116	360	84
1185	880.0	119.8		115.5		300	158	0	0	1320	130	0	0	360	109	660	88
1186	800.0	124.1		120.4		780	150	0	0	900	120	0	0	420	112	300	86
1187	1220.0	115.6		112.6		1020	141	0	0	1680	112	0	0	420	109	540	84
1188	920.0	125.6		121.9		720	152	0	0	1140	128	0	0	540	111	360	87
1189	1200.0	126.6		122.4		1260	149	0	0	1440	128	60	94	300	102	540	88
1190	880.0	119.6		118.3		840	130	0	0	1140	122	60	86	420	110	180	90
1191	540.0	116.3		110.9		300	159	0	0	540	124	120	88	240	113	420	86
1192	1000.0	122.9		117.0		1020	154	0	0	1200	120	120	96	180	85	480	85
1193	760.0	122.9		118.8		480	157	0	0	900	128	0	0	600	106	300	87
1194	640.0	127.1		122.7		420	157	0	0	840	135	60	96	480	101	120	87
1195	800.0	129.1		125.0		480	152	0	0	1260	137	0	0	240	110	420	90
1196	700.0	124.9		122.3		540	151	0	0	780	122	0	0	600	116	180	89
1197	920.0	124.9		121.6		660	144	0	0	1260	130	0	0	360	121	480	88
1198	940.0	123.9		120.8		840	147	0	0	1200	123	60	113	360	112	360	87
1199	860.0	132.1		127.4		660	166	0	0	960	132	0	0	600	121	360	89
1200	460.0	122.6		117.2		180	163	0	0	660	134	0	0	120	117	420	89
1201	920.0	136.3		131.7		780	166	0	0	1320	135	0	0	360	117	300	88
1202	720.0	139.2		133.3		720	166	0	0	900	141	0	0	300	113	240	85
1203	900.0	138.1		134.1		660	161	0	0	1260	142	60	101	480	127	240	86
1204	660.0	136.9		132.5		300	175	0	0	900	145	0	0	600	120	180	89
1205	920.0	124.0		120.9		1020	137	0	0	1020	130	60	86	240	116	420	88
1206	800.0	138.6		132.6		660	170	0	0	900	144	120	109	420	123	300	87
1207	660.0	133.4		127.4		540	159	0	0	840	143	60	99	180	114	360	88
1208	680.0	125.8		120.9		540	154	0	0	780	134	60	98	180	105	480	92
1209	500.0	130.4		124.9		360	158	0	0	540	141	60	88	360	117	180	84
1210	740.0	128.5		121.4		600	168	0	0	960	130	60	90	120	105	480	87
1211	260.0	141.1		140.0		180	164	0	0	240	130	0	0	360	137	0	0
1212	920.0	127.7		123.9		840	154	0	0	1260	125	60	99	300	112	300	87
1213	760.0	127.9		122.6		660	159	0	0	720	134	120	87	600	107	180	86
1214	680.0	136.8		130.2		480	167	0	0	780	150	0	0	480	117	300	86
1215	840.0	131.0		127.7		600	155	0	0	1140	136	0	0	540	112	240	90
1216	540.0	134.6		130.2		360	157	0	0	780	141	0	0	240	127	240	88
1217	740.0	133.3		127.6		600	160	0	0	960	138	0	0	240	129	420	87
1218	800.0	136.0		130.6		780	164	0	0	900	138	0	0	420	114	300	88
1219	860.0	131.5		127.4		720	148	0	0	1140	140	0	0	300	119	420	89
1220	740.0	149.0		145.2		540	175	0	0	960	156	0	0	660	123	60	88
1221	520.0	122.3		115.4		180	170	0	0	600	138	0	0	300	122	480	85
1222	640.0	130.3		121.4		420	179	0	0	720	138	60	86	240	122	480	86
1223	820.0	134.3		127.6		720	165	0	0	1200	135	0	0	60	137	480	86
1224	820.0	115.8		111.3		360	148	0	0	1200	127	0	0	60	88	840	88
1225	560.0	125.2		121.0		180	171	0	0	720	137	0	0	360	114	420	95
1226	560.0	138.8		135.6		180	162	0	0	720	152	0	0	600	129	180	95
1227	600.0	122.0		114.9		300	171	0	0	600	135	0	0	420	112	480	84
1228	400.0	137.9		135.1		120	156	0	0	480	152	0	0	480	130	120	95
1229	600.0	131.5		129.3		180	175	0	0	840	135	0	0	720	120	60	90
1230	800.0	128.3		123.0		780	155	0	0	840	133	0	0	360	108	420	87
1231	620.0	131.7		130.0		480	153	0	0	900	130	0	0	420	117	60	91
1232	620.0	125.1		119.3		180	162	0	0	840	142	0	0	360	118	480	87
1233	820.0	140.7		136.2		480	169	0	0	1140	149	60	108	540	124	240	90
1234	540.0	136.7		132.6		360	160	0	0	600	145	0	0	480	127	180	88
1235	900.0	131.2		125.0		600	163	0	0	1320	139	60	118	60	121	660	89
1236	600.0	131.5		127.6		420	162	0	0	660	138	60	119	540	111	120	88
1237	600.0	126.6		122.4		300	156	0	0	960	133	0	0	300	111	240	84
1238	840.0	132.0		128.9		480	160	0	0	1380	135	0	0	480	112	180	88
1239	720.0	120.3		116.9		420	149	0	0	720	127	0	0	540	116	480	90
1240	520.0	133.2		124.9		300	177	0	0	480	142	60	100	420	133	300	82
1241	640.0	132.6		127.9		420	169	0	0	1020	132	0	0	300	113	180	84
1242	680.0	136.8		130.5		660	167	0	0	840	138	60	87	180	115	300	90
1243	640.0	121.9		114.9		540	147	0	0	600	139	120	85	120	126	540	85
1244	620.0	134.4		129.3		540	168	0	0	840	132	0	0	180	114	300	93
1245	640.0	131.3		124.8		600	173	0	0	780	120	0	0	240	117	300	89
1246	400.0	130.6		128.4		180	148	0	0	480	144	0	0	420	116	120	102
1247	640.0	114.3		110.2		300	148	0	0	840	123	60	85	120	115	600	88
1248	580.0	133.2		123.9		360	190	0	0	960	133	0	0	120	83	300	86
1249	500.0	138.6		136.4		240	165	0	0	660	145	0	0	540	124	60	94
1250	580.0	125.7		121.7		240	157	0	0	660	135	0	0	540	122	300	87
1251	560.0	128.8		123.9		240	153	0	0	900	140	0	0	180	122	360	88
1252	820.0	120.9		116.7		600	146	0	0	1020	128	120	95	180	113	540	88
1253	760.0	121.6		116.4		420	148	0	0	1020	136	60	86	420	94	360	88
1254	320.0	125.9		119.0		60	140	0	0	480	151	0	0	180	106	240	87
1255	680.0	140.4		135.2		240	181	0	0	1080	151	0	0	540	119	180	87
1256	700.0	142.1		135.5		900	170	0	0	540	143	60	99	480	108	120	87
1257	580.0	119.8		114.1		240	162	0	0	780	130	0	0	180	121	540	86
1258	660.0	141.1		138.0		420	152	0	0	780	143	0	0	600	147	180	88
1259	740.0	144.6		138.4		720	171	0	0	1020	144	0	0	180	139	300	87
1260	700.0	135.9		129.1		480	175	0	0	1020	140	0	0	240	114	360	87
1261	560.0	131.3		127.7		300	148	0	0	900	141	0	0	300	112	180	87
1262	500.0	123.8		118.7		300	150	0	0	660	127	0	0	180	144	360	86
1263	620.0	127.5		123.3		420	157	0	0	840	133	0	0	180	114	420	93
1264	540.0	132.2		125.8		480	171	0	0	660	130	0	0	240	103	240	90
1265	880.0	130.7		122.7		720	167	0	0	1140	137	0	0	120	93	660	87
1266	460.0	144.4		138.5		120	199	0	0	660	160	0	0	420	125	180	96
1267	540.0	134.3		126.3		360	171	0	0	660	149	0	0	300	104	300	88
1268	500.0	128.8		121.9		360	163	0	0	540	142	0	0	180	114	420	89
1269	660.0	123.6		120.0		480	143	0	0	720	134	0	0	480	112	300	86
1270	600.0	130.2		124.7		360	157	0	0	780	144	60	85	420	107	180	86
1271	400.0	133.3		128.3		180	171	0	0	540	138	0	0	240	137	240	91
1272	600.0	133.5		126.8		480	167	0	0	840	138	0	0	120	105	360	88
1273	500.0	141.2		138.5		360	166	0	0	600	145	0	0	480	124	60	92
1274	580.0	119.9		116.6		360	145	0	0	900	124	0	0	120	106	360	89
1275	460.0	135.3		129.1		420	169	0	0	480	138	60	86	240	116	180	92
1276	500.0	123.9		120.4		120	155	0	0	840	133	0	0	240	120	300	89
1277	460.0	116.6		108.6		60	172	0	0	420	141	60	91	180	158	660	87
1278	520.0	114.7		110.6		180	166	0	0	600	124	0	0	360	101	420	91
1279	580.0	119.0		113.8		240	143	0	0	780	137	60	107	180	101	480	86
1280	600.0	143.9		138.3		420	175	0	0	840	148	0	0	300	132	240	90
1281	480.0	121.0		117.1		180	146	0	0	600	134	0	0	360	116	300	86
1282	780.0	128.5		122.2		660	164	0	0	1020	129	0	0	120	111	540	88
1283	580.0	138.2		131.7		300	185	0	0	840	146	120	91	360	112	120	92
1284	780.0	126.9		119.6		720	164	0	0	660	130	120	101	180	127	660	88
1285	640.0	147.1		143.7		360	187	0	0	960	145	0	0	540	131	60	86
1286	840.0	120.6		114.5		600	153	0	0	960	132	60	90	180	96	720	87
1287	580.0	123.7		118.8		360	156	0	0	840	129	0	0	180	110	360	86
1288	540.0	130.6		125.2		300	150	0	0	840	143	0	0	120	123	360	88
1289	620.0	130.1		125.6		360	150	0	0	780	140	0	0	360	131	360	88
1290	460.0	134.0		127.8		360	174	0	0	420	135	0	0	360	122	240	90
1291	440.0	133.9		131.7		300	158	0	0	420	135	0	0	480	127	120	97
1292	580.0	147.2		144.0		300	165	0	0	900	152	0	0	420	141	120	88
1293	660.0	137.2		130.6		480	170	0	0	840	146	0	0	300	118	360	89
1294	520.0	119.9		115.2		480	147	0	0	600	122	60	84	120	104	300	86
1295	620.0	112.9		108.8		480	138	0	0	600	124	120	94	0	0	660	88
1296	580.0	123.1		119.8		180	165	0	0	780	134	0	0	660	104	120	95
1297	640.0	135.9		130.0		480	171	0	0	900	138	0	0	240	118	300	88
1298	460.0	139.0		133.3		240	179	0	0	720	144	0	0	240	122	180	88
1299	440.0	117.3		111.1		240	142	0	0	480	140	120	86	60	112	420	87
1300	460.0	123.7		117.9		360	162	0	0	180	147	120	113	540	104	180	90
1301	420.0	131.4		129.2		120	153	0	0	720	140	0	0	300	116	120	97
1302	260.0	144.1		140.2		0	0	0	0	300	164	0	0	420	138	60	87
1303	600.0	128.1		122.4		360	166	0	0	960	132	0	0	60	111	420	89
1304	520.0	142.9		140.1		180	178	0	0	780	150	0	0	540	127	60	89
1305	440.0	130.8		124.1		300	167	0	0	600	138	0	0	120	111	300	88
1306	540.0	123.0		116.6		180	170	0	0	600	140	60	105	300	122	480	87
1307	420.0	135.3		133.3		300	156	0	0	420	144	0	0	540	117	0	0
1308	820.0	140.0		134.9		540	170	0	0	1140	148	0	0	540	116	240	89
1309	540.0	109.2		104.8		420	147	0	0	360	105	60	108	120	107	660	88
1310	500.0	127.4		123.4		420	152	0	0	600	131	0	0	180	119	300	91
1311	400.0	139.9		130.9		240	175	0	0	480	147	0	0	180	161	300	88
1312	440.0	122.8		117.2		240	158	0	0	540	134	0	0	180	114	360	87
1313	480.0	125.0		117.8		360	165	0	0	480	135	0	0	180	105	420	88
1314	340.0	124.9		120.5		120	153	0	0	480	133	0	0	180	134	240	88
1315	400.0	129.2		124.7		120	176	0	0	720	135	0	0	180	117	180	87
1316	480.0	122.2		117.4		240	140	0	0	720	136	0	0	60	125	420	88
1317	700.0	126.3		122.1		720	150	0	0	900	126	0	0	120	96	360	90
1318	360.0	116.3		110.4		240	154	0	0	240	135	60	87	240	104	300	87
1319	420.0	136.4		129.4		300	173	0	0	420	146	0	0	300	125	240	88
1320	400.0	128.0		124.1		180	159	0	0	600	132	60	112	180	130	180	87
1321	340.0	127.6		122.1		120	168	0	0	540	138	0	0	120	120	240	88
1322	640.0	128.1		122.9		360	157	0	0	660	140	0	0	480	125	420	88
1323	600.0	119.5		115.1		420	147	0	0	780	125	60	87	120	117	420	87
1324	360.0	123.2		119.0		240	147	0	0	540	129	0	0	60	120	240	87
1325	440.0	134.5		132.8		60	140	0	0	540	144	0	0	660	131	60	83
1326	580.0	128.6		120.9		480	160	0	0	360	149	120	88	360	127	420	88
1327	580.0	119.3		114.1		420	151	0	0	720	126	0	0	60	109	540	87
1328	480.0	121.3		117.2		300	156	0	0	720	120	0	0	180	117	240	85
1329	500.0	117.3		112.8		240	157	0	0	660	123	0	0	180	114	420	87
1330	560.0	121.0		115.8		240	166	0	0	780	127	0	0	180	123	480	88
1331	440.0	129.2		126.2		240	151	0	0	480	136	0	0	360	129	240	94
1332	600.0	134.0		132.6		540	149	0	0	840	128	0	0	360	133	60	88
1333	440.0	120.9		116.5		180	139	0	0	480	125	0	0	600	119	60	52
1334	520.0	123.0		117.1		420	155	0	0	540	129	60	85	180	117	360	86
1335	660.0	129.4		125.6		480	151	0	0	960	134	60	91	240	120	240	87
1336	460.0	127.3		123.4		300	146	0	0	660	134	0	0	180	125	240	87
1337	620.0	126.9		120.4		360	162	0	0	780	138	0	0	180	125	540	88
1338	400.0	142.8		133.8		300	178	0	0	420	154	0	0	240	136	240	86
1339	440.0	124.0		118.4		60	160	0	0	600	145	0	0	300	118	360	88
1340	520.0	137.8		135.4		300	170	0	0	540	139	0	0	600	128	120	101
1341	480.0	123.8		118.8		240	163	0	0	600	133	0	0	300	110	300	88
1342	480.0	127.3		122.8		360	161	0	0	600	130	0	0	360	102	120	89
1343	400.0	122.8		118.4		180	161	0	0	480	131	60	112	240	115	240	88
1344	460.0	131.3		126.5		300	161	0	0	540	142	0	0	360	111	180	90
1345	380.0	132.8		130.7		120	156	0	0	660	139	0	0	300	119	60	88
1346	360.0	120.4		113.4		240	163	0	0	360	125	0	0	60	150	420	88
1347	340.0	122.0		118.8		120	158	0	0	420	130	0	0	360	113	120	85
1348	400.0	122.3		116.1		240	161	0	0	420	134	0	0	60	137	480	91
1349	380.0	133.0		128.6		120	169	0	0	600	141	0	0	240	128	180	89
1350	640.0	123.2		120.3		360	144	0	0	900	130	0	0	360	115	300	88
1351	360.0	127.4		118.6		300	171	0	0	300	138	60	87	180	106	240	86
1352	380.0	130.1		123.9		180	158	0	0	540	146	60	87	240	107	120	84
1353	440.0	121.7		117.1		120	150	0	0	660	137	60	87	180	113	300	89
1354	460.0	120.3		116.9		120	140	0	0	720	131	0	0	240	120	300	87
1355	500.0	106.8		101.0		180	159	0	0	420	129	0	0	240	86	660	86
1356	500.0	133.1		128.2		240	147	0	0	900	143	0	0	60	150	300	89
1357	500.0	129.6		125.1		180	174	0	0	720	137	60	107	360	118	180	86
1358	300.0	125.5		118.3		60	175	0	0	300	154	60	90	240	123	240	89
1359	300.0	135.3		127.9		240	189	0	0	420	124	0	0	180	106	60	88
1360	580.0	116.7		112.3		540	142	60	114	660	119	60	88	180	88	240	83
1361	380.0	123.7		121.2		60	146	0	0	660	133	0	0	240	118	180	90
1362	520.0	118.7		114.7		360	126	0	0	600	137	60	89	180	116	360	87
1363	440.0	125.1		120.8		120	162	0	0	720	137	0	0	300	104	180	88
1364	500.0	118.7		115.2		180	158	0	0	660	128	0	0	480	103	180	87
1365	500.0	125.7		121.9		180	159	0	0	900	131	0	0	180	119	240	86
1366	560.0	125.8		121.2		300	163	0	0	900	128	0	0	180	117	300	87
1367	540.0	136.5		131.7		360	171	0	0	840	138	0	0	180	120	240	92
1368	540.0	135.3		127.9		300	175	0	0	720	147	60	86	240	121	300	89
1369	440.0	130.6		123.4		180	179	0	0	780	139	0	0	60	90	300	88
1370	520.0	125.8		123.9		360	144	0	0	780	129	60	107	180	112	180	96
1371	520.0	124.1		119.2		420	148	0	0	540	134	60	103	180	120	360	87
1372	400.0	140.2		133.3		240	183	0	0	480	148	0	0	300	125	180	88
1373	540.0	121.8		117.0		240	163	0	0	660	130	0	0	360	114	360	87
1374	160.0	138.6		137.1		0	0	0	0	180	158	0	0	300	127	0	0
1375	320.0	114.9		111.4		120	153	0	0	300	124	60	103	180	120	300	90
1376	380.0	118.9		111.7		60	135	0	0	360	148	60	87	240	137	420	86
1377	560.0	126.9		122.2		360	160	0	0	780	130	0	0	240	117	300	87
1378	520.0	124.1		120.2		360	156	0	0	540	127	60	113	300	116	300	91
1379	540.0	125.3		117.8		420	155	0	0	480	143	120	89	120	136	480	88
1380	380.0	140.3		131.8		360	174	0	0	420	147	60	90	120	119	180	88
1381	540.0	116.1		112.0		300	152	0	0	660	122	0	0	300	102	360	87
1382	440.0	131.7		126.2		360	159	0	0	480	139	0	0	240	121	240	87
1383	500.0	127.4		125.5		360	151	0	0	660	126	0	0	360	116	120	98
1384	380.0	122.3		117.9		60	161	0	0	480	144	0	0	480	104	120	89
1385	480.0	116.2		110.0		180	152	0	0	660	134	60	86	0	0	540	86
1386	400.0	126.8		121.2		300	161	0	0	600	128	0	0	60	102	240	87
1387	620.0	117.5		113.2		540	142	0	0	540	125	180	88	240	113	360	87
1388	400.0	131.2		124.1		300	159	0	0	420	146	60	90	180	124	240	86
1389	260.0	130.3		126.8		60	194	0	0	360	134	0	0	300	122	60	86
1390	400.0	125.7		119.2		180	156	0	0	480	138	0	0	300	125	240	79
1391	360.0	131.1		126.3		180	161	0	0	600	139	0	0	120	110	180	89
1392	320.0	127.4		117.8		60	230	0	0	540	142	0	0	60	101	300	86
1393	360.0	125.6		120.1		120	161	0	0	660	136	0	0	60	90	240	88
1394	460.0	130.6		126.1		300	170	0	0	660	130	0	0	240	112	180	92
1395	500.0	120.3		111.7		300	172	0	0	480	136	0	0	60	92	660	88
1396	360.0	123.5		121.2		0	0	0	0	660	134	0	0	300	115	120	87
1397	240.0	129.2		122.1		120	169	0	0	240	144	0	0	180	126	180	86
1398	280.0	134.5		123.0		180	189	0	0	360	146	0	0	0	0	300	88
1399	360.0	135.3		132.7		180	163	0	0	540	141	0	0	300	116	60	97
1400	500.0	108.8		103.1		180	153	0	0	420	134	0	0	120	103	780	86
1401	400.0	126.8		122.4		180	152	0	0	600	136	0	0	180	124	240	87
1402	360.0	122.8		120.2		240	148	0	0	540	124	0	0	240	104	60	86
1403	420.0	110.9		108.0		120	144	0	0	660	118	0	0	60	127	420	88
1404	500.0	119.0		116.2		360	132	0	0	660	124	120	87	180	128	180	87
1405	560.0	114.0		110.2		240	144	0	0	780	123	0	0	240	107	420	84
1406	420.0	124.7		119.2		180	156	0	0	420	148	60	110	240	113	360	92
1407	440.0	123.7		121.0		60	138	0	0	720	129	0	0	300	135	240	90
1408	280.0	118.4		109.5		60	232	0	0	300	132	0	0	60	143	420	89
1409	480.0	122.5		118.1		120	159	0	0	600	138	60	118	360	115	300	87
1410	440.0	117.3		111.6		180	160	0	0	360	134	180	85	360	117	240	85
1411	320.0	116.4		112.8		0	0	0	0	480	136	60	109	180	102	240	90
1412	260.0	127.4		123.5		180	150	0	0	240	137	0	0	240	121	120	87
1413	260.0	121.5		117.6		0	0	0	0	300	147	0	0	360	111	120	89
1414	360.0	117.4		112.7		120	149	0	0	360	141	120	103	300	101	180	86
1415	340.0	118.2		115.8		180	137	0	0	420	126	0	0	180	116	240	92
1416	240.0	123.2		117.9		0	0	0	0	300	143	0	0	240	127	180	85
1417	480.0	115.5		110.4		240	164	0	0	600	121	0	0	120	89	480	91
1418	340.0	124.5		120.5		120	152	0	0	420	139	0	0	300	115	180	88
1419	320.0	118.8		115.1		0	0	0	0	540	131	0	0	120	136	300	90
1420	320.0	119.3		114.1		60	143	0	0	420	139	0	0	180	121	300	86
1421	360.0	115.4		110.0		120	126	0	0	360	141	120	89	120	137	360	88
1422	380.0	118.5		114.2		180	140	0	0	360	141	60	85	420	104	120	86
1423	300.0	133.9		128.7		180	167	0	0	360	143	0	0	240	119	120	87
1424	180.0	131.0		127.2		60	168	0	0	120	156	0	0	300	121	60	94
1425	280.0	130.6		127.2		180	147	0	0	360	142	0	0	180	118	120	91
1426	420.0	123.7		120.6		240	146	0	0	600	131	120	101	180	110	120	86
1427	460.0	124.9		117.7		360	171	0	0	600	121	0	0	60	115	360	87
1428	240.0	131.7		122.4		120	197	0	0	420	133	0	0	0	0	180	85
1429	320.0	105.4		102.9		60	140	0	0	480	116	0	0	180	93	240	85
1430	540.0	121.4		116.1		300	139	0	0	540	139	0	0	240	135	540	88
1431	440.0	126.0		121.2		360	149	0	0	420	135	120	102	120	140	300	90
1432	320.0	119.3		117.5		0	0	0	0	360	134	60	113	420	116	120	90
1433	340.0	108.4		101.9		60	139	0	0	360	142	60	87	0	0	540	85
1434	200.0	110.5		107.6		0	0	0	0	180	132	0	0	240	112	180	87
1435	600.0	110.9		105.9		420	149	0	0	540	117	60	85	60	89	720	88
1436	400.0	119.8		115.8		180	151	0	0	480	133	0	0	180	109	360	92
1437	300.0	122.5		116.5		120	153	0	0	360	144	60	87	240	102	120	86
1438	400.0	131.2		127.9		60	170	0	0	600	139	0	0	300	137	240	95
1439	320.0	117.1		110.6		120	146	0	0	420	139	60	86	0	0	360	87
1440	280.0	124.0		119.7		120	162	0	0	300	133	0	0	240	120	180	89
1441	300.0	136.7		129.5		60	150	0	0	600	149	0	0	60	158	180	84
1442	420.0	125.5		119.5		240	161	0	0	660	133	0	0	0	0	360	88
1443	280.0	131.1		119.6		60	177	0	0	420	161	0	0	60	102	300	86
1444	440.0	120.5		115.2		360	149	0	0	480	129	120	88	60	109	300	88
1445	260.0	111.5		108.2		60	126	0	0	240	128	0	0	180	124	300	88
1446	380.0	123.6		119.5		300	147	0	0	420	129	0	0	180	121	240	87
1447	200.0	113.6		111.4		0	0	0	0	240	127	0	0	120	124	240	95
1448	320.0	127.2		123.0		240	155	0	0	480	129	0	0	60	117	180	89
1449	180.0	113.0		109.7		0	0	0	0	60	143	0	0	300	122	180	88
1450	180.0	115.3		110.6		60	159	0	0	300	124	60	89	0	0	120	85
1451	360.0	121.8		114.6		120	193	0	0	420	133	0	0	180	116	360	88
1452	240.0	146.6		140.0		180	172	0	0	240	158	0	0	180	143	120	91
1453	400.0	130.2		123.2		240	148	0	0	540	152	60	99	0	0	360	91
1454	160.0	120.1		112.2		0	0	0	0	120	173	60	111	120	120	180	88
1455	420.0	136.3		126.5		360	183	0	0	360	138	0	0	180	134	360	89
1456	200.0	120.9		117.7		60	144	0	0	180	141	0	0	240	115	120	91
1457	220.0	115.5		108.3		0	0	0	0	300	148	60	86	0	0	300	89
1458	160.0	144.5		138.7		180	159	0	0	180	159	0	0	60	109	60	93
1459	200.0	156.0		148.6		180	177	0	0	180	177	0	0	180	137	60	87
1460	280.0	118.4		111.5		120	145	0	0	300	145	60	87	120	110	240	84
1461	400.0	124.2		118.6		240	139	0	0	540	143	0	0	60	114	360	88
1462	280.0	125.2		117.5		60	165	0	0	420	146	0	0	60	131	300	87
1463	320.0	132.9		123.3		120	172	0	0	360	161	60	93	120	137	300	90
1464	280.0	117.6		108.6		120	159	0	0	120	178	60	88	180	121	360	87
1465	180.0	137.6		130.6		0	0	0	0	240	160	0	0	180	140	120	89
1466	300.0	125.3		118.8		120	179	0	0	420	135	0	0	60	121	300	91
1467	200.0	114.0		106.0		0	0	0	0	240	153	0	0	0	0	360	88
1468	440.0	116.5		110.5		300	157	0	0	420	124	120	87	60	121	420	88
1469	240.0	117.1		110.6		0	0	0	0	360	136	0	0	60	159	300	86
1470	180.0	146.8		140.5		180	165	0	0	120	165	60	117	120	146	60	87
1471	220.0	134.8		125.5		180	161	0	0	180	157	0	0	120	137	180	85
1472	280.0	111.4		105.3		180	157	0	0	240	120	0	0	0	0	420	87
1473	200.0	116.8		110.7		60	170	0	0	240	131	0	0	60	126	240	87
1474	200.0	129.8		126.8		0	0	0	0	300	146	0	0	180	124	120	98
1475	320.0	113.3		108.0		240	136	0	0	300	133	60	88	0	0	360	86
1476	220.0	128.4		121.8		60	173	0	0	240	147	0	0	180	129	180	88
1477	300.0	111.6		105.9		60	160	0	0	360	135	60	88	0	0	420	88
1478	340.0	108.2		103.9		120	145	0	0	300	121	60	85	60	147	480	89
1479	180.0	95.8		93.9		0	0	0	0	60	126	0	0	120	110	360	86
1480	380.0	130.7		124.3		420	146	0	0	420	146	0	0	60	87	240	88
1481	220.0	126.1		122.3		120	138	0	0	300	141	0	0	120	114	120	89
1482	340.0	99.4		97.1		60	127	0	0	300	118	60	102	0	0	600	87
1483	260.0	107.4		104.5		0	0	0	0	300	130	0	0	60	102	420	92
1484	180.0	119.0		115.2		60	150	0	0	60	147	0	0	300	120	120	87
1485	320.0	108.8		101.8		120	143	0	0	240	148	60	79	0	0	540	87
1486	280.0	122.3		111.8		60	213	0	0	360	147	60	92	60	100	300	85
1487	220.0	112.4		108.4		60	160	0	0	240	126	0	0	120	108	240	89
1488	400.0	122.3		113.8		180	172	0	0	540	138	0	0	0	0	480	86
1489	160.0	118.6		112.1		0	0	0	0	240	146	0	0	60	101	180	88
1490	220.0	98.0		94.7		60	136	0	0	120	127	60	86	0	0	420	86
1491	320.0	118.0		112.4		240	147	0	0	300	134	0	0	0	0	420	90
1492	80.0	138.2		130.2		0	0	0	0	120	157	0	0	60	151	60	88
1493	260.0	111.9		109.3		240	124	0	0	240	124	0	0	60	111	240	88
1494	240.0	120.3		113.8		60	160	0	0	300	145	0	0	60	109	300	90
1495	140.0	97.0		92.2		0	0	0	0	60	163	0	0	0	0	360	86
1496	240.0	126.5		122.6		240	140	0	0	240	140	0	0	120	111	120	88
1497	140.0	98.6		96.6		0	0	0	0	120	122	0	0	60	90	240	89
1498	80.0	133.2		124.7		0	0	0	0	120	158	0	0	60	133	60	84
1499	240.0	112.1		106.9		0	0	0	0	300	135	0	0	60	142	360	88
