#File created from auswertNew
# Temporary input file:
# tmp28.dat
# Created from repository file
# /home/vwitme/data/workdata/trafficData/Invent_A5/intermediatedata/A5frankfurt_06_01/daten/F28_1106.dat.gz
# Infrastructure description file:
# /home/vwitme/data/workdata/trafficData/Invent_A5/intermediatedata/A5frankfurt_06_01/daten/A5frankfurt_06_01.dsc
#
# Date: 11.06.2001
# Direction: Frankfurt
# Detector cross section 28
# Position (m)= 490.700000
# Number of main lanes=3
# Number of ramp lanes=1
# The lane indices are ordered from left to right
# NOTICE: The time has been increased by 1 hour 
# since summertime was not taken care of  in the original data!
# Velocity averages: Over veh types and lanes, weighted with flow
# vAvg=arithmetic average; vHarm=harmonic average
#===========================================
#t(min)	Qav(/h)	vAvg(km/h)	vHarm(km/h)	Q1car	v1car	Q1truck	v1truck	Q2car	v2car	Q2truck	v2truck	Q3car	v3car	Q3truck	v3truck
60	300.0	109.9		103.2		180	161	0	0	180	124	120	89	60	105	360	85
61	420.0	107.2		104.1		240	137	0	0	480	114	60	88	0	0	480	88
62	360.0	104.6		101.1		180	137	0	0	240	121	0	0	180	100	480	86
63	340.0	105.6		99.8		180	163	0	0	120	121	0	0	120	92	600	88
64	280.0	111.3		107.7		60	152	0	0	300	118	0	0	180	127	300	87
65	80.0	124.8		124.3		0	0	0	0	180	129	0	0	60	112	0	0
66	200.0	111.0		105.6		60	151	0	0	120	137	0	0	120	125	300	87
67	460.0	110.1		104.3		180	151	0	0	480	131	0	0	0	0	720	86
68	220.0	102.9		100.0		0	0	0	0	240	127	0	0	120	92	300	88
69	420.0	125.8		118.5		480	148	0	0	300	148	180	96	0	0	300	86
70	380.0	106.5		102.9		240	135	0	0	360	117	60	86	60	93	420	86
71	360.0	125.5		120.6		300	152	0	0	420	132	60	87	180	106	120	85
72	400.0	100.5		96.8		120	148	0	0	300	119	120	92	0	0	660	85
73	300.0	101.7		98.1		60	134	0	0	240	130	180	86	60	92	360	87
74	220.0	109.8		101.9		120	181	0	0	120	115	0	0	0	0	420	88
75	460.0	115.9		110.9		180	150	0	0	540	131	120	104	60	132	480	87
76	260.0	113.5		107.8		180	146	0	0	120	139	120	88	120	118	240	87
77	320.0	126.2		124.6		180	145	0	0	480	128	0	0	240	118	60	88
78	500.0	105.7		99.7		360	152	0	0	180	113	300	86	60	111	600	85
79	520.0	100.1		95.7		180	156	0	0	180	130	0	0	60	92	1140	87
80	200.0	103.3		98.2		60	164	0	0	180	120	0	0	60	84	300	85
81	280.0	98.5		96.6		0	0	0	0	240	119	60	111	0	0	540	88
82	220.0	102.5		99.2		120	140	0	0	60	124	0	0	120	98	360	88
83	320.0	113.2		108.1		180	140	0	0	300	129	0	0	60	137	420	87
84	440.0	104.9		98.6		120	148	0	0	480	130	0	0	0	0	720	81
85	340.0	102.6		97.8		60	197	0	0	300	118	0	0	0	0	660	87
86	160.0	106.2		103.3		0	0	0	0	180	129	0	0	60	103	240	90
87	240.0	100.1		96.0		60	148	0	0	120	135	0	0	0	0	540	87
88	160.0	113.8		110.5		60	145	0	0	240	123	0	0	60	93	120	90
89	180.0	93.6		92.6		0	0	0	0	60	124	0	0	120	92	360	89
90	400.0	110.8		107.7		360	126	0	0	300	126	60	119	60	96	420	88
91	320.0	95.9		94.3		120	124	0	0	120	115	60	89	0	0	660	88
92	180.0	112.6		105.2		60	198	0	0	120	127	60	114	60	95	240	88
93	560.0	122.5		116.6		300	171	0	0	780	126	60	115	120	103	420	88
94	220.0	96.6		94.0		0	0	0	0	120	126	60	86	60	123	420	86
95	320.0	111.0		105.4		240	136	0	0	240	136	0	0	0	0	480	86
96	320.0	110.0		105.6		240	132	0	0	240	132	0	0	0	0	480	88
97	440.0	108.3		105.2		240	140	0	0	660	111	0	0	0	0	420	86
98	280.0	93.0		91.7		0	0	0	0	120	123	0	0	0	0	720	88
99	440.0	117.2		112.5		420	137	0	0	300	137	120	98	120	108	360	87
100	320.0	111.4		106.7		180	149	0	0	300	122	60	87	60	110	360	88
101	300.0	96.9		92.2		60	192	0	0	60	134	240	85	60	100	480	86
102	240.0	101.3		97.8		0	0	0	0	300	124	0	0	0	0	420	85
103	320.0	108.4		104.6		180	141	0	0	360	117	0	0	0	0	420	87
104	280.0	119.0		113.6		60	143	0	0	480	136	0	0	0	0	300	87
105	340.0	112.1		105.2		180	162	0	0	120	139	120	86	180	120	420	87
106	320.0	105.4		98.8		120	181	0	0	180	123	60	86	0	0	600	87
107	240.0	106.1		99.3		60	181	0	0	120	148	60	92	0	0	480	88
108	400.0	99.3		95.6		0	0	0	0	240	144	60	91	0	0	900	88
109	340.0	96.5		92.7		60	194	0	0	60	123	180	89	0	0	720	88
110	180.0	121.6		111.4		60	216	0	0	180	131	0	0	60	137	240	87
111	300.0	89.5		88.7		0	0	0	0	120	112	0	0	0	0	780	86
112	280.0	102.5		100.1		120	120	0	0	180	119	60	105	60	124	420	87
113	280.0	101.2		97.7		60	158	0	0	180	109	0	0	120	122	480	86
114	100.0	115.4		108.4		0	0	0	0	120	151	0	0	60	101	120	87
115	240.0	96.3		93.1		60	137	0	0	120	127	0	0	0	0	540	85
116	320.0	93.8		92.0		60	137	0	0	120	116	0	0	0	0	780	87
117	260.0	92.8		90.1		120	137	0	0	0	0	180	87	0	0	480	84
118	200.0	113.1		107.2		120	150	0	0	180	131	60	90	0	0	240	87
119	160.0	96.2		95.1		0	0	0	0	180	110	0	0	0	0	300	88
120	140.0	100.7		97.0		60	151	0	0	120	105	0	0	0	0	240	86
121	80.0	113.5		108.2		60	151	0	0	0	0	0	0	60	123	120	90
122	160.0	116.9		110.6		120	151	0	0	120	126	0	0	60	126	180	85
123	280.0	106.7		103.0		180	135	0	0	180	123	60	91	60	107	360	87
124	240.0	112.2		105.6		60	165	0	0	240	135	120	87	60	127	240	85
125	180.0	106.8		102.8		120	138	0	0	60	117	60	90	60	126	240	88
126	220.0	114.7		104.4		180	178	0	0	60	112	0	0	60	88	360	88
127	280.0	107.0		100.5		180	157	0	0	120	124	60	91	0	0	480	86
128	320.0	104.8		100.6		60	134	0	0	360	128	0	0	0	0	540	86
129	160.0	120.9		115.1		60	156	0	0	240	136	0	0	0	0	180	89
130	220.0	107.7		100.4		60	160	0	0	120	157	60	109	0	0	420	86
131	220.0	98.4		94.1		60	157	0	0	60	142	120	87	0	0	420	87
132	100.0	111.6		104.7		60	158	0	0	0	0	0	0	60	136	180	88
133	160.0	99.2		95.6		0	0	0	0	120	136	0	0	0	0	360	87
134	160.0	111.4		109.2		60	120	0	0	60	120	0	0	180	125	180	92
135	300.0	101.6		98.4		120	125	0	0	240	124	60	86	60	90	420	86
136	340.0	101.9		98.1		0	0	60	118	240	139	180	92	0	0	540	87
137	260.0	98.1		96.5		0	0	0	0	180	118	0	0	180	104	420	87
138	200.0	72.6		4.8		120	0	0	0	0	0	120	99	0	0	360	88
139	160.0	124.6		113.2		60	154	0	0	180	165	0	0	0	0	240	87
140	300.0	104.8		99.7		120	144	0	0	120	144	60	89	60	124	540	87
141	240.0	103.6		98.6		60	180	0	0	120	119	180	87	60	124	300	88
142	360.0	103.8		98.7		60	180	0	0	300	129	120	92	0	0	600	86
143	380.0	100.8		95.1		120	180	0	0	180	119	120	83	60	87	660	86
144	380.0	105.5		100.0		120	158	0	0	240	137	120	92	0	0	660	87
145	240.0	116.2		109.7		60	148	0	0	360	137	0	0	0	0	300	85
146	320.0	113.4		107.5		120	171	0	0	420	123	0	0	60	89	360	87
147	160.0	103.5		101.9		0	0	0	0	120	122	0	0	240	103	120	86
148	200.0	96.5		93.5		0	0	0	0	120	135	60	86	0	0	420	87
149	240.0	114.5		110.8		60	162	0	0	420	122	0	0	60	94	180	88
150	180.0	117.0		111.9		0	0	0	0	360	133	0	0	0	0	180	85
151	400.0	94.5		93.3		300	105	0	0	180	105	120	105	0	0	600	84
152	380.0	95.9		93.7		120	138	0	0	180	109	60	88	0	0	780	87
153	280.0	113.3		108.6		240	140	0	0	180	121	0	0	60	135	360	88
154	240.0	109.2		105.5		0	0	0	0	300	127	0	0	120	123	300	86
155	100.0	109.8		106.5		60	135	0	0	120	119	0	0	0	0	120	88
156	280.0	110.4		105.8		180	135	0	0	180	135	0	0	60	120	420	88
157	300.0	102.9		99.4		180	127	0	0	180	127	0	0	60	85	480	87
158	260.0	108.7		103.6		60	171	0	0	240	125	60	86	60	128	360	88
159	200.0	96.3		94.4		0	0	0	0	180	118	0	0	0	0	420	87
160	160.0	107.6		102.4		60	162	0	0	120	127	0	0	0	0	300	89
161	260.0	105.9		99.5		120	162	0	0	120	135	0	0	0	0	540	87
162	220.0	110.3		105.6		0	0	0	0	180	133	0	0	180	128	300	86
163	180.0	104.1		101.1		0	0	0	0	180	127	0	0	60	116	300	88
164	80.0	97.8		93.8		0	0	0	0	0	0	0	0	60	136	180	85
165	180.0	99.8		95.4		0	0	0	0	120	145	60	86	0	0	360	87
166	240.0	93.5		91.2		0	0	0	0	120	131	120	86	0	0	480	86
167	260.0	96.5		94.7		0	0	0	0	180	122	0	0	120	88	480	89
168	200.0	96.7		94.8		0	0	0	0	180	119	60	88	0	0	360	87
169	140.0	93.7		93.0		0	0	0	0	60	114	0	0	120	95	240	88
170	300.0	90.0		89.3		0	0	0	0	120	111	120	91	0	0	660	86
171	80.0	111.2		104.6		0	0	0	0	60	141	0	0	60	136	120	84
172	180.0	117.8		116.9		240	121	0	0	240	121	0	0	0	0	60	92
173	80.0	119.5		114.0		60	143	0	0	120	127	0	0	0	0	60	81
174	340.0	110.8		104.6		120	147	0	0	300	142	0	0	60	97	540	87
175	160.0	90.8		90.4		0	0	0	0	0	0	60	91	60	107	360	88
176	280.0	106.4		99.2		120	175	0	0	120	135	0	0	0	0	600	87
177	140.0	99.9		98.5		0	0	60	93	120	119	0	0	0	0	240	92
178	180.0	97.7		93.4		60	149	0	0	60	133	60	87	0	0	360	85
179	200.0	117.2		113.2		60	141	0	0	240	129	0	0	120	127	180	87
180	320.0	105.1		100.3		120	139	0	0	240	134	120	82	0	0	480	88
181	280.0	99.9		98.6		0	0	0	0	360	113	60	90	0	0	420	90
182	180.0	129.0		121.7		120	178	0	0	240	129	0	0	60	115	120	87
183	240.0	127.4		116.0		240	178	0	0	180	127	60	88	0	0	240	87
184	220.0	108.0		102.8		120	153	0	0	180	120	0	0	0	0	360	87
185	340.0	114.6		110.5		300	131	0	0	300	126	0	0	60	141	360	87
186	200.0	96.3		94.7		60	131	0	0	120	107	60	90	0	0	360	88
187	280.0	127.2		120.3		180	165	0	0	420	134	0	0	0	0	240	87
188	260.0	106.5		102.6		60	155	0	0	240	126	60	102	0	0	420	89
189	140.0	103.9		99.1		0	0	0	0	120	140	120	99	0	0	180	83
190	240.0	105.1		102.0		60	148	0	0	300	117	0	0	0	0	360	88
191	240.0	109.6		107.4		120	141	0	0	120	114	180	107	60	112	240	93
192	260.0	105.5		99.7		180	152	0	0	60	121	120	92	60	100	360	85
193	160.0	100.1		97.5		0	0	0	0	180	122	0	0	0	0	300	87
194	220.0	111.2		107.5		180	135	0	0	120	131	0	0	60	101	300	91
195	320.0	107.9		104.6		300	135	0	0	300	104	0	0	60	86	300	89
196	300.0	103.4		98.3		120	160	0	0	120	126	60	87	180	99	420	85
197	140.0	100.3		96.9		60	151	0	0	0	0	0	0	60	106	300	89
198	240.0	112.4		106.0		120	162	0	0	240	125	0	0	60	100	300	85
199	200.0	98.8		96.4		60	139	0	0	180	109	0	0	0	0	360	87
200	320.0	101.9		97.9		60	183	0	0	240	116	120	90	120	101	420	86
201	320.0	101.4		98.0		120	140	0	0	180	123	180	95	0	0	480	86
202	160.0	102.1		98.5		0	0	0	0	180	128	0	0	60	81	240	88
203	260.0	110.9		108.3		60	145	0	0	360	118	60	119	60	118	240	88
204	180.0	110.3		107.0		0	0	0	0	180	139	0	0	180	96	180	96
205	260.0	97.5		94.2		60	152	0	0	60	124	60	84	60	124	540	87
206	280.0	101.3		97.6		60	154	0	0	60	120	120	113	60	135	540	87
207	320.0	101.9		98.8		60	150	0	0	300	120	0	0	0	0	600	88
208	300.0	107.9		103.4		60	143	0	0	360	130	0	0	0	0	480	87
209	320.0	94.8		93.5		0	0	0	0	360	109	60	88	0	0	540	86
210	240.0	117.8		113.6		60	133	0	0	300	136	0	0	180	115	180	85
211	140.0	115.4		107.4		0	0	0	0	180	152	0	0	0	0	240	88
212	180.0	111.8		110.8		180	117	0	0	180	117	0	0	120	109	60	86
213	180.0	95.9		92.9		60	149	0	0	60	103	60	101	0	0	360	85
214	120.0	122.3		114.8		0	0	0	0	120	145	0	0	120	139	120	83
215	200.0	113.9		110.6		120	140	0	0	300	119	0	0	0	0	180	88
216	100.0	93.8		92.2		0	0	0	0	60	121	0	0	0	0	240	87
217	260.0	113.2		105.4		60	185	0	0	300	137	0	0	0	0	420	86
218	140.0	126.0		122.7		60	180	0	0	240	122	0	0	120	107	0	0
219	180.0	123.0		115.8		120	163	0	0	180	136	0	0	60	112	180	87
220	340.0	117.9		113.0		60	160	0	0	420	134	0	0	180	126	360	88
221	180.0	99.1		97.1		0	0	0	0	180	120	0	0	60	92	300	88
222	200.0	117.2		111.3		120	145	0	0	120	145	0	0	60	137	300	91
223	260.0	105.2		100.2		60	143	0	0	240	134	60	87	0	0	420	86
224	300.0	118.0		108.3		240	177	0	0	120	125	120	98	0	0	420	88
225	260.0	108.7		104.1		0	0	0	0	420	129	0	0	0	0	360	85
226	480.0	112.2		107.1		360	150	0	0	420	116	120	96	60	92	480	87
227	220.0	111.1		108.0		0	0	0	0	360	126	0	0	60	114	240	88
228	360.0	123.7		120.6		420	133	0	0	420	133	0	0	0	0	240	91
229	220.0	114.7		108.3		120	163	0	0	240	125	60	88	0	0	240	87
230	340.0	118.4		111.5		180	162	0	0	420	131	0	0	0	0	420	87
231	440.0	101.2		96.9		180	151	0	0	240	120	240	87	0	0	660	86
232	160.0	113.9		107.3		0	0	0	0	180	147	0	0	60	122	240	87
233	240.0	102.2		99.8		120	133	0	0	120	113	0	0	180	100	300	87
234	380.0	113.3		105.9		180	163	0	0	360	134	0	0	0	0	600	86
235	260.0	106.3		102.3		60	127	0	0	180	140	120	103	60	107	360	87
236	320.0	98.4		95.0		0	0	0	0	300	123	120	111	0	0	540	82
237	300.0	108.5		105.9		120	130	0	0	360	121	0	0	120	101	300	88
238	240.0	108.1		103.9		60	145	0	0	300	126	0	0	0	0	360	87
239	480.0	102.7		98.6		120	162	0	0	360	122	0	0	0	0	960	88
240	200.0	107.7		104.3		60	139	0	0	120	126	0	0	180	114	240	86
241	320.0	97.8		94.6		60	149	0	0	240	119	120	87	0	0	540	85
242	160.0	103.0		100.2		0	0	0	0	240	120	0	0	0	0	240	86
243	340.0	102.7		100.0		60	135	0	0	420	118	0	0	60	89	480	87
244	340.0	104.8		101.1		0	0	0	0	300	122	0	0	240	125	480	84
245	180.0	120.0		117.0		180	130	0	0	180	130	0	0	60	124	120	88
246	200.0	118.7		112.8		120	155	0	0	300	125	0	0	0	0	180	84
247	360.0	121.0		116.5		240	153	0	0	420	126	0	0	180	112	240	87
248	180.0	123.3		117.1		60	144	0	0	300	141	0	0	0	0	180	87
249	160.0	116.5		112.8		60	150	0	0	180	122	0	0	120	122	120	86
250	280.0	134.4		130.2		180	163	0	0	420	140	0	0	60	122	180	97
251	280.0	118.1		115.3		120	145	0	0	540	122	60	90	0	0	120	88
252	220.0	112.1		110.0		0	0	0	0	360	123	0	0	120	114	180	89
253	340.0	114.2		108.2		60	195	0	0	420	126	0	0	180	120	360	84
254	60.0	132.3		132.1		0	0	0	0	60	125	0	0	120	136	0	0
255	140.0	110.6		103.9		60	164	0	0	120	131	0	0	0	0	240	87
256	340.0	117.5		112.1		120	162	0	0	540	128	0	0	0	0	360	87
257	200.0	117.7		113.4		120	158	0	0	300	117	0	0	60	102	120	87
258	280.0	121.6		115.8		120	166	0	0	420	127	0	0	60	138	240	86
259	200.0	117.2		110.9		60	155	0	0	240	140	60	87	60	109	180	87
260	300.0	112.7		107.8		120	143	0	0	240	135	60	88	240	111	240	83
261	400.0	120.6		117.1		300	151	0	0	660	117	0	0	60	105	180	88
262	220.0	119.9		113.2		60	135	0	0	240	148	60	92	120	124	180	84
263	240.0	125.1		119.8		60	130	0	0	360	148	0	0	60	107	240	94
264	300.0	113.3		105.6		180	161	0	0	300	126	60	86	60	90	300	82
265	320.0	115.5		110.5		180	156	0	0	420	121	0	0	60	98	300	87
266	260.0	122.7		116.4		180	156	0	0	300	135	0	0	60	100	240	88
267	460.0	112.1		107.2		180	139	0	0	600	130	60	87	0	0	540	86
268	400.0	118.1		112.4		180	168	0	0	420	129	0	0	120	118	480	90
269	400.0	122.8		114.9		180	186	0	0	540	129	0	0	60	129	420	87
270	420.0	120.0		116.0		60	172	0	0	780	129	0	0	120	118	300	87
271	560.0	133.8		129.8		420	155	0	0	780	139	60	103	240	123	180	86
272	460.0	119.3		115.2		480	142	0	0	420	123	0	0	120	110	360	88
273	360.0	119.2		114.2		240	155	0	0	420	124	60	87	120	109	240	88
274	320.0	126.9		123.6		300	146	0	0	420	128	60	92	60	130	120	91
275	220.0	94.6		93.2		60	121	0	0	60	122	60	88	60	94	420	88
276	340.0	111.4		107.3		60	129	0	0	480	131	60	87	120	97	300	87
277	260.0	130.3		126.6		180	161	0	0	420	129	0	0	120	112	60	84
278	420.0	135.0		126.6		420	171	0	0	420	137	0	0	120	122	300	87
279	440.0	121.1		116.3		240	158	0	0	540	127	0	0	240	115	300	86
280	280.0	118.4		110.5		120	183	0	0	360	128	60	85	60	99	240	85
281	300.0	119.9		115.9		60	168	0	0	540	129	0	0	60	114	240	89
282	320.0	116.2		112.5		120	158	0	0	420	125	60	102	180	101	180	88
283	340.0	114.2		110.3		240	141	0	0	420	121	60	90	0	0	300	88
284	460.0	115.6		110.2		240	141	0	0	540	135	60	87	0	0	540	88
285	460.0	114.1		110.7		180	141	0	0	600	126	60	86	180	107	360	89
286	420.0	122.3		117.7		120	162	0	0	600	136	0	0	180	113	360	91
287	320.0	131.6		124.4		240	173	0	0	420	133	0	0	60	127	240	89
288	560.0	123.0		119.9		360	148	0	0	840	126	0	0	180	114	300	90
289	460.0	110.8		105.8		360	136	0	0	360	129	60	87	60	106	540	85
290	500.0	127.2		122.3		300	164	0	0	780	131	0	0	60	92	360	94
291	360.0	133.4		128.6		180	171	0	0	540	139	0	0	240	117	120	85
292	240.0	125.2		123.6		120	143	0	0	240	126	0	0	300	125	60	88
293	320.0	134.5		131.2		240	170	0	0	240	134	0	0	420	119	60	103
294	560.0	116.2		112.0		300	150	0	0	660	124	60	92	180	115	480	88
295	460.0	106.9		102.4		180	143	0	0	300	131	120	88	180	113	600	86
296	620.0	129.5		125.5		600	157	0	0	720	126	0	0	360	112	180	87
297	340.0	114.8		111.1		120	138	0	0	420	131	60	88	240	103	180	86
298	600.0	110.1		104.4		360	152	0	0	480	125	60	87	0	0	900	87
299	400.0	116.3		113.6		240	141	0	0	600	120	0	0	120	103	240	89
300	420.0	118.9		113.9		180	156	0	0	540	128	0	0	180	120	360	86
301	280.0	125.4		121.6		60	157	0	0	480	135	0	0	120	124	180	90
302	520.0	114.3		108.2		300	157	0	0	600	124	0	0	0	0	660	86
303	620.0	113.6		109.0		420	146	0	0	660	122	60	102	0	0	720	88
304	420.0	128.8		126.3		120	158	0	0	540	140	0	0	540	116	60	85
305	400.0	126.1		117.3		300	177	0	0	480	126	0	0	120	104	300	84
306	500.0	127.9		123.9		180	162	0	0	840	135	60	112	180	119	240	88
307	860.0	115.6		108.7		360	166	0	0	1080	130	0	0	0	0	1140	86
308	420.0	118.4		114.1		300	144	0	0	420	128	60	88	180	116	300	87
309	460.0	126.9		124.6		180	169	0	0	780	125	0	0	360	116	60	90
310	880.0	110.2		108.3		360	134	0	0	1500	114	0	0	180	105	600	88
311	520.0	123.9		120.7		300	160	0	0	780	124	0	0	360	105	120	90
312	300.0	121.3		114.5		60	189	0	0	420	138	120	115	60	95	240	85
313	520.0	129.8		125.3		420	161	0	0	540	131	0	0	360	119	240	89
314	600.0	113.6		109.0		300	150	0	0	660	125	0	0	180	109	660	87
315	440.0	114.0		106.3		180	182	0	0	360	131	0	0	120	110	660	87
316	580.0	119.1		114.7		300	162	0	0	840	122	0	0	300	99	300	88
317	540.0	129.6		124.2		300	173	0	0	780	131	0	0	240	123	300	88
318	480.0	116.9		113.7		120	148	0	0	600	129	0	0	420	112	300	87
319	720.0	130.8		127.7		600	141	0	0	960	139	60	88	360	122	180	85
320	680.0	120.7		117.4		720	142	0	0	720	118	60	87	240	114	300	88
321	420.0	119.9		112.4		240	167	0	0	420	131	120	86	120	122	360	86
322	360.0	129.9		128.6		0	0	0	0	720	135	0	0	300	126	60	88
323	760.0	114.7		108.8		660	156	0	0	600	109	240	91	240	101	540	87
324	620.0	130.9		128.6		480	150	0	0	900	133	0	0	360	114	120	90
325	820.0	124.8		120.7		660	147	0	0	1080	130	0	0	360	109	360	84
326	560.0	125.5		119.8		300	168	0	0	900	130	60	100	0	0	420	89
327	600.0	120.9		116.3		240	165	0	0	900	128	0	0	240	108	420	88
328	680.0	119.1		115.8		420	147	0	0	840	124	0	0	360	110	420	89
329	660.0	129.8		125.6		540	162	0	0	840	128	0	0	420	110	180	88
330	600.0	125.3		118.2		600	156	0	0	420	134	120	86	240	122	420	86
331	660.0	136.7		134.2		720	150	0	0	720	140	0	0	420	122	120	88
332	640.0	132.9		130.6		660	153	0	0	840	128	0	0	360	115	60	87
333	780.0	129.5		125.4		600	160	0	0	960	129	0	0	360	124	420	92
334	820.0	115.4		111.7		600	138	0	0	960	124	60	84	240	103	600	87
335	1100.0	132.8		128.4		1380	155	0	0	1140	128	0	0	300	117	480	90
336	1060.0	125.8		121.2		1020	151	0	0	1200	129	0	0	240	110	720	90
337	900.0	122.9		120.3		1080	140	0	0	900	117	60	105	360	119	300	87
338	940.0	128.1		123.7		780	155	0	0	1020	129	60	82	540	124	420	88
339	500.0	134.9		132.3		480	161	0	0	420	132	0	0	600	116	0	0
340	1420.0	115.4		110.9		1560	141	0	0	1320	114	120	87	360	92	900	86
341	820.0	122.0		117.9		780	149	0	0	960	119	0	0	240	114	480	88
342	1140.0	119.6		115.3		1260	142	0	0	1260	116	0	0	120	140	780	86
343	940.0	121.7		118.7		960	142	0	0	1080	121	0	0	420	108	360	86
344	720.0	112.9		106.5		360	154	0	0	960	124	0	0	120	92	720	81
345	920.0	128.5		124.1		960	150	0	0	1080	132	0	0	180	108	540	90
346	740.0	136.8		133.7		600	164	0	0	840	137	0	0	660	120	120	91
347	780.0	124.3		115.9		840	158	0	0	780	126	0	0	0	0	720	83
348	840.0	106.9		104.2		540	134	0	0	1080	108	0	0	120	110	780	86
349	1300.0	117.4		115.7		1560	128	0	0	1500	118	120	107	300	109	420	85
350	840.0	119.4		114.8		720	150	0	0	900	119	0	0	240	115	660	88
351	920.0	123.4		118.6		1020	147	0	0	900	124	60	117	240	109	540	85
352	880.0	134.4		131.6		840	156	0	0	1020	130	0	0	600	126	180	87
353	740.0	138.6		135.7		780	160	0	0	840	136	0	0	540	118	60	82
354	800.0	116.8		112.1		360	147	0	0	960	127	60	99	480	116	540	81
355	1260.0	116.4		111.3		1500	142	0	0	1140	113	0	0	120	104	1020	84
356	1280.0	114.2		110.4		1320	138	0	0	1260	114	180	108	60	95	1020	86
357	860.0	121.0		117.4		840	146	0	0	900	117	0	0	360	117	480	88
358	900.0	122.5		117.3		780	149	0	0	1020	127	60	100	240	119	600	84
359	980.0	128.1		125.4		1080	147	0	0	1020	121	60	116	540	124	240	86
360	780.0	126.5		122.7		780	145	0	0	960	130	0	0	240	113	360	86
361	900.0	126.1		124.4		960	143	0	0	1200	121	60	113	360	113	120	88
362	860.0	126.0		122.8		780	148	0	0	1140	124	0	0	360	118	300	86
363	900.0	115.0		111.5		660	136	0	0	1020	123	60	100	360	108	600	84
364	860.0	127.5		122.3		900	150	0	0	900	127	60	87	240	138	480	86
365	580.0	123.5		119.7		480	153	0	0	480	124	0	0	600	111	180	85
366	1260.0	114.1		111.7		1680	130	0	0	1080	110	60	85	540	97	420	87
367	920.0	134.2		131.9		1020	152	0	0	1020	133	0	0	540	116	180	95
368	1040.0	122.7		119.8		960	142	0	0	1320	124	60	99	420	109	360	86
369	960.0	111.8		107.3		660	146	0	0	1140	114	60	96	240	105	780	83
370	1340.0	115.9		114.6		1680	125	0	0	1500	116	0	0	480	105	360	87
371	1040.0	121.8		118.7		1020	144	0	0	1500	118	0	0	180	109	420	87
372	1400.0	122.6		118.8		1680	146	0	0	1680	114	0	0	240	105	600	88
373	860.0	125.1		120.3		720	152	0	0	1140	128	0	0	180	113	540	87
374	660.0	132.9		130.5		420	159	0	0	840	136	60	109	540	119	120	95
375	1020.0	130.7		127.9		1020	153	0	0	1320	127	0	0	540	112	180	88
376	840.0	130.0		126.8		840	149	0	0	960	134	0	0	420	110	300	92
377	940.0	127.5		124.7		720	149	0	0	1380	128	0	0	420	118	300	87
378	840.0	122.2		118.2		720	147	0	0	900	126	0	0	300	118	600	89
379	1060.0	117.2		114.0		960	137	0	0	1200	123	120	97	420	96	480	87
380	780.0	115.2		111.7		780	138	0	0	960	114	120	88	60	81	420	88
381	1240.0	127.5		123.0		1440	151	0	0	1380	123	0	0	240	121	660	88
382	980.0	123.9		119.4		840	152	0	0	1200	127	120	101	420	96	360	88
383	1240.0	120.3		117.3		1680	138	0	0	1080	115	180	92	480	103	300	85
384	960.0	134.7		131.8		1080	156	0	0	1260	129	0	0	480	108	60	83
385	1040.0	119.1		115.9		840	141	0	0	1260	123	0	0	480	108	540	86
386	880.0	130.6		128.2		780	155	0	0	900	131	60	102	900	111	0	0
387	600.0	140.8		139.7		480	160	0	0	900	138	0	0	420	125	0	0
388	1160.0	122.0		119.8		1500	137	0	0	1140	115	60	85	480	117	300	89
389	1260.0	118.7		114.3		1560	141	0	0	960	116	180	89	360	111	720	85
390	1500.0	112.7		110.2		1740	129	0	0	1440	112	120	93	360	105	840	86
391	1200.0	118.0		114.7		1260	140	0	0	1380	116	0	0	240	104	720	88
392	1000.0	121.0		118.3		840	143	0	0	1320	121	0	0	480	108	360	87
393	1300.0	116.6		114.4		1380	132	0	0	1560	113	120	114	180	132	660	89
394	1340.0	123.0		120.6		1620	140	0	0	1320	120	0	0	660	109	420	89
395	1100.0	114.4		111.8		960	135	0	0	1140	116	0	0	600	107	600	86
396	1060.0	126.8		124.3		1200	144	0	0	1200	125	60	112	540	109	180	83
397	1280.0	118.6		115.7		1440	136	0	0	1560	118	0	0	300	99	540	85
398	1300.0	128.8		127.1		1260	149	0	0	1620	123	0	0	960	115	60	85
399	1100.0	121.5		118.0		1080	142	0	0	900	126	60	85	720	114	540	87
400	1040.0	126.1		123.6		1080	145	0	0	1260	124	60	85	480	112	240	91
401	1020.0	126.5		123.2		1080	146	0	0	1260	127	0	0	300	107	420	89
402	1520.0	123.1		121.6		2100	133	0	0	1560	120	60	118	480	117	360	88
403	1180.0	125.0		123.2		1200	142	0	0	1260	125	60	102	780	110	240	95
404	960.0	130.5		128.4		960	152	0	0	1200	124	0	0	660	115	60	87
405	1200.0	131.4		130.5		1440	142	0	0	1500	129	0	0	600	116	60	93
406	1380.0	122.0		119.7		1620	140	0	0	1560	117	0	0	660	105	300	88
407	1040.0	131.1		129.2		1020	150	0	0	1260	129	0	0	780	113	60	88
408	960.0	127.3		124.7		840	150	0	0	1200	126	60	107	600	112	180	88
409	1220.0	134.3		132.3		1560	150	0	0	1020	129	0	0	960	120	120	89
410	960.0	125.6		123.5		900	144	0	0	1260	125	0	0	480	109	240	93
411	1400.0	130.7		127.7		1560	153	0	0	1740	123	60	96	600	116	240	87
412	1360.0	125.5		123.2		1560	142	0	0	1500	122	0	0	660	115	360	88
413	920.0	136.8		133.7		900	162	0	0	1200	132	0	0	480	117	180	95
414	1060.0	129.2		128.3		960	143	0	0	1380	126	0	0	780	121	60	89
415	1260.0	124.7		122.5		1140	146	0	0	1620	122	0	0	660	112	360	93
416	1020.0	124.1		120.1		720	153	0	0	1440	127	0	0	360	109	540	88
417	1240.0	121.0		118.0		1200	143	0	0	1680	118	0	0	300	111	540	87
418	980.0	129.2		125.8		1080	147	0	0	1140	130	60	91	240	124	420	90
419	1200.0	124.8		122.6		1440	138	0	0	1380	122	0	0	420	121	360	87
420	1000.0	128.7		126.5		1140	146	0	0	1080	123	0	0	540	121	240	90
421	1340.0	119.8		117.9		1440	135	0	0	1680	119	0	0	420	104	480	91
422	1040.0	126.3		125.2		1020	141	0	0	1260	123	0	0	720	117	120	93
423	1140.0	127.8		125.2		1320	145	0	0	1140	128	0	0	660	110	300	91
424	1340.0	124.6		121.5		1920	142	0	0	1260	118	0	0	600	98	240	87
425	1200.0	128.8		125.5		1200	151	0	0	1500	128	0	0	600	107	300	88
426	920.0	126.3		125.4		960	140	0	0	1200	122	0	0	600	113	0	0
427	1260.0	122.4		119.4		1320	141	0	0	1440	122	120	104	420	112	480	86
428	1400.0	125.6		124.4		1800	137	0	0	1320	120	120	104	720	121	240	95
429	1260.0	128.3		123.8		1260	159	0	0	1500	121	0	0	660	108	360	88
430	1060.0	124.3		121.7		900	148	0	0	1440	123	0	0	600	105	240	91
431	1420.0	125.5		123.2		1620	143	0	0	1560	121	0	0	900	111	180	80
432	1100.0	125.6		123.6		1260	142	0	0	960	122	0	0	780	117	300	91
433	1240.0	126.6		124.0		1320	147	0	0	1440	122	0	0	600	114	360	91
434	1100.0	130.9		128.3		1260	149	0	0	1260	128	0	0	600	112	180	87
435	1240.0	129.6		128.1		1440	145	0	0	1560	122	0	0	600	121	120	88
436	1020.0	125.2		122.8		1140	141	0	0	1140	125	0	0	360	116	420	91
437	1260.0	122.2		119.8		1680	139	0	0	1320	114	0	0	480	107	300	88
438	1060.0	122.6		118.9		960	151	0	0	1140	122	60	87	660	103	360	91
439	1700.0	121.9		119.7		2040	137	0	0	2040	116	0	0	540	119	480	86
440	1420.0	121.9		120.2		1560	136	0	0	1740	119	0	0	660	112	300	87
441	1520.0	124.0		122.2		1980	137	0	0	1620	121	60	109	720	106	180	85
442	940.0	130.1		128.7		1080	145	0	0	1260	124	0	0	420	116	60	88
443	1300.0	127.7		125.7		1500	145	0	0	1380	120	0	0	840	118	180	87
444	1340.0	124.5		122.4		1380	142	0	0	1560	123	0	0	840	109	240	88
445	1220.0	120.4		117.8		1260	139	0	0	1380	118	0	0	540	114	480	86
446	1520.0	116.9		115.8		1860	127	0	0	1800	113	0	0	600	112	300	87
447	1140.0	130.9		129.4		1200	148	0	0	1380	126	60	113	720	117	60	88
448	1060.0	131.4		129.1		1200	152	0	0	1260	124	60	119	600	111	60	91
449	1240.0	125.2		122.5		1260	145	0	0	1620	123	0	0	540	106	300	88
450	880.0	128.8		127.6		780	144	0	0	1080	128	60	117	660	117	60	88
451	1040.0	129.1		126.8		1080	147	0	0	1500	123	0	0	300	128	240	88
452	1140.0	131.2		127.2		1140	157	0	0	1320	128	0	0	600	116	360	87
453	1200.0	123.6		122.2		1140	139	0	0	1620	122	60	112	660	108	120	90
454	1360.0	124.1		122.1		1500	141	0	0	1440	119	0	0	840	115	300	89
455	1400.0	125.0		122.5		1620	144	0	0	1560	120	0	0	780	107	240	87
456	1180.0	129.9		127.3		1320	150	0	0	1260	125	60	106	720	114	180	88
457	1060.0	126.3		124.0		780	146	0	0	1680	126	0	0	420	118	300	88
458	1220.0	124.5		122.6		1320	140	0	0	1440	123	0	0	600	112	300	89
459	1340.0	120.3		118.3		1560	136	60	109	1440	117	60	86	540	110	360	89
460	1360.0	126.9		125.9		1800	136	0	0	1380	122	60	105	720	122	120	87
461	1020.0	131.4		127.5		1200	153	0	0	1200	126	0	0	300	120	360	87
462	1260.0	124.8		122.6		1200	146	0	0	1500	119	0	0	840	115	240	89
463	1240.0	124.0		122.6		1200	139	0	0	1500	122	60	112	720	114	240	94
464	1180.0	127.1		125.4		1620	139	0	0	1320	122	0	0	420	115	180	86
465	1420.0	122.1		121.1		1500	135	0	0	1740	119	0	0	840	112	180	92
466	1080.0	120.3		119.1		1140	131	0	0	1440	120	0	0	420	111	240	88
467	1160.0	121.1		120.2		1020	133	0	0	1260	124	0	0	1140	109	60	90
468	1180.0	127.2		126.1		1560	137	0	0	1380	124	0	0	540	112	60	82
469	1360.0	118.0		115.6		1260	138	0	0	1920	116	0	0	360	104	540	88
470	1260.0	125.7		124.4		1320	139	0	0	1740	122	0	0	540	117	180	90
471	1180.0	119.2		117.3		1440	133	0	0	1140	119	60	100	420	105	480	93
472	1240.0	117.5		115.7		1620	131	0	0	1260	113	60	87	480	106	300	88
473	1180.0	121.0		119.0		1380	138	0	0	1260	116	0	0	660	107	240	88
474	1380.0	118.2		116.8		1620	131	60	117	1560	114	0	0	660	109	240	85
475	1300.0	123.8		122.3		2100	133	0	0	900	122	180	104	540	110	180	86
476	1340.0	115.6		113.5		1500	133	0	0	1620	111	0	0	480	102	420	87
477	1380.0	120.7		119.2		1920	132	0	0	1560	117	0	0	420	100	240	90
478	1340.0	116.6		115.4		1740	127	0	0	1260	115	120	101	600	106	300	90
479	1040.0	112.2		110.3		1140	129	0	0	1140	109	180	93	420	98	240	87
480	1180.0	117.1		116.1		1500	128	0	0	1320	112	0	0	600	107	120	87
481	1240.0	119.9		118.6		1500	132	0	0	1680	116	0	0	360	105	180	86
482	880.0	118.2		116.0		840	136	0	0	1200	117	0	0	420	100	180	85
483	1540.0	116.4		115.0		2160	127	0	0	1440	113	60	119	480	106	480	89
484	1140.0	119.6		117.9		1020	138	0	0	1500	118	0	0	540	108	360	92
485	1280.0	118.6		117.1		1380	132	0	0	1500	116	0	0	660	111	300	87
486	1280.0	116.6		115.1		1560	131	0	0	1320	110	60	93	720	107	180	86
487	1280.0	118.9		116.8		1500	132	0	0	1560	116	0	0	240	125	540	88
488	1360.0	115.9		114.5		1620	128	0	0	1380	114	0	0	720	106	360	88
489	1320.0	120.7		118.8		1740	135	0	0	1560	114	60	87	360	109	240	87
490	1540.0	118.9		117.4		1920	132	0	0	1560	115	120	103	720	108	300	88
491	960.0	130.3		129.4		1020	140	0	0	1260	129	60	105	480	121	60	91
492	1380.0	117.6		116.5		1560	128	60	119	1620	117	0	0	660	104	240	91
493	1180.0	121.4		119.2		1680	135	0	0	1200	116	0	0	360	105	300	86
494	1480.0	117.4		116.2		1620	130	0	0	1800	115	0	0	660	107	360	92
495	1260.0	121.0		118.7		1560	136	0	0	1380	119	120	107	300	106	420	87
496	1020.0	118.9		117.0		1080	135	0	0	1320	116	0	0	360	106	300	89
497	1240.0	118.4		116.9		1620	130	0	0	1380	115	0	0	360	109	360	89
498	1180.0	124.8		123.0		1380	139	0	0	1320	124	60	116	480	105	300	96
499	1280.0	119.4		118.4		1680	129	0	0	1560	115	0	0	420	111	180	87
500	1320.0	124.7		123.1		1380	140	0	0	1500	122	0	0	900	113	180	88
501	880.0	127.1		126.1		840	142	0	0	1080	122	0	0	660	120	60	90
502	1040.0	126.0		123.2		1380	142	0	0	840	126	60	106	600	107	240	87
503	1200.0	120.0		117.5		1320	139	0	0	1380	116	60	90	480	106	360	89
504	1040.0	121.1		119.7		960	137	0	0	1380	118	0	0	540	113	240	93
505	1360.0	113.4		112.5		1920	121	0	0	1560	112	0	0	300	99	300	87
506	1340.0	117.0		116.1		1680	127	0	0	1500	113	60	103	600	108	180	91
507	1000.0	116.5		115.1		900	131	0	0	1320	115	0	0	540	109	240	87
508	1240.0	127.2		125.4		1260	147	0	0	1380	121	0	0	960	115	120	89
509	1360.0	118.2		116.8		1800	130	0	0	1440	115	0	0	480	105	360	90
510	1060.0	121.8		120.8		1080	135	60	117	1440	119	0	0	420	110	180	95
511	1320.0	118.7		116.9		1620	132	0	0	1380	117	180	108	480	104	300	85
512	1280.0	116.4		114.3		1440	134	0	0	1680	111	60	112	240	98	420	89
513	1000.0	128.4		126.3		1020	151	0	0	1140	122	0	0	780	110	60	107
514	1260.0	123.0		121.7		1560	135	0	0	1260	120	0	0	780	112	180	88
515	1260.0	126.6		125.0		1560	141	0	0	1320	120	60	114	600	118	240	94
516	1160.0	122.9		120.6		1320	138	0	0	1500	122	0	0	300	103	360	88
517	1280.0	119.5		118.0		1440	136	0	0	1500	113	0	0	660	108	240	93
518	1380.0	121.4		119.8		1680	134	0	0	1800	117	0	0	360	113	300	87
519	1240.0	124.7		123.2		1620	136	0	0	1380	122	0	0	480	112	240	89
520	1200.0	122.5		120.8		1260	135	0	0	1500	121	0	0	540	117	300	87
521	1120.0	118.9		117.1		1260	134	0	0	1500	115	0	0	300	107	300	87
522	1320.0	118.0		116.5		1440	133	0	0	1620	115	120	96	480	105	300	92
523	1020.0	121.3		118.7		1440	137	0	0	1080	114	0	0	300	101	240	85
524	1440.0	114.0		112.4		1860	127	0	0	1440	110	0	0	600	103	420	86
525	1320.0	115.0		113.3		1560	131	0	0	1500	109	120	108	480	100	300	89
526	1000.0	120.4		119.1		960	137	0	0	1380	117	0	0	540	104	120	101
527	1080.0	116.6		115.4		1080	128	0	0	1440	116	60	117	420	107	240	86
528	1180.0	117.1		115.7		1500	128	0	0	1320	115	0	0	480	104	240	86
529	1260.0	114.6		112.9		1680	125	0	0	1200	116	120	106	420	95	360	87
530	1280.0	114.9		113.9		1800	123	0	0	1320	114	60	106	360	102	300	88
531	1320.0	114.8		114.0		1920	122	0	0	1380	112	0	0	360	109	300	89
532	1100.0	114.1		112.9		1020	131	0	0	1200	111	0	0	900	102	180	99
533	920.0	115.8		114.3		1080	130	0	0	1020	109	60	105	360	113	240	88
534	940.0	114.6		113.5		1200	125	0	0	1080	110	0	0	300	110	240	89
535	980.0	115.5		114.1		960	130	0	0	1020	116	0	0	600	105	360	93
536	1240.0	115.2		113.8		1620	126	0	0	1320	112	60	111	360	108	360	86
537	1120.0	114.6		112.7		1320	131	0	0	1320	108	60	105	420	102	240	85
538	940.0	114.0		112.4		1140	128	0	0	960	111	0	0	480	101	240	86
539	1140.0	117.6		115.5		1380	134	0	0	1140	112	0	0	420	112	480	89
540	960.0	124.6		122.3		900	143	0	0	1200	121	0	0	540	119	240	86
541	1000.0	119.8		117.3		1260	135	0	0	1080	116	60	108	180	116	420	87
542	1100.0	118.5		117.0		1320	132	0	0	1260	114	60	98	480	109	180	84
543	880.0	116.9		116.0		1020	124	0	0	900	119	120	109	420	110	180	88
544	900.0	108.4		105.6		1080	126	0	0	660	106	120	85	480	99	360	80
545	1140.0	110.0		107.3		960	135	0	0	1380	106	120	95	540	101	420	82
546	1220.0	113.4		111.8		1620	124	0	0	1260	111	0	0	300	112	480	85
547	1040.0	107.9		106.3		1260	122	60	111	840	103	240	105	240	93	480	88
548	1100.0	119.1		117.5		1500	132	0	0	1020	112	0	0	600	109	180	85
549	860.0	116.3		113.6		660	139	0	0	1200	117	60	89	600	97	60	71
550	1240.0	102.1		100.7		1320	115	0	0	840	107	0	0	1200	90	360	84
551	1100.0	114.2		113.6		1140	124	0	0	1320	113	0	0	720	104	120	96
552	1100.0	115.2		113.3		1320	131	0	0	1140	110	60	88	540	104	240	85
553	1020.0	114.3		106.4		1560	126	0	0	960	111	60	23	240	100	240	88
554	1260.0	106.5		105.6		1620	116	0	0	1260	104	120	97	240	102	540	88
555	1000.0	107.9		106.1		1020	125	0	0	1260	104	60	111	240	93	420	86
556	1280.0	107.5		105.9		1560	121	0	0	1260	103	60	92	420	102	540	85
557	1000.0	110.2		109.5		1140	116	0	0	1080	110	60	92	480	112	240	85
558	1200.0	105.6		103.9		1620	119	0	0	1080	99	0	0	360	99	540	83
559	980.0	105.1		104.3		1200	113	0	0	1020	106	120	83	180	91	420	93
560	1020.0	113.1		111.9		1140	126	0	0	1200	111	60	114	540	96	120	89
561	960.0	110.5		108.8		900	127	0	0	1440	107	0	0	120	110	420	87
562	940.0	108.3		107.4		960	119	0	0	960	106	120	98	480	106	300	89
563	1080.0	104.6		103.7		1020	116	0	0	1140	105	120	101	660	96	300	85
564	1000.0	109.0		108.0		1020	122	0	0	1260	105	0	0	420	103	300	90
565	1060.0	108.3		107.4		1200	118	0	0	1080	107	60	97	720	100	120	79
566	1400.0	99.9		99.1		1800	107	120	114	1200	97	120	88	420	100	540	82
567	980.0	109.1		108.0		1200	121	0	0	840	104	60	96	600	102	240	88
568	860.0	115.1		113.4		960	131	0	0	1020	109	180	106	240	107	180	85
569	1120.0	105.3		104.1		1140	119	0	0	1140	104	180	90	780	94	120	84
570	960.0	106.3		105.2		840	121	0	0	1260	105	60	102	540	93	180	88
571	1160.0	101.4		100.6		1620	111	0	0	1140	96	60	81	300	92	360	87
572	820.0	106.4		104.9		900	121	0	0	960	103	0	0	360	93	240	85
573	920.0	106.1		105.6		960	115	0	0	1020	102	60	111	420	106	300	91
574	1060.0	102.4		101.7		1140	112	0	0	1200	101	0	0	420	95	420	88
575	1280.0	103.5		103.0		1800	110	0	0	1500	100	0	0	300	94	240	88
576	1060.0	105.1		104.0		1140	116	0	0	1200	106	60	82	480	90	300	89
577	980.0	109.0		107.9		1380	115	0	0	660	108	120	84	420	115	360	89
578	940.0	105.4		103.7		840	124	0	0	1140	104	60	89	360	92	420	86
579	1020.0	113.5		112.8		1380	122	0	0	1080	110	0	0	480	103	120	89
580	1060.0	104.9		103.4		1140	120	0	0	1260	102	0	0	540	88	240	87
581	1060.0	106.2		105.4		1080	118	0	0	1200	102	120	99	540	101	240	89
582	960.0	111.5		109.8		1320	124	0	0	960	107	60	88	240	97	300	87
583	1140.0	114.4		113.2		1320	127	0	0	1080	112	120	108	660	104	240	88
584	980.0	113.8		112.7		1140	127	0	0	1260	108	0	0	420	102	120	91
585	1020.0	116.5		114.7		1500	129	0	0	1080	110	0	0	240	95	240	89
586	920.0	108.3		107.4		1200	117	0	0	780	105	0	0	420	107	360	88
587	1080.0	109.4		108.4		1320	120	0	0	1260	106	0	0	360	100	300	88
588	820.0	110.3		108.2		900	127	0	0	840	108	60	115	300	95	360	86
589	1020.0	105.6		104.8		1500	111	0	0	900	108	60	89	180	97	420	87
590	980.0	115.9		113.9		1380	128	0	0	900	113	0	0	180	112	480	88
591	1000.0	108.9		106.5		1140	124	0	0	960	111	60	102	540	86	300	87
592	1100.0	116.3		115.4		1440	124	0	0	1200	112	0	0	600	111	60	69
593	1340.0	110.7		109.2		1680	123	0	0	1500	108	60	100	480	93	300	86
594	860.0	119.9		118.3		1020	133	0	0	1020	117	0	0	300	111	240	88
595	1160.0	105.1		104.4		1560	112	60	118	1140	103	0	0	300	100	420	87
596	920.0	119.2		118.0		1380	130	0	0	720	112	60	109	360	110	240	95
597	1200.0	108.2		107.1		1740	118	0	0	1140	103	60	97	420	95	240	87
598	720.0	111.9		108.8		600	137	0	0	960	111	0	0	180	96	420	85
599	1140.0	103.9		103.3		1500	112	0	0	1260	101	0	0	240	95	420	89
600	880.0	113.5		112.3		780	125	0	0	1080	113	120	103	360	116	300	87
601	1060.0	118.0		116.9		1500	128	0	0	1200	113	0	0	360	105	120	83
602	820.0	116.5		114.9		1080	126	0	0	900	118	0	0	180	100	300	88
603	1020.0	123.4		121.5		1500	136	0	0	1020	119	0	0	480	98	60	87
604	740.0	123.5		122.7		480	140	0	0	1200	123	0	0	360	112	180	106
605	840.0	118.5		116.2		960	137	0	0	840	115	0	0	540	101	180	89
606	620.0	118.3		114.8		540	144	0	0	840	117	60	106	240	92	180	86
607	800.0	114.1		110.4		960	136	0	0	720	111	120	96	180	87	420	86
608	960.0	115.0		112.6		900	136	0	0	1380	112	0	0	300	95	300	86
609	1080.0	116.6		115.5		1380	127	0	0	1080	114	0	0	600	106	180	88
610	1080.0	116.6		114.2		1260	133	0	0	1380	114	0	0	120	90	480	88
611	840.0	122.2		120.5		840	139	0	0	960	120	0	0	600	109	120	88
612	1240.0	113.3		110.8		1800	129	0	0	900	107	60	91	600	93	360	88
613	1260.0	114.5		112.0		1500	132	0	0	1320	108	0	0	540	106	420	83
614	1120.0	110.3		108.4		1020	127	0	0	1500	110	60	113	240	95	540	86
615	700.0	117.1		114.7		720	135	0	0	840	115	60	108	240	106	240	84
616	960.0	119.7		117.6		960	137	0	0	1080	118	60	117	480	110	300	87
617	740.0	126.4		123.6		660	149	0	0	1020	124	0	0	360	112	180	86
618	860.0	124.2		121.6		960	143	0	0	1080	119	0	0	240	115	300	90
619	820.0	112.9		111.3		660	125	60	112	1080	118	60	88	180	91	420	94
620	1100.0	115.7		113.2		1200	134	0	0	1260	113	60	115	300	100	480	87
621	1060.0	113.0		110.6		1080	133	0	0	1200	111	60	91	240	93	600	91
622	1200.0	112.7		111.3		1440	124	0	0	1440	111	60	98	180	106	480	88
623	1120.0	122.3		119.8		1680	136	0	0	900	119	120	105	300	105	360	87
624	1000.0	116.7		114.1		1080	132	0	0	1320	114	60	80	60	158	480	89
625	1020.0	109.3		108.5		960	118	0	0	1020	111	120	104	660	104	300	89
626	1300.0	113.6		111.7		1860	126	0	0	1200	107	60	111	240	113	540	86
627	1020.0	115.6		114.2		1020	130	0	0	1320	114	60	107	240	109	420	91
628	820.0	117.0		114.9		900	129	0	0	1020	120	0	0	60	111	480	89
629	960.0	119.0		117.1		1080	135	0	0	1260	115	60	96	300	103	180	86
630	960.0	118.1		116.4		1200	133	0	0	1080	113	60	105	360	100	180	90
631	840.0	128.1		125.9		780	148	0	0	1200	127	0	0	360	105	180	96
632	900.0	118.7		116.2		720	143	60	99	1080	116	120	107	420	112	300	88
633	960.0	120.4		118.7		960	136	0	0	1380	117	0	0	240	116	300	90
634	1040.0	121.2		119.7		1200	136	0	0	1200	118	0	0	480	104	240	98
635	1160.0	112.2		110.1		1680	125	0	0	1080	108	120	103	60	84	540	86
636	1340.0	112.7		110.8		1500	128	0	0	1440	112	0	0	540	97	540	88
637	1140.0	112.6		110.4		1320	128	0	0	1020	111	180	92	360	109	540	87
638	1040.0	116.6		114.4		1260	132	0	0	1080	114	0	0	300	107	480	88
639	600.0	117.2		114.7		360	140	0	0	900	119	60	82	180	118	300	91
640	1160.0	115.7		112.1		1080	140	0	0	1380	116	60	103	300	97	660	85
641	900.0	115.5		113.3		900	132	0	0	900	117	240	101	300	107	360	87
642	820.0	114.1		111.4		780	137	0	0	900	110	60	83	360	106	360	88
643	740.0	111.2		109.8		540	132	0	0	780	109	60	101	720	103	120	87
644	1220.0	110.3		108.7		1080	128	60	118	1500	108	60	100	600	99	360	86
645	720.0	120.8		117.8		600	144	0	0	1020	120	0	0	240	110	300	86
646	880.0	117.4		114.7		840	141	0	0	1080	112	0	0	360	108	360	88
647	980.0	115.0		112.9		780	138	0	0	1140	112	120	105	600	107	300	87
648	960.0	114.4		112.0		1140	132	0	0	1080	109	60	84	120	113	480	89
649	1260.0	109.6		107.6		1320	127	0	0	1500	106	180	97	120	112	660	86
650	1180.0	112.1		110.8		1740	122	0	0	1200	106	60	103	300	103	240	84
651	1220.0	114.4		113.2		1500	126	0	0	1440	110	0	0	420	106	300	89
652	840.0	114.2		112.0		840	132	0	0	960	113	60	89	240	107	420	89
653	1020.0	117.1		114.9		1200	132	0	0	1200	114	60	84	240	111	360	87
654	1300.0	104.0		103.1		1800	114	0	0	1440	98	120	87	180	96	360	88
655	860.0	117.1		115.9		600	133	0	0	1260	116	0	0	540	112	180	87
656	780.0	114.6		111.9		900	129	0	0	660	115	240	86	300	118	240	84
657	820.0	108.0		104.8		720	132	0	0	780	111	240	96	60	73	660	86
658	1380.0	112.5		111.2		2040	123	60	116	1080	108	60	99	300	98	600	93
659	800.0	118.5		117.0		600	139	0	0	900	118	0	0	720	108	180	95
660	1180.0	111.1		108.8		1560	126	0	0	1080	109	60	89	300	93	540	85
661	1020.0	109.5		106.2		1020	132	0	0	960	110	180	101	60	87	840	85
662	1060.0	109.6		108.3		1380	119	0	0	1200	109	0	0	180	99	420	85
663	920.0	111.6		110.6		900	124	60	119	1080	109	60	98	420	105	240	90
664	1120.0	110.2		109.4		1200	120	0	0	1320	109	60	105	360	105	420	91
665	740.0	114.6		112.9		660	128	0	0	960	116	60	109	120	119	420	90
666	1280.0	109.6		107.6		1740	123	0	0	1080	106	120	89	240	107	660	85
667	1080.0	112.9		111.0		1500	126	0	0	960	109	60	114	120	99	600	89
668	900.0	120.7		118.6		1080	135	0	0	1020	120	0	0	420	100	180	87
669	880.0	120.5		117.4		1080	138	0	0	840	121	120	99	300	98	300	87
670	1260.0	107.3		105.9		1440	120	0	0	1620	105	0	0	180	94	540	85
671	820.0	120.5		119.0		1020	135	0	0	1080	114	0	0	300	101	60	89
672	1160.0	110.7		108.4		1260	128	0	0	1380	108	120	97	180	103	540	83
673	1140.0	119.5		117.7		1320	135	0	0	1380	113	0	0	360	116	360	91
674	760.0	118.4		116.3		780	137	0	0	960	115	60	108	300	102	180	87
675	1020.0	115.7		114.0		960	133	0	0	1440	113	0	0	300	104	360	90
676	920.0	109.7		107.8		1080	124	0	0	960	109	120	93	120	98	480	86
677	900.0	113.2		112.6		840	123	60	117	1260	110	0	0	420	109	120	90
678	980.0	115.0		112.8		1140	133	0	0	1080	109	60	99	240	106	420	89
679	980.0	111.7		109.2		1080	129	0	0	1080	109	60	76	60	135	660	89
680	960.0	116.1		113.9		1440	128	0	0	780	116	120	97	0	0	540	89
681	820.0	121.5		118.5		1020	140	0	0	840	118	0	0	300	103	300	87
682	1060.0	115.9		114.4		1440	128	60	115	1140	110	0	0	360	103	180	83
683	1080.0	112.4		110.3		1440	127	60	113	1020	107	60	87	180	102	480	87
684	1180.0	120.4		117.7		1620	135	0	0	1320	117	0	0	60	101	540	87
685	940.0	120.2		117.6		1020	140	0	0	1140	116	0	0	300	105	360	90
686	960.0	120.1		116.9		1140	140	0	0	1080	116	0	0	240	100	420	88
687	920.0	113.7		110.6		840	136	0	0	1140	115	0	0	60	87	720	88
688	1020.0	114.3		106.3		1140	132	0	0	1080	117	60	25	360	96	420	88
689	800.0	122.3		119.1		840	144	0	0	840	120	120	114	240	110	360	88
690	720.0	129.8		126.4		840	147	0	0	840	128	0	0	240	121	240	85
691	800.0	123.3		120.7		840	141	0	0	1020	123	0	0	240	106	300	89
692	1080.0	110.4		107.9		1320	126	0	0	1020	110	60	87	300	93	540	85
693	1100.0	109.5		107.7		1500	123	0	0	900	105	120	95	180	100	600	88
694	800.0	120.3		117.6		1020	137	0	0	840	117	0	0	240	103	300	87
695	900.0	120.1		116.6		960	142	0	0	1080	118	60	101	180	99	420	87
696	900.0	114.0		111.8		1140	129	0	0	1020	109	0	0	180	108	360	84
697	920.0	114.7		111.8		900	137	0	0	1200	111	60	119	120	89	480	88
698	1020.0	113.3		111.2		1140	129	60	109	1140	112	0	0	120	106	600	88
699	1280.0	105.2		103.5		1440	119	0	0	1320	105	60	101	240	87	780	86
700	1160.0	109.4		107.2		1440	127	0	0	1260	101	180	95	180	89	420	89
701	1300.0	111.6		110.6		1680	122	0	0	1500	108	60	114	420	97	240	87
702	1100.0	112.5		110.0		1200	130	0	0	900	113	240	92	360	107	600	88
703	1040.0	114.8		111.0		1140	141	0	0	900	109	120	100	480	95	480	87
704	1140.0	106.2		105.3		1140	117	120	116	960	107	300	103	480	93	420	90
705	1100.0	107.7		106.1		1140	120	120	108	1140	109	120	86	240	105	540	85
706	980.0	111.1		109.1		1260	127	0	0	840	104	180	97	360	99	300	87
707	1320.0	110.6		108.8		1740	124	0	0	1440	106	60	101	120	94	600	87
708	1380.0	117.2		115.3		1920	126	0	0	1380	119	60	89	240	114	540	86
709	1060.0	123.6		120.3		1500	140	0	0	960	120	0	0	240	109	480	87
710	1200.0	119.7		116.6		1560	137	0	0	1020	116	60	104	540	107	420	83
711	1340.0	104.5		103.2		1680	115	0	0	1140	106	240	86	480	92	480	86
712	1260.0	116.6		114.2		1320	136	0	0	1440	114	60	99	420	101	540	90
713	1080.0	117.4		114.0		1440	137	0	0	1080	110	120	100	0	0	600	87
714	700.0	110.8		107.5		480	139	0	0	780	113	60	87	240	109	540	86
715	960.0	110.4		108.9		900	122	0	0	1020	113	120	95	300	113	540	88
716	1020.0	121.4		117.9		1020	143	0	0	1140	124	0	0	420	98	480	90
717	940.0	130.7		127.5		720	154	0	0	1320	134	60	110	420	110	300	93
718	820.0	126.2		121.6		900	154	0	0	960	120	0	0	360	100	240	86
719	640.0	119.6		116.8		360	150	0	0	1020	121	0	0	300	103	240	89
720	960.0	128.0		124.4		840	157	0	0	1140	125	0	0	480	114	420	94
721	640.0	133.3		128.5		480	166	0	0	900	133	0	0	300	119	240	87
722	560.0	122.5		117.7		300	164	0	0	900	124	0	0	120	114	360	87
723	640.0	122.7		119.1		360	159	0	0	960	124	60	90	360	105	180	89
724	660.0	115.5		113.0		360	141	0	0	960	119	60	119	180	107	420	89
725	620.0	129.8		126.6		360	159	0	0	960	133	0	0	300	114	240	93
726	740.0	122.6		119.8		600	147	0	0	1080	121	0	0	240	108	300	91
727	840.0	122.3		118.3		660	146	0	0	1020	128	0	0	180	122	660	90
728	800.0	126.0		122.2		600	149	0	0	1020	131	0	0	360	118	420	88
729	580.0	128.8		126.0		540	153	0	0	720	125	0	0	300	116	180	93
730	720.0	123.8		121.0		420	145	0	0	1020	132	0	0	420	104	300	94
731	860.0	128.3		126.0		780	152	0	0	900	122	0	0	780	118	120	88
732	600.0	115.7		111.7		420	147	0	0	780	119	0	0	120	96	480	88
733	900.0	123.1		119.7		900	146	0	0	960	124	0	0	540	103	300	88
734	760.0	125.8		122.9		780	148	0	0	780	119	0	0	540	117	180	85
735	860.0	111.6		108.8		660	138	0	0	900	113	180	98	480	97	360	86
736	700.0	132.6		129.8		720	154	0	0	1140	126	0	0	60	125	180	91
737	860.0	120.4		117.0		720	147	0	0	1080	120	0	0	360	105	420	89
738	700.0	131.8		128.7		420	168	0	0	1140	128	0	0	420	118	120	89
739	640.0	117.2		113.5		240	158	0	0	900	123	60	104	300	112	420	87
740	820.0	126.7		123.0		720	157	0	0	1140	121	0	0	300	111	300	91
741	820.0	129.0		126.8		840	146	0	0	1020	126	120	117	240	125	240	92
742	760.0	124.8		122.5		540	149	0	0	960	126	60	92	540	112	180	95
743	600.0	137.0		132.6		480	169	0	0	900	134	0	0	240	120	180	89
744	780.0	123.7		121.6		660	142	0	0	840	123	0	0	600	119	240	88
745	560.0	131.5		127.7		360	164	0	0	480	141	0	0	720	116	120	89
746	680.0	125.5		121.2		420	167	0	0	840	124	60	113	480	112	240	88
747	720.0	123.9		119.9		420	159	0	0	960	127	0	0	480	110	300	87
748	840.0	124.0		119.9		780	158	0	0	1020	113	60	98	420	109	240	93
749	840.0	120.0		117.6		600	148	0	0	1200	117	0	0	360	107	360	96
750	860.0	126.3		123.8		540	156	0	0	1080	127	0	0	840	112	120	87
751	600.0	119.3		115.7		360	156	0	0	1020	117	60	114	60	101	300	88
752	720.0	120.8		117.6		600	144	0	0	1020	122	60	101	240	92	240	91
753	860.0	125.0		121.2		900	149	0	0	960	121	0	0	300	116	420	89
754	760.0	126.8		123.7		540	157	0	0	840	131	60	111	600	105	240	103
755	760.0	124.6		122.0		660	145	0	0	1080	124	0	0	300	110	240	89
756	620.0	130.8		125.7		540	160	0	0	540	140	60	112	360	114	360	93
757	720.0	132.4		128.0		540	162	0	0	1020	134	0	0	300	117	300	89
758	760.0	129.8		125.8		540	164	0	0	1140	126	0	0	420	116	180	83
759	940.0	120.3		116.8		720	149	0	0	1260	120	60	90	420	106	360	86
760	760.0	127.8		124.5		720	151	0	0	780	127	60	95	480	118	240	89
761	700.0	118.2		113.3		780	143	0	0	660	120	0	0	180	82	480	89
762	900.0	119.2		117.2		1080	134	0	0	1080	115	120	91	60	137	360	94
763	700.0	115.9		113.7		780	135	0	0	600	109	60	92	480	107	180	88
764	640.0	119.5		115.2		540	151	0	0	900	117	0	0	180	92	300	87
765	860.0	113.3		110.9		840	128	0	0	900	116	0	0	300	113	540	86
766	820.0	121.8		117.1		780	153	0	0	960	117	0	0	240	107	480	88
767	1120.0	123.2		121.0		1020	142	0	0	1380	123	0	0	660	110	300	89
768	780.0	128.8		124.3		900	156	0	0	720	122	60	102	300	113	360	92
769	860.0	120.3		117.7		840	143	0	0	1080	117	180	99	120	100	360	95
770	840.0	132.8		130.0		960	155	0	0	1140	124	0	0	180	116	240	98
771	740.0	131.8		128.6		720	149	0	0	1020	132	0	0	180	132	300	90
772	780.0	119.9		116.7		720	144	0	0	840	120	180	100	240	109	360	89
773	720.0	125.9		123.3		540	151	0	0	1020	124	0	0	420	115	180	87
774	700.0	126.4		122.8		540	145	0	0	900	134	60	88	300	115	300	89
775	860.0	123.6		119.6		660	155	0	0	1020	125	60	87	660	104	180	85
776	860.0	125.5		121.4		900	147	0	0	960	128	0	0	240	110	480	88
777	680.0	125.7		122.2		720	150	0	0	780	122	0	0	360	104	180	88
778	880.0	129.4		126.4		900	149	0	0	1080	128	60	119	300	117	300	90
779	860.0	123.0		120.1		960	143	0	0	1020	120	0	0	360	101	240	89
780	840.0	122.1		119.1		780	146	0	0	840	122	60	98	540	109	300	89
781	900.0	114.6		112.6		900	133	0	0	1200	111	60	104	120	103	420	90
782	740.0	123.5		120.4		540	149	0	0	1020	122	0	0	360	120	300	87
783	880.0	126.4		122.6		780	156	0	0	960	124	0	0	600	110	300	90
784	820.0	130.1		127.8		780	150	0	0	960	127	0	0	480	122	240	94
785	760.0	118.5		116.3		600	139	0	0	1080	118	0	0	300	110	300	88
786	900.0	128.9		124.9		1200	150	0	0	960	121	60	101	60	128	420	91
787	700.0	129.8		125.4		540	166	0	0	960	127	0	0	360	109	240	91
788	720.0	123.6		120.0		660	144	0	0	780	130	120	102	300	106	300	88
789	860.0	114.7		113.8		900	127	0	0	1320	111	120	100	120	99	120	93
790	1080.0	118.4		116.1		1140	136	0	0	1560	115	0	0	180	99	360	87
791	840.0	120.7		117.8		540	152	0	0	1260	119	60	112	300	109	360	91
792	880.0	126.0		123.1		840	148	0	0	1200	123	0	0	300	112	300	90
793	960.0	125.3		120.9		1140	148	0	0	1080	121	60	85	180	112	420	86
794	960.0	127.1		122.1		900	157	0	0	1380	123	0	0	120	114	480	86
795	680.0	119.3		115.8		480	141	0	0	960	125	0	0	180	106	420	87
796	800.0	124.4		121.4		720	141	0	0	1080	129	0	0	240	107	360	89
797	1020.0	126.8		123.2		1080	152	0	0	1200	120	60	119	420	111	300	87
798	980.0	123.4		119.8		1200	143	0	0	1140	120	0	0	180	99	420	87
799	800.0	124.1		121.9		600	148	0	0	1140	123	0	0	480	109	180	92
800	880.0	127.1		122.8		960	147	0	0	1200	127	60	102	60	81	360	86
801	880.0	120.1		117.6		540	149	0	0	1500	119	0	0	300	104	300	90
802	940.0	124.3		123.0		960	139	0	0	1320	121	0	0	360	110	180	98
803	840.0	126.3		122.9		840	152	0	0	1140	119	0	0	240	116	300	90
804	840.0	136.0		132.5		720	160	0	0	1140	138	0	0	540	111	120	86
805	840.0	118.4		114.4		540	149	0	0	1260	120	0	0	180	116	540	85
806	800.0	123.8		120.8		960	141	0	0	900	123	60	111	240	98	240	87
807	1000.0	126.3		121.8		1140	152	0	0	1200	120	0	0	180	108	480	88
808	900.0	118.4		115.8		720	141	0	0	1260	119	60	98	300	100	360	90
809	940.0	119.9		117.5		1080	138	0	0	1260	115	0	0	240	95	240	89
810	760.0	123.8		121.1		780	141	0	0	1080	123	60	118	60	84	300	91
811	900.0	115.7		113.3		720	138	0	0	1260	115	60	103	300	102	360	87
812	1000.0	120.4		118.4		900	138	0	0	1320	120	120	109	360	109	300	88
813	800.0	128.3		124.3		780	152	0	0	1080	127	0	0	240	110	300	86
814	780.0	121.0		118.7		780	140	0	0	960	118	0	0	300	112	300	90
815	920.0	117.4		115.4		840	137	0	0	1260	114	60	82	420	106	180	88
816	960.0	117.8		115.7		960	134	0	0	1200	116	120	102	240	114	360	88
817	960.0	115.8		112.6		840	139	0	0	1080	118	60	85	480	99	420	87
818	620.0	119.3		116.9		420	145	0	0	840	119	0	0	420	108	180	87
819	1000.0	120.2		118.4		1080	136	0	0	1260	117	0	0	420	107	240	89
820	800.0	121.9		118.9		600	143	0	0	1260	123	0	0	60	144	480	90
821	840.0	116.8		113.1		900	138	60	108	720	122	60	88	300	93	480	89
822	1020.0	119.2		116.6		1440	133	0	0	1020	116	120	87	180	103	300	86
823	920.0	124.6		120.9		1080	148	0	0	960	116	0	0	300	116	420	90
824	1080.0	115.7		113.4		1140	134	0	0	1200	114	60	87	300	105	540	90
825	940.0	120.5		116.8		1200	141	0	0	780	117	120	92	240	109	480	88
826	840.0	121.4		117.1		840	143	0	0	900	126	0	0	120	119	660	88
827	740.0	120.6		116.9		360	150	0	0	1020	130	60	101	360	105	420	89
828	1020.0	122.5		119.7		900	138	0	0	1500	126	120	111	120	103	420	86
829	780.0	127.6		123.1		600	156	0	0	1080	131	0	0	360	105	300	86
830	1020.0	123.7		119.2		1020	149	0	0	1200	124	60	89	240	106	540	87
831	960.0	123.0		120.0		1020	142	0	0	1200	122	0	0	300	107	360	86
832	720.0	122.0		118.0		540	154	0	0	960	121	120	103	180	112	360	88
833	600.0	132.3		127.4		480	167	0	0	720	129	0	0	300	126	300	91
834	920.0	123.0		120.1		780	148	0	0	1200	121	60	101	300	114	420	92
835	780.0	127.4		125.0		540	153	0	0	1140	128	0	0	420	111	240	96
836	800.0	128.8		124.9		840	155	0	0	900	126	60	108	300	103	300	94
837	840.0	113.1		109.9		960	131	0	0	780	116	240	95	120	89	420	84
838	740.0	130.0		128.0		660	147	0	0	840	130	120	110	420	125	180	93
839	680.0	107.0		104.1		480	137	0	0	720	105	120	87	300	101	420	86
840	760.0	115.5		111.6		600	141	0	0	900	119	0	0	300	106	480	83
841	800.0	110.1		108.3		900	126	0	0	900	106	0	0	180	100	420	89
842	900.0	95.5		94.2		600	117	0	0	1320	92	120	87	300	89	360	81
843	940.0	102.1		101.1		900	114	0	0	1020	102	0	0	420	94	480	87
844	980.0	95.8		94.7		840	111	0	0	1140	94	120	91	240	86	600	83
845	700.0	100.1		99.8		420	108	0	0	1140	100	0	0	300	100	240	87
846	780.0	99.7		98.4		540	119	0	0	1320	97	0	0	120	93	360	83
847	760.0	107.5		105.4		600	129	0	0	900	108	0	0	360	93	420	88
848	800.0	99.9		99.2		540	113	0	0	1320	98	60	114	120	93	360	87
849	960.0	96.4		95.6		840	108	0	0	1320	94	0	0	300	96	420	81
850	940.0	92.5		92.1		900	101	0	0	1020	90	120	87	420	89	360	84
851	800.0	97.8		97.0		660	111	0	0	900	97	60	86	240	92	540	87
852	760.0	97.1		95.5		840	112	0	0	660	94	180	89	300	85	300	79
853	800.0	93.0		92.3		420	107	0	0	1020	95	0	0	660	86	300	82
854	940.0	92.2		91.6		780	102	0	0	1080	92	0	0	720	87	240	77
855	1280.0	89.9		88.9		1020	100	0	0	1320	95	120	79	720	81	660	76
856	1040.0	89.7		89.0		780	100	0	0	1500	89	60	106	300	80	480	79
857	1180.0	94.7		93.3		1200	110	0	0	1080	92	180	89	540	84	540	79
858	1060.0	89.0		88.4		840	99	120	96	660	92	240	87	840	82	480	79
859	1380.0	85.4		84.3		1200	99	60	114	1260	83	360	79	840	75	420	76
860	1040.0	89.6		88.4		960	104	0	0	1080	89	60	83	420	76	600	78
861	1120.0	92.6		91.5		840	109	120	94	1200	91	180	86	780	83	240	78
862	1060.0	93.0		92.2		1020	105	0	0	900	92	60	94	960	85	240	78
863	940.0	92.6		91.5		900	105	0	0	960	93	0	0	600	79	360	83
864	1200.0	94.7		93.8		1500	103	0	0	780	95	240	88	360	93	720	80
865	980.0	95.3		94.0		780	113	0	0	900	94	60	82	600	90	600	81
866	1180.0	87.9		86.7		720	105	0	0	1260	91	120	77	720	77	720	78
867	1320.0	91.8		90.7		960	109	0	0	1440	90	60	86	1020	85	480	78
868	1360.0	86.5		86.3		1020	88	120	95	1860	84	60	81	480	93	540	85
869	960.0	93.4		92.2		480	107	0	0	1080	100	120	86	360	89	840	80
870	780.0	94.6		93.1		360	123	0	0	960	92	120	88	420	95	480	80
871	1180.0	85.6		84.6		900	98	0	0	1320	87	120	92	240	75	960	74
872	1000.0	90.6		90.0		600	106	0	0	1620	88	60	81	360	86	360	83
873	1020.0	89.9		87.6		720	114	0	0	1080	89	180	88	300	80	780	73
874	1160.0	90.5		88.9		840	106	60	107	1500	92	0	0	180	77	900	75
875	1040.0	95.3		94.4		960	108	0	0	1200	94	60	88	120	84	780	84
876	860.0	95.5		93.5		600	113	0	0	1080	100	0	0	240	82	660	77
877	940.0	91.9		91.1		540	108	0	0	1320	92	0	0	420	85	540	81
878	800.0	97.6		96.1		420	123	0	0	1200	96	60	96	300	89	420	83
879	820.0	97.2		96.0		540	114	0	0	1140	98	60	88	540	83	180	87
880	660.0	101.6		99.5		300	136	0	0	780	103	0	0	540	91	360	86
881	1040.0	93.8		93.0		660	110	0	0	1560	92	0	0	300	85	600	85
882	960.0	101.5		100.4		660	118	0	0	1320	102	0	0	480	90	420	87
883	1000.0	113.5		110.9		720	138	0	0	1380	114	120	97	300	101	480	87
884	800.0	124.1		121.0		600	150	0	0	1200	124	60	97	300	109	240	86
885	620.0	120.5		119.2		420	129	0	0	780	126	60	88	360	119	240	98
886	1020.0	117.1		115.6		780	136	0	0	1320	116	120	102	600	109	240	90
887	820.0	117.6		115.8		480	141	0	0	1440	118	60	107	120	99	360	93
888	960.0	114.8		113.4		600	127	60	116	1500	119	60	92	420	102	240	86
889	720.0	117.5		114.1		540	143	0	0	960	120	60	93	180	107	420	87
890	820.0	120.8		117.7		600	145	0	0	1200	123	120	109	180	99	360	88
891	800.0	124.8		122.7		540	146	0	0	1140	128	0	0	420	108	300	98
892	640.0	127.1		123.9		540	151	0	0	960	125	0	0	120	127	300	91
893	800.0	120.1		116.7		720	148	0	0	840	116	120	87	420	111	300	91
894	820.0	125.4		122.1		360	161	0	0	1200	130	0	0	600	113	300	89
895	720.0	130.5		128.8		600	144	0	0	1200	131	0	0	180	121	180	92
896	860.0	112.6		108.9		420	148	0	0	1320	117	0	0	480	90	360	85
897	640.0	112.0		108.8		420	142	0	0	840	113	60	87	300	99	300	85
898	1200.0	120.5		117.7		1080	141	0	0	1560	120	240	101	300	113	420	86
899	620.0	128.6		124.2		420	156	0	0	720	138	60	90	300	117	360	94
900	720.0	125.8		122.4		540	158	0	0	960	123	60	101	360	111	240	93
901	580.0	121.5		118.3		240	148	0	0	960	129	0	0	300	103	240	88
902	1000.0	115.0		110.6		900	142	0	0	900	120	240	93	180	110	780	86
903	880.0	122.0		119.4		1020	140	0	0	960	120	0	0	360	103	300	90
904	800.0	125.0		123.0		600	147	0	0	1200	123	0	0	420	115	180	89
905	840.0	123.4		120.6		600	150	0	0	1260	123	0	0	420	106	240	89
906	960.0	122.5		119.1		780	149	0	0	1260	123	60	112	420	104	360	87
907	680.0	127.6		123.1		480	160	0	0	960	129	0	0	180	119	420	91
908	760.0	122.6		118.7		540	153	0	0	960	125	60	115	300	109	420	89
909	900.0	119.5		115.0		780	150	0	0	1140	119	0	0	180	92	600	89
910	940.0	121.3		117.2		1200	143	0	0	960	115	60	88	180	103	420	86
911	960.0	123.0		120.4		840	147	0	0	1380	120	0	0	300	103	360	95
912	1040.0	118.3		114.8		1200	138	0	0	960	119	120	101	300	102	540	86
913	1000.0	123.1		119.8		960	145	0	0	1020	125	60	97	540	111	420	88
914	740.0	133.9		131.6		600	155	0	0	1020	135	0	0	480	115	120	95
915	880.0	129.4		125.2		660	161	0	0	1200	131	0	0	480	106	300	91
916	780.0	126.2		120.6		660	159	0	0	1080	126	0	0	120	109	480	86
917	700.0	125.1		122.5		600	146	0	0	960	125	0	0	360	109	180	88
918	1160.0	119.7		118.0		960	137	0	0	1380	122	180	98	720	106	240	94
919	860.0	118.2		114.1		660	141	0	0	900	123	0	0	420	121	600	84
920	1020.0	127.2		124.7		780	152	0	0	1320	126	0	0	780	114	180	86
921	960.0	129.3		124.0		1020	155	0	0	1020	132	0	0	360	104	480	88
922	980.0	117.1		113.5		720	143	0	0	1320	121	0	0	240	101	660	87
923	800.0	121.6		118.4		660	144	0	0	1140	124	0	0	540	93	60	88
924	1040.0	118.7		114.8		1200	138	0	0	1020	120	180	86	120	122	600	87
925	1060.0	127.7		124.3		1080	150	0	0	1260	125	120	98	420	117	300	86
926	860.0	118.0		113.6		780	148	0	0	1020	116	120	100	120	92	540	88
927	900.0	112.7		110.5		600	135	0	0	1200	115	60	87	540	101	300	85
928	820.0	123.0		119.8		540	158	0	0	960	123	0	0	780	105	180	96
929	840.0	120.7		118.6		480	140	0	0	1380	125	0	0	240	104	420	94
930	1180.0	122.0		119.8		1020	141	0	0	1500	124	0	0	780	103	240	91
931	880.0	121.3		117.3		780	149	0	0	1200	120	0	0	300	96	360	87
932	1020.0	122.0		119.3		960	144	0	0	1320	120	0	0	480	104	300	89
933	700.0	122.5		119.3		480	142	0	0	1080	128	60	104	120	107	360	88
934	940.0	123.3		120.9		840	140	0	0	1020	123	60	88	660	120	240	84
935	680.0	124.5		123.8		480	139	0	0	1020	123	0	0	480	117	60	95
936	680.0	136.9		132.9		540	163	0	0	780	142	0	0	480	121	240	93
937	860.0	126.0		122.3		660	154	0	0	1140	128	0	0	480	105	300	90
938	800.0	126.5		123.2		480	156	0	0	1260	129	0	0	240	111	420	94
939	780.0	128.4		125.2		720	152	0	0	1020	127	0	0	300	114	300	91
940	1040.0	125.1		122.2		780	155	0	0	1500	122	60	118	480	108	300	92
941	1040.0	125.5		121.9		1080	149	0	0	1320	123	0	0	420	100	300	88
942	820.0	122.8		119.5		660	149	0	0	1020	123	60	112	360	111	360	88
943	640.0	117.0		114.3		360	146	0	0	1020	119	0	0	300	98	240	89
944	1160.0	116.9		114.7		1200	136	0	0	1260	115	120	99	660	100	240	87
945	1040.0	121.3		118.5		1200	139	0	0	1320	117	0	0	180	118	420	86
946	900.0	117.1		114.1		660	140	0	0	1200	118	0	0	300	117	540	87
947	880.0	117.8		115.8		600	138	0	0	1500	118	0	0	240	103	300	88
948	600.0	125.5		122.9		420	150	0	0	840	123	0	0	360	122	180	87
949	540.0	120.4		118.2		180	157	0	0	600	129	0	0	780	108	60	87
950	840.0	122.5		120.3		780	139	0	0	1140	124	0	0	480	101	120	86
951	860.0	114.1		111.3		720	139	0	0	1200	110	60	111	180	108	420	86
952	820.0	106.6		105.3		780	122	0	0	1020	104	60	87	180	100	420	90
953	920.0	108.5		106.6		720	125	0	0	1140	110	60	83	360	106	480	85
954	860.0	112.2		110.6		780	129	0	0	1020	111	0	0	660	100	120	81
955	640.0	111.7		109.6		600	126	0	0	660	114	60	88	240	114	360	86
956	720.0	113.6		111.7		540	136	0	0	960	112	0	0	300	107	360	90
957	780.0	115.0		113.9		360	137	0	0	1260	115	0	0	540	108	180	92
958	760.0	111.7		110.2		540	131	0	0	1020	111	0	0	600	101	120	84
959	960.0	113.6		111.1		960	135	0	0	1140	110	60	92	300	99	420	88
960	1000.0	110.1		108.4		900	130	60	113	1260	106	60	93	240	99	480	91
961	580.0	112.4		111.2		420	116	0	0	780	121	0	0	300	102	240	91
962	860.0	109.1		107.5		660	128	60	116	1080	108	60	102	420	99	300	86
963	1000.0	107.9		106.3		600	133	0	0	1560	105	60	115	600	96	180	86
964	700.0	107.5		105.5		300	130	0	0	960	115	0	0	420	94	420	88
965	840.0	108.7		107.1		660	129	0	0	900	107	0	0	720	99	240	88
966	1220.0	99.1		97.8		1020	116	0	0	1440	98	120	91	600	86	480	85
967	840.0	109.4		107.6		660	124	60	115	1020	114	120	87	420	93	240	88
968	800.0	113.6		112.7		660	130	0	0	1020	108	60	119	540	107	120	98
969	1280.0	111.0		109.3		1320	127	0	0	1260	111	0	0	1080	96	180	84
970	1140.0	109.8		109.2		1320	118	0	0	1500	108	0	0	480	99	120	86
971	760.0	108.7		106.3		360	138	0	0	1080	113	0	0	480	94	360	86
972	1060.0	106.7		105.7		780	122	60	117	1560	105	120	106	300	94	360	90
973	880.0	108.5		107.5		660	123	0	0	1320	108	0	0	480	98	180	87
974	1200.0	108.2		107.2		1080	123	0	0	1620	106	0	0	660	97	240	88
975	1100.0	111.5		110.4		840	127	0	0	1320	113	60	107	900	100	180	88
976	900.0	114.3		112.7		840	131	0	0	1260	113	0	0	240	98	360	91
977	1000.0	111.7		109.9		720	132	0	0	1500	111	0	0	300	104	480	88
978	1100.0	112.7		111.1		960	129	0	0	1500	113	0	0	540	98	300	86
979	1060.0	114.5		113.3		960	129	0	0	1560	112	0	0	420	106	240	88
980	840.0	112.5		111.2		420	128	0	0	1260	117	0	0	480	103	360	91
981	840.0	117.9		116.9		720	130	0	0	1260	118	0	0	360	107	180	91
982	1080.0	123.3		122.4		1200	135	0	0	1380	120	0	0	480	111	180	103
983	1020.0	117.9		115.9		1200	132	0	0	1080	118	0	0	360	103	420	90
984	1140.0	102.7		101.6		900	118	60	118	1440	101	120	91	480	91	420	90
985	1060.0	114.6		113.3		900	130	0	0	1440	114	60	88	600	103	180	90
986	980.0	112.0		109.9		780	135	0	0	1200	110	120	106	420	101	420	88
987	960.0	117.4		114.7		720	144	0	0	1260	114	0	0	540	110	360	87
988	1220.0	113.1		111.2		1020	132	60	110	1620	113	60	85	660	97	240	86
989	1080.0	118.2		117.0		900	134	0	0	1440	117	60	113	600	109	240	91
990	1340.0	104.4		103.2		1500	116	0	0	1500	104	120	87	180	97	720	86
991	1080.0	119.3		117.2		1080	138	0	0	1380	117	60	115	300	102	420	92
992	1380.0	110.7		109.7		1500	122	60	116	1620	107	0	0	480	108	480	90
993	980.0	115.2		112.8		900	133	0	0	1080	117	120	86	480	107	360	86
994	1420.0	108.1		106.1		1620	126	0	0	1560	102	120	90	420	97	540	85
995	900.0	119.1		117.1		660	140	0	0	1380	119	0	0	420	103	240	90
996	1020.0	116.3		114.3		960	137	0	0	1260	113	120	100	480	101	240	90
997	1200.0	110.6		108.0		1320	121	60	45	1020	112	60	87	780	109	360	87
998	1200.0	111.8		109.8		1320	130	0	0	1200	106	120	96	600	102	360	86
999	1000.0	116.8		114.9		780	137	0	0	1440	116	0	0	420	104	360	91
1000	960.0	114.6		113.3		660	132	0	0	1500	114	60	116	420	104	240	89
1001	800.0	114.5		112.8		600	132	0	0	1140	116	120	102	300	99	240	89
1002	1180.0	114.1		111.7		960	135	0	0	1680	114	60	89	360	100	480	86
1003	1180.0	117.9		116.0		1200	133	0	0	1620	116	0	0	360	108	360	86
1004	820.0	117.2		115.4		660	135	0	0	1200	118	0	0	360	101	240	89
1005	980.0	129.8		126.8		960	156	0	0	1140	123	0	0	600	115	240	94
1006	1000.0	127.2		123.4		840	159	0	0	1260	123	60	107	600	109	240	88
1007	840.0	122.4		118.9		720	153	0	0	1080	116	0	0	360	112	360	91
1008	1040.0	124.7		121.7		780	157	0	0	1320	121	0	0	720	109	300	95
1009	1440.0	119.3		116.6		1680	140	0	0	1560	112	60	112	540	105	480	88
1010	1060.0	122.6		120.2		960	146	0	0	1440	119	0	0	660	103	120	87
1011	880.0	115.5		113.7		540	137	0	0	1320	116	0	0	420	109	360	89
1012	940.0	121.8		117.6		1080	146	0	0	960	118	60	101	120	108	600	89
1013	1160.0	121.6		119.7		1260	139	0	0	1440	118	0	0	600	104	180	88
1014	1200.0	119.3		117.4		1140	138	0	0	1740	116	60	88	480	104	180	85
1015	880.0	121.1		119.0		660	145	0	0	1140	119	0	0	720	109	120	83
1016	920.0	119.6		117.3		960	134	0	0	1260	120	60	87	180	107	300	86
1017	1080.0	120.5		118.3		1020	137	0	0	1380	123	0	0	420	101	420	92
1018	960.0	125.9		123.6		840	150	0	0	1380	121	0	0	420	112	240	94
1019	1060.0	121.5		118.0		1140	145	0	0	1320	117	60	100	240	101	420	87
1020	800.0	130.4		126.9		900	150	0	0	1080	128	0	0	120	108	300	89
1021	920.0	131.4		127.4		720	161	0	0	1200	131	60	107	480	118	300	88
1022	1060.0	127.5		125.6		1140	144	0	0	1320	125	60	109	420	113	240	93
1023	1140.0	128.5		125.5		1200	148	0	0	1500	127	0	0	420	108	300	87
1024	940.0	131.5		128.7		840	155	0	0	1320	129	0	0	420	115	240	92
1025	720.0	121.7		118.2		360	153	0	0	1020	129	0	0	360	103	420	93
1026	940.0	122.0		119.9		660	146	0	0	1200	122	0	0	780	109	180	90
1027	1080.0	121.6		117.2		1260	142	0	0	1080	125	180	84	180	91	540	90
1028	1060.0	120.0		117.7		900	142	0	0	1380	119	120	108	600	102	180	86
1029	1000.0	125.6		124.2		900	145	0	0	1320	121	60	113	600	113	120	100
1030	840.0	129.5		124.9		900	157	0	0	1020	125	0	0	180	105	420	92
1031	1000.0	134.2		130.3		900	163	0	0	1500	130	0	0	420	108	180	87
1032	1260.0	110.0		108.3		1260	127	0	0	1440	108	120	83	360	98	600	92
1033	1100.0	131.7		127.9		900	160	0	0	1620	131	0	0	540	105	240	90
1034	1160.0	121.6		118.5		1140	144	0	0	1500	119	0	0	480	103	360	86
1035	1340.0	119.1		115.7		1440	142	0	0	1620	115	60	98	540	97	360	83
1036	1080.0	119.2		117.1		1080	140	0	0	1320	114	0	0	720	103	120	86
1037	1120.0	116.9		115.8		1020	127	0	0	1560	117	120	90	480	114	180	85
1038	1040.0	118.3		117.0		720	134	0	0	1680	119	0	0	540	105	180	89
1039	1020.0	118.4		116.1		660	140	0	0	1620	119	0	0	420	111	360	85
1040	1380.0	111.8		110.1		1020	132	0	0	1920	112	60	102	420	101	720	90
1041	1100.0	116.1		114.5		960	132	0	0	1320	116	60	102	660	107	300	88
1042	1000.0	119.3		117.2		900	135	0	0	1260	120	0	0	480	112	360	87
1043	1580.0	113.1		112.3		1740	124	0	0	1860	111	0	0	900	103	240	89
1044	1020.0	120.2		118.3		780	141	0	0	1440	119	0	0	600	109	240	88
1045	1420.0	115.4		113.5		1620	132	0	0	1980	110	120	96	120	92	420	89
1046	1520.0	118.5		117.2		1500	133	0	0	1980	117	60	100	840	104	180	89
1047	1280.0	111.3		110.2		1020	125	0	0	1740	112	60	89	540	103	480	92
1048	1000.0	117.9		116.5		900	135	0	0	1200	115	60	85	660	109	180	95
1049	1180.0	121.9		120.7		960	136	0	0	1620	123	0	0	780	109	180	93
1050	1220.0	109.7		108.4		1080	123	0	0	1620	111	0	0	540	96	420	88
1051	1240.0	120.3		118.8		1320	137	0	0	1680	115	0	0	600	105	120	88
1052	1140.0	116.6		115.0		900	134	0	0	1680	116	60	106	480	106	300	87
1053	820.0	116.2		115.7		300	131	0	0	1500	118	60	105	480	108	120	96
1054	920.0	119.3		117.9		660	133	0	0	1320	122	0	0	480	110	300	92
1055	1280.0	110.9		108.9		1200	128	0	0	1740	110	60	100	360	96	480	84
1056	1160.0	119.5		117.9		1200	131	0	0	1440	121	0	0	420	111	420	90
1057	920.0	116.1		114.0		600	136	0	0	1380	119	0	0	360	102	420	90
1058	820.0	118.3		117.0		480	135	0	0	1140	121	60	100	600	110	180	90
1059	840.0	116.0		114.4		780	129	0	0	1080	117	0	0	360	109	300	87
1060	1060.0	113.9		112.2		600	135	0	0	1680	116	120	90	420	103	360	90
1061	960.0	121.6		119.2		780	140	0	0	1260	122	120	115	360	117	360	87
1062	1160.0	119.2		116.9		1080	138	0	0	1440	118	0	0	600	108	360	86
1063	920.0	121.5		119.6		780	136	0	0	1140	124	0	0	540	114	300	88
1064	1140.0	128.5		126.5		1380	145	0	0	1560	122	0	0	240	113	240	92
1065	800.0	128.2		125.4		660	155	0	0	1020	123	0	0	480	120	240	93
1066	920.0	128.9		127.2		600	152	0	0	1380	127	0	0	660	119	120	90
1067	900.0	124.0		122.1		780	144	0	0	1500	120	0	0	240	109	180	90
1068	1180.0	114.3		112.4		1200	129	0	0	1560	114	60	116	300	93	420	88
1069	1220.0	111.7		110.2		1020	128	0	0	1740	112	0	0	480	97	420	88
1070	1120.0	115.7		113.8		960	133	0	0	1500	117	0	0	600	98	300	89
1071	940.0	129.3		127.1		840	151	0	0	1020	127	60	102	780	117	120	90
1072	1040.0	123.5		121.5		1200	140	0	0	1200	118	120	100	360	116	240	91
1073	1120.0	120.1		117.4		1260	141	0	0	1200	115	0	0	600	102	300	89
1074	1140.0	127.3		123.2		1080	157	0	0	1380	122	0	0	480	112	480	91
1075	980.0	131.1		128.6		840	156	0	0	1080	131	0	0	900	112	120	100
1076	1100.0	120.6		117.3		1020	148	0	0	1500	115	60	86	300	102	420	92
1077	1220.0	122.5		120.8		1320	136	0	0	1620	122	0	0	480	104	240	89
1078	860.0	126.4		124.1		720	147	0	0	1200	127	0	0	540	106	120	89
1079	1200.0	125.1		122.5		840	152	0	0	1800	124	60	96	660	110	240	88
1080	1140.0	114.2		111.6		1200	132	0	0	1200	115	0	0	240	107	780	88
1081	1160.0	112.8		111.5		900	129	0	0	1740	112	0	0	480	105	360	87
1082	1180.0	115.3		112.5		1140	136	0	0	1560	114	60	86	180	96	600	88
1083	900.0	119.4		116.4		900	137	0	0	960	124	0	0	480	102	360	86
1084	800.0	115.9		113.7		360	134	0	0	1140	125	0	0	540	102	360	90
1085	1180.0	121.2		118.6		1200	138	0	0	1500	121	0	0	360	113	480	86
1086	900.0	124.6		120.9		840	150	0	0	1140	124	0	0	240	106	480	91
1087	1200.0	123.6		121.0		1200	143	0	0	1680	120	60	118	300	111	360	87
1088	1220.0	124.9		122.3		1320	145	0	0	1440	122	0	0	720	103	180	89
1089	960.0	116.8		113.1		840	139	0	0	1260	120	60	82	300	91	420	86
1090	720.0	117.6		115.8		420	143	0	0	960	118	0	0	660	106	120	89
1091	900.0	118.9		116.8		540	140	0	0	1200	123	0	0	600	109	360	90
1092	1000.0	118.3		116.9		1140	129	0	0	1260	117	0	0	300	112	300	89
1093	1060.0	121.2		119.1		1020	140	0	0	1380	119	60	108	540	104	180	87
1094	1100.0	120.7		118.1		1080	145	0	0	1500	111	60	105	420	113	240	89
1095	1060.0	124.2		121.4		1200	143	0	0	1200	119	0	0	360	120	420	89
1096	980.0	123.2		119.7		1080	142	0	0	1260	123	0	0	120	96	480	88
1097	1060.0	117.9		116.2		780	136	0	0	1620	118	0	0	480	107	300	88
1098	1080.0	119.6		118.3		960	135	0	0	1560	118	0	0	540	107	180	90
1099	1020.0	118.2		116.8		780	130	0	0	1440	121	60	92	480	112	300	89
1100	1140.0	116.0		114.4		1140	131	0	0	1320	116	120	114	480	99	360	92
1101	1260.0	117.3		115.2		1560	133	0	0	1440	112	0	0	480	102	300	85
1102	920.0	128.9		125.0		840	154	0	0	1200	130	60	87	480	103	180	88
1103	800.0	126.2		123.7		780	147	0	0	960	124	60	102	420	111	180	91
1104	840.0	137.0		135.5		480	161	0	0	1380	136	0	0	600	125	60	89
1105	1060.0	125.9		123.7		780	151	0	0	1620	124	0	0	660	108	120	88
1106	1020.0	121.0		118.2		780	143	0	0	1500	122	0	0	300	112	480	88
1107	1080.0	116.4		114.8		900	132	0	0	1320	117	60	89	600	111	360	89
1108	960.0	120.6		118.8		900	136	0	0	1260	120	0	0	540	109	180	83
1109	1400.0	119.6		115.5		1500	143	0	0	1560	117	180	92	120	129	840	87
1110	900.0	119.2		116.8		840	140	0	0	1200	117	0	0	360	102	300	90
1111	1020.0	114.1		111.5		960	136	0	0	1200	113	120	100	420	93	360	89
1112	780.0	122.1		120.1		600	144	0	0	1080	122	60	107	300	109	300	95
1113	900.0	116.5		114.3		600	138	0	0	1260	118	60	106	420	108	360	87
1114	1040.0	114.8		113.2		720	136	0	0	1440	114	0	0	720	105	240	86
1115	800.0	118.3		116.4		720	135	0	0	1080	118	0	0	300	110	300	88
1116	1640.0	111.5		109.8		1860	126	0	0	1860	109	120	106	660	95	420	86
1117	1080.0	124.0		121.5		1140	142	0	0	1380	123	0	0	360	105	360	90
1118	1220.0	123.3		120.1		1440	143	0	0	1320	120	0	0	420	105	480	89
1119	900.0	127.8		124.9		600	153	0	0	1380	130	60	105	420	110	240	89
1120	700.0	126.3		124.9		420	155	0	0	960	120	0	0	720	118	0	0
1121	1020.0	119.8		118.1		960	137	0	0	900	122	60	90	1080	106	60	89
1122	880.0	124.4		122.1		600	145	0	0	1380	125	0	0	360	117	300	89
1123	860.0	122.9		121.2		840	137	0	0	1080	123	0	0	480	111	180	88
1124	1160.0	106.2		103.4		1140	126	0	0	1320	107	120	87	60	92	840	82
1125	1000.0	120.9		116.7		780	151	0	0	1260	122	60	112	300	108	600	87
1126	800.0	123.2		120.4		600	151	0	0	1320	118	0	0	240	117	240	88
1127	1480.0	118.1		116.0		1680	134	0	0	1860	115	0	0	300	106	600	89
1128	780.0	131.1		128.7		720	157	0	0	840	126	0	0	720	113	60	108
1129	820.0	121.9		118.4		660	151	0	0	1020	121	0	0	540	103	240	88
1130	800.0	130.0		127.8		540	156	0	0	900	132	0	0	900	115	60	90
1131	1080.0	116.9		113.3		780	143	0	0	1500	120	0	0	180	107	780	87
1132	1140.0	131.8		128.7		1260	153	0	0	1140	131	0	0	900	109	120	87
1133	800.0	126.4		121.8		840	149	0	0	840	126	0	0	240	127	480	87
1134	1160.0	126.8		122.8		1260	151	60	118	1200	125	60	92	420	108	480	90
1135	1000.0	123.8		121.8		840	140	0	0	1560	125	0	0	360	105	240	88
1136	980.0	129.7		127.3		960	151	0	0	1200	126	60	88	660	113	60	86
1137	1000.0	126.0		123.0		960	150	0	0	1260	123	60	101	420	107	300	93
1138	920.0	117.3		114.7		840	136	0	0	1260	118	60	88	180	106	420	87
1139	1320.0	124.5		120.9		1740	143	0	0	1380	121	120	93	240	99	480	88
1140	860.0	119.3		117.1		960	135	0	0	900	116	120	90	360	117	240	87
1141	560.0	123.2		119.2		300	160	0	0	780	127	0	0	300	111	300	89
1142	940.0	122.4		118.4		960	144	60	96	900	126	60	109	300	114	540	87
1143	940.0	126.3		121.2		900	148	0	0	1080	135	180	92	180	105	480	87
1144	780.0	124.6		120.8		600	149	0	0	1080	128	60	103	180	116	420	88
1145	920.0	122.8		118.2		900	153	0	0	1080	118	120	93	240	109	420	87
1146	680.0	129.1		127.4		600	151	0	0	780	125	0	0	540	117	120	101
1147	940.0	127.0		120.8		960	159	0	0	960	127	60	106	180	107	660	88
1148	920.0	134.1		128.5		960	167	0	0	1080	128	0	0	480	105	240	88
1149	520.0	121.2		115.2		300	155	0	0	660	134	0	0	60	111	540	88
1150	640.0	138.4		134.7		600	162	0	0	840	139	0	0	360	114	120	89
1151	860.0	131.2		128.6		900	151	0	0	840	132	0	0	600	115	240	95
1152	600.0	131.8		129.4		240	183	0	0	900	126	0	0	660	121	0	0
1153	580.0	134.3		128.5		300	178	0	0	840	134	0	0	360	132	240	84
1154	720.0	127.1		123.6		480	160	0	0	720	127	60	89	660	120	240	91
1155	660.0	130.9		124.7		360	180	0	0	900	134	60	98	360	116	300	87
1156	820.0	130.9		125.9		600	158	0	0	1080	137	60	118	300	119	420	87
1157	740.0	128.1		124.8		540	157	0	0	1020	128	0	0	420	113	240	90
1158	760.0	125.9		123.0		300	161	0	0	1260	131	0	0	480	106	240	95
1159	980.0	128.5		123.9		1080	155	0	0	1200	124	60	103	300	96	300	89
1160	860.0	126.0		122.3		840	150	0	0	1200	124	0	0	120	104	420	90
1161	880.0	125.6		120.8		660	163	0	0	1260	123	60	87	360	102	300	90
1162	640.0	137.7		136.1		360	170	0	0	720	134	0	0	840	127	0	0
1163	780.0	133.1		130.0		420	176	0	0	1200	126	0	0	600	126	120	90
1164	440.0	123.7		120.9		120	177	0	0	660	128	0	0	480	109	60	88
1165	800.0	129.9		126.0		480	163	0	0	1260	131	0	0	360	117	300	88
1166	780.0	140.7		138.5		720	160	0	0	960	140	0	0	600	124	60	86
1167	700.0	142.2		136.2		720	177	0	0	840	137	0	0	420	108	120	90
1168	820.0	126.3		121.9		660	153	0	0	1260	128	0	0	120	96	420	88
1169	640.0	129.3		127.1		300	163	0	0	1020	127	0	0	480	123	120	90
1170	1000.0	124.0		120.0		780	157	0	0	1440	121	0	0	300	107	480	90
1171	800.0	126.5		123.4		720	153	0	0	960	121	0	0	540	114	180	87
1172	760.0	124.9		119.7		480	162	0	0	1140	128	0	0	180	108	480	87
1173	580.0	128.8		124.1		300	162	0	0	1020	133	0	0	120	114	300	87
1174	680.0	138.9		135.7		480	164	0	0	960	143	0	0	540	115	60	86
1175	680.0	121.8		118.4		360	146	0	0	1140	128	0	0	120	101	420	90
1176	660.0	127.9		125.8		480	155	0	0	840	126	0	0	540	113	120	100
1177	460.0	132.7		131.1		180	158	0	0	660	136	0	0	480	124	60	90
1178	680.0	128.7		123.3		480	167	0	0	960	129	0	0	240	112	360	88
1179	740.0	121.8		119.1		540	143	0	0	1200	123	0	0	180	108	300	87
1180	480.0	144.1		140.6		540	168	0	0	660	137	0	0	180	117	60	89
1181	820.0	120.5		117.4		660	145	0	0	900	120	120	93	420	119	360	88
1182	880.0	126.7		123.8		900	146	0	0	960	124	60	89	540	118	180	83
1183	840.0	120.9		115.5		1020	147	0	0	720	118	120	86	120	109	540	86
1184	620.0	123.5		121.5		420	137	0	0	960	128	0	0	300	112	180	87
1185	820.0	126.2		122.7		600	150	0	0	960	133	60	93	600	110	240	88
1186	560.0	130.0		127.4		300	163	0	0	840	132	0	0	420	112	120	97
1187	680.0	121.6		116.5		480	153	0	0	780	129	180	89	180	117	420	88
1188	860.0	135.0		130.1		840	161	0	0	960	138	0	0	540	111	240	86
1189	700.0	134.9		130.2		480	164	0	0	1080	138	0	0	300	116	240	86
1190	920.0	125.8		121.2		600	158	0	0	1440	123	60	88	240	141	420	86
1191	900.0	131.3		127.5		780	151	0	0	1200	137	0	0	360	112	360	89
1192	660.0	120.4		116.4		480	152	0	0	900	121	0	0	180	106	420	89
1193	440.0	137.9		134.7		180	183	0	0	720	136	0	0	360	128	60	85
1194	720.0	119.6		114.7		420	154	0	0	1020	126	60	117	0	0	660	88
1195	600.0	127.7		122.8		420	160	0	0	720	131	0	0	360	118	300	86
1196	680.0	125.3		121.8		600	148	0	0	660	128	60	89	480	117	240	87
1197	580.0	118.5		115.7		240	152	0	0	840	122	60	103	240	118	360	91
1198	800.0	125.7		122.9		900	145	0	0	720	121	60	94	540	117	180	85
1199	920.0	125.0		121.9		1200	141	0	0	840	126	60	88	420	103	240	89
1200	680.0	117.3		115.2		600	137	0	0	660	118	60	99	480	107	240	91
1201	760.0	120.3		115.0		600	153	0	0	900	125	60	96	240	96	480	86
1202	420.0	125.5		121.4		180	178	0	0	600	126	0	0	360	111	120	88
1203	760.0	121.5		118.6		660	144	0	0	1080	121	0	0	240	104	300	88
1204	540.0	131.7		127.2		300	168	0	0	900	134	0	0	240	112	180	86
1205	560.0	130.0		126.0		600	152	0	0	600	132	60	88	240	109	180	92
1206	820.0	127.6		123.3		660	160	0	0	1020	126	0	0	480	111	300	88
1207	840.0	134.8		130.6		840	160	0	0	1020	135	0	0	480	108	180	88
1208	580.0	123.1		117.7		480	157	0	0	480	126	60	89	240	122	480	91
1209	560.0	126.6		121.9		360	154	0	0	780	134	60	87	120	123	360	91
1210	640.0	125.3		121.5		600	145	0	0	780	129	0	0	120	127	420	90
1211	560.0	132.1		126.1		360	168	0	0	780	138	60	100	240	114	240	85
1212	600.0	116.9		114.2		180	143	0	0	1080	124	0	0	180	106	360	88
1213	440.0	124.6		120.8		240	150	0	0	660	130	0	0	180	121	240	87
1214	640.0	132.5		129.8		360	162	0	0	900	133	0	0	540	122	120	87
1215	780.0	128.8		124.6		660	159	0	0	720	134	0	0	840	107	120	85
1216	480.0	122.8		116.4		240	168	0	0	540	134	60	90	240	114	360	87
1217	800.0	128.8		124.4		780	158	0	0	1080	124	0	0	240	104	300	90
1218	600.0	127.5		124.8		420	154	0	0	780	128	0	0	360	117	240	95
1219	640.0	123.0		117.8		480	152	0	0	840	129	0	0	60	123	540	88
1220	540.0	127.0		123.8		240	152	0	0	960	131	0	0	180	124	240	88
1221	760.0	130.4		124.3		600	175	0	0	840	127	0	0	600	107	240	89
1222	560.0	115.1		109.9		300	159	0	0	720	121	0	0	180	93	480	87
1223	460.0	128.4		124.0		240	170	0	0	660	131	0	0	300	113	180	89
1224	600.0	137.2		128.7		660	175	0	0	660	130	0	0	180	112	300	85
1225	600.0	117.9		113.9		300	152	60	110	780	124	60	87	240	113	360	86
1226	600.0	126.4		120.2		300	168	0	0	960	134	0	0	60	105	480	88
1227	760.0	110.3		107.6		540	129	60	118	660	122	240	90	180	107	600	89
1228	300.0	139.5		133.0		180	183	0	0	420	141	0	0	240	121	60	73
1229	420.0	130.6		128.6		240	148	0	0	540	136	0	0	360	123	120	94
1230	520.0	124.1		116.4		360	174	0	0	600	123	0	0	180	119	420	85
1231	540.0	126.6		125.0		180	153	0	0	900	132	0	0	480	110	60	99
1232	740.0	130.6		126.4		480	166	0	0	1020	132	0	0	480	113	240	89
1233	700.0	126.9		123.2		540	155	0	0	780	130	0	0	540	111	240	89
1234	760.0	130.1		125.0		660	159	0	0	900	133	0	0	360	113	360	87
1235	580.0	130.9		125.2		360	165	0	0	840	138	0	0	240	110	300	87
1236	360.0	136.7		131.9		120	181	0	0	420	148	0	0	360	130	180	94
1237	640.0	128.7		125.4		300	156	0	0	1020	134	0	0	360	118	240	88
1238	400.0	111.9		107.4		180	140	0	0	480	128	60	87	60	106	420	86
1239	520.0	142.4		136.7		360	185	0	0	720	139	0	0	360	126	120	84
1240	440.0	123.5		120.5		240	153	0	0	600	128	0	0	300	111	180	90
1241	480.0	123.0		121.2		60	165	0	0	780	132	0	0	600	107	0	0
1242	420.0	122.6		119.2		120	140	0	0	660	135	0	0	180	118	300	91
1243	580.0	129.6		124.2		420	161	0	0	780	135	0	0	300	107	240	85
1244	380.0	130.2		125.0		120	172	0	0	600	139	0	0	180	128	240	89
1245	460.0	138.9		129.4		420	171	0	0	480	149	120	87	120	142	240	87
1246	640.0	125.6		119.6		600	161	0	0	660	125	0	0	240	103	420	89
1247	620.0	124.1		121.0		360	153	0	0	840	126	0	0	360	119	300	90
1248	260.0	124.6		121.4		0	0	0	0	360	144	0	0	240	117	180	96
1249	420.0	117.7		112.3		120	183	0	0	600	126	0	0	180	108	360	87
1250	560.0	121.6		117.2		300	153	0	0	840	128	0	0	120	116	420	88
1251	480.0	126.9		123.5		240	165	0	0	660	128	0	0	420	115	120	86
1252	420.0	127.9		124.1		180	150	0	0	660	136	0	0	240	121	180	85
1253	500.0	130.3		124.4		480	159	0	0	660	131	0	0	60	109	300	87
1254	580.0	120.3		114.5		420	157	0	0	660	127	0	0	60	103	600	89
1255	500.0	127.1		124.5		240	148	0	0	720	132	0	0	360	123	180	88
1256	260.0	132.1		121.6		120	199	0	0	240	149	0	0	180	125	240	87
1257	500.0	126.2		121.3		240	167	0	0	720	132	0	0	240	116	300	88
1258	440.0	128.8		124.7		180	176	0	0	600	133	0	0	360	117	180	91
1259	360.0	135.1		130.0		300	165	0	0	480	137	0	0	180	113	120	86
1260	580.0	137.9		128.3		360	183	0	0	840	147	0	0	120	120	420	86
1261	440.0	143.9		137.4		240	184	0	0	780	148	0	0	120	119	180	89
1262	480.0	124.0		118.4		180	178	0	0	720	129	0	0	180	122	360	88
1263	440.0	115.9		113.8		240	141	60	115	660	115	0	0	180	115	180	87
1264	520.0	122.9		118.7		240	156	0	0	720	131	0	0	300	113	300	87
1265	400.0	133.6		126.9		240	187	0	0	420	137	60	98	360	115	120	88
1266	460.0	127.7		122.7		240	156	0	0	600	137	60	88	240	127	240	87
1267	520.0	129.8		123.5		360	167	0	0	660	136	60	92	180	115	300	88
1268	520.0	133.8		126.2		300	173	0	0	660	138	0	0	240	145	360	86
1269	320.0	156.2		150.0		300	177	0	0	480	157	0	0	60	175	120	92
1270	380.0	116.8		111.0		180	157	0	0	360	135	0	0	120	113	480	89
1271	540.0	121.1		115.1		420	165	0	0	720	115	0	0	120	106	360	87
1272	320.0	129.9		123.9		240	153	0	0	360	146	0	0	180	111	180	86
1273	320.0	133.8		129.6		180	169	0	0	420	127	0	0	240	141	120	90
1274	500.0	143.3		135.8		420	184	0	0	540	141	0	0	300	134	240	89
1275	480.0	121.7		120.0		60	152	0	0	780	126	0	0	420	123	180	90
1276	340.0	121.1		116.1		180	155	0	0	420	130	0	0	120	122	300	88
1277	560.0	136.3		130.0		540	172	0	0	660	131	60	118	180	119	240	88
1278	280.0	135.9		130.8		60	182	0	0	300	154	60	89	360	129	60	88
1279	340.0	124.5		121.7		0	0	0	0	540	131	0	0	300	134	180	89
1280	620.0	117.5		111.4		420	160	0	0	540	126	120	102	120	108	660	88
1281	620.0	135.1		129.3		540	168	0	0	720	133	0	0	300	128	300	88
1282	460.0	133.4		129.9		240	176	0	0	780	131	0	0	240	119	120	93
1283	500.0	129.6		123.6		360	171	0	0	660	129	0	0	120	125	360	91
1284	580.0	130.4		125.0		300	167	0	0	960	135	0	0	180	121	300	85
1285	680.0	127.6		123.3		720	154	0	0	720	122	0	0	240	122	360	90
1286	540.0	129.1		120.2		360	185	0	0	600	133	60	85	240	110	360	87
1287	600.0	128.4		123.5		300	157	0	0	780	138	60	88	300	129	360	90
1288	460.0	129.4		123.3		360	170	0	0	480	129	60	86	300	115	180	88
1289	660.0	125.6		119.8		600	157	0	0	660	130	0	0	300	107	420	87
1290	540.0	118.3		114.2		360	139	0	0	660	130	60	113	60	112	480	88
1291	500.0	122.0		115.7		300	163	0	0	480	134	0	0	240	115	480	88
1292	340.0	137.3		131.9		240	187	0	0	300	136	0	0	420	115	60	101
1293	580.0	130.8		125.3		540	162	0	0	540	133	60	105	360	115	240	86
1294	320.0	141.6		136.3		300	171	0	0	420	138	0	0	60	153	180	97
1295	440.0	127.3		123.1		240	164	0	0	540	132	60	87	360	116	120	87
1296	440.0	120.9		118.3		360	137	0	0	600	125	0	0	120	116	240	89
1297	480.0	115.5		110.8		240	150	0	0	480	124	60	91	180	128	480	88
1298	480.0	118.1		112.0		240	178	0	0	540	120	0	0	300	103	360	88
1299	420.0	130.9		128.2		120	168	0	0	780	136	0	0	300	111	60	89
1300	400.0	125.6		120.4		180	173	0	0	360	132	0	0	420	122	240	87
1301	400.0	123.7		116.1		300	171	0	0	360	127	0	0	120	117	420	89
1302	440.0	114.9		110.1		180	168	0	0	420	123	60	109	300	105	360	88
1303	240.0	128.2		127.6		0	0	0	0	360	135	0	0	300	125	60	104
1304	400.0	149.4		147.2		180	187	0	0	480	155	0	0	540	132	0	0
1305	340.0	122.2		117.7		120	161	0	0	540	130	60	87	120	119	180	87
1306	480.0	129.8		124.1		360	172	0	0	540	127	0	0	300	117	240	89
1307	360.0	138.1		134.7		180	174	0	0	480	144	0	0	360	120	60	92
1308	360.0	129.7		122.5		180	180	0	0	420	142	0	0	180	115	300	91
1309	440.0	135.2		127.2		540	168	0	0	300	129	0	0	180	126	300	88
1310	580.0	133.6		130.1		240	174	0	0	960	137	0	0	420	115	120	90
1311	500.0	121.9		117.2		300	157	0	0	600	128	60	107	180	116	360	88
1312	480.0	123.6		117.2		360	162	0	0	540	128	60	89	120	116	360	87
1313	400.0	122.8		118.7		180	157	0	0	420	132	0	0	360	118	240	88
1314	400.0	130.2		126.3		180	164	0	0	660	137	0	0	120	113	240	95
1315	380.0	113.6		107.2		180	163	0	0	360	130	60	92	120	94	420	87
1316	400.0	117.9		111.7		180	152	0	0	540	134	60	86	0	0	420	87
1317	440.0	130.6		124.7		480	161	0	0	360	125	0	0	240	122	240	87
1318	520.0	127.5		122.1		480	161	0	0	600	125	0	0	240	106	240	88
1319	480.0	124.0		121.6		420	145	0	0	600	123	0	0	180	117	240	95
1320	440.0	117.5		111.7		300	150	0	0	420	132	60	88	180	102	360	86
1321	460.0	127.7		122.5		300	169	0	0	660	126	0	0	180	118	240	88
1322	400.0	134.7		129.3		300	161	0	0	480	145	60	117	120	122	240	92
1323	380.0	123.4		118.5		180	152	0	0	600	134	0	0	60	109	300	88
1324	400.0	133.0		126.4		300	170	0	0	420	141	0	0	240	117	240	89
1325	320.0	113.5		110.2		120	144	0	0	240	130	0	0	360	110	240	87
1326	500.0	125.6		118.1		300	179	0	0	600	130	0	0	180	110	420	88
1327	260.0	137.2		132.9		60	175	0	0	360	154	0	0	300	119	60	90
1328	420.0	131.8		125.3		240	180	0	0	660	133	0	0	60	130	300	91
1329	400.0	118.4		110.9		300	162	0	0	360	127	60	86	60	108	420	86
1330	440.0	125.5		118.8		300	168	0	0	540	127	60	87	120	128	300	87
1331	460.0	122.1		116.5		300	158	0	0	540	128	0	0	180	117	360	86
1332	600.0	126.9		123.3		480	151	0	0	720	129	0	0	360	117	240	87
1333	300.0	114.1		108.8		120	144	0	0	300	134	120	89	60	135	300	88
1334	360.0	129.7		126.4		120	174	0	0	660	130	0	0	180	126	120	89
1335	400.0	131.0		123.3		240	199	0	0	600	122	0	0	240	107	120	88
1336	360.0	130.7		125.6		240	161	0	0	480	138	0	0	240	109	120	84
1337	540.0	125.8		119.5		600	152	0	0	420	131	120	87	120	129	360	88
1338	380.0	127.0		118.8		180	181	0	0	540	138	0	0	120	94	300	88
1339	420.0	125.3		119.1		300	157	0	0	480	134	0	0	120	126	360	87
1340	460.0	102.8		100.4		420	110	60	88	360	116	120	74	300	102	120	76
1341	340.0	135.3		125.2		360	177	0	0	360	133	0	0	0	0	300	88
1342	440.0	135.4		130.3		300	173	0	0	660	136	0	0	180	115	180	91
1343	240.0	125.4		117.5		240	166	0	0	180	127	0	0	180	94	120	89
1344	480.0	120.2		115.9		240	173	0	0	600	116	0	0	420	110	180	88
1345	420.0	127.5		125.2		120	169	0	0	540	135	0	0	480	115	120	102
1346	260.0	118.9		115.3		120	154	0	0	360	121	0	0	120	124	180	88
1347	320.0	120.3		116.8		60	171	0	0	480	131	0	0	240	109	180	90
1348	160.0	120.5		114.8		120	162	0	0	120	125	0	0	120	106	120	89
1349	480.0	116.8		113.5		300	136	0	0	660	122	0	0	120	129	360	87
1350	240.0	122.4		116.0		120	150	0	0	360	137	0	0	60	77	180	90
1351	200.0	109.2		106.0		0	0	0	0	360	124	0	0	0	0	240	87
1352	420.0	131.0		126.1		360	171	0	0	480	122	0	0	360	110	60	88
1353	480.0	113.6		108.5		540	144	0	0	300	108	0	0	0	0	600	89
1354	240.0	128.2		126.9		60	142	0	0	420	136	0	0	240	111	0	0
1355	340.0	122.5		117.3		120	146	0	0	420	141	0	0	180	121	300	88
1356	280.0	118.4		114.7		60	164	0	0	480	127	0	0	60	117	240	90
1357	500.0	115.2		110.4		300	150	0	0	360	130	0	0	360	109	480	87
1358	220.0	111.8		106.2		0	0	0	0	240	142	0	0	120	116	300	86
1359	260.0	124.8		118.4		60	165	0	0	420	141	0	0	60	123	240	87
1360	220.0	112.6		107.1		60	163	0	0	120	116	60	105	120	147	300	89
1361	300.0	116.9		114.0		120	152	0	0	420	123	0	0	240	103	120	88
1362	340.0	114.8		112.8		120	149	0	0	240	121	120	107	420	111	120	89
1363	220.0	115.5		111.8		60	107	0	0	240	139	60	89	180	114	120	88
1364	400.0	122.2		118.1		300	152	0	0	480	124	0	0	180	113	240	88
1365	340.0	129.9		122.3		420	159	0	0	300	131	0	0	0	0	300	88
1366	300.0	127.0		123.9		120	167	0	0	360	134	0	0	300	115	120	96
1367	320.0	122.1		116.4		180	158	0	0	480	130	0	0	60	87	240	88
1368	380.0	118.3		113.6		120	162	0	0	540	125	60	84	180	125	240	85
1369	440.0	136.5		130.8		240	180	0	0	660	140	0	0	240	120	180	88
1370	360.0	117.6		110.5		240	162	0	0	300	131	0	0	120	102	420	87
1371	340.0	127.2		124.5		180	155	0	0	540	131	0	0	180	111	120	93
1372	460.0	120.5		117.5		180	165	0	0	540	124	0	0	420	112	240	94
1373	420.0	126.6		120.3		300	174	0	0	420	128	0	0	300	104	240	93
1374	280.0	118.9		110.9		180	171	0	0	300	126	0	0	0	0	360	87
1375	280.0	110.6		106.4		180	151	0	0	240	110	60	85	120	107	240	89
1376	360.0	122.7		118.1		240	162	0	0	480	113	0	0	240	123	120	82
1377	160.0	127.6		120.8		60	177	0	0	240	141	60	100	0	0	120	90
1378	340.0	128.8		119.8		240	168	0	0	360	146	0	0	60	114	360	88
1379	360.0	124.5		116.8		360	160	0	0	300	131	120	92	120	95	180	84
1380	460.0	114.7		110.4		360	147	0	0	300	120	120	107	180	109	420	88
1381	300.0	115.3		110.3		120	151	0	0	300	135	60	98	120	107	300	88
1382	380.0	129.6		122.2		120	173	0	0	600	143	0	0	60	152	360	89
1383	380.0	121.2		118.6		180	151	0	0	540	123	0	0	240	118	180	90
1384	520.0	124.4		119.9		420	153	0	0	720	125	0	0	120	114	300	87
1385	380.0	113.4		111.1		240	124	0	0	480	124	120	110	120	93	180	87
1386	220.0	136.4		134.6		120	156	0	0	300	144	0	0	240	117	0	0
1387	360.0	115.7		110.7		180	136	0	0	240	149	0	0	360	108	300	86
1388	360.0	111.3		105.9		300	137	0	0	360	123	60	85	60	75	300	84
1389	360.0	118.7		114.5		300	143	0	0	420	126	0	0	120	94	240	88
1390	240.0	100.3		96.7		60	151	0	0	120	128	0	0	60	101	480	87
1391	280.0	132.1		122.2		180	177	0	0	240	158	0	0	240	108	180	85
1392	240.0	121.8		117.7		120	158	0	0	360	128	0	0	180	97	60	87
1393	320.0	120.4		112.6		180	178	0	0	420	123	0	0	120	102	240	82
1394	180.0	135.7		129.6		120	177	0	0	240	140	0	0	120	109	60	89
1395	320.0	119.8		114.9		60	157	0	0	420	140	0	0	240	107	240	88
1396	280.0	125.6		121.7		120	171	0	0	420	124	0	0	180	124	120	88
1397	280.0	114.1		109.0		120	154	0	0	360	124	60	86	60	120	240	85
1398	400.0	117.2		109.9		120	171	0	0	360	148	0	0	120	107	600	90
1399	100.0	128.4		117.1		60	198	0	0	0	0	0	0	120	134	120	88
1400	260.0	109.5		105.3		60	169	0	0	300	122	60	88	120	104	240	87
1401	300.0	134.1		129.2		180	169	0	0	360	132	0	0	240	135	120	86
1402	240.0	130.9		127.0		60	171	0	0	240	142	0	0	300	130	120	91
1403	540.0	105.4		101.2		420	133	0	0	300	124	240	87	0	0	660	86
1404	260.0	130.4		126.3		180	169	0	0	360	126	0	0	180	115	60	87
1405	300.0	112.3		108.1		120	145	0	0	300	129	0	0	120	111	360	88
1406	420.0	111.3		107.8		360	141	0	0	540	107	0	0	60	94	300	87
1407	360.0	124.7		117.7		240	180	0	0	480	113	0	0	180	122	180	85
1408	480.0	108.5		105.5		240	143	60	112	540	109	60	87	180	112	360	86
1409	280.0	122.0		116.0		60	234	0	0	540	122	0	0	60	103	180	91
1410	300.0	118.9		113.7		120	158	0	0	360	134	0	0	120	109	300	89
1411	240.0	115.2		110.9		120	129	0	0	360	130	0	0	0	0	240	86
1412	360.0	118.4		113.2		240	146	0	0	360	119	0	0	120	153	360	88
1413	320.0	102.4		99.9		60	153	0	0	240	119	120	100	180	92	360	89
1414	140.0	104.1		100.6		0	0	0	0	120	137	0	0	120	94	180	89
1415	400.0	122.3		120.2		480	129	0	0	480	129	0	0	120	105	120	86
1416	240.0	129.4		129.4		300	132	0	0	300	129	0	0	120	124	0	0
1417	300.0	112.3		108.1		180	139	0	0	300	128	0	0	120	91	300	89
1418	180.0	106.0		103.6		0	0	0	0	300	118	0	0	60	109	180	85
1419	200.0	106.7		104.1		60	154	0	0	180	112	60	114	60	95	240	92
1420	420.0	116.3		110.4		360	151	0	0	360	124	180	86	60	90	300	89
1421	240.0	112.5		108.5		0	0	0	0	300	123	0	0	120	145	300	89
1422	500.0	127.6		125.7		660	132	0	0	660	132	0	0	60	118	120	84
1423	300.0	118.9		114.8		120	135	0	0	420	135	0	0	120	108	240	88
1424	380.0	115.7		109.7		240	142	0	0	360	139	60	101	0	0	480	87
1425	360.0	120.7		114.3		180	164	0	0	420	135	0	0	300	96	180	85
1426	120.0	113.3		110.9		0	0	0	0	120	126	0	0	120	123	120	91
1427	160.0	135.4		133.5		60	173	0	0	300	136	0	0	120	115	0	0
1428	320.0	125.4		121.5		120	177	0	0	420	131	0	0	240	112	180	96
1429	360.0	122.7		117.2		120	179	0	0	480	134	0	0	180	108	300	91
1430	240.0	118.5		113.5		180	151	0	0	240	126	0	0	120	102	180	87
1431	240.0	125.0		119.3		180	165	0	0	300	126	0	0	180	96	60	87
1432	380.0	115.8		109.5		240	148	0	0	300	139	120	88	120	111	360	86
1433	400.0	115.8		112.8		300	138	0	0	420	124	60	105	120	102	300	90
1434	300.0	111.1		107.3		60	168	0	0	300	123	120	115	120	109	300	87
1435	220.0	113.8		109.2		0	0	0	0	240	137	0	0	180	120	240	86
1436	280.0	105.4		101.7		60	158	0	0	360	118	0	0	0	0	420	87
1437	300.0	127.4		121.4		300	159	0	0	360	126	0	0	60	96	180	88
1438	500.0	96.2		95.1		60	117	0	0	300	112	240	101	120	90	780	88
1439	300.0	122.4		118.7		120	150	0	0	480	132	0	0	120	105	180	90
1440	300.0	127.1		119.7		180	182	0	0	300	136	0	0	120	103	300	95
1441	220.0	109.3		106.0		0	0	0	0	300	130	0	0	120	98	240	89
1442	360.0	111.3		107.6		300	128	0	0	300	128	0	0	60	115	420	87
1443	140.0	128.4		120.3		120	174	0	0	120	115	0	0	60	141	120	90
1444	380.0	117.2		112.5		60	156	0	0	660	131	0	0	60	114	360	86
1445	200.0	120.4		113.1		60	211	0	0	360	122	0	0	0	0	180	87
1446	240.0	117.1		111.1		60	161	0	0	360	134	0	0	60	100	240	85
1447	320.0	113.2		110.2		120	137	0	0	540	122	0	0	0	0	300	88
1448	240.0	105.0		102.2		0	0	0	0	120	142	0	0	240	109	360	90
1449	280.0	111.3		109.1		240	120	0	0	240	120	0	0	120	123	240	88
1450	160.0	119.6		116.4		60	136	0	0	120	131	0	0	180	127	120	89
1451	300.0	116.9		111.2		120	161	0	0	420	129	0	0	0	0	360	88
1452	100.0	142.8		133.1		60	216	0	0	120	144	0	0	120	105	0	0
1453	340.0	129.2		122.1		180	175	0	0	480	139	0	0	120	102	240	89
1454	300.0	109.4		103.5		60	87	0	0	300	148	60	86	180	96	300	88
1455	160.0	122.2		119.1		0	0	0	0	240	141	0	0	120	110	120	97
1456	240.0	129.9		115.9		180	198	0	0	180	144	60	88	0	0	300	89
1457	140.0	116.9		112.7		60	122	0	0	120	145	0	0	120	115	120	88
1458	120.0	114.3		107.3		60	144	0	0	120	142	0	0	0	0	180	86
1459	200.0	119.1		113.5		60	145	0	0	180	148	0	0	120	121	240	90
1460	120.0	133.5		117.9		60	214	0	0	120	160	0	0	0	0	180	89
1461	80.0	117.8		109.9		0	0	0	0	60	171	0	0	60	120	120	90
1462	160.0	114.8		112.1		0	0	0	0	300	126	0	0	60	112	120	88
1463	300.0	110.6		105.2		60	181	0	0	420	124	0	0	120	95	300	84
1464	260.0	129.2		118.3		180	200	0	0	240	122	0	0	120	120	240	88
1465	220.0	109.7		104.3		120	158	0	0	60	138	120	90	180	104	180	87
1466	220.0	120.9		113.1		0	0	0	0	240	160	0	0	120	120	300	90
1467	200.0	115.7		107.2		120	156	0	0	120	156	0	0	60	98	300	87
1468	260.0	119.2		114.8		60	165	0	0	300	136	60	102	180	113	180	88
1469	140.0	123.7		109.7		60	228	0	0	120	143	0	0	0	0	240	88
1470	380.0	109.2		105.3		120	138	0	0	420	123	120	92	60	145	420	87
1471	140.0	112.3		103.1		0	0	0	0	120	170	60	87	60	95	180	88
1472	160.0	97.8		95.1		60	133	0	0	60	123	60	86	0	0	300	88
1473	140.0	119.3		110.4		60	174	0	0	120	144	0	0	60	118	180	85
1474	120.0	107.2		103.9		0	0	0	0	120	131	0	0	60	114	180	89
1475	220.0	116.1		111.2		0	0	0	0	240	136	60	115	120	135	240	87
1476	180.0	112.2		106.5		60	172	0	0	180	128	0	0	60	102	240	88
1477	220.0	122.1		116.7		120	161	0	0	240	133	0	0	120	111	180	89
1478	180.0	107.9		102.6		0	0	0	0	180	133	0	0	60	142	300	86
1479	260.0	120.2		113.4		120	166	0	0	300	136	0	0	60	111	300	88
1480	180.0	122.9		113.8		120	163	0	0	120	141	0	0	60	150	240	87
1481	280.0	95.1		92.6		60	154	0	0	120	110	0	0	0	0	660	87
1482	200.0	109.0		106.3		0	0	0	0	300	125	0	0	120	102	180	87
1483	160.0	101.1		98.8		60	128	0	0	120	118	0	0	0	0	300	89
1484	240.0	106.8		105.6		120	128	0	0	180	103	60	89	300	108	60	88
1485	280.0	93.8		92.4		60	137	0	0	120	104	0	0	0	0	660	88
1486	200.0	126.3		117.6		60	159	0	0	180	148	0	0	120	154	240	88
1487	160.0	121.8		111.1		60	240	0	0	120	119	0	0	120	113	180	90
1488	240.0	110.5		105.7		60	165	0	0	240	129	0	0	60	111	360	89
1489	260.0	98.8		96.9		0	0	0	0	360	113	0	0	60	96	360	85
1490	180.0	104.3		101.5		0	0	0	0	180	127	0	0	120	105	240	87
1491	220.0	96.1		93.1		0	0	0	0	60	158	120	90	60	110	420	87
1492	120.0	102.8		99.4		60	129	0	0	60	94	60	87	60	133	120	87
1493	260.0	113.9		108.9		120	140	0	0	360	129	60	87	0	0	240	85
1494	160.0	103.2		98.8		0	0	0	0	120	145	60	91	0	0	300	89
1495	140.0	140.1		134.4		60	178	0	0	240	148	0	0	60	122	60	89
1496	220.0	116.9		112.8		120	151	0	0	300	124	0	0	0	0	240	91
1497	180.0	114.1		106.5		0	0	0	0	240	148	0	0	0	0	300	87
1498	240.0	109.7		105.3		60	164	0	0	240	125	60	88	120	108	240	87
1499	80.0	120.5		117.2		0	0	0	0	180	131	0	0	0	0	60	89
