#File created from auswertNew
# Temporary input file:
# tmp25.dat
# Created from repository file
# /home/vwitme/data/workdata/trafficData/Invent_A5/intermediatedata/A5frankfurt_06_01/daten/F25_1106.dat.gz
# Infrastructure description file:
# /home/vwitme/data/workdata/trafficData/Invent_A5/intermediatedata/A5frankfurt_06_01/daten/A5frankfurt_06_01.dsc
#
# Date: 11.06.2001
# Direction: Frankfurt
# Detector cross section 25
# Position (m)= 489.500000
# Number of main lanes=3
# Number of ramp lanes=2
# The lane indices are ordered from left to right
# NOTICE: The time has been increased by 1 hour 
# since summertime was not taken care of  in the original data!
# Velocity averages: Over veh types and lanes, weighted with flow
# vAvg=arithmetic average; vHarm=harmonic average
#===========================================
#t(min)	Qav(/h)	vAvg(km/h)	vHarm(km/h)	Q1car	v1car	Q1truck	v1truck	Q2car	v2car	Q2truck	v2truck	Q3car	v3car	Q3truck	v3truck
60	360.0	106.9		102.1		120	158	0	0	480	117	0	0	0	0	480	84
61	380.0	103.8		99.1		60	187	0	0	540	114	0	0	120	100	420	80
62	340.0	97.8		94.1		120	141	0	0	240	116	60	87	60	83	540	83
63	260.0	126.8		123.3		120	152	0	0	360	132	0	0	180	126	120	87
64	160.0	108.5		103.8		0	0	0	0	240	131	0	0	0	0	240	86
65	220.0	118.5		112.1		180	143	0	0	180	143	0	0	0	0	300	89
66	360.0	106.6		99.7		120	162	0	0	300	134	0	0	0	0	660	84
67	280.0	112.9		106.2		60	165	0	0	360	136	0	0	60	84	360	86
68	220.0	100.5		97.8		0	0	0	0	240	123	60	88	120	93	240	85
69	400.0	111.1		105.0		240	158	0	0	300	123	120	85	60	100	480	88
70	340.0	130.1		124.8		300	159	0	0	480	130	0	0	60	119	180	86
71	280.0	104.0		98.4		120	149	0	0	60	154	60	88	120	118	480	85
72	320.0	101.6		97.8		60	117	0	0	300	130	240	87	0	0	360	85
73	260.0	120.6		111.4		180	174	0	0	240	131	0	0	0	0	360	87
74	460.0	113.3		108.1		120	143	0	0	600	134	0	0	60	109	600	87
75	180.0	96.8		95.3		0	0	0	0	60	121	120	111	0	0	360	88
76	320.0	130.4		128.3		180	146	0	0	480	137	0	0	240	116	60	89
77	480.0	102.2		98.8		180	130	0	0	480	120	120	90	0	0	660	84
78	580.0	101.6		96.0		300	152	0	0	240	124	60	93	0	0	1140	84
79	160.0	89.2		88.0		0	0	0	0	60	120	0	0	60	90	360	84
80	200.0	102.7		96.8		60	133	0	0	120	143	0	0	60	116	360	82
81	260.0	97.1		94.6		0	0	0	0	240	122	0	0	0	0	540	86
82	200.0	104.5		101.1		60	139	0	0	240	119	0	0	0	0	300	86
83	500.0	109.8		102.7		240	163	0	0	420	129	0	0	0	0	840	85
84	300.0	100.3		96.8		0	0	0	0	300	129	0	0	0	0	600	86
85	120.0	116.7		105.9		120	172	0	0	0	0	0	0	60	83	180	91
86	340.0	103.5		97.6		0	0	0	0	300	146	60	83	0	0	660	86
87	140.0	107.6		104.2		60	139	0	0	60	139	0	0	180	99	120	89
88	180.0	110.8		104.4		120	147	0	0	60	150	0	0	60	118	300	87
89	320.0	105.7		102.5		60	142	0	0	420	121	0	0	120	90	360	87
90	280.0	94.1		92.5		60	132	0	0	60	123	60	92	60	90	600	88
91	240.0	104.8		101.1		60	148	0	0	300	119	0	0	60	90	300	85
92	400.0	119.7		111.5		300	171	0	0	420	118	0	0	60	118	420	85
93	360.0	112.9		106.4		0	0	0	0	540	139	0	0	60	109	480	84
94	220.0	98.2		93.7		60	144	0	0	120	132	0	0	0	0	480	84
95	240.0	95.6		93.2		0	0	0	0	180	124	60	87	0	0	480	86
96	360.0	110.6		106.9		180	138	0	0	480	121	60	87	0	0	360	87
97	360.0	100.7		97.6		60	158	0	0	300	116	0	0	60	118	660	87
98	140.0	100.3		94.9		0	0	0	0	120	141	0	0	60	88	240	83
99	400.0	110.6		105.4		360	145	0	0	180	116	60	96	120	105	480	86
100	260.0	92.9		90.8		60	142	0	0	120	107	60	87	0	0	540	85
101	280.0	102.2		97.6		60	163	0	0	240	124	60	92	0	0	480	85
102	220.0	97.4		95.0		60	129	0	0	180	114	0	0	60	90	360	85
103	300.0	116.1		109.8		180	157	0	0	300	127	0	0	60	119	360	86
104	280.0	115.7		109.7		60	135	0	0	360	141	60	90	60	119	300	86
105	380.0	108.1		99.3		180	188	0	0	180	124	0	0	0	0	780	86
106	300.0	105.3		98.6		60	173	0	0	240	139	0	0	0	0	600	85
107	280.0	97.4		93.6		120	155	0	0	0	0	120	92	0	0	600	87
108	420.0	95.5		92.8		60	156	0	0	240	118	180	91	0	0	780	85
109	220.0	119.4		110.8		120	174	0	0	180	140	0	0	60	105	300	88
110	260.0	85.0		85.0		0	0	0	0	0	0	0	0	0	0	780	85
111	280.0	92.4		90.2		60	113	0	0	180	104	0	0	60	130	540	82
112	280.0	97.6		95.7		0	0	0	0	300	116	0	0	60	98	480	86
113	160.0	124.6		115.2		120	166	0	0	120	145	0	0	60	120	180	85
114	220.0	102.2		97.2		0	0	0	0	240	134	0	0	0	0	420	84
115	300.0	92.6		90.1		60	133	0	0	120	124	0	0	0	0	720	84
116	300.0	93.9		90.4		60	133	0	0	120	137	60	89	0	0	660	83
117	240.0	103.3		98.3		60	173	0	0	180	117	0	0	60	121	420	85
118	140.0	111.6		104.3		60	160	0	0	60	154	0	0	60	119	240	87
119	100.0	97.2		93.4		0	0	0	0	60	142	0	0	0	0	240	86
120	60.0	101.0		98.5		0	0	0	0	0	0	0	0	60	125	120	89
121	160.0	108.2		104.1		60	154	0	0	120	125	60	86	120	100	120	88
122	240.0	105.7		101.4		0	0	0	0	240	133	0	0	120	113	360	85
123	240.0	121.2		112.8		0	0	0	0	300	152	60	88	120	133	240	85
124	140.0	103.7		98.3		60	146	0	0	60	145	0	0	0	0	300	87
125	360.0	114.6		107.6		120	146	0	0	420	142	60	90	60	85	420	86
126	240.0	99.6		95.2		180	140	0	0	0	0	120	89	60	81	360	86
127	340.0	117.8		109.2		180	174	0	0	360	132	0	0	0	0	480	86
128	160.0	113.5		107.3		0	0	0	0	240	140	0	0	0	0	240	87
129	260.0	112.6		105.4		120	155	0	0	240	138	0	0	0	0	420	86
130	200.0	101.7		97.8		60	137	0	0	120	134	180	88	0	0	240	87
131	120.0	105.5		100.0		60	144	0	0	0	0	0	0	60	141	240	87
132	160.0	98.5		94.1		0	0	0	0	120	139	0	0	0	0	360	85
133	200.0	117.2		111.7		120	139	0	0	180	137	0	0	120	117	180	83
134	340.0	106.1		102.2		240	139	0	0	240	115	120	86	0	0	420	88
135	240.0	96.8		92.6		120	150	0	0	0	0	60	92	60	89	480	85
136	300.0	97.3		95.3		0	0	0	0	300	118	0	0	60	86	540	87
137	260.0	102.4		100.0		180	126	0	0	60	126	120	101	60	97	360	88
138	100.0	119.2		105.6		120	172	0	0	0	0	0	0	0	0	180	84
139	220.0	94.9		91.2		60	173	0	0	0	0	60	88	0	0	540	87
140	280.0	108.1		102.7		180	135	0	0	180	139	60	90	0	0	420	86
141	340.0	95.5		93.5		60	134	0	0	300	110	120	87	0	0	540	85
142	320.0	99.4		95.5		120	151	0	0	180	115	120	87	60	90	480	85
143	400.0	104.8		98.0		300	158	0	0	0	0	120	87	0	0	780	87
144	160.0	114.6		106.0		180	156	0	0	60	109	0	0	0	0	240	85
145	360.0	114.0		106.5		180	165	0	0	360	131	0	0	60	91	480	85
146	200.0	118.8		115.4		0	0	0	0	240	137	0	0	240	117	120	86
147	240.0	96.3		94.7		60	120	0	0	120	116	60	85	180	98	300	85
148	200.0	99.5		97.3		0	0	0	0	180	121	0	0	120	101	300	86
149	320.0	140.2		135.8		420	148	0	0	420	148	0	0	0	0	120	86
150	360.0	112.2		106.2		300	146	0	0	360	118	0	0	0	0	420	83
151	440.0	96.1		93.2		180	142	0	0	120	104	60	105	0	0	960	86
152	340.0	112.8		109.2		120	131	0	0	540	126	0	0	0	0	360	87
153	180.0	106.3		103.9		0	0	0	0	180	125	0	0	120	113	240	89
154	200.0	108.9		105.4		180	124	0	0	180	124	0	0	60	93	180	84
155	220.0	110.2		104.2		60	182	0	0	180	128	0	0	60	118	360	88
156	220.0	96.5		94.4		0	0	0	0	180	122	0	0	0	0	480	87
157	360.0	106.1		102.6		300	123	0	0	300	123	0	0	0	0	480	85
158	220.0	110.6		104.1		60	165	0	0	240	134	0	0	0	0	360	86
159	120.0	99.7		98.9		0	0	0	0	60	116	0	0	120	103	180	92
160	280.0	101.2		96.6		60	167	0	0	120	137	0	0	180	96	480	86
161	200.0	117.5		110.8		60	150	0	0	300	137	0	0	0	0	240	85
162	240.0	96.8		93.4		0	0	0	0	180	132	0	0	120	82	420	86
163	120.0	117.8		110.3		60	154	0	0	120	134	0	0	60	125	120	80
164	140.0	86.0		86.0		0	0	0	0	0	0	0	0	0	0	420	86
165	300.0	102.5		96.9		60	127	0	0	240	142	60	86	0	0	540	84
166	240.0	108.7		104.3		60	127	0	0	300	131	0	0	0	0	360	87
167	240.0	94.7		92.6		120	127	0	0	60	106	60	88	0	0	480	86
168	100.0	94.8		93.6		0	0	0	0	60	106	0	0	60	110	180	86
169	260.0	90.2		89.2		60	120	0	0	60	103	120	97	0	0	540	84
170	40.0	82.0		82.0		0	0	0	0	0	0	0	0	0	0	120	82
171	80.0	128.2		126.7		0	0	0	0	180	136	0	0	0	0	60	105
172	100.0	127.0		119.7		0	0	0	0	180	148	0	0	60	111	60	80
173	220.0	105.2		99.3		60	139	0	0	180	141	0	0	0	0	420	85
174	260.0	104.6		98.6		60	156	0	0	180	142	60	87	60	75	420	88
175	260.0	97.1		92.5		0	0	0	0	120	158	0	0	0	0	660	86
176	140.0	110.4		105.7		60	165	0	0	120	120	0	0	0	0	240	92
177	180.0	99.2		94.6		60	153	0	0	60	138	60	86	0	0	360	86
178	200.0	118.6		114.3		120	143	0	0	360	123	0	0	0	0	120	81
179	300.0	105.5		100.0		120	150	0	0	180	137	60	88	60	87	480	87
180	240.0	105.0		101.9		60	146	0	0	240	116	120	92	60	122	240	86
181	200.0	107.5		104.2		0	0	0	0	180	132	0	0	120	117	300	89
182	120.0	102.0		98.2		60	132	0	0	60	132	0	0	0	0	240	87
183	320.0	134.0		122.4		300	184	0	0	300	130	0	0	60	144	300	86
184	240.0	124.4		111.0		120	206	0	0	240	142	60	88	0	0	300	85
185	240.0	105.0		98.8		60	187	0	0	180	127	120	88	0	0	360	86
186	220.0	122.9		117.5		120	151	0	0	360	132	0	0	0	0	180	86
187	320.0	101.9		98.4		60	150	0	0	300	122	0	0	0	0	600	87
188	180.0	116.0		109.3		60	173	0	0	120	140	60	112	60	127	240	88
189	180.0	117.1		110.6		0	0	0	0	240	140	0	0	60	146	240	87
190	300.0	108.1		104.3		120	144	0	0	300	124	60	87	60	87	360	90
191	240.0	105.8		99.5		120	163	0	0	120	125	60	84	0	0	420	87
192	140.0	96.3		93.4		60	142	0	0	0	0	0	0	60	102	300	86
193	180.0	105.0		101.8		0	0	0	0	300	121	0	0	0	0	240	85
194	300.0	106.9		103.1		180	147	0	0	360	106	60	90	120	89	180	86
195	240.0	112.8		105.8		120	142	0	0	240	140	0	0	60	84	300	85
196	200.0	98.7		94.9		60	151	0	0	120	119	120	89	0	0	300	84
197	80.0	97.2		93.7		0	0	0	0	60	133	60	86	0	0	120	85
198	220.0	110.9		103.4		60	182	0	0	240	132	0	0	0	0	360	85
199	380.0	105.1		100.4		120	148	0	0	360	126	0	0	60	85	600	86
200	260.0	104.7		101.0		60	145	0	0	180	123	60	91	120	120	360	86
201	300.0	108.2		104.9		0	0	0	0	360	132	0	0	60	95	480	92
202	200.0	112.7		108.6		60	150	0	0	300	125	0	0	0	0	240	88
203	160.0	109.9		105.6		60	150	0	0	120	131	0	0	180	99	120	85
204	300.0	99.3		95.7		120	151	0	0	120	111	60	96	60	96	540	86
205	280.0	95.3		93.2		0	0	0	0	180	123	120	100	0	0	540	85
206	340.0	107.9		101.8		180	154	0	0	240	128	0	0	0	0	600	86
207	240.0	98.8		95.5		0	0	0	0	180	134	0	0	60	88	480	87
208	280.0	104.4		100.7		60	116	0	0	300	130	0	0	0	0	480	87
209	240.0	108.8		105.0		60	116	0	0	300	123	0	0	60	145	300	86
210	200.0	117.5		113.7		60	138	0	0	300	131	0	0	60	118	180	88
211	120.0	116.5		114.0		0	0	0	0	240	127	0	0	60	105	60	86
212	200.0	95.9		92.5		60	142	0	0	120	116	60	81	0	0	360	84
213	80.0	119.5		106.4		0	0	0	0	120	159	0	0	0	0	120	80
214	160.0	123.0		118.1		60	140	0	0	180	124	0	0	120	149	120	87
215	140.0	111.0		106.5		120	140	0	0	120	118	0	0	0	0	180	87
216	200.0	98.4		94.5		0	0	0	0	120	144	0	0	0	0	480	87
217	140.0	137.0		132.7		60	151	0	0	180	140	0	0	120	150	60	88
218	180.0	119.4		115.9		0	0	0	0	300	133	0	0	120	119	120	86
219	260.0	114.1		108.2		120	164	0	0	300	124	0	0	60	105	300	86
220	180.0	111.7		105.2		60	171	0	0	180	131	0	0	60	97	240	86
221	180.0	108.7		102.4		60	165	0	0	120	139	60	100	0	0	300	87
222	240.0	101.5		96.4		60	118	0	0	120	136	60	87	60	153	420	84
223	240.0	121.1		112.0		120	184	0	0	300	131	60	86	0	0	240	86
224	300.0	119.7		110.6		180	179	0	0	240	132	60	89	60	120	360	87
225	220.0	111.5		105.1		120	140	0	0	180	142	60	85	0	0	300	87
226	380.0	117.2		112.5		360	142	0	0	300	126	60	104	60	119	360	87
227	180.0	117.7		112.1		120	147	0	0	180	135	0	0	0	0	240	90
228	260.0	115.0		109.7		240	137	0	0	240	130	60	87	0	0	240	85
229	260.0	107.5		103.3		60	151	0	0	300	126	0	0	0	0	420	88
230	500.0	103.4		97.0		180	160	0	0	300	135	60	87	0	0	960	84
231	180.0	117.6		111.9		60	141	0	0	300	133	0	0	0	0	180	84
232	220.0	108.8		103.3		60	173	0	0	240	125	0	0	60	89	300	87
233	400.0	114.1		107.3		240	156	0	0	360	128	0	0	60	126	540	85
234	360.0	108.9		103.1		180	144	0	0	300	133	60	88	60	104	480	84
235	260.0	98.7		93.6		120	143	0	0	180	118	0	0	60	83	420	80
236	260.0	104.5		100.7		60	141	0	0	300	123	0	0	0	0	420	86
237	240.0	116.7		112.7		0	0	0	0	480	131	0	0	0	0	240	88
238	380.0	92.1		90.1		60	153	0	0	120	110	0	0	0	0	960	86
239	280.0	115.9		110.6		240	148	0	0	240	122	0	0	60	107	300	87
240	360.0	101.3		95.1		60	150	0	0	300	138	0	0	0	0	720	82
241	120.0	104.0		100.5		0	0	0	0	180	123	0	0	0	0	180	85
242	280.0	100.9		97.1		60	126	0	0	240	129	0	0	60	90	480	85
243	280.0	105.1		100.3		60	126	0	0	300	133	0	0	0	0	480	85
244	140.0	111.1		106.6		0	0	0	0	240	130	0	0	0	0	180	86
245	280.0	128.0		123.8		300	140	0	0	300	140	0	0	120	112	120	84
246	240.0	123.9		121.3		60	175	0	0	420	126	0	0	180	114	60	88
247	260.0	117.5		112.3		60	177	0	0	360	131	0	0	180	102	180	86
248	160.0	133.0		125.4		0	0	0	0	360	149	0	0	0	0	120	85
249	360.0	134.2		131.3		420	143	0	0	420	143	0	0	180	110	60	84
250	300.0	133.9		127.4		180	171	0	0	480	135	0	0	60	154	180	87
251	160.0	120.8		116.9		0	0	0	0	360	132	0	0	0	0	120	87
252	260.0	111.5		104.0		60	194	0	0	240	135	0	0	60	114	420	86
253	60.0	135.0		134.1		0	0	0	0	60	151	0	0	120	127	0	0
254	140.0	96.3		95.1		60	106	0	0	60	106	0	0	60	114	240	87
255	240.0	109.9		104.0		120	160	0	0	180	121	0	0	60	120	360	86
256	220.0	131.2		123.1		120	168	0	0	300	147	0	0	120	102	120	84
257	160.0	124.8		115.8		60	171	0	0	240	143	0	0	0	0	180	85
258	280.0	126.4		118.7		60	148	0	0	480	147	60	87	60	110	180	83
259	220.0	101.8		96.6		120	139	0	0	120	114	0	0	60	128	360	81
260	280.0	131.1		125.9		180	166	0	0	360	120	0	0	180	147	120	88
261	260.0	119.2		113.8		240	149	0	0	240	121	120	91	60	121	120	83
262	140.0	132.0		124.6		60	180	0	0	240	141	0	0	60	92	60	88
263	300.0	116.1		107.1		180	154	0	0	240	148	120	84	60	105	300	83
264	260.0	117.5		113.7		60	165	0	0	420	124	0	0	120	118	180	86
265	220.0	118.5		111.8		120	158	0	0	240	135	0	0	120	96	180	85
266	420.0	108.7		102.0		300	143	0	0	240	138	180	86	60	85	480	84
267	340.0	120.5		112.6		180	172	0	0	420	132	0	0	0	0	420	87
268	460.0	122.3		114.8		360	164	0	0	420	130	60	110	60	113	480	87
269	260.0	111.6		107.9		0	0	0	0	480	127	0	0	0	0	300	87
270	420.0	135.1		130.7		180	168	0	0	720	141	0	0	180	125	180	89
271	360.0	134.9		125.5		180	181	0	0	480	147	0	0	120	140	300	86
272	400.0	126.9		119.9		420	155	0	0	300	131	60	88	120	137	300	87
273	400.0	130.4		127.4		480	149	0	0	540	122	0	0	60	138	120	90
274	240.0	95.9		93.4		0	0	0	0	180	125	60	86	60	95	420	85
275	260.0	103.2		100.0		60	138	0	0	240	121	0	0	120	105	360	85
276	100.0	136.0		129.0		0	0	0	0	240	149	0	0	0	0	60	84
277	480.0	128.0		121.8		360	149	0	0	660	140	60	88	60	126	300	85
278	400.0	126.2		118.0		180	184	0	0	480	138	0	0	240	112	300	84
279	280.0	117.9		111.6		120	146	0	0	420	134	0	0	0	0	300	84
280	320.0	130.8		123.3		300	168	0	0	300	133	0	0	120	118	240	88
281	200.0	120.1		115.0		0	0	0	0	300	141	60	105	60	127	180	88
282	380.0	125.6		121.6		180	155	0	0	480	135	0	0	300	116	180	87
283	340.0	104.8		98.7		120	175	0	0	180	127	120	90	60	87	540	87
284	340.0	108.8		105.7		120	145	0	0	540	115	0	0	120	88	240	87
285	480.0	119.5		115.0		180	155	0	0	660	130	0	0	180	119	420	88
286	280.0	126.2		120.2		180	156	0	0	300	133	0	0	120	141	240	88
287	460.0	131.2		125.8		300	167	0	0	660	137	0	0	180	100	240	94
288	420.0	109.2		105.9		180	135	0	0	480	122	60	91	120	110	420	86
289	520.0	126.2		121.7		480	145	0	0	660	131	60	97	60	148	300	87
290	440.0	138.8		133.8		240	174	0	0	780	142	0	0	120	121	180	90
291	300.0	125.1		122.0		240	155	0	0	300	117	0	0	300	117	60	86
292	160.0	142.2		140.2		0	0	0	0	240	154	0	0	180	139	60	105
293	420.0	125.0		119.2		360	156	0	0	480	130	60	91	60	119	300	88
294	440.0	101.6		97.9		60	148	0	0	360	129	60	87	60	96	780	87
295	380.0	122.9		117.8		180	161	0	0	360	132	0	0	300	124	300	88
296	220.0	130.1		126.0		120	167	0	0	300	137	0	0	240	103	0	0
297	580.0	101.1		98.5		480	122	0	0	300	115	120	88	60	88	780	86
298	400.0	120.7		115.1		300	145	0	0	420	137	120	93	60	109	300	87
299	440.0	114.1		109.9		120	150	0	0	600	123	0	0	300	116	300	80
300	280.0	127.1		123.5		60	169	0	0	420	140	0	0	300	108	60	90
301	640.0	112.8		107.4		300	151	0	0	840	125	0	0	0	0	780	85
302	440.0	110.9		105.4		120	178	0	0	540	124	0	0	0	0	660	88
303	380.0	128.6		126.0		180	155	0	0	660	133	0	0	240	107	60	88
304	440.0	129.5		122.9		360	159	0	0	540	136	0	0	120	123	300	85
305	300.0	130.6		123.8		240	171	0	0	420	129	0	0	60	111	180	87
306	640.0	103.6		98.6		240	140	0	0	540	129	0	0	60	83	1080	84
307	440.0	125.8		119.2		300	166	0	0	540	126	0	0	180	128	300	84
308	340.0	116.4		113.3		0	0	0	0	600	131	0	0	240	102	180	87
309	820.0	119.4		116.0		840	141	0	0	1020	117	0	0	240	107	360	84
310	460.0	127.7		121.8		360	162	0	0	600	130	0	0	180	110	240	84
311	420.0	120.1		113.2		180	161	0	0	480	141	0	0	360	96	240	84
312	360.0	126.7		120.3		120	179	0	0	540	134	0	0	180	127	240	84
313	500.0	119.6		111.9		480	156	0	0	360	129	180	88	60	108	420	85
314	520.0	120.8		115.3		360	155	0	0	540	129	0	0	240	112	420	86
315	640.0	116.4		110.7		660	145	0	0	480	124	60	87	180	89	540	87
316	420.0	131.0		123.9		300	163	0	0	540	143	0	0	120	105	300	88
317	580.0	129.4		124.2		480	159	0	0	780	131	60	87	180	116	240	86
318	580.0	135.1		131.7		480	159	0	0	660	139	0	0	480	118	120	87
319	640.0	125.7		120.7		480	156	0	0	900	129	60	87	120	112	360	88
320	580.0	126.0		117.7		540	163	0	0	600	132	0	0	180	88	420	86
321	240.0	132.2		128.7		60	146	0	0	420	145	0	0	120	119	120	94
322	620.0	112.7		109.2		420	125	0	0	540	135	180	91	240	107	480	88
323	580.0	130.7		128.1		420	160	0	0	900	126	0	0	300	119	120	93
324	580.0	121.6		116.8		420	142	0	0	840	131	0	0	60	102	420	85
325	700.0	130.1		123.9		780	160	0	0	780	127	0	0	60	112	480	89
326	440.0	114.3		109.5		120	158	0	0	600	130	120	88	120	94	360	89
327	540.0	129.0		123.0		600	155	0	0	540	131	60	86	180	111	240	84
328	440.0	135.9		131.2		300	169	0	0	720	136	0	0	180	114	120	85
329	580.0	129.4		120.3		300	173	0	0	840	143	120	88	60	121	420	84
330	540.0	143.7		139.9		600	167	0	0	660	139	0	0	240	125	120	91
331	580.0	134.7		129.5		540	166	0	0	780	133	0	0	300	102	120	87
332	660.0	131.0		125.4		540	166	0	0	780	133	0	0	480	106	180	84
333	780.0	119.7		112.4		600	161	0	0	840	125	0	0	180	100	720	84
334	860.0	124.7		121.1		840	147	0	0	1260	123	0	0	60	114	420	87
335	900.0	129.0		122.2		960	160	0	0	1080	127	0	0	0	0	660	87
336	940.0	127.9		124.0		1080	150	0	0	1020	125	0	0	420	108	300	86
337	700.0	121.9		116.0		600	148	0	0	780	132	0	0	240	102	480	83
338	580.0	139.6		136.8		660	159	0	0	660	139	0	0	420	110	0	0
339	1140.0	118.4		112.5		1320	146	0	0	1080	117	0	0	120	85	900	84
340	880.0	124.3		119.1		900	150	0	0	1080	125	0	0	120	102	540	85
341	760.0	122.6		117.6		900	144	0	0	600	123	0	0	240	126	540	85
342	1200.0	121.2		118.0		1740	136	0	0	1080	119	0	0	300	105	480	83
343	800.0	112.0		107.2		360	123	0	0	1140	130	0	0	240	98	660	80
344	640.0	116.2		110.3		360	159	0	0	720	127	0	0	240	93	600	87
345	860.0	139.3		136.8		900	157	0	0	1140	139	0	0	420	114	120	97
346	820.0	124.8		118.8		900	146	0	0	900	131	0	0	120	111	540	82
347	780.0	113.3		108.3		660	143	0	0	840	118	0	0	60	87	780	85
348	1060.0	118.1		115.5		1440	133	0	0	1140	113	0	0	120	115	480	86
349	800.0	117.5		113.6		780	139	0	0	720	125	60	104	300	101	540	87
350	960.0	123.0		117.9		1260	145	0	0	960	119	0	0	120	103	540	83
351	560.0	124.8		121.0		420	145	0	0	840	129	0	0	120	122	300	86
352	1220.0	132.8		129.0		1200	156	0	0	1560	132	0	0	720	109	180	80
353	720.0	125.3		117.7		660	160	0	0	660	127	0	0	360	119	480	80
354	1120.0	109.6		105.3		1080	134	0	0	1200	113	0	0	240	80	840	82
355	1360.0	113.6		108.8		1680	136	0	0	1080	115	0	0	180	89	1140	83
356	820.0	126.8		123.3		960	147	0	0	900	125	0	0	180	109	420	92
357	980.0	119.1		114.1		1080	143	0	0	1140	118	0	0	60	118	660	82
358	880.0	124.2		119.8		720	149	0	0	1140	128	0	0	300	113	480	85
359	760.0	125.0		120.9		660	149	0	0	960	128	0	0	360	107	300	84
360	1100.0	132.7		131.0		1500	145	0	0	1380	126	0	0	300	121	120	85
361	720.0	130.2		128.4		960	143	0	0	780	128	0	0	360	108	60	88
362	1060.0	109.4		107.6		840	123	0	0	1200	116	0	0	660	98	480	85
363	920.0	122.0		116.7		840	142	0	0	1080	133	60	104	60	107	720	85
364	640.0	127.2		124.3		540	152	0	0	960	124	0	0	300	109	120	86
365	980.0	118.8		116.0		960	138	0	0	1320	119	0	0	240	93	420	89
366	1040.0	126.7		124.7		1380	141	0	0	1140	121	0	0	420	113	180	86
367	1060.0	126.5		123.1		1440	142	0	0	1200	124	0	0	120	111	420	85
368	780.0	113.8		109.4		360	147	0	0	1080	124	0	0	240	97	660	85
369	960.0	118.6		116.4		1200	133	0	0	1140	115	0	0	240	104	300	86
370	1100.0	121.2		119.0		1380	132	0	0	1260	122	0	0	300	113	360	84
371	1320.0	121.8		118.3		1620	141	0	0	1560	118	0	0	180	101	600	86
372	1020.0	121.4		117.5		1200	142	0	0	1080	121	0	0	360	95	420	86
373	680.0	136.1		132.0		600	165	0	0	840	136	0	0	420	114	180	92
374	660.0	127.1		123.8		540	147	0	0	1080	129	0	0	180	98	180	85
375	900.0	131.0		126.6		1080	152	0	0	960	131	60	88	360	105	240	86
376	1040.0	120.1		117.3		1080	141	0	0	1320	117	0	0	420	98	300	89
377	780.0	130.6		125.3		900	155	0	0	960	128	0	0	120	102	360	86
378	1220.0	107.5		104.8		1080	129	0	0	1200	110	120	87	720	93	540	83
379	920.0	114.9		112.0		1020	131	0	0	1020	118	0	0	120	97	600	86
380	900.0	128.6		124.7		840	148	0	0	1380	130	0	0	180	101	300	84
381	780.0	121.6		117.3		780	145	0	0	960	123	60	87	60	108	480	87
382	1300.0	122.3		119.4		1740	140	0	0	1560	115	0	0	240	95	360	87
383	1180.0	125.2		123.9		1620	136	0	0	1140	120	0	0	600	117	180	89
384	1100.0	121.1		117.4		1260	142	0	0	1260	118	0	0	240	109	540	85
385	1040.0	129.5		128.1		1020	142	0	0	1440	131	0	0	600	109	60	88
386	860.0	131.7		129.1		960	156	0	0	1080	121	0	0	540	110	0	0
387	1140.0	124.8		121.1		1380	143	0	0	1200	125	60	91	480	102	300	83
388	1220.0	119.8		116.6		1680	135	0	0	1140	120	180	90	120	103	540	86
389	1620.0	109.0		106.8		2220	124	0	0	1380	104	240	81	300	97	720	87
390	1120.0	118.8		115.0		1140	141	0	0	1380	119	0	0	180	97	660	86
391	1240.0	112.4		110.5		1260	128	0	0	1620	112	0	0	360	95	480	86
392	1060.0	117.4		115.0		1140	135	0	0	1440	114	0	0	60	118	540	89
393	1380.0	118.1		116.0		1740	130	0	0	1620	117	0	0	300	109	480	84
394	1240.0	123.0		121.0		1800	134	0	0	1260	119	0	0	300	118	360	86
395	880.0	118.0		115.9		900	130	0	0	1080	121	0	0	300	111	360	85
396	1360.0	120.7		117.9		2040	132	0	0	1140	123	0	0	300	109	600	84
397	960.0	125.1		124.7		1020	132	0	0	1500	124	0	0	360	110	0	0
398	1240.0	121.7		118.5		1620	137	0	0	1320	122	60	87	360	93	360	86
399	1120.0	116.9		115.1		1500	129	0	0	1320	114	60	92	300	92	180	87
400	1340.0	122.3		119.7		1920	134	0	0	1320	122	0	0	300	110	480	84
401	1360.0	116.8		115.5		1920	125	0	0	1320	116	0	0	540	107	300	85
402	1380.0	120.4		119.1		1980	129	0	0	1500	119	60	117	420	100	180	86
403	1100.0	128.8		125.9		1320	147	0	0	1200	127	0	0	660	104	120	84
404	1120.0	119.7		118.4		1380	130	0	0	1620	117	0	0	360	92	0	0
405	1240.0	123.6		122.2		1620	136	0	0	1440	118	0	0	480	112	180	88
406	960.0	126.4		125.2		1320	137	0	0	960	123	0	0	540	111	60	85
407	1100.0	121.5		120.2		1380	133	0	0	1260	117	0	0	480	113	180	87
408	1320.0	128.1		126.9		2040	138	0	0	1320	122	0	0	480	113	120	88
409	960.0	126.5		124.7		1080	140	0	0	1200	123	0	0	360	122	240	90
410	1060.0	128.2		126.0		1200	144	0	0	1620	124	0	0	180	103	180	86
411	1220.0	128.2		126.1		1560	141	0	0	1440	127	60	87	300	112	300	92
412	920.0	132.4		130.3		1260	146	0	0	960	128	0	0	360	117	180	91
413	1100.0	130.0		128.2		1380	145	0	0	1500	123	0	0	300	113	120	87
414	1100.0	127.3		125.4		1260	141	0	0	1440	127	0	0	480	101	120	93
415	1000.0	118.7		115.8		1260	135	0	0	1020	117	0	0	300	103	420	85
416	940.0	121.3		118.3		1260	137	0	0	1020	118	0	0	120	108	420	86
417	1080.0	129.2		127.2		1500	140	0	0	1380	127	0	0	60	102	300	91
418	1060.0	120.9		118.2		1020	138	0	0	1380	123	0	0	360	104	420	87
419	980.0	124.1		121.6		1140	139	0	0	960	126	0	0	600	109	240	84
420	1200.0	124.4		121.9		1500	141	0	0	1440	120	0	0	300	105	360	89
421	840.0	132.4		131.0		900	143	0	0	1080	135	0	0	480	111	60	96
422	1160.0	127.8		125.4		1680	139	0	0	1140	128	0	0	420	107	240	85
423	1060.0	124.4		121.3		1320	143	0	0	1140	121	0	0	540	99	180	85
424	1140.0	124.3		122.8		1440	134	0	0	1440	124	0	0	360	105	180	87
425	980.0	129.1		126.8		1260	147	0	0	1200	120	0	0	360	110	120	90
426	920.0	126.9		123.2		1080	146	0	0	1080	126	60	92	180	109	360	87
427	1300.0	126.9		124.8		1620	144	0	0	1800	119	0	0	360	102	120	90
428	1180.0	129.0		125.1		1260	148	0	0	1620	130	0	0	420	94	240	84
429	960.0	126.3		123.4		1200	144	0	0	1200	122	0	0	180	96	300	91
430	1160.0	127.5		125.2		1440	142	0	0	1620	124	0	0	240	95	180	87
431	1180.0	130.4		128.8		1680	140	0	0	1500	128	0	0	180	95	180	96
432	1200.0	123.7		120.4		1560	142	0	0	1200	120	0	0	420	104	420	86
433	960.0	127.8		124.8		1080	145	0	0	960	131	0	0	660	106	180	87
434	900.0	124.4		121.9		1080	138	0	0	1080	124	0	0	240	113	300	86
435	880.0	136.5		133.7		1380	148	0	0	960	133	0	0	120	104	180	88
436	1320.0	121.4		118.7		1980	134	0	0	1260	119	60	102	180	106	480	84
437	1060.0	123.3		119.8		1260	145	0	0	1320	116	0	0	300	105	300	83
438	1300.0	120.8		118.2		1860	136	0	0	1380	115	0	0	240	92	420	89
439	1160.0	127.6		125.8		1620	138	0	0	1320	126	60	87	420	106	60	75
440	1280.0	119.9		117.9		1620	134	0	0	1320	117	60	88	720	103	120	78
441	1120.0	125.1		123.7		1680	134	0	0	1080	124	0	0	480	106	120	86
442	1140.0	124.2		122.2		1440	138	0	0	1680	119	0	0	120	96	180	82
443	1060.0	130.2		127.8		1500	142	0	0	1020	132	0	0	540	104	120	86
444	940.0	123.4		120.1		900	143	0	0	1260	125	0	0	240	105	420	87
445	1360.0	118.8		117.4		1920	129	0	0	1740	114	0	0	180	98	240	87
446	1060.0	125.6		125.0		1320	136	0	0	1380	119	0	0	480	116	0	0
447	860.0	123.7		121.7		960	139	0	0	960	123	0	0	540	106	120	86
448	1020.0	123.1		120.7		1200	136	0	0	1260	125	0	0	360	97	240	88
449	840.0	127.0		126.1		960	138	0	0	1020	125	0	0	540	111	0	0
450	820.0	117.2		115.2		780	133	0	0	1200	116	0	0	240	105	240	84
451	960.0	124.3		121.8		1080	135	0	0	1380	127	0	0	60	100	360	86
452	1080.0	125.1		122.9		1260	139	0	0	1560	122	0	0	180	109	240	84
453	1100.0	123.8		122.5		1560	134	0	0	1320	119	0	0	240	109	180	90
454	1180.0	123.0		121.6		1620	134	0	0	1440	119	60	97	300	104	120	84
455	920.0	128.0		126.0		1260	141	0	0	1080	124	0	0	300	105	120	86
456	780.0	123.9		120.6		900	142	0	0	1020	122	0	0	60	107	360	87
457	1000.0	122.9		121.2		1080	138	0	0	1320	120	0	0	480	107	120	83
458	960.0	126.4		123.7		1260	141	0	0	1140	121	0	0	180	125	300	86
459	1140.0	124.4		122.4		1560	137	0	0	1320	120	0	0	360	108	180	81
460	980.0	131.5		129.4		1500	144	0	0	1080	125	60	90	240	104	60	88
461	760.0	125.4		121.6		720	146	0	0	1080	127	0	0	120	102	360	87
462	1040.0	123.1		120.8		1140	142	0	0	1380	118	0	0	180	113	420	93
463	1000.0	126.2		125.2		1320	133	0	0	1320	125	0	0	240	115	120	86
464	1100.0	125.4		124.4		1740	134	0	0	1260	120	0	0	240	101	60	89
465	860.0	123.0		120.6		960	138	0	0	1080	121	0	0	300	113	240	84
466	920.0	125.6		124.0		1200	137	0	0	1200	123	0	0	360	96	0	0
467	960.0	122.6		120.9		1260	134	0	0	1320	119	0	0	240	91	60	87
468	1000.0	117.9		115.4		1140	131	0	0	1140	119	60	96	300	111	360	82
469	980.0	119.8		118.7		960	133	0	0	1440	116	0	0	420	112	120	86
470	1080.0	121.5		119.1		1440	134	0	0	1200	121	0	0	360	98	240	84
471	1020.0	122.6		121.4		1440	130	0	0	1200	123	0	0	240	101	180	90
472	920.0	121.0		118.2		1140	136	0	0	1200	119	0	0	60	92	360	85
473	920.0	120.5		119.1		1440	128	0	0	1080	118	0	0	60	99	180	83
474	1000.0	120.9		120.3		1380	128	0	0	1140	118	0	0	420	111	60	84
475	1240.0	110.3		108.8		1680	122	0	0	1440	104	0	0	360	100	240	81
476	1060.0	119.8		118.5		1440	130	0	0	1380	115	0	0	120	117	240	88
477	1020.0	120.0		117.8		1560	131	0	0	960	118	0	0	180	103	360	86
478	800.0	114.5		112.6		1080	124	0	0	900	116	0	0	60	97	360	85
479	1040.0	114.9		114.0		1500	123	0	0	1200	112	60	108	240	96	120	85
480	1160.0	117.9		117.0		1680	125	0	0	1320	116	0	0	360	102	120	86
481	780.0	127.1		125.2		1140	139	0	0	960	118	0	0	120	130	120	84
482	1140.0	114.5		113.5		1440	123	0	0	1380	114	0	0	240	105	360	89
483	880.0	123.7		120.9		1020	139	0	0	1200	123	0	0	120	93	300	87
484	980.0	120.4		118.8		1140	133	0	0	1320	118	0	0	300	105	180	84
485	900.0	121.0		119.4		1260	131	0	0	1080	119	0	0	120	96	240	90
486	1140.0	116.1		113.9		1320	132	0	0	1500	113	0	0	180	96	420	86
487	900.0	122.2		120.6		1260	134	0	0	1200	116	0	0	60	109	180	86
488	920.0	123.9		122.8		1320	132	0	0	1200	120	0	0	120	112	120	86
489	1060.0	117.7		114.8		1500	134	0	0	1140	111	60	86	120	88	360	86
490	800.0	125.2		123.9		1020	138	0	0	1260	118	0	0	60	88	60	98
491	1120.0	112.4		110.6		1860	120	0	0	1080	111	120	88	240	78	60	86
492	780.0	120.2		118.4		1320	129	0	0	720	117	0	0	120	97	180	84
493	980.0	117.8		116.4		1500	129	0	0	960	110	60	108	240	105	180	87
494	1080.0	117.8		115.5		1620	129	0	0	1020	117	0	0	180	101	420	84
495	860.0	118.7		116.7		960	134	0	0	900	118	0	0	540	104	180	85
496	860.0	122.9		120.3		1200	137	0	0	1020	118	0	0	60	102	300	87
497	880.0	125.8		123.3		1200	138	0	0	960	126	0	0	240	104	240	86
498	940.0	118.4		116.9		1080	130	0	0	1380	116	0	0	120	106	240	86
499	780.0	131.2		129.4		1200	141	0	0	1020	125	0	0	0	0	120	85
500	640.0	123.2		122.1		720	136	0	0	1020	118	0	0	120	108	60	88
501	900.0	119.6		117.9		1260	130	0	0	900	120	0	0	420	97	120	87
502	880.0	118.5		116.3		1140	131	0	0	720	121	0	0	540	104	240	84
503	820.0	122.3		119.6		1260	136	0	0	900	115	0	0	120	92	180	83
504	960.0	109.7		108.1		1140	123	0	0	1200	106	0	0	240	97	300	84
505	1040.0	111.6		110.5		1680	117	0	0	900	115	0	0	360	92	180	84
506	1080.0	110.3		109.1		1200	122	0	0	1560	108	0	0	300	91	180	85
507	1040.0	111.3		110.1		1380	120	0	0	1140	111	0	0	240	101	360	86
508	1120.0	111.3		109.5		1320	126	0	0	1380	108	120	88	420	91	120	83
509	920.0	113.3		112.3		1080	124	0	0	1320	110	0	0	180	98	180	89
510	960.0	111.2		109.8		1080	122	0	0	1200	111	120	100	240	98	240	82
511	980.0	114.5		112.4		1260	126	0	0	1200	114	0	0	180	93	300	81
512	720.0	117.1		116.5		720	126	0	0	1140	116	0	0	300	100	0	0
513	880.0	118.4		115.8		1380	130	0	0	840	115	0	0	180	96	240	80
514	880.0	114.9		112.9		1200	127	0	0	1020	112	0	0	240	88	180	86
515	860.0	112.5		110.9		1020	127	0	0	1020	106	0	0	360	104	180	84
516	1060.0	110.9		109.3		1320	123	0	0	1140	110	0	0	480	91	240	88
517	1280.0	107.0		106.1		1680	114	0	0	1500	108	0	0	360	89	300	85
518	1020.0	119.6		117.3		1260	134	0	0	1320	117	0	0	240	90	240	88
519	840.0	114.2		112.1		1260	125	0	0	900	111	0	0	60	102	300	81
520	900.0	116.8		115.0		840	131	0	0	1380	117	60	90	300	96	120	81
521	1020.0	113.9		111.9		1500	126	0	0	840	112	60	104	360	92	300	87
522	860.0	122.3		119.9		1260	134	0	0	1020	119	0	0	60	88	240	84
523	1100.0	107.2		105.5		1440	118	0	0	1380	105	0	0	180	83	300	80
524	1060.0	114.6		112.8		1560	125	0	0	960	114	0	0	360	96	300	85
525	920.0	120.2		119.1		1380	128	0	0	1200	116	0	0	180	88	0	0
526	860.0	114.8		112.3		720	134	0	0	1140	117	0	0	480	96	240	84
527	1000.0	114.2		112.8		1200	122	0	0	1260	116	0	0	240	105	300	83
528	980.0	116.4		114.9		1380	124	0	0	1140	117	60	109	180	90	180	83
529	1040.0	109.2		106.7		1380	122	0	0	960	110	60	102	240	92	480	80
530	1020.0	113.4		111.4		1320	126	0	0	960	114	0	0	420	97	360	85
531	1020.0	117.2		115.5		1260	131	0	0	960	117	0	0	600	98	240	94
532	740.0	120.5		118.1		900	138	0	0	840	115	60	101	240	106	180	85
533	840.0	116.0		114.8		960	127	0	0	1140	114	0	0	180	103	240	91
534	1000.0	115.4		113.7		1320	129	0	0	1260	109	60	87	300	94	60	85
535	1060.0	116.4		113.8		1380	132	0	0	1020	115	0	0	480	95	300	84
536	960.0	115.4		113.7		1080	130	0	0	1440	111	0	0	180	96	180	83
537	1100.0	115.4		113.4		1500	126	0	0	1200	116	0	0	360	90	240	84
538	920.0	112.3		109.2		1260	128	0	0	780	112	0	0	240	87	480	84
539	860.0	123.5		120.5		1260	137	0	0	840	122	0	0	300	95	180	83
540	1000.0	113.6		111.4		1500	124	0	0	720	115	60	86	420	103	300	79
541	1100.0	113.7		112.2		1440	124	0	0	1380	112	0	0	360	89	120	84
542	760.0	120.4		118.3		1320	127	0	0	780	119	60	85	60	71	60	78
543	800.0	116.9		114.7		960	129	0	0	1020	117	60	86	180	99	180	80
544	920.0	114.8		110.9		1140	133	0	0	1080	113	0	0	60	87	480	79
545	880.0	114.4		112.9		1380	124	0	0	840	110	60	97	180	97	180	84
546	960.0	109.9		107.6		1200	124	0	0	1140	108	0	0	180	84	360	82
547	880.0	106.7		105.8		1200	115	0	0	960	104	0	0	300	96	180	83
548	640.0	120.7		117.8		720	139	0	0	720	115	0	0	300	114	180	81
549	1220.0	95.2		93.2		960	113	0	0	900	103	0	0	1680	82	120	78
550	900.0	108.0		107.1		1080	118	0	0	1200	105	0	0	360	93	60	79
551	1100.0	103.3		100.7		1500	115	0	0	1140	104	0	0	240	74	420	76
552	980.0	110.2		109.4		1440	118	0	0	900	108	0	0	360	99	240	89
553	1040.0	104.5		103.2		1440	114	0	0	1080	102	120	94	240	88	240	80
554	900.0	105.3		104.0		1140	116	0	0	1200	102	0	0	120	90	240	79
555	1040.0	105.7		104.0		1260	119	0	0	1260	103	0	0	240	83	360	84
556	740.0	102.2		100.5		720	117	0	0	780	104	180	87	240	86	300	84
557	920.0	98.3		97.4		1260	105	0	0	900	99	0	0	360	85	240	80
558	1080.0	96.6		96.0		1620	101	0	0	960	98	60	90	180	85	420	82
559	840.0	99.9		99.1		840	108	0	0	1140	100	0	0	420	90	120	76
560	1020.0	96.3		95.4		1260	104	0	0	1260	96	0	0	0	0	540	79
561	920.0	97.6		97.0		1140	106	0	0	1020	95	0	0	360	89	240	82
562	700.0	94.3		93.7		780	103	0	0	1020	90	0	0	120	94	180	81
563	1060.0	96.1		95.2		1260	105	0	0	1020	96	0	0	540	87	360	79
564	980.0	95.9		95.4		1440	101	0	0	960	94	0	0	480	87	60	73
565	1100.0	95.1		94.2		1380	104	0	0	1020	92	60	87	360	94	480	78
566	1060.0	104.0		103.4		1860	109	0	0	720	101	60	88	360	97	180	83
567	640.0	103.4		102.4		660	114	0	0	840	102	60	102	120	92	240	85
568	1060.0	103.6		102.4		1080	115	0	0	1260	105	0	0	780	87	60	85
569	800.0	105.5		104.5		780	115	0	0	900	109	60	100	480	92	180	85
570	860.0	105.9		104.9		1140	115	0	0	900	104	0	0	360	91	180	87
571	760.0	106.1		105.2		840	116	0	0	1080	104	0	0	240	94	120	80
572	740.0	102.2		101.3		780	113	0	0	1080	100	0	0	120	89	240	84
573	880.0	102.3		101.6		1320	108	0	0	1020	101	0	0	0	0	300	82
574	1160.0	101.9		101.0		1560	110	0	0	1260	100	0	0	300	90	360	83
575	860.0	106.8		105.7		1260	115	0	0	1020	103	60	88	60	94	180	81
576	920.0	110.5		108.9		1260	123	0	0	900	106	120	96	300	93	180	84
577	880.0	106.9		105.2		1260	119	0	0	660	102	60	113	420	93	240	80
578	1020.0	105.5		104.8		1440	113	0	0	900	104	0	0	540	94	180	87
579	880.0	106.0		104.6		960	121	0	0	1140	102	60	86	360	89	120	86
580	1040.0	110.8		110.0		1560	117	0	0	1140	110	0	0	180	93	240	88
581	960.0	108.6		107.7		1440	117	0	0	960	104	60	98	240	98	180	84
582	940.0	109.7		108.6		1320	118	0	0	1200	107	0	0	0	0	300	84
583	760.0	104.2		102.6		840	120	0	0	1020	99	0	0	300	85	120	86
584	1100.0	116.2		114.3		1680	129	0	0	1140	108	0	0	360	92	120	87
585	1160.0	109.8		109.1		1560	118	0	0	1380	107	0	0	300	98	240	88
586	880.0	112.6		110.2		1020	127	0	0	1020	113	0	0	180	98	420	83
587	760.0	111.6		109.9		1020	124	0	0	840	107	60	89	120	100	240	86
588	1040.0	101.0		100.2		1260	110	0	0	1080	100	60	85	360	91	360	85
589	740.0	114.5		111.9		1080	127	0	0	600	116	0	0	120	90	420	87
590	1140.0	106.8		105.5		1680	115	0	0	1140	106	0	0	180	90	420	83
591	1020.0	115.4		113.2		1380	130	0	0	1020	112	0	0	540	91	120	87
592	960.0	115.2		113.5		1380	127	0	0	900	112	60	97	240	101	300	86
593	920.0	118.9		117.2		1140	132	0	0	1020	116	0	0	420	105	180	85
594	980.0	114.6		111.7		1560	129	0	0	900	106	0	0	300	87	180	79
595	940.0	117.0		115.4		1380	128	0	0	780	115	180	106	300	95	180	89
596	1100.0	112.4		111.7		1980	119	0	0	1080	104	0	0	180	99	60	84
597	860.0	114.3		111.5		900	133	0	0	960	115	0	0	300	97	420	85
598	900.0	112.3		110.5		780	129	0	0	1260	113	0	0	420	95	240	85
599	800.0	118.2		115.9		1200	132	0	0	660	113	60	102	300	95	180	89
600	980.0	122.6		121.3		1260	136	0	0	1260	116	0	0	360	104	60	92
601	960.0	125.6		123.1		1500	139	0	0	840	121	0	0	360	99	180	89
602	860.0	120.3		118.9		1200	133	0	0	1080	112	0	0	300	99	0	0
603	720.0	127.6		124.3		1020	139	0	0	960	125	0	0	60	70	120	80
604	860.0	119.7		116.7		1200	136	0	0	840	116	60	88	360	90	120	88
605	520.0	122.0		120.0		600	138	0	0	600	120	0	0	240	99	120	98
606	620.0	118.0		114.1		600	141	0	0	660	121	0	0	120	111	480	87
607	900.0	116.2		113.3		840	138	0	0	1200	115	0	0	360	95	300	85
608	780.0	117.9		115.6		960	135	0	0	960	112	60	90	240	96	120	86
609	1040.0	117.5		116.2		1440	124	0	0	1260	119	0	0	180	97	240	86
610	960.0	120.0		118.8		1320	132	0	0	900	113	0	0	600	107	60	89
611	780.0	121.8		119.5		1020	133	0	0	900	123	0	0	240	98	180	84
612	820.0	115.9		111.9		960	137	0	0	960	113	0	0	300	86	240	80
613	1000.0	119.9		117.6		1020	135	0	0	1440	120	0	0	240	99	300	85
614	500.0	122.4		116.9		420	149	0	0	600	129	0	0	120	112	360	84
615	760.0	120.3		118.5		1020	132	0	0	780	119	60	114	300	99	120	86
616	920.0	121.9		117.8		1200	142	0	0	960	118	0	0	240	94	360	84
617	780.0	128.9		125.8		840	151	0	0	1080	124	0	0	300	101	120	88
618	580.0	122.7		119.5		360	150	0	0	780	128	0	0	360	105	240	91
619	840.0	118.3		115.2		1080	136	0	0	960	114	0	0	0	0	480	87
620	800.0	113.5		109.8		780	140	0	0	780	112	120	102	360	90	360	87
621	1020.0	114.4		112.5		1380	127	0	0	1140	111	0	0	120	97	420	87
622	1020.0	118.7		116.5		1380	133	0	0	900	116	60	105	420	103	300	86
623	900.0	115.2		112.9		1140	128	0	0	960	115	0	0	180	105	420	85
624	980.0	109.6		108.6		1260	119	0	0	1020	108	0	0	360	99	300	88
625	960.0	115.6		113.0		1260	132	0	0	960	111	0	0	360	97	300	84
626	960.0	120.8		118.4		1260	136	0	0	1080	117	0	0	180	96	360	91
627	920.0	113.1		111.1		960	128	0	0	1320	112	0	0	240	85	240	88
628	820.0	114.5		112.7		1140	125	0	0	840	114	0	0	180	99	300	85
629	920.0	112.4		110.5		1140	127	0	0	900	110	60	96	420	96	240	85
630	800.0	117.2		115.6		900	129	0	0	1200	114	0	0	120	113	180	82
631	760.0	120.3		118.0		660	137	0	0	1020	122	60	111	180	115	360	89
632	800.0	122.7		120.7		1080	136	0	0	960	118	0	0	120	105	240	90
633	1120.0	116.0		114.7		1380	127	0	0	1080	116	0	0	660	102	240	91
634	860.0	111.9		109.9		1020	126	0	0	1020	110	60	101	180	89	300	86
635	1040.0	112.2		110.5		1500	123	0	0	1140	109	60	96	60	73	360	87
636	920.0	116.6		114.7		1320	126	0	0	900	117	0	0	180	109	360	85
637	1200.0	110.8		109.2		1500	124	0	0	1260	108	120	88	300	98	420	88
638	460.0	123.7		119.1		480	148	0	0	600	121	0	0	60	114	240	84
639	920.0	113.4		109.8		1140	132	0	0	960	112	0	0	120	84	540	83
640	1100.0	115.3		114.0		1380	126	0	0	1200	114	180	104	300	101	240	87
641	640.0	108.0		106.3		240	130	0	0	960	114	0	0	480	96	240	86
642	560.0	121.8		120.8		420	140	0	0	1020	118	0	0	240	106	0	0
643	1100.0	109.3		107.7		1500	121	0	0	1380	104	0	0	60	88	360	84
644	680.0	118.4		115.2		840	136	0	0	780	116	60	94	120	91	240	84
645	540.0	115.7		111.6		420	151	0	0	840	110	0	0	60	92	300	87
646	820.0	111.9		110.5		900	124	0	0	900	113	120	94	240	97	300	91
647	880.0	120.1		117.0		1080	140	0	0	900	114	0	0	360	104	300	86
648	900.0	110.4		107.4		960	130	0	0	1020	110	0	0	120	90	600	84
649	1020.0	115.5		113.1		1500	130	0	0	1080	108	60	106	120	89	300	83
650	1240.0	112.9		112.1		1860	120	0	0	1260	111	0	0	360	98	240	90
651	740.0	116.0		113.7		840	129	0	0	1020	116	60	87	60	82	240	86
652	640.0	122.8		118.9		840	138	0	0	540	129	0	0	180	107	360	86
653	1360.0	114.4		112.5		1740	128	0	0	1740	110	0	0	300	91	300	84
654	920.0	115.3		114.1		1080	126	0	0	1080	114	0	0	480	103	120	81
655	720.0	110.4		107.6		780	126	0	0	720	114	120	84	300	98	240	78
656	800.0	109.8		107.3		840	127	0	0	840	112	0	0	120	89	600	87
657	1120.0	111.6		109.8		1680	123	0	0	900	108	0	0	180	101	600	88
658	820.0	114.5		114.1		1140	122	0	0	960	110	0	0	360	103	0	0
659	960.0	105.0		101.8		1380	119	0	0	840	103	0	0	120	97	540	74
660	840.0	103.6		100.1		960	121	0	0	720	109	0	0	0	0	840	79
661	940.0	109.3		107.6		1020	123	0	0	1260	108	0	0	180	94	360	83
662	800.0	113.1		111.5		1080	126	0	0	780	108	60	105	300	98	180	86
663	920.0	107.7		106.8		1140	117	0	0	900	107	60	100	300	97	360	90
664	840.0	113.5		111.7		1200	126	0	0	900	108	0	0	180	91	240	88
665	920.0	104.5		103.3		960	115	0	0	1140	105	60	112	120	90	480	85
666	1140.0	109.6		108.4		1500	117	0	0	1200	112	0	0	240	96	480	87
667	880.0	110.8		109.0		1080	125	0	0	1020	107	0	0	180	94	360	87
668	900.0	116.6		114.1		1140	132	0	0	900	115	0	0	360	97	300	86
669	840.0	108.7		105.7		1080	128	0	0	840	101	180	87	120	88	300	82
670	860.0	119.6		118.1		1200	130	0	0	1080	116	0	0	180	92	120	89
671	1000.0	117.8		114.7		1260	134	0	0	1080	117	0	0	300	96	360	82
672	820.0	115.8		113.2		1020	133	0	0	960	111	60	88	180	90	240	88
673	960.0	121.7		118.8		1140	136	0	0	1320	121	0	0	300	86	120	82
674	760.0	110.1		108.6		660	124	0	0	1080	111	0	0	240	95	300	88
675	920.0	107.4		105.5		1140	118	0	0	780	112	0	0	360	98	480	82
676	920.0	108.7		108.1		1260	116	0	0	1200	105	0	0	120	102	180	87
677	900.0	109.6		108.0		1320	119	0	0	780	110	120	94	120	99	360	83
678	760.0	106.0		104.0		900	121	0	0	900	102	60	101	0	0	420	83
679	840.0	102.6		100.4		960	116	0	0	780	104	120	108	240	76	420	83
680	900.0	112.6		110.3		1200	125	0	0	900	113	0	0	360	92	240	80
681	800.0	107.9		105.7		840	123	0	0	1140	106	0	0	180	92	240	76
682	1140.0	108.8		106.5		1560	123	0	0	1140	105	0	0	240	86	480	83
683	840.0	108.9		106.7		1260	120	0	0	720	109	0	0	0	0	540	83
684	820.0	113.6		112.1		1080	126	0	0	840	108	0	0	300	106	240	87
685	900.0	110.4		108.7		1140	123	0	0	1020	107	0	0	180	100	360	85
686	880.0	109.4		106.4		780	127	0	0	1200	113	0	0	120	86	540	81
687	800.0	110.2		108.3		960	123	0	0	840	111	0	0	360	91	240	85
688	840.0	110.3		108.3		1020	124	0	0	900	110	0	0	120	98	480	85
689	740.0	122.5		119.2		1140	136	0	0	660	120	0	0	120	106	300	83
690	760.0	123.5		121.2		780	135	0	0	960	129	0	0	360	101	180	89
691	900.0	109.6		107.7		1140	124	0	0	900	106	0	0	180	96	480	87
692	1020.0	105.0		103.6		1260	118	60	117	960	99	0	0	300	96	480	87
693	760.0	119.0		116.7		1020	129	0	0	840	122	0	0	60	100	360	87
694	820.0	120.3		117.8		1020	134	0	0	900	120	60	102	240	105	240	83
695	800.0	116.0		112.9		1020	135	0	0	900	109	60	106	60	92	360	85
696	840.0	111.4		109.0		900	129	0	0	1020	109	0	0	180	98	420	85
697	980.0	111.6		109.3		1140	127	0	0	1080	111	0	0	300	94	420	84
698	1140.0	104.5		103.3		1380	115	0	0	1260	103	0	0	300	95	480	84
699	1120.0	102.9		101.5		1500	113	60	100	1140	101	0	0	180	84	480	83
700	1120.0	106.9		106.0		1500	115	60	110	1140	106	60	95	360	93	240	84
701	940.0	106.6		103.4		1080	125	0	0	1080	105	0	0	0	0	660	79
702	820.0	104.7		102.1		960	122	0	0	720	104	60	97	300	86	420	81
703	980.0	101.3		99.7		840	118	0	0	1260	101	120	93	240	85	480	83
704	920.0	108.6		105.9		1020	126	0	0	960	109	60	86	240	92	480	82
705	1080.0	104.1		103.1		1500	112	0	0	1080	104	0	0	300	84	360	88
706	1040.0	107.8		106.5		1320	117	0	0	1080	108	60	103	180	98	480	86
707	1340.0	110.8		109.5		1920	120	0	0	1320	108	0	0	240	109	540	86
708	980.0	116.7		114.8		1380	128	0	0	960	112	0	0	240	116	360	86
709	960.0	112.1		109.0		1200	131	0	0	1140	105	60	102	120	88	360	81
710	1120.0	104.8		103.1		1620	114	0	0	1140	103	60	91	60	118	480	78
711	980.0	107.4		106.0		1080	119	0	0	1260	106	60	87	240	99	300	82
712	1180.0	113.6		111.1		1740	126	0	0	1200	111	0	0	0	0	600	83
713	800.0	106.9		105.0		840	121	0	0	900	108	120	97	180	92	360	82
714	800.0	108.7		105.8		720	126	0	0	1020	113	0	0	0	0	660	83
715	660.0	106.5		104.4		420	129	0	0	780	110	60	90	300	98	420	86
716	740.0	131.0		128.6		900	146	0	0	1020	128	0	0	180	101	120	89
717	580.0	121.9		118.0		600	146	0	0	780	119	0	0	60	89	300	88
718	560.0	131.8		127.5		660	159	0	0	840	119	0	0	120	94	60	87
719	660.0	127.2		123.0		780	146	0	0	840	127	0	0	0	0	360	87
720	540.0	128.2		125.2		360	155	0	0	960	128	0	0	180	102	120	89
721	520.0	131.2		126.8		540	155	0	0	780	128	0	0	0	0	240	88
722	320.0	134.8		129.8		300	163	0	0	420	131	0	0	120	126	120	86
723	480.0	119.3		114.6		300	150	0	0	660	127	0	0	60	100	420	88
724	440.0	120.2		116.8		300	141	0	0	600	129	0	0	240	95	180	90
725	540.0	131.5		128.1		540	153	0	0	840	129	0	0	0	0	240	92
726	600.0	123.8		117.8		480	159	0	0	720	128	60	98	240	88	300	91
727	540.0	120.0		113.9		540	150	0	0	480	126	0	0	120	97	480	86
728	460.0	142.2		138.9		420	167	0	0	720	139	0	0	180	114	60	91
729	780.0	131.4		126.6		780	163	0	0	1020	125	0	0	360	103	180	88
730	560.0	132.6		130.4		420	156	0	0	600	135	0	0	600	118	60	90
731	600.0	124.2		120.6		540	152	0	0	840	120	0	0	240	105	180	86
732	720.0	118.9		115.7		660	140	0	0	1020	118	60	85	180	107	240	82
733	560.0	125.8		123.1		420	134	0	0	840	135	0	0	240	108	180	87
734	560.0	127.8		123.5		600	150	0	0	660	127	60	92	180	112	180	84
735	580.0	128.8		126.8		540	149	0	0	1020	123	0	0	60	122	120	91
736	580.0	132.6		126.6		720	160	0	0	600	128	0	0	180	94	240	91
737	420.0	134.4		130.3		420	159	0	0	540	134	0	0	180	108	120	90
738	500.0	127.5		121.0		420	162	0	0	660	130	0	0	120	94	300	87
739	480.0	127.3		122.9		480	154	0	0	660	123	0	0	60	119	240	88
740	480.0	127.2		124.1		300	149	0	0	660	131	0	0	360	118	120	80
741	600.0	127.0		123.5		360	161	0	0	960	128	0	0	360	103	120	89
742	640.0	131.3		128.3		540	152	0	0	1020	131	0	0	240	110	120	83
743	460.0	127.9		124.4		360	156	0	0	720	127	0	0	120	98	180	95
744	480.0	133.4		129.6		420	166	0	0	600	128	0	0	360	112	60	88
745	440.0	121.4		115.7		480	153	0	0	360	117	0	0	300	99	180	83
746	560.0	125.9		121.5		420	157	0	0	780	128	0	0	300	101	180	86
747	500.0	131.0		125.6		480	165	0	0	600	126	0	0	180	112	240	90
748	520.0	126.0		121.7		420	159	0	0	780	123	0	0	60	105	300	92
749	600.0	129.4		124.1		360	160	0	0	1020	135	0	0	240	93	180	85
750	520.0	126.8		122.7		300	162	0	0	960	127	0	0	120	92	180	90
751	460.0	117.9		115.2		240	142	0	0	660	125	60	103	300	98	120	88
752	560.0	126.3		121.9		780	148	0	0	360	124	0	0	300	101	240	91
753	580.0	125.3		122.2		660	146	0	0	720	121	0	0	240	101	120	86
754	660.0	125.1		121.3		660	147	0	0	780	127	60	111	240	99	240	88
755	520.0	128.2		124.5		420	146	0	0	780	131	60	115	60	144	240	87
756	640.0	136.2		133.5		660	159	0	0	840	132	0	0	240	114	180	102
757	600.0	127.1		122.5		540	156	0	0	780	126	0	0	180	110	300	88
758	540.0	124.5		119.5		360	150	0	0	840	132	60	91	0	0	360	87
759	500.0	129.2		124.2		300	170	0	0	780	129	60	86	180	118	180	88
760	580.0	127.1		122.1		660	150	0	0	600	129	60	93	120	112	300	86
761	640.0	119.7		115.5		420	153	0	0	1020	120	0	0	120	105	360	85
762	680.0	123.1		119.3		780	145	0	0	840	119	60	90	120	103	240	85
763	640.0	119.7		115.7		600	147	0	0	900	116	0	0	300	92	120	80
764	600.0	112.6		110.1		660	132	0	0	720	108	120	99	60	92	240	85
765	600.0	125.9		120.9		660	150	0	0	600	125	0	0	180	120	360	86
766	800.0	130.2		124.9		900	154	0	0	900	132	0	0	360	95	240	87
767	680.0	130.2		126.3		780	144	0	0	660	138	0	0	240	126	360	89
768	580.0	123.3		120.0		480	149	0	0	660	126	120	103	360	103	120	87
769	720.0	133.0		131.9		780	144	0	0	1080	132	0	0	180	109	120	106
770	600.0	133.8		130.9		900	148	0	0	660	129	0	0	0	0	240	94
771	600.0	126.3		122.8		480	143	0	0	780	134	120	94	240	114	180	86
772	640.0	127.1		123.7		660	146	0	0	840	124	0	0	180	128	240	85
773	380.0	123.9		119.8		180	145	0	0	600	130	0	0	120	138	240	86
774	740.0	124.3		119.9		720	154	0	0	1020	119	0	0	300	91	180	91
775	540.0	125.3		120.5		540	146	0	0	660	130	0	0	60	124	360	86
776	580.0	128.1		124.0		720	144	0	0	660	131	0	0	120	103	240	85
777	540.0	124.9		120.9		480	148	0	0	780	126	0	0	60	116	300	87
778	580.0	129.2		124.0		660	154	0	0	720	126	0	0	120	102	240	84
779	660.0	127.0		124.5		540	148	0	0	960	128	0	0	240	109	240	94
780	660.0	124.6		122.2		960	139	0	0	720	118	120	89	120	102	60	89
781	560.0	119.1		116.8		540	141	0	0	900	113	0	0	60	105	180	89
782	720.0	120.9		114.4		660	153	0	0	780	124	60	87	300	99	360	79
783	640.0	125.2		123.0		600	142	0	0	900	125	60	104	180	115	180	88
784	700.0	123.7		118.9		780	150	0	0	960	117	0	0	60	88	300	84
785	660.0	122.5		119.0		780	141	0	0	780	122	0	0	60	89	360	89
786	860.0	134.4		129.7		1140	158	0	0	840	127	60	107	240	111	300	90
787	620.0	133.2		128.6		720	160	0	0	720	125	0	0	240	111	180	88
788	480.0	121.6		118.8		300	146	0	0	600	128	180	101	240	108	120	87
789	940.0	118.5		116.1		1020	134	0	0	1320	117	60	101	120	95	300	85
790	560.0	125.8		122.4		660	146	0	0	600	122	0	0	180	113	240	89
791	940.0	129.2		125.9		1080	151	0	0	1200	124	0	0	360	102	180	88
792	700.0	125.8		122.7		780	146	0	0	960	121	0	0	120	111	240	87
793	660.0	131.1		125.3		540	164	0	0	900	133	0	0	180	109	360	88
794	740.0	125.1		120.2		840	149	0	0	900	123	0	0	60	94	420	86
795	480.0	125.6		121.6		540	141	0	0	540	130	0	0	120	120	240	84
796	840.0	124.4		120.6		960	144	0	0	960	125	60	112	300	94	240	85
797	780.0	133.2		127.3		900	159	0	0	1080	128	0	0	60	97	300	82
798	760.0	129.0		125.1		900	149	0	0	900	128	0	0	300	94	180	92
799	620.0	123.8		118.3		480	160	0	0	720	126	0	0	180	111	480	89
800	660.0	123.5		119.0		420	152	0	0	1080	128	0	0	180	89	300	88
801	660.0	129.3		126.6		540	154	0	0	1020	127	0	0	240	109	180	95
802	580.0	127.3		124.0		540	149	0	0	720	130	0	0	360	103	120	87
803	600.0	135.9		131.6		780	151	0	0	720	138	60	96	180	93	60	82
804	600.0	124.9		120.5		660	145	0	0	840	124	0	0	60	88	240	82
805	680.0	124.8		120.9		420	155	0	0	1140	126	0	0	180	113	300	85
806	800.0	132.3		128.5		1020	148	0	0	720	133	0	0	300	129	360	89
807	840.0	122.9		118.7		780	154	0	0	1020	118	0	0	480	99	240	90
808	520.0	129.6		126.4		600	146	0	0	600	127	0	0	180	127	180	86
809	660.0	120.9		118.1		660	141	0	0	960	118	0	0	120	101	240	87
810	640.0	116.2		112.3		540	141	0	0	840	119	0	0	240	91	300	84
811	660.0	126.3		122.9		780	145	0	0	780	125	60	86	300	97	60	86
812	620.0	130.7		125.6		660	157	0	0	720	131	0	0	240	93	240	95
813	480.0	118.7		115.3		300	141	0	0	780	124	0	0	60	91	300	88
814	660.0	122.9		119.9		480	148	0	0	1020	123	0	0	240	108	240	87
815	760.0	116.0		113.2		900	135	0	0	780	112	0	0	240	101	360	87
816	540.0	115.0		110.5		360	140	0	0	660	126	120	88	180	94	300	84
817	680.0	125.7		124.3		660	137	0	0	1020	126	0	0	240	113	120	87
818	820.0	115.0		113.7		900	124	0	0	1080	116	0	0	180	109	300	88
819	620.0	122.9		120.5		540	141	0	0	960	123	0	0	120	109	240	89
820	780.0	118.4		113.6		840	147	0	0	780	114	60	101	300	92	360	86
821	840.0	125.0		119.3		960	152	0	0	840	123	120	86	180	110	420	85
822	740.0	124.6		119.8		840	149	0	0	900	122	0	0	0	0	480	87
823	780.0	129.4		123.8		720	160	0	0	1080	128	0	0	120	106	420	87
824	880.0	117.5		114.5		900	136	0	0	1080	119	120	87	120	91	420	90
825	720.0	122.4		118.1		720	145	0	0	780	127	0	0	300	100	360	86
826	680.0	120.4		116.8		600	142	0	0	960	123	0	0	60	90	420	88
827	1000.0	125.5		122.6		1140	140	0	0	1320	126	0	0	240	107	300	83
828	660.0	122.9		118.2		720	149	0	0	720	120	60	86	300	100	180	81
829	940.0	123.3		119.4		660	144	0	0	1500	128	0	0	180	113	480	84
830	680.0	127.9		122.5		900	152	0	0	540	122	60	89	240	114	300	85
831	720.0	122.1		118.3		420	145	0	0	1020	129	0	0	300	117	420	86
832	540.0	122.3		118.9		360	155	0	0	900	119	0	0	180	111	180	85
833	600.0	120.6		116.5		300	151	0	0	1020	126	0	0	180	100	300	84
834	620.0	123.6		120.1		420	148	0	0	840	130	0	0	420	102	180	87
835	640.0	132.6		128.2		540	159	0	0	960	132	0	0	180	119	240	86
836	660.0	114.6		109.8		480	145	0	0	780	120	60	91	360	97	300	78
837	600.0	118.5		115.9		420	140	0	0	960	121	0	0	180	89	240	93
838	860.0	109.6		107.0		600	132	0	0	1080	114	0	0	480	93	420	85
839	560.0	123.1		118.9		360	155	0	0	840	126	0	0	180	104	300	88
840	720.0	117.7		115.5		600	138	0	0	1080	116	0	0	120	111	360	91
841	780.0	112.5		110.5		600	129	0	0	1140	114	0	0	240	107	360	84
842	640.0	116.4		114.2		660	130	0	0	720	121	0	0	180	103	360	89
843	820.0	111.2		107.0		840	135	0	0	840	113	60	90	300	86	420	81
844	620.0	128.3		125.7		660	148	0	0	900	123	0	0	180	110	120	87
845	700.0	114.4		110.4		780	133	0	0	780	117	60	105	0	0	480	81
846	640.0	120.0		115.9		540	146	0	0	780	124	0	0	240	95	360	89
847	680.0	115.7		112.0		660	138	0	0	780	118	0	0	180	96	420	85
848	700.0	117.8		114.9		660	133	0	0	900	120	60	104	180	117	300	81
849	820.0	116.2		113.3		1020	136	0	0	900	109	0	0	240	93	300	89
850	700.0	113.9		111.4		600	127	0	0	840	122	60	96	120	104	480	88
851	720.0	117.2		114.2		660	138	0	0	960	117	0	0	300	100	240	82
852	480.0	109.1		106.3		240	132	0	0	780	115	0	0	120	93	300	82
853	640.0	107.8		106.2		420	125	0	0	1200	108	0	0	180	86	120	79
854	760.0	106.1		101.9		480	133	0	0	960	113	0	0	180	100	660	78
855	960.0	113.0		110.4		1020	129	0	0	1380	112	0	0	0	0	480	82
856	880.0	113.2		108.9		1020	133	0	0	900	115	0	0	120	97	600	80
857	800.0	115.2		111.2		960	136	0	0	1020	110	60	87	0	0	360	79
858	1000.0	109.9		106.8		1380	126	0	0	720	108	60	114	180	95	660	82
859	660.0	109.1		106.2		420	134	0	0	900	113	60	100	240	92	360	83
860	780.0	116.7		114.6		960	132	0	0	720	115	60	94	300	103	300	90
861	860.0	122.9		121.9		900	133	0	0	1200	121	0	0	360	115	120	89
862	620.0	108.4		106.9		540	126	0	0	900	104	0	0	120	110	300	89
863	740.0	101.1		98.3		780	118	0	0	600	107	60	83	60	80	720	81
864	640.0	116.2		113.6		720	131	0	0	720	119	0	0	120	95	360	88
865	800.0	113.9		111.1		780	131	0	0	840	118	120	106	120	107	540	86
866	980.0	110.0		108.4		1020	124	0	0	1020	111	60	98	300	101	540	88
867	1000.0	110.7		109.4		1080	121	0	0	1320	111	60	106	60	104	480	88
868	940.0	108.9		106.7		780	127	0	0	1080	113	120	100	180	89	660	88
869	520.0	107.8		103.9		300	132	0	0	660	119	0	0	60	78	540	84
870	1020.0	107.2		104.9		1020	125	0	0	1080	108	0	0	120	97	840	86
871	820.0	104.5		103.9		720	112	0	0	960	108	120	100	300	96	360	89
872	920.0	107.3		105.4		660	123	0	0	1200	112	60	107	180	96	660	86
873	900.0	103.1		100.5		780	123	0	0	1020	106	0	0	120	86	780	82
874	680.0	109.4		106.2		420	132	0	0	1020	115	0	0	60	83	540	84
875	860.0	113.9		111.0		900	130	0	0	960	118	0	0	120	99	600	86
876	640.0	110.6		108.3		420	125	0	0	1020	115	0	0	120	109	360	82
877	780.0	108.0		105.8		540	124	0	0	1200	112	0	0	60	109	540	83
878	660.0	121.2		119.8		480	136	0	0	1080	123	0	0	360	102	60	87
879	480.0	114.9		110.8		120	154	0	0	720	128	0	0	240	98	360	87
880	760.0	118.6		114.9		660	136	0	0	1140	123	0	0	0	0	480	84
881	780.0	121.3		116.9		600	147	0	0	1200	124	0	0	120	96	420	84
882	720.0	114.8		111.1		540	142	0	0	840	117	0	0	360	106	420	83
883	580.0	124.5		120.8		300	157	0	0	900	127	0	0	360	113	180	81
884	540.0	125.5		122.7		180	154	0	0	1020	131	0	0	240	109	180	88
885	560.0	125.7		119.9		300	164	0	0	840	131	60	86	180	120	300	84
886	780.0	119.3		116.5		480	145	0	0	1200	122	0	0	360	102	300	88
887	920.0	128.7		125.0		1020	152	0	0	1080	125	120	96	420	104	120	83
888	600.0	135.0		130.3		600	163	0	0	720	134	0	0	240	110	240	93
889	740.0	117.1		112.9		600	144	0	0	960	120	60	87	360	92	240	83
890	640.0	126.9		124.3		300	160	0	0	1020	130	60	96	360	109	180	100
891	440.0	121.8		118.6		300	146	0	0	600	128	0	0	300	94	120	100
892	740.0	121.5		116.6		540	152	0	0	960	125	0	0	300	109	420	83
893	620.0	130.3		126.8		240	161	0	0	960	137	0	0	480	119	180	84
894	520.0	126.7		124.2		180	154	0	0	720	136	0	0	540	113	120	91
895	760.0	128.9		124.4		720	158	0	0	960	125	0	0	420	108	180	82
896	480.0	119.4		113.7		360	157	0	0	600	120	60	90	180	103	240	81
897	880.0	122.8		119.2		840	147	0	0	1200	121	60	107	240	93	300	89
898	640.0	115.3		110.7		540	141	0	0	660	123	60	87	120	108	540	85
899	580.0	131.6		129.3		600	150	0	0	780	129	0	0	240	114	120	92
900	500.0	121.3		117.7		360	145	0	0	480	133	0	0	300	108	360	93
901	660.0	116.0		111.7		480	142	0	0	780	124	60	91	120	107	540	86
902	620.0	117.3		114.2		360	144	0	0	900	122	60	87	180	107	360	89
903	460.0	130.2		127.1		240	164	0	0	840	131	0	0	240	104	60	89
904	440.0	121.9		117.6		180	164	0	0	600	131	0	0	300	103	240	91
905	820.0	125.6		123.8		900	140	0	0	1080	123	0	0	180	120	300	95
906	720.0	125.2		121.5		420	149	0	0	1140	132	60	103	240	105	300	87
907	400.0	123.8		120.5		60	169	0	0	600	135	60	97	300	118	180	90
908	440.0	118.0		112.8		180	138	0	0	540	141	60	94	0	0	540	91
909	660.0	131.0		127.5		780	150	0	0	900	127	60	91	60	116	180	87
910	680.0	127.3		123.4		780	149	0	0	780	125	0	0	120	113	360	90
911	820.0	123.5		120.7		840	138	0	0	1020	126	60	86	240	117	300	87
912	740.0	128.3		125.0		720	151	0	0	900	128	0	0	180	117	420	95
913	460.0	132.0		130.6		180	156	0	0	840	135	0	0	300	115	60	103
914	600.0	133.5		127.8		420	170	0	0	780	139	120	94	300	110	180	90
915	560.0	128.8		122.3		600	161	0	0	540	124	0	0	120	128	420	89
916	540.0	124.0		118.8		420	161	0	0	720	122	60	91	120	113	300	88
917	620.0	129.4		127.0		540	149	0	0	660	133	120	101	480	115	60	86
918	600.0	124.2		116.7		480	165	0	0	720	128	0	0	180	87	420	87
919	540.0	136.1		133.8		480	161	0	0	780	132	0	0	360	112	0	0
920	920.0	123.5		120.1		960	145	0	0	1140	123	0	0	120	103	540	91
921	620.0	125.6		119.3		600	156	0	0	600	131	0	0	180	109	480	87
922	540.0	126.1		124.1		240	144	0	0	960	132	0	0	360	105	60	87
923	740.0	119.1		115.7		540	136	0	0	1080	127	0	0	120	100	480	87
924	640.0	130.2		124.2		600	164	0	0	780	126	0	0	180	122	360	87
925	780.0	106.0		104.1		480	124	0	0	1020	112	0	0	300	89	540	88
926	860.0	118.9		116.5		780	137	0	0	1200	118	0	0	300	109	300	85
927	520.0	123.3		120.4		180	162	0	0	960	127	0	0	240	102	180	93
928	420.0	123.8		120.7		60	125	0	0	720	138	0	0	180	116	300	94
929	500.0	126.8		124.5		480	142	0	0	540	132	60	104	300	112	120	91
930	640.0	128.9		124.7		600	155	0	0	840	128	0	0	180	113	300	89
931	660.0	121.6		118.8		540	138	0	0	960	126	0	0	180	107	300	87
932	660.0	130.7		124.6		420	173	0	0	840	137	60	96	420	104	240	90
933	760.0	126.7		123.4		480	153	0	0	1320	127	0	0	180	120	300	87
934	480.0	128.4		124.8		420	154	0	0	600	128	0	0	240	114	180	89
935	300.0	136.1		133.1		120	177	0	0	360	135	60	108	300	135	60	94
936	640.0	129.0		123.8		540	165	0	0	780	128	0	0	300	104	300	92
937	540.0	134.2		130.6		420	161	0	0	780	136	0	0	240	111	180	95
938	540.0	130.3		125.4		480	155	0	0	720	135	0	0	120	107	300	89
939	600.0	129.0		126.2		480	153	0	0	900	129	0	0	300	106	120	91
940	620.0	125.5		121.1		600	151	0	0	720	126	0	0	240	110	300	86
941	620.0	128.4		125.3		540	151	0	0	720	130	0	0	300	118	300	94
942	680.0	134.7		130.9		660	159	0	0	840	135	0	0	360	112	180	90
943	700.0	124.8		120.2		480	156	0	0	1080	128	0	0	240	93	300	89
944	560.0	125.3		123.1		420	144	0	0	1080	124	0	0	0	0	180	89
945	820.0	113.0		110.1		780	134	0	0	840	115	60	88	240	103	540	87
946	600.0	121.6		118.1		300	147	0	0	1020	128	0	0	360	95	120	83
947	480.0	117.3		113.5		300	152	0	0	600	116	0	0	300	112	240	84
948	340.0	126.9		124.7		120	161	0	0	480	134	0	0	420	109	0	0
949	400.0	113.0		111.9		0	0	0	0	900	119	0	0	300	95	0	0
950	640.0	103.7		101.5		360	119	0	0	900	111	0	0	180	97	480	81
951	520.0	100.5		99.2		120	117	0	0	1020	105	0	0	180	94	240	78
952	660.0	99.9		98.2		540	114	0	0	840	104	0	0	240	84	360	80
953	660.0	113.1		110.6		360	140	0	0	960	117	0	0	360	96	300	89
954	480.0	118.1		113.5		300	142	0	0	720	126	0	0	180	99	240	79
955	640.0	109.4		106.4		540	132	0	0	840	110	0	0	60	100	480	84
956	380.0	116.4		113.1		180	147	0	0	540	122	0	0	240	105	180	84
957	400.0	105.2		103.5		0	0	60	118	840	112	0	0	180	87	120	79
958	580.0	113.7		110.6		540	131	0	0	720	118	0	0	120	102	360	83
959	780.0	111.0		107.9		900	131	0	0	900	107	0	0	60	87	480	84
960	500.0	119.0		116.8		360	136	0	0	840	121	0	0	120	103	180	86
961	440.0	102.5		101.5		60	127	0	0	900	106	60	105	180	86	120	87
962	620.0	107.1		106.2		420	120	0	0	900	108	0	0	420	99	120	83
963	500.0	109.8		107.6		240	130	0	0	660	118	0	0	360	98	240	85
964	480.0	103.9		102.0		120	131	0	0	720	111	0	0	300	98	300	82
965	920.0	108.1		106.7		780	122	0	0	1260	109	0	0	300	99	420	86
966	700.0	110.9		109.1		540	128	0	0	1020	112	120	94	240	97	180	83
967	500.0	116.6		114.0		180	159	0	0	1020	116	0	0	240	94	60	89
968	1020.0	109.5		108.2		1080	125	0	0	1140	105	0	0	780	96	60	92
969	800.0	113.6		112.2		720	128	0	0	1020	114	0	0	480	102	180	85
970	660.0	120.1		115.7		720	147	0	0	600	117	0	0	480	97	180	84
971	700.0	111.0		108.9		540	130	0	0	1020	112	0	0	300	94	240	85
972	620.0	116.5		114.1		540	138	0	0	960	114	0	0	180	96	180	86
973	880.0	112.1		109.9		600	135	60	117	1140	114	0	0	540	96	300	87
974	760.0	114.0		111.7		540	136	0	0	960	117	0	0	660	97	120	84
975	680.0	120.2		118.3		660	138	0	0	900	116	0	0	300	113	180	88
976	700.0	116.0		112.6		420	146	0	0	1140	118	0	0	240	89	300	88
977	720.0	118.3		115.3		720	138	0	0	900	119	0	0	300	95	240	86
978	640.0	118.9		116.2		360	144	0	0	1020	123	60	95	300	99	180	87
979	680.0	118.2		115.2		540	139	0	0	900	123	0	0	240	91	360	93
980	560.0	126.9		124.4		480	146	0	0	780	126	0	0	240	120	180	89
981	700.0	130.6		128.5		780	148	0	0	900	128	0	0	420	104	0	0
982	860.0	113.6		109.7		1080	130	0	0	900	114	120	88	120	105	360	75
983	920.0	113.3		111.0		1020	129	0	0	1200	111	60	109	180	97	300	80
984	600.0	114.7		112.3		420	136	0	0	840	118	0	0	300	97	240	88
985	600.0	110.1		107.4		360	132	0	0	780	117	0	0	120	104	540	87
986	540.0	107.5		106.3		120	130	0	0	1020	111	0	0	240	104	240	85
987	520.0	107.8		105.1		300	131	0	0	660	114	0	0	240	99	360	83
988	440.0	114.6		112.5		120	122	0	0	900	122	0	0	60	104	240	86
989	1160.0	114.1		111.9		1380	129	0	0	1440	112	60	90	60	89	540	87
990	640.0	121.2		118.3		660	139	0	0	900	121	0	0	180	91	180	87
991	880.0	115.2		112.4		900	133	0	0	1200	115	0	0	120	94	420	84
992	700.0	124.8		120.6		720	148	0	0	960	123	0	0	120	102	300	84
993	940.0	107.3		103.9		1020	128	0	0	900	108	120	90	120	89	660	81
994	740.0	124.8		121.5		480	157	0	0	1140	125	0	0	480	101	120	89
995	640.0	128.7		123.4		720	156	0	0	720	126	0	0	360	93	120	88
996	720.0	126.1		121.3		600	150	0	0	900	132	120	89	240	114	300	85
997	880.0	117.3		114.4		960	136	0	0	900	117	60	97	360	105	360	84
998	640.0	128.6		126.3		780	144	0	0	780	125	60	114	180	110	120	87
999	480.0	110.0		106.5		240	131	0	0	660	122	60	91	120	90	360	84
1000	540.0	126.2		119.8		240	160	0	0	900	138	0	0	120	91	360	86
1001	880.0	116.7		100.6		1200	139	60	16	840	113	0	0	0	0	540	84
1002	1020.0	127.7		123.7		1320	148	0	0	1140	122	0	0	300	105	300	83
1003	540.0	132.1		127.8		660	156	0	0	480	129	0	0	360	108	120	86
1004	540.0	134.7		128.6		540	167	0	0	720	130	60	114	120	104	180	84
1005	640.0	130.6		126.4		660	154	0	0	840	128	0	0	180	116	240	86
1006	700.0	131.3		126.6		780	154	0	0	840	130	60	88	120	123	300	88
1007	520.0	123.3		118.7		480	148	0	0	720	125	0	0	60	92	300	86
1008	1060.0	115.7		113.1		1140	131	0	0	1380	117	60	88	300	89	300	84
1009	920.0	119.2		115.9		840	144	0	0	1260	116	0	0	300	104	360	85
1010	520.0	120.0		115.3		240	150	0	0	900	126	0	0	60	133	360	83
1011	760.0	122.5		118.2		600	147	0	0	1080	127	0	0	120	101	480	87
1012	640.0	133.6		127.1		600	166	0	0	780	135	0	0	300	104	240	85
1013	860.0	123.7		117.9		1080	149	0	0	900	119	60	75	360	89	180	81
1014	580.0	136.9		134.0		600	154	0	0	720	135	0	0	300	128	120	85
1015	700.0	127.6		122.5		720	152	0	0	660	135	0	0	360	105	360	88
1016	820.0	131.7		128.2		960	151	0	0	1140	128	0	0	120	98	240	89
1017	560.0	123.5		118.6		480	150	0	0	840	124	0	0	60	112	300	82
1018	660.0	118.9		113.2		540	152	0	0	720	123	0	0	420	97	300	80
1019	480.0	119.3		114.4		300	153	0	0	600	127	60	107	180	97	300	86
1020	760.0	137.3		133.5		900	155	0	0	900	137	0	0	240	120	240	89
1021	740.0	128.6		126.5		720	146	0	0	1200	126	0	0	120	106	180	92
1022	900.0	124.8		120.9		1140	144	0	0	1080	121	0	0	60	84	420	88
1023	680.0	134.5		129.4		720	160	0	0	840	133	0	0	180	117	300	88
1024	460.0	126.9		122.0		240	164	0	0	660	135	0	0	300	102	180	89
1025	600.0	115.9		113.0		360	143	0	0	780	121	0	0	300	101	360	90
1026	840.0	123.9		119.4		900	146	0	0	840	127	60	85	240	114	480	87
1027	620.0	118.9		117.2		420	132	0	0	960	122	60	111	240	111	180	85
1028	640.0	128.4		125.3		600	151	0	0	900	127	0	0	300	103	120	89
1029	740.0	127.5		123.9		720	148	0	0	900	131	0	0	240	106	360	92
1030	420.0	130.7		123.1		420	166	0	0	540	128	0	0	60	90	240	85
1031	960.0	123.5		118.2		1020	144	0	0	1140	129	60	88	180	98	480	81
1032	640.0	127.8		123.3		540	151	0	0	720	137	0	0	360	107	300	89
1033	680.0	127.6		122.2		660	150	0	0	840	134	60	87	240	97	240	84
1034	920.0	121.0		117.1		1140	140	0	0	1140	118	0	0	180	87	300	81
1035	880.0	126.8		123.3		780	152	0	0	1200	127	0	0	480	99	180	91
1036	720.0	131.3		127.0		720	155	0	0	1080	128	60	88	120	114	180	82
1037	660.0	122.8		119.2		480	147	0	0	1080	125	0	0	240	92	180	86
1038	660.0	130.9		126.9		660	150	0	0	900	132	0	0	180	118	240	84
1039	900.0	120.4		116.4		780	148	0	0	1200	120	0	0	240	97	480	88
1040	780.0	117.4		115.3		540	137	0	0	1200	120	0	0	180	98	420	93
1041	640.0	123.9		122.1		240	142	0	0	1080	130	0	0	480	110	120	88
1042	1020.0	125.7		121.8		1200	147	0	0	1080	124	0	0	480	101	300	86
1043	900.0	125.6		123.9		1080	135	0	0	1020	128	0	0	420	112	180	87
1044	960.0	120.6		117.0		1140	141	0	0	1020	118	60	90	180	106	480	87
1045	980.0	135.2		130.9		1200	158	0	0	1320	128	0	0	180	93	240	92
1046	940.0	122.1		117.6		780	152	0	0	1320	122	60	111	240	90	420	87
1047	620.0	127.1		123.2		420	152	0	0	960	132	60	88	180	107	240	89
1048	600.0	137.8		134.0		480	159	0	0	1020	140	0	0	120	101	180	93
1049	880.0	129.9		127.2		900	145	0	0	1260	131	0	0	240	109	240	88
1050	680.0	122.4		119.8		540	147	60	110	840	123	0	0	480	103	120	91
1051	900.0	127.6		123.8		840	151	0	0	1200	127	0	0	300	113	360	87
1052	680.0	130.3		128.9		420	151	0	0	1260	128	0	0	300	119	60	89
1053	460.0	127.1		124.7		300	151	0	0	720	128	0	0	240	113	120	90
1054	860.0	127.2		123.3		840	152	0	0	1020	126	0	0	300	114	420	90
1055	760.0	130.4		126.1		900	152	0	0	960	127	0	0	60	117	360	88
1056	820.0	128.0		123.4		840	153	0	0	1140	126	0	0	180	94	300	86
1057	560.0	122.4		118.7		300	136	0	0	900	134	0	0	180	101	300	87
1058	380.0	120.6		115.9		180	159	0	0	540	129	0	0	240	98	180	87
1059	660.0	120.3		115.9		780	138	0	0	780	123	120	84	0	0	300	82
1060	680.0	130.3		125.5		720	151	0	0	900	132	0	0	180	103	240	82
1061	720.0	125.8		121.5		600	148	0	0	1020	131	0	0	360	95	180	84
1062	800.0	132.7		127.8		900	154	0	0	900	136	0	0	360	103	240	85
1063	760.0	133.9		130.9		1080	153	0	0	840	123	0	0	180	106	180	98
1064	600.0	133.4		129.3		660	155	0	0	720	133	0	0	180	112	240	91
1065	780.0	130.9		127.9		720	152	0	0	1200	129	0	0	240	112	180	85
1066	800.0	129.8		127.3		840	148	0	0	1140	127	0	0	300	108	120	84
1067	820.0	129.6		124.0		840	156	0	0	960	132	0	0	240	102	420	87
1068	740.0	121.6		118.3		720	137	0	0	960	127	0	0	300	99	240	82
1069	740.0	122.6		118.5		780	144	0	0	840	125	0	0	180	102	420	87
1070	480.0	141.3		138.0		360	166	0	0	780	143	0	0	240	111	60	92
1071	620.0	124.8		121.8		540	146	0	0	780	125	120	100	240	118	180	86
1072	980.0	120.7		117.9		1140	141	0	0	1140	115	0	0	360	101	300	89
1073	720.0	118.3		114.7		480	142	0	0	840	128	0	0	540	100	300	86
1074	640.0	125.3		121.4		480	163	0	0	900	120	0	0	480	102	60	91
1075	660.0	122.7		118.6		660	146	0	0	1080	118	0	0	60	72	180	82
1076	860.0	121.9		119.3		1020	139	0	0	1200	116	0	0	120	111	240	84
1077	600.0	131.5		127.9		480	154	0	0	900	135	0	0	240	104	180	91
1078	640.0	128.0		125.4		420	154	0	0	1140	127	0	0	180	112	180	90
1079	860.0	120.3		114.2		960	147	0	0	780	125	60	87	60	91	720	85
1080	720.0	113.3		109.8		660	135	0	0	720	118	0	0	420	99	360	81
1081	820.0	118.9		115.1		540	146	0	0	1200	122	0	0	180	115	540	86
1082	640.0	126.1		120.0		720	153	0	0	720	125	0	0	60	111	420	84
1083	540.0	121.7		118.5		480	144	0	0	720	123	0	0	60	105	360	92
1084	740.0	118.3		113.7		600	145	0	0	960	122	0	0	180	104	480	83
1085	720.0	112.7		108.9		420	137	0	0	1080	120	0	0	180	91	480	83
1086	560.0	118.4		114.9		480	139	0	0	840	120	0	0	120	100	240	81
1087	880.0	131.6		129.5		900	148	0	0	1080	132	0	0	480	114	180	94
1088	740.0	127.7		122.0		600	162	0	0	960	130	120	93	300	99	240	86
1089	480.0	129.4		122.9		360	165	0	0	600	137	0	0	420	94	60	87
1090	420.0	124.2		119.1		360	147	0	0	540	130	0	0	120	114	240	82
1091	640.0	130.4		125.7		720	155	0	0	660	128	0	0	300	112	240	86
1092	840.0	122.8		120.7		840	140	0	0	1140	121	60	89	300	107	180	91
1093	680.0	129.9		127.6		600	149	0	0	1080	128	0	0	180	115	180	92
1094	700.0	129.2		123.9		900	155	0	0	720	120	0	0	120	114	360	88
1095	660.0	125.3		119.6		540	153	0	0	840	132	0	0	120	111	480	86
1096	660.0	123.2		119.0		540	150	0	0	900	125	60	100	180	105	300	85
1097	660.0	127.8		124.2		480	157	0	0	1140	126	0	0	240	99	120	85
1098	560.0	128.7		124.2		240	172	0	0	1080	131	0	0	120	103	240	88
1099	660.0	122.8		119.0		480	148	0	0	1020	126	0	0	240	98	240	84
1100	700.0	130.1		128.0		600	146	0	0	960	133	0	0	420	113	120	88
1101	640.0	122.4		118.3		480	153	0	0	840	124	60	85	360	103	180	85
1102	500.0	133.8		127.8		480	163	0	0	660	135	60	87	60	109	240	90
1103	520.0	135.3		133.7		360	151	0	0	780	140	0	0	360	115	60	103
1104	720.0	133.0		128.0		840	156	0	0	720	136	0	0	480	100	120	86
1105	700.0	125.9		120.3		780	156	0	0	840	118	120	88	60	122	300	86
1106	520.0	132.2		123.0		480	168	0	0	600	140	60	92	0	0	420	86
1107	580.0	132.5		128.2		480	156	0	0	840	135	0	0	240	114	180	83
1108	780.0	121.6		114.5		720	160	0	0	660	124	120	87	240	106	600	86
1109	700.0	121.5		117.4		720	143	0	0	780	125	120	98	180	99	300	84
1110	460.0	124.5		119.1		300	158	0	0	600	133	60	105	120	92	300	91
1111	580.0	125.1		119.3		480	159	0	0	660	130	0	0	240	98	360	89
1112	820.0	126.1		122.4		960	147	0	0	960	120	0	0	240	118	300	85
1113	660.0	118.4		116.2		480	140	0	0	840	120	0	0	540	104	120	85
1114	700.0	127.3		124.1		780	144	0	0	720	129	0	0	360	116	240	85
1115	920.0	119.2		116.5		1020	135	60	112	1080	118	0	0	180	119	420	85
1116	740.0	123.4		118.0		840	150	0	0	900	119	0	0	120	85	360	85
1117	1040.0	127.7		123.7		1440	143	0	0	1140	127	0	0	180	101	360	82
1118	780.0	126.3		121.5		960	150	0	0	720	124	0	0	420	100	240	84
1119	580.0	132.2		130.8		360	154	0	0	840	134	0	0	540	115	0	0
1120	660.0	129.6		126.3		720	152	0	0	780	126	60	88	360	106	60	90
1121	600.0	137.0		129.0		540	174	0	0	840	137	0	0	120	101	300	85
1122	400.0	137.7		135.1		360	165	0	0	540	132	0	0	300	115	0	0
1123	920.0	111.3		105.9		960	137	0	0	840	116	300	88	120	76	540	79
1124	840.0	123.5		119.5		780	148	0	0	1140	124	0	0	180	100	420	87
1125	540.0	125.1		119.2		540	156	0	0	600	124	0	0	180	105	300	84
1126	960.0	120.5		116.6		1500	137	0	0	780	116	0	0	180	86	420	85
1127	500.0	126.3		122.6		360	157	0	0	720	126	0	0	300	107	120	84
1128	520.0	131.6		124.4		480	166	0	0	480	138	0	0	300	112	300	86
1129	540.0	130.1		127.1		480	155	0	0	840	127	0	0	300	99	0	0
1130	660.0	122.4		116.6		300	158	0	0	960	135	0	0	240	98	480	87
1131	680.0	126.1		122.0		420	151	0	0	1020	132	60	100	240	115	300	85
1132	760.0	122.5		117.8		960	142	0	0	720	123	60	94	120	116	420	83
1133	780.0	124.9		120.4		720	151	0	0	960	127	0	0	240	105	420	87
1134	560.0	138.9		133.0		540	170	0	0	780	137	0	0	180	105	180	88
1135	640.0	125.0		121.3		720	145	0	0	660	127	0	0	300	103	240	87
1136	820.0	134.0		130.6		1020	154	0	0	840	131	60	102	300	114	240	93
1137	600.0	127.1		120.4		660	157	0	0	540	130	120	87	120	107	360	88
1138	880.0	121.8		117.8		1080	143	0	0	840	120	60	104	180	99	480	88
1139	800.0	138.2		134.1		1200	154	0	0	780	135	0	0	180	115	240	87
1140	560.0	119.5		114.3		300	164	0	0	780	124	0	0	180	97	420	89
1141	680.0	121.4		115.7		480	157	0	0	960	125	0	0	60	88	540	87
1142	660.0	127.0		119.5		660	158	0	0	660	134	60	88	120	105	480	85
1143	600.0	137.0		129.2		660	169	0	0	660	136	0	0	180	112	300	84
1144	700.0	130.6		124.1		660	164	0	0	960	129	60	87	0	0	420	88
1145	540.0	124.6		122.0		240	154	0	0	960	128	0	0	240	107	180	91
1146	880.0	123.9		118.1		960	155	0	0	960	118	0	0	120	107	600	87
1147	660.0	121.0		116.6		420	158	0	0	960	122	0	0	360	99	240	85
1148	640.0	125.3		117.9		480	163	0	0	780	134	60	91	120	89	480	87
1149	420.0	140.2		133.3		480	175	0	0	420	131	0	0	180	118	180	91
1150	660.0	134.2		132.4		540	145	0	0	960	140	0	0	420	114	60	87
1151	460.0	136.7		134.0		240	178	0	0	600	136	0	0	540	119	0	0
1152	400.0	126.3		122.3		60	167	0	0	540	141	0	0	420	119	180	86
1153	340.0	123.1		119.5		120	145	0	0	540	135	0	0	120	112	240	91
1154	480.0	124.1		117.3		180	168	0	0	660	141	0	0	180	100	420	89
1155	400.0	123.4		116.6		240	163	60	116	420	137	60	90	180	105	240	84
1156	500.0	127.3		121.8		420	153	0	0	600	132	0	0	180	124	300	84
1157	520.0	132.3		128.9		360	163	0	0	720	133	60	113	240	117	180	95
1158	540.0	129.4		123.9		540	158	0	0	600	131	60	86	180	105	240	90
1159	500.0	131.7		123.3		420	176	0	0	600	133	60	85	120	90	300	93
1160	740.0	132.7		127.6		720	163	0	0	960	130	0	0	360	102	180	87
1161	360.0	137.7		132.4		120	188	0	0	540	146	0	0	300	123	120	87
1162	500.0	136.8		133.9		420	162	0	0	780	135	0	0	300	106	0	0
1163	340.0	141.0		133.6		180	186	0	0	540	150	0	0	180	99	120	96
1164	340.0	132.5		123.0		60	173	0	0	540	157	0	0	120	118	300	86
1165	320.0	135.1		129.8		60	175	0	0	660	146	0	0	180	99	60	84
1166	500.0	137.9		133.4		300	167	0	0	900	142	0	0	180	98	120	94
1167	580.0	138.4		131.1		480	180	0	0	780	137	0	0	240	110	240	88
1168	480.0	131.7		127.3		240	159	0	0	720	140	0	0	240	122	240	89
1169	760.0	130.2		125.9		780	155	0	0	960	127	0	0	180	122	360	89
1170	580.0	129.6		124.1		360	165	0	0	720	138	0	0	360	112	300	88
1171	540.0	128.9		119.9		660	164	0	0	480	124	120	88	120	84	240	85
1172	480.0	123.0		117.1		180	180	0	0	600	131	0	0	240	120	420	89
1173	460.0	137.7		135.0		300	158	0	0	720	142	0	0	300	118	60	84
1174	480.0	125.3		119.7		300	162	0	0	600	134	0	0	180	106	360	90
1175	480.0	127.0		124.6		180	157	0	0	900	130	0	0	240	112	120	89
1176	480.0	129.2		127.4		180	159	0	0	840	131	0	0	360	117	60	88
1177	440.0	140.5		133.7		420	165	0	0	540	149	0	0	180	112	180	86
1178	460.0	117.1		113.6		120	171	0	0	780	119	0	0	240	116	240	85
1179	440.0	146.2		141.6		240	184	0	0	660	150	0	0	300	129	120	93
1180	520.0	130.5		121.9		480	170	0	0	480	138	60	105	60	112	480	89
1181	520.0	130.9		125.0		360	165	0	0	840	132	0	0	120	119	240	82
1182	660.0	121.2		114.4		780	153	0	0	480	117	180	87	120	110	420	85
1183	480.0	120.4		118.3		60	144	0	0	720	128	0	0	480	119	180	86
1184	360.0	113.2		108.5		0	0	0	0	540	136	0	0	300	94	240	86
1185	400.0	125.8		122.5		240	155	0	0	600	128	0	0	240	111	120	86
1186	480.0	127.0		121.9		420	162	0	0	540	123	0	0	240	114	240	88
1187	440.0	124.0		116.9		300	161	0	0	360	144	120	94	240	109	300	87
1188	660.0	137.4		130.0		600	170	0	0	900	140	0	0	180	103	300	85
1189	580.0	121.8		116.8		420	151	0	0	720	128	0	0	240	109	360	84
1190	680.0	135.8		127.9		900	160	0	0	660	139	0	0	0	0	480	86
1191	600.0	127.9		122.1		720	149	0	0	600	133	0	0	120	108	360	84
1192	280.0	135.9		128.9		180	194	0	0	360	130	0	0	240	114	60	84
1193	500.0	122.2		115.4		360	155	0	0	600	134	60	88	0	0	480	87
1194	560.0	118.4		112.5		480	153	0	0	600	121	120	89	180	98	300	82
1195	320.0	121.6		113.9		60	202	0	0	360	144	60	92	240	113	240	84
1196	380.0	127.1		123.8		240	154	0	0	600	130	0	0	120	111	180	92
1197	440.0	120.8		116.7		180	159	0	0	660	128	60	105	240	103	180	85
1198	420.0	127.1		119.2		180	178	0	0	540	137	60	101	120	143	360	86
1199	680.0	122.5		119.6		480	148	0	0	840	124	0	0	480	112	240	87
1200	520.0	120.8		116.5		420	146	0	0	660	126	0	0	120	105	360	87
1201	340.0	122.8		115.9		180	161	0	0	420	138	0	0	120	104	300	86
1202	560.0	127.4		122.6		480	150	0	0	720	133	0	0	180	115	300	85
1203	440.0	126.0		121.2		300	156	0	0	660	130	0	0	180	103	180	84
1204	500.0	134.4		127.3		420	161	0	0	600	145	0	0	240	114	240	82
1205	360.0	129.1		121.7		240	179	0	0	300	133	0	0	300	119	240	87
1206	520.0	134.9		128.3		420	167	0	0	720	139	0	0	120	118	300	87
1207	480.0	129.9		121.0		420	174	0	0	480	135	0	0	0	0	540	91
1208	400.0	122.5		115.8		300	158	0	0	420	133	0	0	120	103	360	87
1209	420.0	127.5		121.0		300	163	0	0	480	137	60	90	120	116	300	89
1210	340.0	130.5		121.5		240	176	0	0	360	142	60	101	60	122	300	88
1211	320.0	133.4		126.9		300	167	0	0	360	129	0	0	120	132	180	87
1212	340.0	118.9		111.9		120	156	0	0	420	142	60	88	60	106	360	87
1213	360.0	142.4		139.2		300	167	0	0	540	137	0	0	180	137	60	85
1214	480.0	132.4		127.6		240	173	0	0	840	134	0	0	120	125	240	90
1215	460.0	133.7		123.6		480	177	0	0	240	133	0	0	240	128	420	88
1216	540.0	130.5		124.7		420	170	0	0	720	129	0	0	180	112	300	90
1217	280.0	139.4		132.0		120	185	0	0	420	153	0	0	180	111	120	89
1218	600.0	130.8		122.9		660	164	0	0	600	129	60	87	60	133	420	87
1219	500.0	138.3		131.8		360	171	0	0	780	143	0	0	120	110	240	88
1220	560.0	137.6		130.0		600	171	0	0	480	142	60	100	300	112	240	87
1221	600.0	131.2		123.2		360	178	0	0	840	138	0	0	180	111	420	86
1222	200.0	129.3		122.2		60	189	0	0	240	148	0	0	180	112	120	88
1223	420.0	133.9		126.0		300	172	0	0	660	138	0	0	60	97	240	84
1224	400.0	135.2		125.0		420	177	0	0	300	134	60	86	180	123	240	85
1225	540.0	117.8		110.8		360	164	0	0	600	124	0	0	60	87	600	87
1226	480.0	111.6		106.1		120	156	0	0	600	132	60	89	0	0	660	87
1227	320.0	127.4		121.2		180	180	0	0	480	128	0	0	180	92	120	99
1228	240.0	131.8		126.1		0	0	0	0	480	148	0	0	60	128	180	90
1229	360.0	120.5		112.6		180	181	0	0	360	127	0	0	180	118	360	85
1230	320.0	136.6		132.7		180	176	0	0	480	138	0	0	240	115	60	93
1231	320.0	129.4		124.1		180	165	0	0	360	142	0	0	300	110	120	87
1232	700.0	128.3		124.0		540	154	0	0	960	131	0	0	240	122	360	87
1233	360.0	135.2		129.2		180	160	0	0	600	147	0	0	120	111	180	87
1234	620.0	139.5		129.8		540	178	0	0	780	146	0	0	60	120	480	88
1235	340.0	144.6		139.9		240	182	0	0	360	153	0	0	420	116	0	0
1236	320.0	123.4		116.0		180	170	0	0	420	133	0	0	120	97	240	85
1237	500.0	119.7		113.9		240	158	0	0	660	128	0	0	120	132	480	86
1238	360.0	132.8		129.5		120	177	0	0	540	138	0	0	360	118	60	86
1239	500.0	131.2		124.1		420	171	0	0	660	130	0	0	180	104	240	85
1240	240.0	130.2		129.2		180	149	0	0	360	128	0	0	180	116	0	0
1241	360.0	122.2		118.3		0	0	0	0	660	138	0	0	180	107	240	90
1242	340.0	129.2		122.0		120	163	0	0	600	143	60	87	60	101	180	84
1243	360.0	136.1		128.2		180	191	0	0	600	141	0	0	60	107	240	90
1244	440.0	134.2		126.0		420	171	0	0	420	139	120	89	120	122	240	90
1245	400.0	123.9		114.4		420	160	0	0	240	143	60	86	120	92	360	86
1246	480.0	128.0		122.5		240	177	0	0	780	130	0	0	180	106	240	89
1247	300.0	126.4		123.4		60	156	0	0	480	138	0	0	180	117	180	95
1248	260.0	118.4		112.6		0	0	0	0	420	138	0	0	60	138	300	87
1249	500.0	120.8		113.5		300	176	0	0	600	123	60	92	60	113	480	88
1250	220.0	121.5		116.8		120	149	0	0	300	131	0	0	60	123	180	87
1251	260.0	135.2		129.4		120	186	0	0	300	139	0	0	240	128	120	89
1252	320.0	130.3		126.4		120	176	0	0	540	129	0	0	180	132	120	88
1253	560.0	117.1		112.1		420	144	0	0	540	131	180	92	60	112	480	88
1254	320.0	129.6		121.5		120	171	0	0	540	144	0	0	0	0	300	87
1255	300.0	119.4		114.6		120	151	0	0	360	136	0	0	180	107	240	88
1256	460.0	128.0		121.2		360	171	0	0	540	128	0	0	180	109	300	88
1257	220.0	131.1		124.5		120	178	0	0	180	139	0	0	180	131	180	92
1258	260.0	124.3		118.8		60	189	0	0	300	141	0	0	300	110	120	86
1259	320.0	127.9		118.0		120	178	0	0	360	149	0	0	120	140	360	86
1260	460.0	147.2		140.9		360	177	0	0	600	152	0	0	240	134	180	89
1261	460.0	141.8		132.2		180	198	0	0	780	153	0	0	120	122	300	87
1262	460.0	129.5		125.3		240	164	0	0	780	133	0	0	180	110	180	88
1263	340.0	120.9		113.8		240	160	0	0	300	136	0	0	240	100	240	84
1264	380.0	124.5		119.8		120	150	0	0	600	138	0	0	120	120	300	89
1265	440.0	137.4		127.6		420	183	0	0	480	133	0	0	120	121	300	87
1266	500.0	132.3		123.5		300	178	0	0	540	149	0	0	300	111	360	87
1267	380.0	123.7		114.1		180	195	0	0	360	134	0	0	180	120	420	86
1268	320.0	157.6		148.6		240	199	0	0	480	162	0	0	120	125	120	90
1269	380.0	135.7		124.2		180	195	0	0	540	152	0	0	180	94	240	86
1270	340.0	115.3		109.0		180	161	0	0	420	125	0	0	0	0	420	86
1271	460.0	130.9		125.6		360	162	0	0	540	137	0	0	300	109	180	87
1272	220.0	141.1		131.0		180	183	0	0	240	142	0	0	60	165	180	90
1273	380.0	144.6		135.3		360	174	0	0	420	155	0	0	120	135	240	87
1274	280.0	131.1		125.3		60	167	0	0	420	148	0	0	180	123	180	88
1275	300.0	128.9		125.4		240	145	0	0	300	136	0	0	240	126	120	85
1276	400.0	128.9		119.2		300	187	0	0	420	129	0	0	60	111	420	90
1277	360.0	134.7		132.8		60	148	0	0	540	149	0	0	480	117	0	0
1278	180.0	123.4		113.9		120	169	0	0	120	155	60	87	60	106	180	90
1279	380.0	111.6		104.4		120	165	60	109	360	138	60	88	0	0	540	85
1280	420.0	122.4		116.1		360	156	0	0	360	133	120	97	120	104	300	87
1281	420.0	142.0		135.9		360	180	0	0	660	137	0	0	120	107	120	90
1282	260.0	131.5		122.0		120	204	0	0	300	143	0	0	120	109	240	92
1283	600.0	132.0		125.0		480	173	0	0	780	130	0	0	180	121	360	87
1284	500.0	139.8		130.3		540	183	0	0	480	131	0	0	180	118	300	89
1285	520.0	127.1		122.0		420	148	0	0	600	141	60	88	180	107	300	90
1286	440.0	125.1		117.8		300	168	0	0	300	134	180	93	240	131	300	88
1287	420.0	131.1		126.2		60	171	0	0	600	140	0	0	360	139	240	87
1288	420.0	118.0		111.3		360	159	0	0	300	121	0	0	180	103	420	87
1289	540.0	122.7		116.9		300	163	0	0	780	129	0	0	60	116	480	88
1290	400.0	120.3		113.9		120	149	0	0	420	144	60	117	180	127	420	86
1291	280.0	139.2		131.2		180	197	0	0	240	146	0	0	300	118	120	92
1292	260.0	124.9		120.5		60	160	0	0	360	139	0	0	180	121	180	89
1293	440.0	156.6		146.7		480	198	0	0	540	149	0	0	180	116	120	86
1294	280.0	133.7		124.9		180	183	0	0	420	138	0	0	60	99	180	86
1295	300.0	124.8		121.5		120	150	0	0	540	132	0	0	120	104	120	88
1296	460.0	108.0		104.0		300	140	0	0	420	117	120	87	60	94	480	87
1297	320.0	124.1		116.5		240	165	0	0	360	131	0	0	60	109	300	86
1298	420.0	136.0		130.6		300	184	0	0	480	131	0	0	420	114	60	90
1299	220.0	126.5		119.7		0	0	0	0	360	144	0	0	120	138	180	84
1300	360.0	123.4		115.4		180	182	0	0	360	133	0	0	120	127	420	89
1301	300.0	122.0		114.5		120	180	0	0	360	137	0	0	120	104	300	88
1302	260.0	122.7		117.1		60	175	0	0	120	163	0	0	480	116	120	83
1303	300.0	149.5		145.5		120	203	0	0	420	156	0	0	360	124	0	0
1304	320.0	135.5		129.2		180	167	0	0	540	143	60	86	60	120	120	87
1305	400.0	123.2		118.6		180	161	0	0	420	131	0	0	300	124	300	89
1306	280.0	151.4		146.7		300	172	0	0	360	154	0	0	120	123	60	90
1307	220.0	130.9		124.7		180	156	0	0	240	147	0	0	120	101	120	91
1308	440.0	127.2		120.6		120	168	0	0	600	142	0	0	180	140	420	89
1309	440.0	141.8		135.3		300	188	0	0	720	140	0	0	180	106	120	91
1310	240.0	131.6		125.7		60	156	0	0	420	149	0	0	0	0	240	95
1311	440.0	119.8		114.0		300	147	0	0	360	134	60	91	180	132	420	87
1312	400.0	132.7		123.5		360	177	0	0	480	132	0	0	60	100	300	87
1313	260.0	123.5		117.8		60	165	0	0	360	137	0	0	120	133	240	88
1314	300.0	118.9		110.7		240	160	0	0	240	134	60	92	0	0	360	86
1315	240.0	114.9		108.0		120	167	0	0	300	124	0	0	0	0	300	85
1316	280.0	123.5		116.1		240	153	0	0	300	137	60	92	0	0	240	85
1317	260.0	135.4		124.2		180	198	0	0	300	139	0	0	120	105	180	87
1318	560.0	131.0		124.8		480	163	0	0	720	134	0	0	120	114	360	88
1319	360.0	128.1		123.2		240	154	0	0	420	142	0	0	120	113	300	94
1320	360.0	115.1		108.3		180	177	0	0	420	119	60	88	60	86	360	89
1321	280.0	132.5		126.6		120	163	0	0	480	144	0	0	60	110	180	89
1322	300.0	128.1		123.2		120	167	0	0	420	139	0	0	180	115	180	90
1323	400.0	127.7		120.5		180	166	0	0	480	147	0	0	180	115	360	89
1324	400.0	119.7		115.6		60	169	0	0	720	129	60	88	120	120	240	87
1325	320.0	104.6		102.3		180	125	0	0	360	114	60	86	0	0	360	88
1326	220.0	146.1		141.4		180	173	0	0	360	147	0	0	60	114	60	92
1327	180.0	138.1		129.8		60	211	0	0	240	151	0	0	120	122	120	92
1328	360.0	120.3		111.8		300	170	0	0	240	123	60	91	60	117	420	88
1329	420.0	117.8		111.2		240	162	0	0	480	126	60	87	60	128	420	86
1330	400.0	122.5		116.3		300	158	0	0	300	134	0	0	300	113	300	85
1331	360.0	126.6		121.0		60	173	0	0	600	139	0	0	180	125	240	85
1332	320.0	120.4		113.8		240	153	0	0	360	132	0	0	0	0	360	87
1333	360.0	125.6		119.9		180	168	0	0	480	136	60	89	120	104	240	93
1334	280.0	115.4		113.5		60	125	0	0	420	126	60	92	240	108	60	84
1335	320.0	139.5		135.3		120	181	0	0	600	143	0	0	180	119	60	83
1336	480.0	121.5		115.1		420	143	0	0	540	137	60	87	0	0	420	85
1337	340.0	119.8		115.1		180	136	0	0	360	141	0	0	180	114	300	88
1338	420.0	128.8		118.8		300	177	0	0	420	142	0	0	120	112	420	86
1339	180.0	142.0		130.8		60	236	0	0	240	154	0	0	120	124	120	89
1340	260.0	133.7		121.9		240	187	0	0	180	139	0	0	60	123	300	90
1341	280.0	125.3		120.1		60	184	0	0	540	134	0	0	0	0	240	91
1342	260.0	140.5		133.1		120	196	0	0	480	144	0	0	120	94	60	94
1343	440.0	124.0		115.5		420	172	0	0	360	116	0	0	300	97	240	86
1344	160.0	131.1		126.5		60	177	0	0	180	142	0	0	180	119	60	89
1345	280.0	121.8		117.2		120	160	0	0	420	129	0	0	120	112	180	86
1346	360.0	122.8		119.4		180	154	0	0	540	128	0	0	180	110	180	89
1347	180.0	130.2		124.6		60	163	0	0	300	142	0	0	60	123	120	88
1348	260.0	112.3		106.0		180	156	0	0	240	119	0	0	0	0	360	86
1349	180.0	118.9		112.8		180	150	0	0	120	127	60	105	0	0	180	87
1350	300.0	120.3		115.5		120	150	0	0	480	132	0	0	60	100	240	87
1351	240.0	126.2		124.5		60	137	0	0	480	131	0	0	120	121	60	87
1352	380.0	120.7		112.7		300	166	0	0	360	127	120	89	60	84	300	88
1353	220.0	130.0		121.1		120	179	0	0	180	159	0	0	300	102	60	85
1354	260.0	118.2		113.9		60	146	0	0	480	130	0	0	60	96	180	85
1355	320.0	120.6		115.3		240	153	0	0	360	126	0	0	60	122	300	88
1356	300.0	103.0		98.7		0	0	0	0	360	130	0	0	0	0	540	85
1357	340.0	118.5		111.6		60	145	0	0	540	141	0	0	60	91	360	85
1358	220.0	121.0		116.6		120	142	0	0	360	131	0	0	0	0	180	87
1359	200.0	115.3		108.5		60	169	0	0	240	136	0	0	0	0	300	88
1360	180.0	127.3		120.8		0	0	0	0	300	152	0	0	120	102	120	91
1361	240.0	115.6		111.3		60	146	0	0	360	131	60	89	120	98	120	85
1362	200.0	117.6		113.4		120	145	0	0	180	135	60	87	60	103	180	97
1363	260.0	112.2		109.0		60	133	0	0	180	129	0	0	300	119	240	86
1364	340.0	122.0		115.2		120	144	0	0	480	145	0	0	120	98	300	86
1365	300.0	135.2		129.8		360	162	0	0	180	141	0	0	300	109	60	88
1366	300.0	120.5		115.6		120	167	0	0	480	127	0	0	60	101	240	89
1367	360.0	115.8		111.0		180	160	0	0	480	121	60	90	60	106	300	88
1368	360.0	133.5		128.3		240	171	0	0	600	131	0	0	60	139	180	90
1369	360.0	134.4		123.9		360	177	0	0	360	138	0	0	60	90	300	88
1370	300.0	124.7		121.9		120	144	0	0	420	136	0	0	240	112	120	91
1371	260.0	126.3		121.1		60	161	0	0	300	152	0	0	300	107	120	93
1372	440.0	132.6		129.6		300	161	0	0	540	135	0	0	300	120	180	99
1373	240.0	122.7		110.4		120	209	0	0	180	139	60	88	60	115	300	87
1374	180.0	115.6		110.2		60	153	0	0	180	131	0	0	120	121	180	84
1375	260.0	124.7		118.3		120	174	0	0	360	134	0	0	60	109	240	90
1376	160.0	121.6		115.5		60	182	0	0	180	131	0	0	120	112	120	87
1377	160.0	118.5		108.3		0	0	0	0	180	167	60	91	0	0	240	89
1378	440.0	125.7		118.1		360	167	0	0	540	126	0	0	60	119	360	85
1379	400.0	114.8		109.1		120	160	0	0	480	132	60	101	180	107	360	83
1380	280.0	123.4		113.8		180	167	0	0	300	142	60	91	0	0	300	85
1381	400.0	127.1		120.0		240	157	0	0	480	144	120	95	120	118	240	84
1382	240.0	126.9		119.8		120	181	0	0	360	125	0	0	60	150	180	87
1383	380.0	125.9		121.4		240	142	0	0	600	136	0	0	60	120	240	86
1384	320.0	125.9		119.6		180	166	0	0	480	132	0	0	60	116	240	86
1385	220.0	128.2		124.7		120	169	0	0	360	125	0	0	120	116	60	90
1386	140.0	113.6		108.1		60	175	0	0	180	116	0	0	60	98	120	87
1387	380.0	111.8		105.5		300	143	0	0	300	130	0	0	60	80	480	85
1388	380.0	127.0		120.4		120	189	0	0	660	135	0	0	60	105	300	89
1389	280.0	103.3		97.7		180	155	0	0	120	101	120	90	60	77	360	87
1390	200.0	118.7		109.7		60	189	0	0	180	144	0	0	120	115	240	84
1391	200.0	129.5		126.5		120	145	0	0	240	141	0	0	180	118	60	87
1392	180.0	121.7		112.2		180	154	0	0	180	132	0	0	0	0	180	79
1393	200.0	136.0		127.9		180	176	0	0	300	132	0	0	0	0	120	86
1394	240.0	125.8		118.7		180	172	0	0	180	129	0	0	180	114	180	88
1395	260.0	133.1		124.4		180	185	0	0	420	131	0	0	0	0	180	86
1396	220.0	127.1		117.9		240	168	0	0	120	125	0	0	60	124	240	88
1397	420.0	116.3		107.2		300	167	0	0	360	128	0	0	0	0	600	84
1398	140.0	142.4		131.6		120	183	0	0	60	189	0	0	180	119	60	85
1399	220.0	111.5		103.9		60	189	0	0	240	131	60	89	0	0	300	85
1400	200.0	140.2		131.5		120	164	0	0	300	155	0	0	60	133	120	83
1401	180.0	136.0		129.8		180	177	0	0	240	119	0	0	60	123	60	94
1402	540.0	108.4		102.1		540	146	0	0	180	110	60	87	60	90	780	85
1403	140.0	112.3		109.4		0	0	0	0	180	126	0	0	120	118	120	86
1404	420.0	116.1		111.5		240	155	0	0	480	123	0	0	180	100	360	89
1405	280.0	119.1		116.2		180	149	0	0	540	116	0	0	0	0	120	88
1406	280.0	119.9		112.2		180	164	0	0	300	132	0	0	60	96	300	86
1407	340.0	109.8		105.7		300	140	0	0	240	108	120	89	60	122	300	87
1408	360.0	117.6		114.6		180	142	0	0	480	127	0	0	180	105	240	90
1409	160.0	127.1		113.9		60	232	0	0	180	143	0	0	0	0	240	89
1410	240.0	109.4		105.9		0	0	0	0	360	125	0	0	60	128	300	87
1411	360.0	114.9		111.2		60	163	0	0	720	123	60	90	0	0	240	85
1412	300.0	100.0		98.4		60	129	0	0	180	105	60	90	240	111	360	87
1413	220.0	120.6		113.8		60	173	0	0	360	134	0	0	60	74	180	92
1414	80.0	107.5		99.0		0	0	0	0	60	169	0	0	120	87	60	87
1415	220.0	121.1		117.8		60	148	0	0	360	131	0	0	180	106	60	80
1416	280.0	114.9		110.0		180	148	0	0	360	122	0	0	60	88	240	86
1417	260.0	127.2		121.0		180	167	0	0	300	134	60	85	120	107	120	92
1418	180.0	114.7		108.0		120	140	0	0	180	138	60	86	0	0	180	84
1419	380.0	115.1		109.9		240	155	0	0	360	123	60	90	120	105	360	88
1420	200.0	114.8		111.4		60	145	0	0	300	121	0	0	60	134	180	88
1421	220.0	114.4		108.2		0	0	0	0	360	138	0	0	0	0	300	86
1422	240.0	128.3		122.2		60	165	0	0	420	142	0	0	60	120	180	87
1423	280.0	104.1		99.9		60	144	0	0	180	135	120	89	120	107	360	86
1424	340.0	120.4		113.7		360	155	0	0	120	131	0	0	300	103	240	85
1425	120.0	115.0		108.8		60	175	0	0	60	129	0	0	120	104	120	89
1426	60.0	133.0		125.1		0	0	0	0	120	154	0	0	60	91	0	0
1427	200.0	123.3		119.5		120	151	0	0	300	126	60	91	60	125	60	85
1428	320.0	116.8		110.4		120	188	0	0	300	127	60	104	180	103	300	89
1429	200.0	127.2		113.3		120	221	0	0	240	116	0	0	60	117	180	83
1430	120.0	114.8		112.9		0	0	0	0	180	127	0	0	120	110	60	88
1431	380.0	119.2		111.2		360	162	0	0	240	122	120	91	120	99	300	85
1432	460.0	120.8		116.3		180	160	0	0	720	130	0	0	60	102	420	91
1433	240.0	108.0		104.4		0	0	0	0	300	128	0	0	120	113	300	86
1434	300.0	125.3		118.9		300	142	0	0	300	142	0	0	60	123	240	84
1435	340.0	108.7		104.9		300	125	0	0	300	125	0	0	60	76	360	87
1436	240.0	127.8		118.9		240	168	0	0	240	128	0	0	60	80	180	90
1437	440.0	99.0		96.1		240	137	0	0	60	117	240	95	120	94	660	86
1438	220.0	122.6		118.7		0	0	0	0	420	137	0	0	120	109	120	86
1439	260.0	124.8		116.6		120	184	0	0	300	138	0	0	180	103	180	85
1440	220.0	119.2		109.6		120	192	0	0	240	123	0	0	60	87	240	87
1441	180.0	97.3		94.6		0	0	0	0	180	122	0	0	0	0	360	85
1442	180.0	115.6		108.3		60	189	0	0	240	125	0	0	60	99	180	84
1443	280.0	114.9		107.8		180	161	0	0	300	123	0	0	0	0	360	85
1444	140.0	123.1		111.2		120	182	0	0	120	123	0	0	0	0	180	84
1445	240.0	124.5		115.7		60	202	0	0	300	145	0	0	180	105	180	84
1446	180.0	99.7		97.7		0	0	0	0	180	117	60	88	60	110	240	87
1447	340.0	118.2		113.8		240	145	0	0	420	127	0	0	60	101	300	88
1448	200.0	107.0		103.3		0	0	0	0	300	127	0	0	0	0	300	87
1449	240.0	127.7		123.0		60	129	0	0	420	145	0	0	120	105	120	89
1450	180.0	109.4		101.1		60	171	0	0	120	149	0	0	0	0	360	86
1451	60.0	137.7		136.6		0	0	0	0	120	146	0	0	60	121	0	0
1452	220.0	128.5		118.5		120	201	0	0	240	132	0	0	120	113	180	86
1453	360.0	126.1		116.5		360	163	0	0	180	154	60	88	120	107	360	88
1454	180.0	137.6		132.0		60	163	0	0	300	150	0	0	60	139	120	93
1455	240.0	122.6		110.1		120	194	0	0	120	173	60	107	0	0	420	90
1456	160.0	140.8		130.2		60	232	0	0	240	147	0	0	120	111	60	84
1457	140.0	106.9		101.2		0	0	0	0	180	136	60	88	0	0	180	84
1458	160.0	116.5		110.5		120	143	0	0	120	143	0	0	0	0	240	90
1459	160.0	134.8		121.4		60	184	0	0	180	173	0	0	60	111	180	88
1460	40.0	158.0		127.0		0	0	0	0	60	228	0	0	0	0	60	88
1461	160.0	137.6		131.2		60	187	0	0	300	144	0	0	60	108	60	86
1462	220.0	110.8		105.9		60	137	0	0	300	126	0	0	60	124	240	82
1463	280.0	122.0		112.3		240	171	0	0	240	127	0	0	0	0	360	86
1464	160.0	133.6		120.9		120	180	0	0	180	151	60	88	0	0	120	84
1465	200.0	109.7		102.7		60	192	0	0	120	135	0	0	60	101	360	89
1466	200.0	115.8		105.4		120	175	0	0	120	146	0	0	0	0	360	86
1467	260.0	133.6		124.8		180	197	0	0	240	132	0	0	180	111	180	95
1468	160.0	115.2		106.6		0	0	0	0	180	159	0	0	0	0	300	89
1469	280.0	115.6		109.2		60	218	0	0	360	125	0	0	60	111	360	90
1470	240.0	108.2		103.9		120	149	0	0	180	124	120	92	0	0	300	89
1471	160.0	115.5		104.6		60	218	0	0	120	133	60	92	0	0	240	87
1472	140.0	111.4		104.8		60	146	0	0	120	143	0	0	0	0	240	87
1473	100.0	103.6		100.2		0	0	0	0	60	142	0	0	120	102	120	86
1474	180.0	110.2		105.4		60	121	0	0	120	139	60	111	60	138	240	86
1475	140.0	103.0		99.0		0	0	0	0	120	138	0	0	0	0	300	89
1476	160.0	127.0		120.6		60	173	0	0	300	134	0	0	60	92	60	81
1477	240.0	107.6		100.9		60	180	0	0	240	129	0	0	0	0	420	85
1478	180.0	116.2		109.1		60	173	0	0	180	138	0	0	60	111	240	87
1479	160.0	109.9		101.2		60	184	0	0	120	135	0	0	0	0	300	85
1480	280.0	95.2		92.7		60	154	0	0	120	111	0	0	0	0	660	87
1481	140.0	99.9		98.5		0	0	0	0	120	112	0	0	120	107	180	87
1482	220.0	105.1		102.1		180	121	0	0	180	121	0	0	0	0	300	86
1483	160.0	116.1		114.5		120	124	0	0	180	125	0	0	120	109	60	88
1484	320.0	95.1		93.1		120	129	0	0	240	103	60	86	0	0	540	85
1485	200.0	102.7		98.9		0	0	0	0	180	131	0	0	60	118	360	86
1486	140.0	147.4		132.6		180	194	0	0	120	137	0	0	0	0	120	88
1487	220.0	99.7		95.9		120	141	0	0	120	110	0	0	0	0	420	85
1488	200.0	97.6		94.9		0	0	0	0	180	120	0	0	60	112	360	84
1489	180.0	124.1		112.8		60	248	0	0	120	125	60	87	180	120	120	86
1490	240.0	100.2		96.5		0	0	0	0	180	133	120	92	60	116	360	84
1491	120.0	108.2		104.0		60	127	0	0	60	127	0	0	60	134	180	87
1492	260.0	103.8		100.2		60	142	0	0	180	126	60	86	180	108	300	84
1493	200.0	108.4		101.7		0	0	0	0	240	143	60	92	0	0	300	84
1494	120.0	127.8		122.1		120	145	0	0	120	145	0	0	60	102	60	85
1495	260.0	126.5		119.9		180	158	0	0	300	141	0	0	60	105	240	90
1496	80.0	84.0		84.0		0	0	0	0	0	0	0	0	0	0	240	84
1497	200.0	115.3		107.6		180	145	0	0	120	145	60	88	0	0	240	85
1498	100.0	105.8		104.6		120	111	0	0	120	111	0	0	0	0	60	85
1499	120.0	114.7		105.9		60	173	0	0	120	131	0	0	60	81	120	86
