#File created from auswertNew
# Temporary input file:
# tmp07.dat
# Created from repository file
# /home/vwitme/data/workdata/trafficData/Invent_A5/intermediatedata/A5frankfurt_06_01/daten/F07_1106.dat.gz
# Infrastructure description file:
# /home/vwitme/data/workdata/trafficData/Invent_A5/intermediatedata/A5frankfurt_06_01/daten/A5frankfurt_06_01.dsc
#
# Date: 11.06.2001
# Direction: Frankfurt
# Detector cross section 7
# Position (m)= 473.000000
# Number of main lanes=3
# Number of ramp lanes=0
# The lane indices are ordered from left to right
# NOTICE: The time has been increased by 1 hour 
# since summertime was not taken care of  in the original data!
# Velocity averages: Over veh types and lanes, weighted with flow
# vAvg=arithmetic average; vHarm=harmonic average
#===========================================
#t(min)	Qav(/h)	vAvg(km/h)	vHarm(km/h)	Q1car	v1car	Q1truck	v1truck	Q2car	v2car	Q2truck	v2truck	Q3car	v3car	Q3truck	v3truck
60	360.0	129.9		118.2		240	180	0	0	300	154	0	0	120	123	420	86
61	360.0	114.1		105.3		120	185	0	0	300	139	0	0	60	128	600	86
62	520.0	116.0		106.2		240	155	0	0	600	140	0	0	60	51	660	86
63	440.0	125.0		118.6		300	166	0	0	420	135	0	0	180	113	420	91
64	300.0	138.9		129.4		180	195	0	0	420	146	0	0	180	98	120	91
65	420.0	121.0		109.0		180	206	0	0	360	140	0	0	60	137	660	86
66	680.0	108.4		101.0		120	181	0	0	720	137	0	0	0	0	1200	84
67	400.0	124.3		113.7		300	170	0	0	300	150	60	103	0	0	540	87
68	480.0	133.8		123.2		360	182	0	0	540	144	60	118	0	0	480	88
69	340.0	125.0		118.4		120	174	0	0	480	137	0	0	180	115	240	84
70	480.0	130.5		123.0		540	165	0	0	420	126	60	88	60	130	360	91
71	700.0	126.9		114.9		480	180	0	0	540	155	60	111	0	0	1020	88
72	420.0	118.7		111.9		240	170	0	0	420	129	0	0	0	0	600	91
73	280.0	109.6		104.4		0	0	0	0	240	140	60	117	120	128	420	86
74	300.0	120.1		112.6		120	162	0	0	360	142	60	104	0	0	360	87
75	400.0	120.0		113.9		120	159	0	0	480	139	0	0	120	129	480	89
76	260.0	144.7		138.8		120	170	0	0	480	155	0	0	60	117	120	92
77	380.0	119.9		112.7		240	167	0	0	360	132	60	96	60	99	420	89
78	220.0	94.1		93.0		0	0	0	0	120	117	0	0	0	0	540	89
79	340.0	108.2		101.7		180	172	0	0	120	121	60	91	0	0	660	90
80	400.0	129.6		122.3		240	177	0	0	540	137	0	0	0	0	420	93
81	300.0	111.0		103.8		180	159	0	0	180	135	0	0	0	0	540	87
82	580.0	113.9		106.3		420	162	0	0	420	124	120	91	0	0	780	86
83	320.0	105.2		100.0		0	0	0	0	300	143	0	0	0	0	660	88
84	400.0	122.5		118.9		420	135	0	0	420	135	0	0	60	104	300	91
85	360.0	122.0		114.4		180	178	0	0	300	137	60	102	60	139	480	92
86	380.0	122.9		111.7		360	177	0	0	120	140	60	93	0	0	600	90
87	440.0	111.8		106.9		240	153	0	0	480	121	0	0	0	0	600	88
88	460.0	110.3		106.5		240	130	0	0	420	132	120	99	60	103	540	88
89	400.0	107.4		101.7		0	0	0	0	420	143	0	0	60	103	720	87
90	320.0	111.6		106.4		120	151	0	0	360	130	0	0	0	0	480	88
91	280.0	102.8		97.2		60	165	0	0	180	138	0	0	0	0	600	86
92	320.0	128.2		122.3		60	184	0	0	480	143	0	0	240	117	180	85
93	420.0	103.5		97.3		180	153	0	0	120	159	180	92	60	101	720	85
94	340.0	110.4		103.0		180	168	0	0	180	135	0	0	0	0	660	88
95	400.0	124.5		118.2		420	156	0	0	360	126	60	108	0	0	360	89
96	680.0	101.5		97.4		300	137	0	0	240	142	240	93	0	0	1260	87
97	280.0	115.6		106.7		120	184	0	0	240	137	0	0	60	86	420	88
98	320.0	115.0		105.7		120	168	0	0	180	164	60	101	60	128	540	87
99	400.0	109.2		99.5		240	184	0	0	60	144	0	0	0	0	900	87
100	360.0	118.3		110.9		360	155	0	0	180	131	60	102	0	0	480	88
101	360.0	127.8		118.3		180	181	0	0	360	149	0	0	180	114	360	87
102	240.0	99.0		93.3		0	0	0	0	60	182	0	0	120	125	540	84
103	480.0	110.0		101.9		180	193	0	0	360	126	0	0	0	0	900	87
104	400.0	104.1		96.8		60	182	0	0	300	145	0	0	0	0	840	84
105	260.0	101.4		96.8		0	0	0	0	120	153	0	0	60	132	600	88
106	300.0	107.8		102.0		120	159	0	0	180	128	0	0	60	132	540	87
107	200.0	119.8		113.2		0	0	0	0	120	139	0	0	240	143	240	87
108	260.0	106.8		102.1		60	166	0	0	120	133	60	114	120	117	420	87
109	160.0	111.1		106.2		0	0	0	0	120	146	0	0	60	137	300	92
110	280.0	122.0		112.1		120	182	0	0	240	144	0	0	120	129	360	85
111	120.0	123.7		117.7		0	0	0	0	180	141	0	0	60	143	120	88
112	320.0	100.8		97.9		120	132	0	0	120	128	120	98	60	114	540	87
113	300.0	102.4		99.6		0	0	0	0	360	124	0	0	0	0	540	88
114	340.0	119.0		109.3		180	175	0	0	300	143	0	0	0	0	540	87
115	320.0	110.2		104.7		0	0	0	0	360	141	0	0	60	126	540	88
116	300.0	112.5		106.4		180	144	0	0	180	144	0	0	60	119	480	88
117	380.0	123.6		114.4		120	202	0	0	360	144	120	111	120	125	420	87
118	340.0	113.1		106.5		240	145	0	0	240	140	0	0	0	0	540	87
119	400.0	116.0		108.3		180	169	0	0	360	139	60	88	0	0	600	89
120	380.0	124.6		114.0		240	175	0	0	360	146	0	0	60	103	480	86
121	140.0	151.0		132.8		120	220	0	0	120	166	0	0	0	0	180	95
122	260.0	133.4		119.5		120	203	0	0	300	155	0	0	60	128	300	85
123	220.0	112.5		105.3		0	0	0	0	240	153	60	92	0	0	360	89
124	400.0	111.1		104.2		240	159	0	0	180	142	180	90	0	0	600	89
125	220.0	98.4		95.9		60	150	0	0	60	119	0	0	60	93	480	90
126	320.0	117.4		111.0		60	175	0	0	420	138	60	118	60	98	360	87
127	380.0	113.1		107.5		120	147	0	0	360	142	60	102	0	0	600	90
128	140.0	87.0		87.0		0	0	0	0	0	0	0	0	0	0	420	87
129	300.0	109.7		103.0		60	177	0	0	300	137	0	0	0	0	540	87
130	400.0	106.3		98.6		120	189	0	0	180	145	60	97	60	85	780	87
131	420.0	97.5		95.4		60	132	0	0	300	119	0	0	0	0	900	88
132	360.0	106.4		100.6		60	178	0	0	360	132	0	0	0	0	660	86
133	400.0	118.2		111.1		0	0	0	0	540	146	0	0	120	134	540	87
134	260.0	110.2		108.0		240	121	0	0	240	121	0	0	60	113	240	88
135	140.0	125.9		114.5		60	210	0	0	120	144	60	119	0	0	180	88
136	500.0	122.3		111.4		240	190	0	0	360	140	0	0	60	198	840	90
137	340.0	130.1		128.2		180	155	0	0	420	136	0	0	360	116	60	99
138	380.0	127.3		117.3		180	176	0	0	480	146	0	0	60	128	420	85
139	420.0	109.3		103.1		180	162	0	0	300	131	0	0	60	110	720	87
140	260.0	110.9		104.2		60	150	0	0	240	147	0	0	0	0	480	88
141	240.0	114.4		110.1		0	0	0	0	240	144	0	0	180	114	300	91
142	420.0	116.3		110.0		180	171	0	0	480	129	60	97	0	0	540	89
143	200.0	143.1		133.4		180	194	0	0	240	136	0	0	120	111	60	83
144	180.0	99.0		96.8		60	127	0	0	60	130	0	0	60	100	360	89
145	460.0	105.3		99.5		120	150	0	0	300	145	60	92	0	0	900	87
146	380.0	118.0		112.2		120	164	0	0	480	135	0	0	120	109	420	88
147	280.0	102.4		98.1		0	0	0	0	240	136	0	0	60	116	540	86
148	340.0	115.6		109.3		60	154	0	0	420	142	120	104	0	0	420	87
149	340.0	112.3		105.5		120	151	0	0	240	150	60	92	60	123	540	88
150	120.0	119.2		113.5		0	0	0	0	180	145	0	0	60	96	120	92
151	280.0	112.9		106.1		180	146	0	0	180	146	0	0	0	0	480	88
152	420.0	116.3		110.9		360	137	0	0	360	137	0	0	60	102	480	87
153	300.0	118.5		109.1		60	181	0	0	360	150	0	0	0	0	480	87
154	240.0	120.8		110.0		120	189	0	0	240	139	0	0	0	0	360	86
155	320.0	112.6		105.9		180	154	0	0	60	121	180	94	120	157	420	89
156	200.0	96.2		94.1		0	0	0	0	60	146	60	92	120	98	360	88
157	240.0	102.8		98.4		60	161	0	0	60	154	180	101	0	0	420	88
158	280.0	109.5		104.4		180	139	0	0	120	146	120	104	0	0	420	88
159	240.0	135.0		129.7		60	173	0	0	300	149	0	0	180	139	180	95
160	140.0	131.3		121.9		60	202	0	0	180	141	0	0	60	118	120	88
161	60.0	97.3		94.5		0	0	0	0	0	0	60	93	60	120	60	79
162	200.0	99.3		95.2		60	175	0	0	60	106	0	0	0	0	480	89
163	240.0	99.2		96.6		60	138	0	0	120	126	0	0	0	0	540	89
164	320.0	106.6		102.3		120	135	0	0	180	131	60	89	120	129	480	87
165	240.0	115.2		109.6		60	160	0	0	300	131	0	0	60	132	300	87
166	160.0	113.5		106.9		0	0	0	0	180	151	0	0	0	0	300	91
167	320.0	109.4		102.0		60	184	0	0	300	141	60	88	0	0	540	86
168	200.0	115.0		108.7		0	0	0	0	300	142	0	0	0	0	300	88
169	300.0	114.5		106.9		240	158	0	0	120	141	180	92	0	0	360	88
170	140.0	120.7		116.2		60	142	0	0	120	146	0	0	60	126	180	95
171	280.0	111.6		107.8		60	133	0	0	360	131	60	91	60	107	300	89
172	360.0	119.4		113.4		120	147	0	0	420	144	0	0	120	112	420	89
173	300.0	108.4		104.3		60	152	0	0	300	126	60	95	60	133	420	88
174	260.0	100.2		98.2		0	0	0	0	180	128	120	95	0	0	480	91
175	220.0	96.5		95.0		120	117	0	0	60	117	60	87	0	0	420	89
176	220.0	128.5		117.6		120	178	0	0	240	153	0	0	0	0	300	89
177	260.0	142.9		133.8		180	195	0	0	360	144	0	0	60	133	180	92
178	300.0	112.7		107.9		120	157	60	111	240	133	120	94	0	0	360	91
179	340.0	104.7		99.3		180	160	0	0	60	129	240	97	0	0	540	87
180	440.0	127.8		117.1		360	174	0	0	300	149	0	0	60	133	600	89
181	400.0	118.3		112.7		120	160	0	0	480	139	60	105	0	0	540	92
182	200.0	118.8		112.7		120	160	0	0	240	128	0	0	0	0	240	89
183	360.0	111.1		106.0		120	113	0	0	420	140	60	94	60	91	420	87
184	180.0	102.7		98.7		60	154	0	0	120	121	60	88	0	0	300	88
185	360.0	118.7		112.2		120	144	0	0	360	147	0	0	240	114	360	85
186	220.0	129.6		121.4		120	168	0	0	300	146	0	0	0	0	240	90
187	320.0	108.9		101.8		300	153	0	0	60	114	60	90	0	0	540	86
188	220.0	119.4		111.0		0	0	0	0	240	159	0	0	60	137	360	90
189	280.0	108.7		101.6		120	170	0	0	60	170	60	113	60	98	540	89
190	300.0	122.9		115.4		120	175	0	0	360	139	0	0	60	125	360	89
191	280.0	120.0		112.0		120	166	0	0	300	144	60	100	0	0	360	88
192	260.0	129.1		121.6		60	160	0	0	420	147	0	0	60	141	240	87
193	320.0	116.0		109.6		120	157	0	0	300	136	60	99	60	147	420	88
194	400.0	113.7		107.8		120	148	0	0	360	144	0	0	60	123	660	90
195	260.0	116.2		107.7		120	169	0	0	240	141	0	0	0	0	420	87
196	300.0	114.3		108.2		60	160	0	0	300	144	60	114	0	0	480	90
197	340.0	101.3		98.0		120	132	0	0	120	131	180	107	60	110	540	85
198	220.0	108.0		103.0		60	154	0	0	180	135	60	101	0	0	360	88
199	200.0	133.4		125.5		60	159	0	0	240	149	0	0	120	156	180	89
200	260.0	126.5		119.4		60	195	0	0	420	138	0	0	60	132	240	88
201	340.0	107.9		102.4		120	148	0	0	180	148	120	89	120	106	480	88
202	160.0	134.4		131.9		60	168	0	0	300	136	0	0	60	129	60	98
203	200.0	122.8		114.9		60	162	0	0	240	150	0	0	60	114	240	88
204	220.0	122.5		107.3		120	206	0	0	120	163	60	93	0	0	360	86
205	200.0	104.2		100.0		0	0	0	0	180	136	0	0	60	112	360	87
206	280.0	110.3		108.0		180	122	0	0	180	122	0	0	240	116	240	87
207	240.0	139.0		133.0		180	169	0	0	300	139	0	0	120	145	120	88
208	200.0	119.4		111.0		60	192	0	0	120	153	0	0	120	123	300	90
209	240.0	104.0		99.9		60	175	0	0	120	120	0	0	60	113	480	90
210	240.0	111.6		103.3		60	173	0	0	120	173	120	95	0	0	420	90
211	400.0	129.3		118.1		300	188	0	0	360	138	60	107	0	0	480	89
212	160.0	114.6		108.9		60	147	0	0	120	140	0	0	60	134	240	89
213	320.0	118.1		110.3		120	152	0	0	240	153	120	92	60	159	420	90
214	280.0	104.6		101.2		60	145	0	0	180	133	120	100	0	0	480	90
215	300.0	143.2		134.4		300	188	0	0	300	139	0	0	180	109	120	93
216	380.0	115.6		109.1		180	154	0	0	300	142	120	106	60	116	480	87
217	320.0	119.6		115.6		0	0	0	0	480	136	0	0	180	125	300	90
218	640.0	119.2		109.2		360	178	0	0	540	141	0	0	0	0	1020	87
219	400.0	123.7		113.3		180	172	0	0	420	154	0	0	0	0	600	88
220	260.0	128.5		121.4		180	171	0	0	360	133	0	0	0	0	240	90
221	400.0	114.7		108.0		120	152	0	0	540	136	0	0	0	0	540	85
222	220.0	113.9		106.4		60	187	0	0	180	139	0	0	60	121	360	88
223	460.0	105.5		98.6		240	158	0	0	180	139	120	93	60	100	780	84
224	340.0	113.3		105.9		120	165	0	0	360	137	0	0	0	0	540	86
225	200.0	118.2		111.7		60	171	0	0	180	135	60	112	60	142	240	88
226	480.0	112.0		106.1		180	173	0	0	420	127	180	104	0	0	660	88
227	560.0	112.7		105.4		480	155	0	0	180	136	120	89	60	97	840	88
228	380.0	110.2		104.8		120	138	0	0	360	137	0	0	60	125	600	87
229	440.0	114.2		107.2		360	156	0	0	300	124	0	0	0	0	660	87
230	340.0	118.4		111.5		240	152	0	0	300	137	0	0	120	105	360	85
231	320.0	104.3		99.8		0	0	0	0	300	138	0	0	60	109	600	87
232	320.0	122.4		114.9		120	154	0	0	360	147	0	0	60	146	420	89
233	300.0	128.7		118.9		120	191	0	0	420	145	0	0	0	0	360	89
234	160.0	122.0		119.8		0	0	0	0	300	133	0	0	120	110	60	91
235	320.0	122.8		117.4		300	140	0	0	300	140	0	0	60	124	300	88
236	340.0	122.8		118.8		240	143	0	0	420	133	60	92	120	114	180	88
237	180.0	126.7		117.9		120	151	0	0	120	166	0	0	120	124	180	86
238	300.0	127.1		124.3		60	178	0	0	600	132	0	0	120	106	120	98
239	240.0	134.8		126.8		0	0	0	0	360	161	0	0	180	129	180	88
240	380.0	127.5		119.4		120	177	0	0	540	148	0	0	0	0	480	92
241	320.0	125.2		118.4		60	188	0	0	360	145	0	0	180	133	360	91
242	220.0	135.8		131.0		0	0	0	0	420	152	0	0	120	122	120	93
243	360.0	129.7		121.4		60	187	0	0	600	148	0	0	60	139	360	88
244	280.0	115.7		109.9		60	156	0	0	360	139	0	0	0	0	420	90
245	260.0	112.8		108.3		120	143	0	0	300	122	60	84	60	139	240	87
246	160.0	107.6		104.7		0	0	0	0	120	126	0	0	180	117	180	86
247	420.0	119.2		113.5		240	152	0	0	420	135	0	0	180	114	420	87
248	120.0	125.0		118.9		0	0	0	0	240	143	0	0	0	0	120	89
249	300.0	127.7		119.6		180	175	0	0	360	139	0	0	60	112	300	89
250	200.0	134.2		126.8		60	192	0	0	300	146	0	0	120	124	120	86
251	540.0	115.8		111.7		480	145	0	0	600	116	0	0	60	95	480	89
252	260.0	122.2		116.4		120	155	0	0	240	141	60	90	180	121	180	87
253	240.0	138.2		127.2		240	180	0	0	180	151	0	0	60	121	240	91
254	380.0	120.4		113.0		240	163	0	0	420	133	0	0	0	0	480	88
255	440.0	124.5		114.9		180	185	0	0	540	144	60	96	0	0	540	88
256	380.0	115.7		109.9		120	159	0	0	480	135	0	0	0	0	540	89
257	340.0	120.7		111.4		60	204	0	0	420	149	0	0	60	85	480	90
258	380.0	128.7		121.5		180	169	0	0	600	140	0	0	60	103	300	87
259	360.0	130.6		125.3		240	156	0	0	360	144	60	116	180	129	240	90
260	500.0	125.3		119.2		300	154	0	0	420	146	60	109	240	128	480	90
261	260.0	130.3		123.9		120	155	0	0	240	155	0	0	180	132	240	92
262	460.0	123.2		117.6		300	138	0	0	480	146	120	93	120	128	360	89
263	600.0	131.2		121.9		540	176	0	0	660	133	0	0	0	0	600	89
264	640.0	128.3		120.4		480	169	0	0	720	138	60	112	120	93	540	89
265	320.0	146.7		139.8		180	174	0	0	660	151	0	0	0	0	120	82
266	340.0	125.5		116.2		180	179	0	0	420	140	0	0	0	0	420	88
267	300.0	113.9		104.9		60	211	0	0	300	138	60	92	60	128	420	84
268	180.0	125.7		119.5		0	0	0	0	180	157	0	0	180	129	180	91
269	420.0	118.5		114.0		60	165	0	0	540	137	0	0	180	118	480	92
270	300.0	125.7		120.1		0	0	0	0	600	143	0	0	0	0	300	91
271	480.0	132.1		125.3		180	168	0	0	660	150	0	0	180	124	420	92
272	540.0	128.3		116.8		360	188	0	0	420	142	120	91	120	140	600	88
273	420.0	125.8		118.4		360	156	0	0	360	146	120	100	0	0	420	90
274	460.0	119.7		112.7		240	164	0	0	480	136	0	0	120	108	540	88
275	600.0	130.8		125.5		300	174	0	0	900	137	0	0	180	114	420	94
276	360.0	114.8		109.7		120	151	0	0	480	131	60	108	0	0	420	87
277	600.0	123.4		117.1		480	151	0	0	660	136	120	90	60	122	480	87
278	380.0	136.3		128.7		240	176	0	0	540	146	60	112	0	0	300	92
279	400.0	127.2		123.4		120	175	0	0	540	137	60	119	300	112	180	94
280	340.0	135.6		132.0		60	162	0	0	480	145	0	0	360	135	120	87
281	320.0	139.4		134.4		180	181	0	0	480	142	0	0	180	122	120	93
282	840.0	118.9		112.1		840	152	0	0	660	126	180	92	0	0	840	86
283	620.0	124.4		116.3		600	162	0	0	420	137	120	102	60	94	660	89
284	160.0	161.9		153.7		60	207	0	0	300	169	0	0	60	153	60	90
285	740.0	112.2		104.1		480	165	0	0	600	123	60	89	0	0	1080	84
286	640.0	125.1		116.6		540	159	0	0	540	144	180	103	60	118	600	85
287	600.0	131.3		126.0		420	165	0	0	840	136	60	116	60	114	420	93
288	320.0	121.2		115.9		60	175	0	0	360	142	60	105	240	114	240	88
289	600.0	121.9		113.1		300	177	0	0	720	136	0	0	60	109	720	86
290	520.0	129.9		123.3		300	170	0	0	780	137	0	0	120	109	360	88
291	720.0	126.0		118.0		720	164	0	0	600	129	60	112	60	111	720	88
292	280.0	130.6		126.4		0	0	0	0	540	145	0	0	120	122	180	93
293	540.0	126.1		122.3		180	179	0	0	720	125	0	0	480	126	240	90
294	840.0	119.4		112.6		480	157	0	0	960	136	0	0	0	0	1080	88
295	540.0	126.0		120.3		240	165	0	0	840	135	0	0	120	118	420	88
296	380.0	127.4		117.5		120	177	0	0	480	155	0	0	120	109	420	87
297	460.0	141.2		136.8		360	164	0	0	720	144	0	0	120	131	180	91
298	440.0	127.5		117.0		180	196	0	0	480	147	0	0	120	125	540	88
299	760.0	132.1		125.3		840	164	0	0	720	131	0	0	300	107	420	88
300	780.0	124.9		122.1		480	153	0	0	960	129	0	0	600	112	300	93
301	600.0	114.1		107.6		420	157	0	0	540	121	0	0	120	107	720	85
302	700.0	128.6		122.6		480	157	0	0	840	142	60	119	120	114	600	91
303	440.0	102.5		98.7		120	172	0	0	180	117	240	95	180	100	600	88
304	760.0	125.8		118.6		660	164	0	0	720	131	60	102	360	104	480	85
305	640.0	128.4		122.5		540	165	0	0	900	126	0	0	60	111	420	89
306	800.0	134.6		130.0		840	161	0	0	1020	131	0	0	240	113	300	90
307	740.0	120.9		115.8		420	160	0	0	1020	126	0	0	120	116	660	89
308	680.0	128.1		120.8		540	168	0	0	840	129	0	0	180	119	480	85
309	760.0	128.4		123.1		480	155	0	0	1140	137	0	0	180	114	480	87
310	860.0	132.8		127.0		720	161	0	0	1140	139	0	0	240	104	480	90
311	640.0	135.0		129.1		540	168	0	0	780	138	0	0	300	114	300	89
312	740.0	140.6		133.5		840	170	0	0	780	143	0	0	300	102	300	91
313	640.0	121.3		113.6		660	156	0	0	420	131	0	0	60	119	780	87
314	760.0	122.2		117.8		840	144	0	0	540	127	120	96	360	115	420	86
315	700.0	114.5		108.7		300	158	0	0	720	129	60	107	120	128	900	87
316	680.0	128.5		122.9		480	155	0	0	900	138	0	0	180	118	480	88
317	840.0	126.0		120.8		780	154	0	0	780	130	120	106	360	117	480	86
318	1060.0	127.0		120.1		960	161	0	0	1200	130	60	114	180	107	780	86
319	460.0	149.9		143.4		300	187	0	0	540	159	0	0	420	130	120	86
320	720.0	141.5		137.8		720	163	0	0	840	144	60	111	360	122	180	93
321	960.0	128.1		120.1		840	160	0	0	1080	137	0	0	60	154	900	86
322	740.0	128.4		122.7		660	158	0	0	840	131	0	0	300	117	420	85
323	1340.0	125.8		118.8		1500	155	0	0	1260	126	60	113	300	113	900	82
324	840.0	120.2		113.3		540	161	0	0	1020	130	0	0	60	85	900	87
325	940.0	123.8		119.1		840	150	0	0	1080	127	60	102	240	115	600	87
326	1480.0	119.2		116.6		2100	134	0	0	1380	115	120	106	180	102	660	88
327	1580.0	114.4		111.3		1980	130	0	0	1440	117	60	113	120	85	1140	87
328	900.0	130.3		125.5		1140	153	0	0	780	127	60	111	240	121	480	89
329	1060.0	113.9		109.8		1140	132	0	0	1020	120	0	0	120	123	900	83
330	1320.0	114.5		108.8		1500	142	0	0	1260	113	0	0	60	78	1140	82
331	1320.0	118.2		114.2		1560	135	0	0	1440	122	60	86	120	91	780	84
332	1160.0	118.4		115.3		1200	136	0	0	1500	120	60	105	0	0	720	87
333	1200.0	123.4		121.6		1500	136	0	0	1500	122	0	0	420	98	180	90
334	1420.0	114.5		111.1		1920	130	0	0	1200	116	120	111	0	0	1020	84
335	1120.0	116.0		112.4		1080	135	0	0	1440	119	60	114	180	88	600	83
336	960.0	108.9		104.8		840	134	0	0	840	115	120	115	60	82	1020	84
337	1220.0	115.1		111.1		1620	135	0	0	900	115	120	95	0	0	1020	86
338	1580.0	115.5		113.0		2400	127	0	0	1440	114	60	96	120	107	720	83
339	1100.0	117.6		114.1		1320	138	0	0	1080	114	60	100	240	108	600	85
340	680.0	119.7		117.5		600	138	0	0	780	122	60	114	360	105	240	90
341	1360.0	110.9		106.9		1680	131	0	0	1020	113	120	106	60	82	1200	83
342	1840.0	102.6		99.8		2640	116	0	0	1380	101	240	105	0	0	1260	76
343	1200.0	110.1		107.0		1080	131	0	0	1380	113	120	100	60	107	960	84
344	1340.0	120.3		117.9		1860	135	0	0	1380	115	60	97	240	110	480	87
345	1840.0	111.3		109.0		2820	124	0	0	1440	107	180	104	0	0	1080	85
346	1240.0	117.3		114.4		1320	138	0	0	1380	115	180	103	120	100	720	90
347	1420.0	112.5		110.8		1920	124	0	0	1260	111	180	109	300	98	600	87
348	940.0	121.8		119.0		1140	138	0	0	1080	120	60	96	120	115	420	88
349	1400.0	122.2		119.0		1740	140	0	0	1740	118	0	0	120	106	600	86
350	1360.0	110.3		106.3		1800	127	0	0	1080	109	60	119	120	133	1020	79
351	1740.0	111.6		109.9		2460	122	60	119	1560	110	240	103	300	97	600	83
352	1140.0	124.0		122.2		1560	136	0	0	1320	120	60	110	120	119	360	91
353	1620.0	114.9		112.6		2160	130	0	0	1500	111	60	107	540	97	600	87
354	1200.0	120.0		116.8		1500	138	0	0	1380	116	0	0	120	112	600	86
355	1360.0	121.7		119.8		1740	135	0	0	1560	118	0	0	420	108	360	89
356	1660.0	111.9		108.7		2040	128	0	0	1620	113	120	113	0	0	1200	83
357	1380.0	118.8		117.7		1620	130	0	0	1680	117	120	105	600	102	120	91
358	1320.0	116.6		113.1		1560	134	0	0	1200	121	60	103	240	100	900	86
359	1420.0	118.2		115.5		1800	135	0	0	1560	114	60	103	300	98	540	87
360	1420.0	117.3		115.2		1740	134	0	0	1680	111	120	114	240	99	480	89
361	1520.0	117.9		116.0		2100	130	0	0	1800	114	0	0	60	107	600	88
362	1420.0	122.3		120.8		1800	135	0	0	1500	119	0	0	780	108	180	85
363	1360.0	122.5		119.7		1740	134	0	0	1500	124	0	0	240	123	600	85
364	1380.0	119.5		116.4		1740	137	0	0	1500	117	0	0	240	97	660	87
365	1620.0	114.6		113.1		2340	126	0	0	1380	109	300	109	180	110	660	90
366	1840.0	111.1		109.5		2280	122	60	67	2100	111	60	109	60	103	960	89
367	1640.0	116.3		113.9		2160	131	0	0	1740	113	60	113	360	95	600	86
368	1180.0	121.2		118.4		1320	138	0	0	1500	120	0	0	240	104	480	87
369	1500.0	116.5		114.2		1980	131	0	0	1560	113	120	109	180	100	660	87
370	1560.0	113.7		111.5		2040	127	0	0	1500	113	180	99	180	104	780	86
371	2040.0	109.7		108.6		2820	119	0	0	1800	108	540	103	420	93	540	87
372	1760.0	110.9		109.4		2220	122	60	118	1680	109	180	115	300	102	840	87
373	2040.0	106.7		106.0		2700	115	120	111	2400	102	120	99	480	96	300	88
374	1320.0	121.2		120.3		1800	131	0	0	1200	118	60	112	720	109	180	97
375	1680.0	112.6		110.5		2280	126	0	0	1800	108	60	103	240	100	660	84
376	1880.0	105.1		104.1		2580	115	0	0	1980	100	180	103	120	96	780	87
377	2100.0	101.9		100.9		2700	111	120	105	2220	100	120	101	0	0	1140	84
378	1880.0	105.6		104.1		2280	117	60	113	1980	105	120	104	180	83	1020	85
379	1700.0	111.9		110.1		2280	124	60	116	1680	108	120	110	60	137	900	87
380	1920.0	107.0		105.6		2520	119	0	0	2160	103	0	0	120	88	960	87
381	1920.0	110.5		109.5		2520	120	60	111	2160	107	120	106	300	103	600	88
382	1740.0	109.2		108.2		2160	119	60	116	2100	105	120	106	180	110	600	88
383	2000.0	102.6		102.1		2760	109	120	106	1980	100	180	103	300	87	660	90
384	1940.0	102.9		101.7		2640	112	0	0	1980	101	120	102	60	101	1020	83
385	2100.0	106.0		105.8		2640	112	120	107	2520	103	60	102	660	100	300	93
386	2000.0	100.1		99.6		2700	106	60	105	1860	99	360	94	480	95	540	83
387	1980.0	102.8		102.1		2520	111	0	0	2340	99	0	0	600	98	480	84
388	1860.0	105.4		104.7		2400	113	0	0	2100	104	60	100	420	96	600	87
389	2060.0	100.6		100.0		2520	108	0	0	2580	98	60	104	600	91	420	85
390	1700.0	103.0		102.5		2280	109	60	116	1740	100	180	103	600	95	240	84
391	2080.0	97.8		97.4		2520	104	0	0	2400	96	60	93	960	90	300	85
392	1900.0	104.9		104.5		2400	113	0	0	2220	100	180	103	660	96	240	96
393	1700.0	116.0		115.1		2220	125	0	0	1740	113	120	106	780	107	240	88
394	1760.0	112.5		111.3		2400	123	0	0	1800	109	120	105	720	97	240	84
395	1680.0	109.8		109.0		2280	118	120	118	1680	107	0	0	420	97	540	92
396	1720.0	104.8		104.1		1980	114	60	115	1920	102	120	101	720	95	360	88
397	1800.0	103.6		103.1		2400	110	0	0	1860	102	120	100	720	94	300	87
398	1680.0	105.4		104.4		1980	116	0	0	2040	103	120	105	480	91	420	84
399	1940.0	101.0		100.7		2880	104	0	0	2100	100	60	98	360	99	420	87
400	1880.0	101.5		101.0		2340	108	0	0	1920	100	60	105	1080	92	240	91
401	1760.0	101.4		100.6		2340	109	0	0	1800	98	180	100	300	101	660	84
402	1720.0	98.0		97.6		2460	104	0	0	1620	95	240	99	300	90	540	84
403	1920.0	97.5		96.5		2640	107	0	0	2040	93	60	95	120	83	900	82
404	1820.0	100.3		99.6		2460	108	60	109	1920	98	60	97	480	85	480	85
405	1800.0	101.0		100.2		2400	109	0	0	1920	98	60	103	360	92	660	85
406	1780.0	97.6		97.0		2460	104	0	0	1980	96	60	96	60	92	780	82
407	1760.0	100.0		99.7		2340	105	0	0	1920	98	120	100	420	96	480	87
408	1980.0	96.5		95.8		2400	104	0	0	2460	95	60	91	480	82	540	83
409	1800.0	104.7		104.5		2460	109	0	0	1860	104	0	0	840	98	240	90
410	1560.0	108.6		107.6		1920	116	0	0	1620	111	60	95	540	97	540	88
411	1720.0	100.2		100.0		1920	104	0	0	2160	100	120	100	660	95	300	89
412	1740.0	97.6		97.3		2160	103	0	0	2160	95	0	0	660	91	240	90
413	1900.0	104.5		104.0		2340	112	60	116	1920	102	180	101	720	97	480	89
414	1760.0	104.9		104.1		2580	112	60	112	1680	103	60	107	240	95	660	85
415	2100.0	103.4		103.0		2760	109	120	110	2340	100	60	93	840	97	180	89
416	1880.0	105.7		105.3		2220	112	60	117	2280	104	120	101	540	100	420	89
417	1920.0	91.6		91.4		2520	96	60	97	2100	90	180	88	420	83	480	84
418	1800.0	101.4		100.8		2220	109	60	104	1860	100	180	95	780	90	300	86
419	1820.0	103.1		102.6		2640	109	0	0	1740	101	180	96	480	95	420	87
420	1680.0	105.7		104.9		2220	114	0	0	2100	102	120	93	240	98	360	85
421	1840.0	102.9		102.2		2100	112	60	110	2340	101	0	0	600	89	420	87
422	1780.0	103.4		102.9		2520	110	0	0	1800	100	180	99	480	96	360	86
423	1600.0	99.0		98.2		2040	108	60	105	1560	97	180	92	300	85	660	84
424	1820.0	96.1		95.7		2220	104	0	0	2280	91	60	92	540	91	360	88
425	1780.0	98.0		97.7		2400	103	0	0	1860	95	240	93	240	104	600	87
426	1840.0	102.6		101.9		2580	111	0	0	1800	98	120	102	540	92	480	87
427	1740.0	104.9		104.1		2340	112	120	117	1740	103	180	104	300	90	540	86
428	1660.0	105.8		104.8		2160	115	0	0	1620	104	120	105	720	92	360	86
429	1420.0	111.7		110.8		1920	119	60	116	1560	107	60	111	480	111	180	76
430	1960.0	101.3		100.3		2580	111	0	0	2100	97	120	98	480	94	600	81
431	1600.0	108.0		107.4		2040	115	0	0	1920	106	60	101	420	102	360	87
432	1800.0	105.3		104.8		2340	112	60	113	2040	102	120	102	360	99	480	91
433	1740.0	97.6		97.2		2280	104	60	107	1620	94	300	98	420	89	540	87
434	2200.0	94.7		94.5		2700	99	60	101	2220	93	180	91	1080	91	360	85
435	1840.0	104.8		104.3		2340	112	0	0	1920	102	180	105	720	96	360	90
436	2000.0	101.1		100.7		2520	108	60	117	2220	98	0	0	900	94	300	85
437	1800.0	103.3		103.0		2280	108	120	114	1980	102	0	0	660	94	360	94
438	1740.0	108.5		108.0		2400	114	60	117	1860	106	120	100	480	105	300	87
439	1820.0	102.3		101.4		2280	112	0	0	1800	100	60	102	840	92	480	83
440	1880.0	103.8		103.3		2340	111	60	110	2040	102	180	98	540	95	480	88
441	2040.0	104.1		103.6		2520	112	0	0	2400	101	0	0	840	96	360	89
442	1780.0	106.0		105.1		2760	113	0	0	1560	102	300	99	180	112	540	84
443	1800.0	106.8		105.9		2460	116	0	0	2160	103	60	96	180	94	540	86
444	1860.0	104.7		104.1		2520	112	0	0	1920	101	180	104	660	96	300	86
445	1680.0	104.5		103.5		2100	114	0	0	1740	103	180	93	480	93	540	86
446	1960.0	95.1		94.8		2520	100	0	0	2040	94	180	88	720	89	420	84
447	1720.0	102.0		101.4		2280	109	0	0	1860	100	120	103	480	90	420	86
448	1820.0	100.9		100.3		2700	108	0	0	1980	96	60	90	240	90	480	88
449	1880.0	96.8		96.0		2400	106	0	0	2160	93	0	0	840	84	240	83
450	1620.0	97.0		96.6		1920	104	0	0	1740	96	120	97	720	86	360	87
451	1580.0	89.2		88.8		1680	95	120	91	1620	88	60	88	900	86	360	75
452	1740.0	82.8		82.5		2040	88	60	84	1980	81	0	0	960	77	180	74
453	1600.0	83.1		82.9		1920	88	0	0	1860	79	120	85	540	83	360	78
454	1720.0	85.3		84.8		2100	92	0	0	2040	83	0	0	540	79	480	73
455	1580.0	91.1		90.4		1860	99	0	0	1440	91	60	92	900	79	480	83
456	1720.0	83.5		83.2		1980	88	0	0	1860	83	180	81	780	79	360	72
457	1580.0	87.4		87.3		1980	91	60	87	1740	86	0	0	540	82	420	83
458	1580.0	86.5		86.0		1860	93	60	94	1560	86	120	85	420	77	720	76
459	1740.0	85.6		85.5		1980	89	60	82	2160	83	60	86	780	85	180	83
460	1720.0	88.7		88.6		2100	93	0	0	1860	87	120	84	540	85	540	83
461	1460.0	95.1		94.6		1980	100	0	0	1200	96	300	85	480	92	420	80
462	1680.0	88.1		87.9		2040	93	0	0	1740	85	240	87	600	86	420	81
463	1700.0	84.3		84.1		2160	89	0	0	1980	82	60	80	300	77	600	79
464	1520.0	88.6		88.5		1920	92	0	0	1680	88	120	84	360	85	480	81
465	1820.0	88.8		88.7		2280	92	0	0	1920	88	120	83	900	85	240	82
466	1580.0	90.1		89.4		1920	99	60	92	1500	88	60	80	720	81	480	76
467	1600.0	90.3		90.2		2100	93	0	0	1560	90	180	87	480	90	480	81
468	1680.0	90.9		90.6		1920	96	60	96	2100	89	60	84	180	86	720	84
469	1500.0	94.1		93.9		1980	99	0	0	1500	91	60	89	660	89	300	89
470	1760.0	90.0		89.8		2160	94	0	0	1860	90	120	89	900	82	240	84
471	1700.0	89.5		89.1		2160	94	60	100	1620	89	180	86	660	83	420	78
472	1540.0	93.9		93.6		1980	99	0	0	1680	91	60	84	660	90	240	85
473	1680.0	92.1		91.8		2220	97	0	0	1860	90	60	96	600	84	300	84
474	1740.0	95.4		94.8		2220	104	0	0	1920	91	120	91	480	87	480	83
475	1640.0	98.3		98.1		2340	103	0	0	1800	96	60	95	420	90	300	88
476	1760.0	93.6		93.4		2280	98	0	0	1920	93	180	90	300	86	600	84
477	1820.0	93.8		93.7		2340	97	0	0	2280	93	0	0	420	88	420	86
478	1620.0	94.6		94.3		2100	100	0	0	1620	92	240	91	420	89	480	86
479	1660.0	93.7		93.4		2100	99	60	100	1980	90	60	92	360	92	420	85
480	1700.0	93.7		93.3		2040	99	180	94	1800	92	300	93	360	87	420	81
481	1620.0	97.1		96.9		2040	101	120	104	1680	96	60	98	600	93	360	85
482	1680.0	98.5		98.0		2040	106	60	102	1860	96	180	98	300	88	600	86
483	1660.0	98.5		98.0		2220	105	0	0	1620	96	180	90	540	93	420	84
484	1640.0	97.9		97.6		2280	103	0	0	1860	95	0	0	540	92	240	85
485	1740.0	95.1		94.6		2220	101	60	102	1680	94	240	96	600	86	420	80
486	1660.0	91.6		91.4		1980	96	60	98	1560	90	300	91	420	88	660	84
487	1760.0	92.3		91.9		2280	98	60	101	1740	91	180	82	720	83	300	83
488	1560.0	88.2		87.9		1920	94	0	0	1800	87	120	83	180	80	660	78
489	1700.0	87.3		87.1		1980	92	0	0	1980	85	120	81	600	85	420	81
490	1640.0	83.5		83.2		2220	88	60	89	1500	83	360	78	360	75	420	73
491	1940.0	80.3		79.8		2100	87	60	98	2280	79	120	81	780	70	480	72
492	1880.0	82.5		82.3		2040	88	60	88	2340	79	60	83	720	81	420	77
493	1740.0	81.2		81.1		2340	84	180	86	1680	78	120	72	300	81	600	80
494	1540.0	92.3		91.8		1920	99	0	0	1680	88	120	97	480	90	420	80
495	1740.0	94.3		94.0		2280	100	60	97	1800	91	120	89	480	90	480	85
496	1640.0	90.7		90.2		1920	98	0	0	1740	89	180	85	360	82	720	81
497	1880.0	90.1		89.8		2280	95	60	109	2040	89	120	88	660	85	480	77
498	1920.0	85.7		85.6		2580	89	0	0	2160	84	0	0	480	82	540	80
499	1820.0	95.2		95.1		2220	99	0	0	2100	95	0	0	780	89	360	87
500	1720.0	99.8		99.3		2280	106	120	101	1980	98	180	94	180	89	420	82
501	1660.0	97.4		96.8		2280	104	0	0	1800	95	180	93	120	92	600	82
502	1680.0	93.5		93.0		2040	101	0	0	2040	90	0	0	600	87	360	81
503	1860.0	95.7		95.0		2340	104	0	0	1800	94	240	95	480	83	720	82
504	1660.0	92.0		91.6		2340	97	0	0	1740	90	120	89	360	85	420	79
505	1840.0	94.9		94.4		2460	101	60	101	1920	94	60	83	300	83	720	82
506	1400.0	100.9		100.3		1800	107	60	99	1260	101	120	99	540	96	420	82
507	1420.0	101.4		100.1		1860	111	0	0	1200	100	360	101	480	83	360	81
508	1900.0	94.0		93.6		2160	101	60	102	2160	92	120	92	420	85	780	85
509	1700.0	93.7		93.2		2100	100	180	95	1740	92	180	93	300	86	600	80
510	1460.0	101.9		101.0		1740	111	0	0	1320	103	180	92	660	89	480	87
511	1640.0	102.0		101.4		2160	110	120	112	1500	98	300	97	480	90	360	88
512	1440.0	100.1		98.8		1980	110	0	0	1440	97	120	97	240	83	540	80
513	1680.0	96.2		95.6		2220	103	60	102	1680	94	120	94	480	84	480	84
514	1660.0	101.6		101.1		2220	108	120	106	1620	98	180	101	480	95	360	86
515	1880.0	94.2		93.8		2220	101	0	0	2100	92	240	90	480	85	600	86
516	1720.0	95.1		94.9		2220	100	60	92	1980	93	120	96	300	93	480	83
517	1720.0	102.0		101.5		2400	108	0	0	1800	100	240	96	300	94	420	85
518	1760.0	105.1		104.3		2160	112	120	119	2160	104	0	0	360	92	480	85
519	1500.0	99.1		98.8		1740	105	60	95	1500	99	360	93	420	91	420	89
520	1620.0	101.5		100.8		1980	110	60	108	1920	99	60	93	180	96	660	85
521	1500.0	94.8		94.5		2040	100	120	101	1560	91	0	0	420	90	360	85
522	1680.0	93.8		93.1		1860	102	120	104	1440	93	300	86	480	91	840	80
523	1520.0	95.7		95.3		2100	101	60	101	1560	93	180	97	240	86	420	83
524	1780.0	83.0		82.8		1680	86	300	90	1680	85	120	85	960	77	600	75
525	1680.0	88.8		88.7		2040	92	0	0	1740	88	240	88	600	85	420	83
526	1700.0	80.9		80.7		1920	86	60	80	1860	80	300	77	120	73	840	74
527	1520.0	76.0		75.7		1740	81	0	0	1740	74	60	73	180	75	840	70
528	1420.0	49.9		49.7		1620	51	0	0	1440	52	180	42	240	51	780	45
529	380.0	17.7		14.7		360	20	180	20	420	19	120	5	0	0	60	14
530	660.0	26.8		26.4		660	29	180	29	780	26	60	14	120	26	180	25
531	1020.0	29.7		29.4		1020	32	120	43	1200	28	60	33	300	26	360	27
532	1400.0	47.5		46.9		1620	52	60	50	1320	47	300	51	120	37	780	39
533	1340.0	40.2		40.2		1500	41	0	0	1260	39	240	38	420	40	600	42
534	820.0	24.5		22.1		360	13	60	14	900	22	240	22	360	33	540	33
535	760.0	22.0		21.8		420	24	0	0	780	23	180	16	480	21	420	22
536	1540.0	44.5		44.4		1500	46	60	56	1620	45	180	42	600	42	660	42
537	1520.0	61.8		61.7		1860	64	0	0	1680	62	120	65	480	56	420	57
538	1560.0	65.3		65.2		1500	69	60	62	1920	65	60	67	600	62	540	60
539	1600.0	73.8		73.6		1680	79	0	0	1800	73	240	73	480	68	600	67
540	1660.0	71.7		71.5		1740	75	0	0	1980	72	0	0	780	68	480	64
541	1500.0	71.9		71.6		1740	75	0	0	1200	73	360	71	720	70	480	61
542	1500.0	64.8		64.8		1680	66	60	68	1440	64	360	64	360	64	600	64
543	1360.0	56.3		55.8		1560	51	0	0	1440	57	240	55	360	66	480	65
544	820.0	38.2		35.0		600	28	60	12	1080	38	180	33	300	55	240	54
545	620.0	22.1		18.8		540	14	60	13	360	14	120	21	480	35	300	28
546	720.0	13.0		12.0		780	10	60	11	720	17	300	16	240	8	60	12
547	1040.0	25.0		24.4		1260	26	120	34	900	27	0	0	360	23	480	18
548	1400.0	46.3		45.7		1560	52	60	42	1080	46	420	46	660	40	420	37
549	1320.0	48.4		48.0		1560	53	0	0	1260	47	120	48	540	44	480	42
550	1540.0	49.4		49.1		1620	54	60	62	1560	45	240	49	540	50	600	47
551	1340.0	51.4		51.2		1260	55	60	58	1440	50	60	59	660	48	540	49
552	1360.0	39.2		38.7		1440	44	120	42	1560	38	60	43	240	30	660	34
553	1200.0	25.9		25.7		1260	28	0	0	1020	27	240	26	540	22	540	23
554	1180.0	20.7		20.6		1200	22	180	18	1260	21	60	24	120	17	720	19
555	1200.0	23.3		21.7		1260	28	60	31	1140	24	300	23	480	13	360	17
556	1240.0	21.8		21.5		1380	22	120	18	1140	24	240	23	420	18	420	19
557	1080.0	21.0		20.7		1140	24	120	20	840	21	240	17	480	19	420	18
558	1240.0	24.3		23.5		1320	30	60	29	1380	22	60	25	480	20	420	18
559	1020.0	21.3		20.3		1020	27	60	12	660	16	240	17	600	21	480	20
560	1020.0	23.3		21.8		1260	30	0	0	480	22	420	17	480	16	420	19
561	620.0	20.2		16.9		1140	26	0	0	360	10	240	11	120	14	0	0
562	1060.0	25.7		21.9		1440	36	0	0	900	17	60	31	720	15	60	30
563	1360.0	44.0		42.5		1440	55	60	59	1560	38	240	39	180	37	600	36
564	1320.0	46.1		45.9		1380	50	60	50	1260	44	180	45	600	44	480	43
565	980.0	31.1		30.0		780	27	60	28	1080	30	180	19	420	40	420	38
566	620.0	22.1		18.5		300	9	60	11	600	21	60	14	420	31	420	27
567	760.0	15.2		12.1		660	7	60	11	420	14	300	14	420	23	420	23
568	1160.0	30.4		30.2		1320	29	60	35	1200	33	180	36	0	0	720	27
569	1320.0	38.7		38.3		1320	44	0	0	1500	37	120	36	480	35	540	34
570	1280.0	40.7		40.3		1440	44	60	48	1080	41	300	41	360	33	600	36
571	1260.0	43.3		42.7		1200	50	60	59	1320	39	240	38	420	41	540	41
572	1400.0	38.2		38.0		1320	41	120	41	1380	37	120	32	900	36	360	39
573	1320.0	33.3		32.9		1200	39	0	0	1080	32	360	32	1080	30	240	28
574	1360.0	29.5		29.1		1500	32	120	28	900	25	480	24	540	32	540	33
575	1260.0	27.8		27.3		1320	31	0	0	1200	25	180	18	600	27	480	31
576	1380.0	26.4		25.9		1560	31	0	0	1380	24	60	29	840	23	300	22
577	1540.0	33.3		33.0		1560	37	0	0	1260	31	360	30	1260	32	180	32
578	1080.0	19.6		19.2		1020	24	180	16	840	18	300	16	240	18	660	18
579	680.0	14.1		14.1		780	13	180	14	720	15	0	0	60	14	300	15
580	540.0	7.7		7.3		720	7	60	10	600	7	120	12	60	5	60	15
581	1080.0	29.2		28.7		1200	29	0	0	1140	30	60	39	480	22	360	35
582	1180.0	40.3		40.2		1320	39	180	42	780	40	180	36	720	42	360	44
583	880.0	30.1		29.0		600	27	0	0	720	26	360	23	540	37	420	39
584	880.0	21.0		17.5		780	11	60	10	840	22	240	17	480	33	240	33
585	1220.0	28.5		27.9		1020	23	240	32	1380	29	120	31	420	32	480	33
586	1340.0	35.5		35.4		1560	37	0	0	1380	34	180	34	420	36	480	35
587	1040.0	32.2		32.1		1200	30	120	32	960	33	180	33	240	35	420	35
588	900.0	27.0		24.6		660	21	240	15	900	24	180	25	300	42	420	40
589	980.0	20.8		20.3		840	18	120	20	900	20	240	17	360	28	480	24
590	960.0	15.5		15.3		1200	17	60	20	660	14	300	13	180	15	480	15
591	1140.0	23.9		23.5		1380	27	120	30	1020	22	300	23	180	20	420	19
592	1100.0	20.9		19.8		1140	26	120	25	1200	20	120	18	360	14	360	14
593	820.0	19.3		18.7		1020	23	0	0	720	18	180	15	120	13	420	16
594	180.0	10.0		8.7		120	9	120	13	120	5	60	14	0	0	120	11
595	540.0	12.3		10.9		660	16	0	0	360	7	120	13	240	8	240	14
596	1180.0	29.0		27.6		1320	35	120	41	1020	23	300	34	360	25	420	21
597	1340.0	54.6		53.9		1680	60	0	0	1260	55	120	46	540	43	420	49
598	1480.0	63.2		63.2		1680	64	0	0	1680	62	60	59	540	66	480	62
599	1220.0	72.0		72.0		1440	72	60	77	1080	73	180	72	540	71	360	70
600	1240.0	73.4		73.2		1380	78	60	75	1260	72	120	76	420	69	480	67
601	1300.0	72.4		72.4		1380	74	120	74	1260	71	240	74	540	71	360	72
602	1320.0	77.1		77.0		1620	80	60	74	1440	75	120	77	300	76	420	74
603	1320.0	87.8		87.7		1500	92	120	90	1380	86	120	81	420	84	420	84
604	1160.0	91.9		91.4		1440	98	0	0	1320	90	60	90	60	96	600	81
605	1180.0	87.7		87.1		1440	96	0	0	1140	84	180	81	180	77	600	80
606	1180.0	67.9		67.8		1560	71	0	0	1080	66	180	57	120	67	600	67
607	1020.0	44.2		43.8		1020	43	180	57	840	40	420	43	180	57	420	46
608	1120.0	26.0		24.3		1080	20	60	25	840	21	360	25	540	37	480	37
609	1500.0	45.5		44.8		1740	42	0	0	1500	43	240	41	540	57	480	55
610	1420.0	58.2		58.1		1800	60	0	0	1740	56	0	0	180	61	540	58
611	1240.0	53.0		52.8		1560	50	0	0	1200	53	180	52	240	62	540	58
612	1400.0	55.7		55.6		1620	52	0	0	1320	58	420	58	60	61	780	58
613	1460.0	64.1		63.9		1920	61	0	0	1320	65	180	66	480	68	480	69
614	1500.0	78.7		78.5		1740	74	120	84	1440	83	300	79	480	81	420	79
615	1340.0	65.9		65.9		1740	66	60	61	1200	68	120	61	360	67	540	62
616	1400.0	48.2		47.1		1500	45	60	16	1380	50	180	52	480	52	600	51
617	840.0	22.3		19.5		720	13	0	0	960	20	120	24	420	32	300	38
618	560.0	17.5		11.1		480	5	60	12	540	20	120	29	240	27	240	23
619	480.0	8.7		7.9		540	11	60	12	540	8	0	0	300	5	0	0
620	540.0	21.6		17.6		600	25	120	16	660	24	0	0	120	5	120	13
621	1340.0	50.0		48.6		1620	57	60	64	1200	51	240	43	420	35	480	39
622	1500.0	61.5		61.1		1620	68	0	0	1440	60	300	53	540	57	600	56
623	1320.0	79.9		79.1		1560	88	120	92	1260	77	180	73	300	69	540	69
624	1560.0	77.6		77.2		2040	82	60	78	1500	78	120	80	180	65	780	68
625	1380.0	88.7		88.5		1740	93	0	0	1380	86	180	88	480	86	360	82
626	1280.0	95.5		94.9		1560	103	180	102	1440	92	0	0	300	87	360	81
627	1340.0	93.4		92.6		1560	103	0	0	1500	92	0	0	180	81	780	80
628	1220.0	91.8		91.4		1560	99	0	0	1380	86	60	87	300	87	360	88
629	940.0	101.1		100.2		960	113	180	109	780	96	180	96	240	90	480	90
630	1140.0	93.4		93.2		1560	98	0	0	1020	90	240	90	420	88	180	90
631	1340.0	93.5		92.8		1740	101	0	0	1380	92	120	96	180	80	600	79
632	1080.0	91.6		91.0		1440	99	0	0	1020	89	0	0	120	83	660	81
633	1500.0	85.1		84.9		1860	88	60	97	1560	86	240	84	240	76	540	76
634	1220.0	92.7		92.2		1800	98	60	94	1200	90	60	92	60	72	480	82
635	1240.0	88.2		87.3		1440	97	120	98	1260	86	120	83	180	71	600	76
636	1260.0	83.6		82.9		1440	93	0	0	1320	80	60	82	300	74	660	75
637	1340.0	87.8		87.5		1740	92	60	98	1380	87	120	90	240	76	480	79
638	1500.0	88.6		88.3		1920	94	0	0	1500	86	180	88	360	81	540	82
639	1580.0	80.7		80.4		1800	86	60	88	1680	78	300	76	300	78	600	75
640	1520.0	86.1		85.9		1980	90	60	81	1620	85	60	84	180	82	660	79
641	1440.0	87.9		87.7		1560	93	0	0	1560	86	180	90	420	85	600	81
642	1360.0	89.9		89.7		1920	92	120	88	1440	90	120	92	120	89	360	78
643	1720.0	91.2		90.7		2160	97	0	0	1800	91	120	92	300	82	780	79
644	1600.0	88.5		88.4		2040	92	60	89	1680	87	120	92	540	83	360	83
645	1560.0	91.8		91.6		2220	96	0	0	1200	89	420	90	240	89	600	84
646	1220.0	105.0		103.4		1500	117	60	119	1380	102	0	0	60	103	660	83
647	1400.0	104.0		102.8		1680	114	0	0	1200	104	300	107	180	95	840	85
648	1420.0	103.1		102.4		1860	111	60	112	1620	100	120	99	60	89	540	87
649	1500.0	105.4		105.0		1860	111	0	0	1680	105	240	104	120	99	600	91
650	1480.0	103.6		102.3		1980	114	0	0	1320	101	120	99	240	98	780	84
651	1540.0	99.3		99.0		1980	103	0	0	1740	100	60	97	360	94	480	86
652	1380.0	101.1		100.3		1800	107	60	116	1020	104	300	98	60	85	900	87
653	1700.0	97.6		97.1		2220	104	60	101	1620	96	240	93	180	93	780	85
654	1600.0	101.9		100.7		2160	110	0	0	1440	104	120	102	540	81	540	85
655	1360.0	101.7		100.8		1740	109	0	0	1260	102	0	0	300	101	780	85
656	1560.0	101.1		100.8		2400	104	0	0	1440	102	180	105	120	91	540	87
657	1620.0	104.6		103.6		2100	114	0	0	1620	102	240	101	240	97	660	85
658	1520.0	93.8		93.3		1920	101	60	105	1680	90	120	92	120	83	660	84
659	1540.0	104.7		103.5		2220	114	0	0	1140	103	240	96	240	103	780	84
660	1560.0	101.4		100.8		2280	108	60	109	1440	99	0	0	240	94	660	86
661	1500.0	107.9		106.4		1800	121	60	119	1620	105	0	0	120	95	900	88
662	1300.0	110.2		109.0		1860	120	0	0	1380	107	0	0	120	91	540	89
663	1640.0	107.6		106.4		2160	118	0	0	1800	104	120	104	120	101	720	87
664	1480.0	105.8		105.2		2160	113	0	0	1380	103	120	98	180	99	600	90
665	1280.0	112.0		110.8		1380	124	0	0	1560	111	60	105	300	99	540	92
666	1360.0	101.4		100.1		1440	112	60	114	1380	103	60	107	360	90	780	83
667	1440.0	106.4		105.3		1800	115	180	108	1500	106	60	107	120	97	660	85
668	1280.0	106.9		105.8		1620	117	60	115	1260	104	0	0	360	100	540	87
669	1460.0	108.0		107.3		2100	114	60	118	1320	106	240	106	180	109	480	87
670	1440.0	105.0		104.0		1860	114	0	0	1440	102	180	101	180	109	660	86
671	1340.0	104.4		103.5		1920	112	0	0	1200	103	180	103	120	91	600	86
672	1680.0	105.7		104.6		2340	115	0	0	1740	103	120	98	60	90	780	86
673	1560.0	103.1		101.9		2160	113	0	0	1200	101	300	101	300	88	720	84
674	1400.0	106.8		105.2		1500	120	0	0	1620	107	0	0	180	99	900	86
675	1660.0	98.7		98.0		1920	106	0	0	1800	100	120	97	300	86	840	84
676	1500.0	102.5		102.0		2040	108	0	0	1440	101	240	96	300	100	480	88
677	1540.0	104.8		103.7		1740	115	60	116	1620	104	240	104	540	90	420	84
678	1420.0	109.6		108.3		1860	121	0	0	1620	106	120	102	0	0	660	88
679	1560.0	100.4		99.7		2220	107	0	0	1380	100	120	92	240	92	720	85
680	1600.0	100.5		99.4		2220	110	0	0	1500	98	60	100	120	97	900	82
681	1640.0	100.9		100.3		2040	108	60	105	1740	100	60	98	420	91	600	86
682	1260.0	107.8		106.1		1740	117	60	119	1080	108	60	102	180	106	660	83
683	1580.0	104.8		103.7		1740	115	0	0	1560	105	360	102	420	95	660	85
684	1540.0	109.8		108.7		1920	120	60	113	1680	108	120	101	240	96	600	89
685	1700.0	103.5		102.5		2220	114	0	0	1620	100	120	98	600	90	540	87
686	1580.0	103.8		102.6		1740	113	60	103	1680	105	300	105	120	89	840	84
687	980.0	104.4		103.7		1020	113	0	0	1020	105	120	98	180	101	600	91
688	1600.0	106.1		105.3		2220	113	60	117	1560	105	120	100	240	94	600	88
689	1800.0	101.4		100.3		2520	110	60	108	1620	99	120	97	120	101	960	83
690	1440.0	106.3		105.6		1620	114	60	110	1680	106	120	103	540	95	300	87
691	1460.0	106.0		104.0		1860	118	120	113	1440	102	240	107	120	64	600	85
692	1340.0	109.7		108.1		1980	119	0	0	1260	108	120	101	120	102	540	83
693	1420.0	102.2		99.9		1860	115	0	0	1140	103	240	97	0	0	1020	79
694	1500.0	111.7		109.6		1620	127	0	0	1500	112	180	111	480	98	720	86
695	1620.0	112.4		110.1		2340	125	0	0	1440	110	180	109	180	89	720	83
696	1200.0	114.6		111.7		1200	135	0	0	1200	114	180	107	360	107	660	85
697	1280.0	109.8		108.0		1380	121	0	0	1560	113	60	101	180	87	660	86
698	1120.0	117.8		115.7		780	135	0	0	1440	121	180	114	600	109	360	84
699	1500.0	116.1		113.4		1800	133	0	0	1500	115	120	108	240	103	840	87
700	1280.0	112.8		111.5		1320	126	0	0	1500	112	120	107	300	103	600	92
701	1000.0	113.0		110.6		960	131	0	0	1320	113	60	107	180	91	480	86
702	1020.0	121.9		119.6		720	145	0	0	1380	123	0	0	780	107	180	85
703	1080.0	111.0		108.0		720	138	0	0	1500	113	0	0	300	96	720	86
704	1060.0	107.7		105.6		600	133	60	119	1500	109	0	0	180	101	840	88
705	1260.0	115.7		114.3		1740	126	0	0	1260	114	0	0	240	105	540	91
706	1300.0	122.4		119.1		1440	139	0	0	1620	121	60	60	240	120	540	90
707	1320.0	128.7		125.0		1380	152	0	0	1560	125	0	0	540	117	480	87
708	1340.0	125.9		120.3		1620	152	0	0	1260	123	120	109	60	119	960	88
709	980.0	139.8		135.2		1260	164	0	0	780	138	60	118	600	111	240	96
710	640.0	136.6		131.2		180	182	0	0	1200	145	0	0	240	120	300	89
711	860.0	128.0		122.9		660	156	0	0	1080	136	60	103	180	105	600	92
712	1500.0	126.4		121.9		2220	145	0	0	1380	121	60	109	120	94	720	86
713	1300.0	132.7		126.1		1740	159	0	0	1080	128	0	0	360	113	720	86
714	900.0	129.4		127.0		960	145	0	0	1260	128	0	0	300	112	180	85
715	1200.0	119.8		116.1		1200	145	0	0	1440	117	0	0	300	103	660	88
716	1160.0	134.1		129.2		1440	157	0	0	1380	129	60	112	120	112	480	88
717	940.0	127.0		122.0		720	158	0	0	1260	129	120	95	240	119	480	87
718	1000.0	117.5		115.4		780	136	60	116	1140	122	120	100	300	109	600	93
719	1020.0	121.6		118.9		1200	137	0	0	1020	123	120	115	120	115	600	91
720	1240.0	123.2		119.1		1320	145	0	0	1380	123	0	0	300	118	720	86
721	860.0	125.3		119.5		840	152	0	0	1020	129	60	113	60	106	600	85
722	880.0	132.3		127.5		720	167	0	0	1380	128	0	0	240	107	300	89
723	880.0	127.8		125.3		720	144	0	0	1440	130	60	117	60	106	360	92
724	1140.0	120.0		117.1		1260	140	0	0	1140	119	60	115	180	105	780	93
725	1020.0	128.6		124.5		1140	148	0	0	1320	127	60	114	240	111	300	79
726	860.0	126.4		123.2		660	149	0	0	1140	130	60	119	360	111	360	90
727	1560.0	119.2		114.5		1980	140	0	0	1620	117	120	102	0	0	960	82
728	740.0	128.1		122.4		420	164	0	0	1020	135	0	0	360	117	420	85
729	1140.0	119.7		113.0		720	156	60	119	1380	130	60	102	240	107	960	82
730	1180.0	123.3		119.4		1200	144	0	0	1380	126	60	103	180	112	720	88
731	1060.0	119.8		117.3		1140	137	0	0	1380	118	0	0	120	117	540	89
732	1180.0	126.8		123.6		1560	144	0	0	1140	125	60	98	360	107	420	89
733	1400.0	121.3		117.7		1860	137	0	0	1200	122	300	107	60	150	780	86
734	1640.0	120.1		117.6		2220	134	0	0	1620	118	180	104	180	117	720	87
735	1300.0	129.6		126.1		1740	147	0	0	1440	126	0	0	180	109	540	90
736	1080.0	131.2		126.7		1020	155	0	0	1440	132	0	0	300	117	480	87
737	1140.0	129.5		125.1		1260	153	0	0	1440	125	0	0	240	120	480	86
738	1280.0	125.4		119.4		1440	151	0	0	1260	128	60	116	180	108	900	85
739	1040.0	115.0		111.5		1020	141	0	0	900	114	120	111	240	98	840	90
740	980.0	126.4		123.3		960	149	0	0	1080	126	120	103	420	113	360	91
741	840.0	125.7		119.4		900	153	0	0	840	130	0	0	180	101	600	86
742	700.0	132.0		125.0		660	167	0	0	660	136	180	101	180	120	420	89
743	840.0	128.6		123.3		480	154	0	0	1020	142	0	0	300	130	720	92
744	1020.0	128.5		125.5		1200	147	0	0	1320	125	0	0	180	108	360	90
745	1080.0	134.5		129.1		1200	158	0	0	1260	135	0	0	180	126	600	89
746	980.0	127.7		122.8		840	162	0	0	1320	125	0	0	240	98	540	94
747	1000.0	136.0		131.7		840	166	0	0	1260	136	0	0	600	117	300	90
748	660.0	131.8		124.8		600	169	0	0	660	136	0	0	360	104	360	90
749	1060.0	131.7		127.5		1140	156	0	0	1260	129	60	114	180	118	540	93
750	920.0	139.7		136.1		1080	160	0	0	1020	138	0	0	300	124	360	97
751	1080.0	137.5		131.5		1140	163	0	0	1200	139	120	96	240	136	540	90
752	1140.0	132.9		129.6		1020	156	0	0	1560	133	0	0	480	114	360	92
753	1080.0	137.6		132.4		1140	166	0	0	1140	136	0	0	600	116	360	89
754	1240.0	136.0		129.0		1620	162	0	0	1200	135	60	95	180	95	660	89
755	960.0	134.3		130.8		1080	156	0	0	1320	129	60	108	180	114	240	88
756	1180.0	131.5		128.5		1320	150	0	0	1380	130	60	114	300	120	480	94
757	1360.0	135.9		131.2		1800	157	0	0	1500	131	0	0	240	113	540	89
758	1000.0	119.5		115.9		780	138	0	0	1440	126	60	112	0	0	720	87
759	940.0	131.3		126.8		1080	151	0	0	1140	133	60	115	0	0	540	90
760	1220.0	131.2		125.7		1740	151	0	0	1020	133	120	103	60	90	720	89
761	960.0	122.9		117.9		1020	147	0	0	1140	124	60	98	0	0	660	86
762	1100.0	136.1		130.2		1260	162	0	0	1200	134	0	0	360	121	480	85
763	900.0	136.5		130.0		840	174	0	0	960	135	60	110	480	112	360	90
764	840.0	137.8		131.7		780	171	0	0	840	139	0	0	600	119	300	86
765	1280.0	132.2		126.7		1500	157	0	0	1380	130	0	0	300	118	660	87
766	860.0	143.9		138.7		960	169	0	0	1140	140	0	0	120	133	360	93
767	1200.0	124.1		117.6		1140	153	0	0	1260	132	60	116	0	0	1140	87
768	900.0	138.1		135.2		480	164	0	0	1680	141	0	0	300	115	240	95
769	1640.0	122.1		117.6		2400	141	0	0	1380	118	180	102	240	86	720	84
770	980.0	126.3		121.1		1080	150	0	0	1080	127	0	0	240	112	540	84
771	720.0	126.2		120.7		480	160	0	0	840	134	0	0	300	117	540	89
772	980.0	127.5		121.2		660	165	0	0	1320	132	0	0	240	121	720	87
773	1540.0	124.3		117.9		1680	153	0	0	1800	123	0	0	0	0	1140	84
774	1220.0	137.4		134.7		1500	154	0	0	1260	136	120	113	420	125	360	96
775	1000.0	130.4		124.1		1020	160	0	0	1200	131	0	0	240	102	540	86
776	1000.0	139.6		134.1		1020	167	0	0	1140	140	60	114	360	123	420	90
777	1300.0	121.6		114.5		1500	152	0	0	1080	123	60	111	60	101	1200	84
778	1080.0	134.3		130.0		1380	155	0	0	1260	130	0	0	120	114	480	91
779	1120.0	122.9		118.5		720	153	0	0	1800	126	0	0	60	123	780	88
780	1060.0	128.3		122.7		840	163	0	0	1500	129	0	0	360	101	480	86
781	440.0	134.6		129.1		180	159	0	0	540	148	0	0	360	134	240	87
782	1200.0	126.8		123.3		1320	145	0	0	1380	124	120	107	360	127	420	84
783	1080.0	130.0		125.0		1200	155	0	0	1320	128	60	114	0	0	660	90
784	1100.0	134.3		129.7		1020	163	0	0	1560	130	0	0	240	129	480	90
785	800.0	136.2		130.4		720	170	0	0	1020	136	0	0	360	108	300	90
786	1020.0	133.4		126.4		1140	164	0	0	1200	131	0	0	0	0	720	89
787	680.0	131.9		127.2		540	160	0	0	900	135	120	103	180	123	300	89
788	980.0	138.6		131.7		840	175	0	0	1140	144	0	0	660	104	300	92
789	500.0	144.5		140.5		180	192	0	0	600	155	0	0	660	127	60	89
790	1200.0	124.1		119.1		1380	149	0	0	1200	123	120	102	60	125	840	88
791	820.0	135.0		130.8		840	162	0	0	1200	129	120	109	60	109	240	90
792	840.0	130.5		127.3		660	159	0	0	1140	127	0	0	480	120	240	90
793	1040.0	134.3		128.4		1020	161	0	0	1200	138	0	0	300	119	600	89
794	820.0	144.4		140.6		960	166	0	0	900	143	0	0	360	122	240	97
795	1080.0	127.2		120.7		960	162	0	0	1260	128	60	106	180	117	780	87
796	1320.0	128.5		124.0		1440	152	0	0	1620	128	0	0	300	98	600	89
797	1000.0	128.9		123.7		960	155	0	0	1200	130	60	103	240	122	540	86
798	560.0	138.6		134.9		480	167	0	0	600	142	0	0	480	116	120	99
799	1060.0	137.7		132.5		1260	162	0	0	1200	136	60	111	300	105	360	90
800	860.0	129.5		124.5		600	162	0	0	1380	130	0	0	120	127	480	88
801	780.0	131.0		123.7		720	167	0	0	900	134	0	0	120	93	600	91
802	1320.0	128.6		124.9		1860	147	0	0	1260	122	120	106	300	111	420	86
803	780.0	135.4		128.4		540	170	0	0	1140	143	60	107	60	115	540	90
804	800.0	134.6		128.0		840	164	0	0	840	138	60	112	60	125	600	92
805	1220.0	137.3		132.0		1560	161	0	0	1320	132	60	106	240	119	480	88
806	1040.0	132.8		128.3		900	159	0	0	1380	135	60	106	360	114	420	89
807	720.0	146.6		139.9		600	184	0	0	960	146	0	0	360	124	240	89
808	940.0	132.4		128.5		960	155	0	0	1140	133	60	102	300	114	360	91
809	700.0	131.9		125.5		540	169	0	0	840	138	60	116	120	106	540	93
810	1280.0	130.0		123.8		1620	156	0	0	1080	130	240	91	300	107	600	87
811	860.0	134.0		128.2		780	167	0	0	960	133	120	105	360	122	360	87
812	760.0	140.3		136.9		540	169	0	0	1020	142	60	109	420	128	240	98
813	720.0	131.0		126.2		240	157	0	0	1080	146	60	113	480	114	300	87
814	900.0	139.5		131.2		960	176	0	0	900	139	60	117	120	124	660	92
815	960.0	134.4		126.4		960	170	0	0	1320	131	0	0	0	0	600	85
816	1020.0	138.5		133.0		1200	164	0	0	1020	137	0	0	300	123	540	93
817	780.0	138.1		130.7		720	170	0	0	1020	141	0	0	120	122	480	88
818	920.0	121.7		115.3		660	160	0	0	1020	126	120	107	240	118	720	84
819	700.0	140.3		135.3		600	174	0	0	1020	136	0	0	240	124	240	91
820	740.0	133.6		128.2		660	161	0	0	900	138	60	101	180	121	420	91
821	1160.0	126.5		122.2		1440	146	0	0	1140	128	180	96	60	121	660	90
822	1320.0	127.7		122.7		1200	156	0	0	1680	128	0	0	480	109	600	85
823	980.0	137.9		132.5		900	170	0	0	1200	136	0	0	480	119	360	89
824	880.0	136.4		129.1		660	177	0	0	1260	138	0	0	300	111	420	86
825	920.0	137.2		132.3		720	168	0	0	1380	137	0	0	240	127	420	91
826	500.0	140.0		133.4		300	181	0	0	720	144	0	0	180	136	300	92
827	660.0	131.7		126.3		360	163	0	0	1020	137	0	0	240	131	360	86
828	760.0	144.0		137.6		660	181	0	0	840	149	0	0	480	112	300	100
829	1280.0	122.7		116.5		1560	145	0	0	1080	128	0	0	120	134	1080	84
830	760.0	124.0		117.4		300	165	0	0	1020	136	0	0	300	128	660	85
831	760.0	137.4		131.0		660	177	0	0	900	134	0	0	480	115	240	86
832	680.0	121.9		115.5		540	155	0	0	600	132	60	119	300	111	540	84
833	780.0	126.1		121.0		480	166	0	0	960	132	120	105	180	109	600	94
834	1180.0	121.5		117.5		1380	143	0	0	1140	120	60	106	300	110	660	86
835	1000.0	132.2		128.7		1020	153	0	0	1200	133	60	105	360	115	360	92
836	1100.0	126.7		121.4		1080	155	0	0	1380	126	0	0	180	107	660	87
837	1020.0	127.3		123.6		900	154	0	0	1260	124	60	116	360	124	480	90
838	740.0	130.6		124.4		660	163	0	0	960	130	0	0	180	122	420	85
839	780.0	120.6		112.4		300	172	0	0	960	140	0	0	60	124	1020	87
840	960.0	128.5		121.2		900	163	0	0	1140	131	0	0	0	0	840	88
841	960.0	130.7		126.3		1020	157	0	0	1140	128	0	0	180	109	540	94
842	740.0	131.7		126.0		600	165	0	0	840	135	0	0	300	121	480	91
843	1140.0	137.5		132.0		1260	165	0	0	1620	132	0	0	0	0	540	90
844	860.0	144.6		139.8		840	160	0	0	1320	149	0	0	120	129	300	88
845	860.0	126.3		121.8		540	158	0	0	1500	128	0	0	60	113	480	87
846	920.0	129.4		123.4		780	167	0	0	1080	127	60	115	420	111	420	86
847	900.0	126.3		120.0		1080	153	0	0	780	129	120	99	0	0	720	88
848	1060.0	122.6		119.0		1080	137	0	0	1200	132	120	96	180	103	600	89
849	860.0	142.6		135.1		960	172	0	0	840	146	120	101	300	121	360	88
850	960.0	134.4		131.0		840	156	0	0	1380	134	0	0	420	121	240	85
851	1000.0	138.1		133.4		1020	159	0	0	1320	140	0	0	180	132	480	91
852	840.0	131.2		125.3		840	161	0	0	840	133	0	0	180	128	660	92
853	1040.0	127.7		123.1		1200	149	0	0	1020	131	180	107	60	123	660	90
854	820.0	124.5		120.3		420	159	0	0	1080	130	0	0	420	120	540	90
855	820.0	150.5		143.4		720	185	0	0	1140	151	60	114	300	125	240	86
856	1000.0	133.3		126.5		1080	160	0	0	960	138	60	90	240	130	660	88
857	780.0	136.5		130.3		600	167	0	0	1140	140	0	0	240	121	360	85
858	720.0	137.5		132.0		480	176	0	0	960	142	120	110	240	120	360	95
859	1120.0	132.3		125.5		900	170	0	0	1320	134	120	116	360	120	660	87
860	1260.0	128.3		122.2		1620	152	0	0	1080	128	60	105	120	132	900	87
861	740.0	139.2		135.9		840	157	0	0	900	137	60	115	240	130	180	88
862	1020.0	130.4		125.4		900	157	0	0	1380	134	60	96	120	104	600	91
863	880.0	127.0		123.2		840	148	0	0	1080	129	60	116	180	122	480	89
864	1000.0	129.7		124.6		1140	152	0	0	1020	133	120	111	60	124	660	90
865	1040.0	132.1		124.4		1140	164	0	0	1200	131	0	0	0	0	780	87
866	1060.0	132.8		126.9		1140	163	0	0	1140	130	60	112	360	111	480	87
867	780.0	148.8		146.7		660	174	0	0	1080	146	0	0	600	126	0	0
868	900.0	132.8		125.2		840	168	0	0	1200	133	0	0	60	93	600	87
869	760.0	123.9		117.3		480	167	0	0	840	133	60	92	240	110	660	89
870	1100.0	137.2		131.4		1500	160	0	0	1020	134	120	110	180	114	480	88
871	820.0	125.9		120.6		600	160	0	0	1020	131	180	88	180	112	480	92
872	940.0	124.3		119.5		900	153	0	0	1200	123	60	96	0	0	660	90
873	760.0	146.0		137.6		900	180	0	0	840	141	0	0	180	109	360	91
874	1220.0	138.2		132.2		1380	168	0	0	1560	131	60	96	240	114	420	87
875	760.0	132.9		125.9		540	171	0	0	1020	139	0	0	180	116	540	89
876	880.0	131.3		127.4		840	156	0	0	1140	130	0	0	240	120	420	92
877	1040.0	126.7		122.6		1080	152	0	0	1200	124	180	110	120	117	540	90
878	980.0	125.6		121.0		720	156	0	0	1440	126	0	0	240	121	540	86
879	820.0	137.2		131.5		720	167	0	0	1080	140	0	0	360	110	300	88
880	1360.0	125.4		119.8		1680	154	0	0	1140	119	180	104	240	92	840	91
881	700.0	137.3		129.4		420	183	0	0	840	149	0	0	480	114	360	88
882	600.0	131.5		129.1		300	157	0	0	900	134	0	0	420	125	180	92
883	800.0	138.8		132.1		780	170	0	0	1020	140	0	0	120	118	480	91
884	860.0	134.6		131.2		780	157	0	0	1260	130	0	0	300	134	240	87
885	1060.0	132.0		124.5		900	158	0	0	1380	142	60	118	60	138	780	85
886	1060.0	128.1		123.4		1080	155	0	0	1200	128	0	0	540	102	360	87
887	840.0	144.2		136.6		720	184	0	0	1140	144	0	0	180	123	480	93
888	640.0	133.4		126.6		540	169	0	0	780	136	0	0	180	119	420	89
889	980.0	124.9		119.0		960	148	0	0	1080	134	180	91	180	103	540	84
890	1060.0	131.3		126.7		1200	150	0	0	1260	136	120	89	120	95	480	92
891	1000.0	137.2		132.3		900	167	0	0	1380	137	0	0	240	111	480	95
892	660.0	145.0		141.6		540	176	0	0	1020	142	60	115	240	112	120	112
893	1140.0	132.3		126.9		1080	160	0	0	1500	133	0	0	120	129	720	90
894	900.0	130.8		126.9		660	148	0	0	1200	140	120	95	360	121	360	90
895	820.0	131.7		126.4		720	164	0	0	1020	128	60	87	360	123	300	86
896	800.0	142.6		132.8		780	182	0	0	900	146	60	92	60	134	600	92
897	940.0	128.1		123.0		1020	152	0	0	1140	127	120	105	60	135	480	85
898	900.0	128.4		123.0		1020	151	60	103	960	133	60	92	0	0	600	89
899	640.0	132.2		126.5		600	155	0	0	840	139	60	104	60	110	360	87
900	820.0	135.4		127.0		780	167	0	0	900	144	120	113	60	124	600	87
901	1020.0	135.9		131.4		1200	159	0	0	1380	131	0	0	120	103	360	89
902	840.0	136.0		130.2		600	164	0	0	1200	142	60	112	360	118	300	82
903	720.0	138.0		130.2		600	179	0	0	1020	137	0	0	60	129	480	90
904	740.0	139.1		134.2		480	173	0	0	1080	144	0	0	360	117	300	94
905	800.0	131.7		124.4		900	161	0	0	900	130	0	0	120	120	480	83
906	1000.0	127.0		121.5		1080	149	0	0	1140	131	0	0	180	113	600	84
907	940.0	135.0		131.8		1140	155	0	0	1140	127	60	115	180	136	300	93
908	940.0	129.5		123.1		720	169	0	0	1020	133	60	112	360	116	660	90
909	880.0	128.3		120.3		720	160	0	0	1140	138	0	0	0	0	780	85
910	940.0	135.0		130.8		900	158	0	0	1200	138	0	0	300	113	420	93
911	1080.0	124.6		118.4		1020	155	0	0	1320	127	0	0	60	82	840	87
912	880.0	128.2		121.7		720	159	0	0	1020	137	60	112	240	105	600	87
913	880.0	135.1		130.2		1020	157	0	0	1080	135	0	0	120	108	420	90
914	1000.0	133.5		128.0		840	167	0	0	1380	134	0	0	120	111	660	94
915	880.0	139.5		135.7		780	165	0	0	1080	137	0	0	540	130	240	89
916	940.0	140.7		137.9		900	159	0	0	1320	142	0	0	360	119	240	97
917	760.0	133.8		128.4		660	167	0	0	960	134	60	109	180	114	420	93
918	1140.0	140.4		134.2		1200	167	0	0	1620	139	0	0	120	112	480	86
919	1100.0	127.7		122.2		1380	152	0	0	1020	127	120	107	0	0	780	89
920	720.0	131.6		128.2		300	164	0	0	900	139	0	0	780	121	180	86
921	860.0	130.3		124.9		420	173	0	0	1320	136	0	0	420	112	420	88
922	800.0	142.0		136.4		960	165	0	0	900	140	0	0	240	126	300	87
923	720.0	137.2		133.6		660	159	0	0	900	140	60	111	360	119	180	89
924	560.0	139.3		132.6		360	174	0	0	720	148	0	0	240	132	360	92
925	1280.0	130.8		125.6		1260	160	0	0	1740	128	60	115	300	91	480	91
926	640.0	142.0		137.6		480	177	0	0	720	143	60	101	480	127	180	98
927	700.0	128.8		123.2		540	160	0	0	840	136	60	105	180	113	480	90
928	720.0	138.5		129.4		480	188	0	0	900	145	0	0	240	124	540	90
929	680.0	142.1		138.0		600	171	0	0	780	136	0	0	480	135	180	91
930	840.0	151.3		146.8		840	172	0	0	1080	155	0	0	420	126	180	91
931	1100.0	134.4		128.3		1080	168	0	0	1260	131	60	104	300	123	600	90
932	580.0	124.7		117.9		240	173	0	0	660	137	60	104	360	121	420	84
933	780.0	128.7		122.4		720	163	0	0	840	130	180	110	120	105	480	88
934	600.0	137.6		129.8		420	184	0	0	780	137	0	0	240	133	360	88
935	1160.0	135.3		129.2		1380	159	0	0	1260	136	120	89	360	111	360	82
936	920.0	141.6		135.8		960	173	0	0	1020	139	60	107	480	115	240	89
937	740.0	153.1		149.5		600	187	0	0	900	153	0	0	720	125	0	0
938	840.0	134.3		128.0		780	164	0	0	1140	136	60	112	120	101	420	87
939	860.0	131.0		124.8		660	165	0	0	1380	132	0	0	60	86	480	87
940	880.0	133.2		127.2		900	159	0	0	960	135	60	95	240	131	480	87
941	840.0	138.7		132.3		900	167	0	0	960	139	120	108	180	120	360	87
942	660.0	133.3		129.1		600	161	0	0	900	132	0	0	360	106	120	86
943	880.0	130.9		126.9		900	154	0	0	960	133	0	0	420	111	360	91
944	840.0	130.6		125.6		960	157	0	0	840	128	60	93	300	111	360	89
945	700.0	141.0		138.0		600	164	0	0	1140	139	0	0	240	118	120	91
946	640.0	129.8		126.4		600	149	0	0	780	130	0	0	300	125	240	87
947	800.0	123.0		118.0		780	150	0	0	960	124	0	0	60	105	600	88
948	880.0	121.2		117.6		840	142	0	0	1080	124	120	96	120	113	480	87
949	460.0	130.7		127.0		300	159	0	0	660	132	0	0	240	124	180	88
950	820.0	131.0		128.3		840	149	0	0	1020	130	0	0	360	119	240	90
951	780.0	139.0		135.8		720	163	0	0	1080	137	60	117	420	115	60	78
952	840.0	125.4		121.7		1080	142	0	0	840	128	120	99	0	0	480	90
953	880.0	124.4		120.2		840	147	0	0	1200	125	120	106	120	73	360	93
954	940.0	126.7		123.0		780	150	0	0	1260	130	120	108	360	106	300	85
955	780.0	126.4		121.6		660	159	0	0	1020	124	120	115	180	107	360	87
956	820.0	125.9		123.6		660	147	0	0	1080	128	120	107	360	108	240	95
957	860.0	123.0		120.1		780	142	0	0	1260	124	0	0	180	104	360	88
958	900.0	127.0		123.0		720	160	0	0	1140	125	120	118	300	104	420	95
959	940.0	129.3		126.5		900	153	0	0	1200	125	60	116	480	112	180	90
960	1100.0	124.8		121.1		1200	143	0	0	1200	128	60	112	180	118	660	89
961	720.0	129.8		123.8		420	157	0	0	1200	139	0	0	180	90	360	87
962	1020.0	131.8		127.5		1080	160	0	0	1260	124	120	116	300	112	300	89
963	780.0	139.4		134.7		660	170	0	0	900	142	0	0	600	117	180	89
964	1060.0	129.8		124.4		1080	157	0	0	1200	131	120	105	180	115	600	88
965	880.0	130.6		124.2		900	161	0	0	900	134	0	0	240	105	600	90
966	800.0	130.6		124.2		660	152	0	0	1020	139	60	112	300	123	360	77
967	620.0	139.6		135.3		360	167	0	0	960	146	0	0	360	121	180	88
968	700.0	137.5		130.1		540	184	0	0	780	135	0	0	420	124	360	89
969	1100.0	127.4		123.7		1200	150	0	0	1260	125	60	119	420	104	360	89
970	1100.0	129.6		124.9		1260	151	0	0	1320	130	0	0	60	116	660	89
971	1120.0	128.4		124.0		1320	150	0	0	1140	130	60	101	180	107	660	91
972	1280.0	126.2		122.7		1560	146	0	0	1380	121	60	115	240	124	600	89
973	780.0	147.3		142.6		840	173	0	0	1020	141	0	0	300	133	180	87
974	880.0	128.1		121.9		660	162	0	0	1200	134	60	101	60	96	660	89
975	1140.0	130.5		124.6		1320	158	0	0	1200	128	60	114	180	107	660	88
976	840.0	143.6		140.9		840	165	0	0	1080	142	0	0	540	120	60	87
977	1000.0	120.3		115.7		960	148	0	0	1140	119	60	85	120	123	720	88
978	640.0	120.2		117.2		240	150	0	0	1020	127	60	118	240	109	360	89
979	840.0	117.9		113.9		840	140	0	0	780	121	120	91	300	113	480	84
980	680.0	124.0		121.9		360	146	0	0	1080	128	0	0	300	112	300	95
981	1140.0	118.7		114.2		1080	149	0	0	1260	116	180	99	120	104	780	88
982	1100.0	130.6		124.9		1020	162	0	0	1260	132	180	105	240	113	600	89
983	680.0	138.0		136.2		660	159	0	0	1020	132	0	0	300	118	60	108
984	1160.0	130.0		125.8		1320	151	0	0	1620	127	0	0	120	86	420	88
985	920.0	129.7		124.2		780	162	0	0	1200	130	0	0	300	113	480	87
986	760.0	132.1		124.8		720	173	0	0	960	126	0	0	240	98	360	89
987	980.0	139.8		130.6		1080	173	0	0	1020	142	0	0	240	118	600	85
988	1120.0	140.4		137.5		1320	161	0	0	1320	136	0	0	600	114	120	95
989	980.0	139.7		134.1		1200	167	0	0	1200	130	0	0	180	123	360	89
990	760.0	134.3		126.4		960	162	0	0	720	136	0	0	0	0	600	88
991	760.0	134.9		130.3		600	161	0	0	1020	140	60	107	300	116	300	90
992	720.0	125.5		121.3		1020	141	0	0	540	131	60	92	120	117	420	88
993	980.0	135.9		131.3		1200	163	0	0	1020	125	120	115	240	120	360	94
994	760.0	130.2		126.0		780	152	0	0	720	136	120	100	360	116	300	89
995	1280.0	127.0		121.2		1680	152	0	0	1140	123	120	110	120	100	780	86
996	840.0	131.4		126.4		900	157	0	0	1020	130	0	0	120	117	480	90
997	840.0	128.8		122.6		900	160	0	0	840	126	60	116	240	108	480	87
998	740.0	139.8		136.2		600	164	0	0	1020	141	0	0	420	124	180	89
999	1140.0	124.4		118.4		1320	155	0	0	1080	118	120	115	120	99	780	87
1000	940.0	132.1		126.2		900	164	0	0	1260	130	0	0	120	109	540	89
1001	700.0	140.6		133.5		660	179	0	0	900	137	0	0	240	112	300	90
1002	840.0	124.1		118.9		600	161	0	0	960	126	0	0	600	109	360	83
1003	800.0	140.3		136.6		600	166	0	0	1260	141	0	0	360	122	180	87
1004	1080.0	128.1		125.5		1320	145	0	0	1260	125	60	108	300	109	300	90
1005	680.0	126.9		122.2		660	152	0	0	720	132	0	0	360	102	300	89
1006	800.0	134.8		127.8		660	171	0	0	960	140	120	108	240	110	420	88
1007	760.0	137.3		133.2		720	163	0	0	1080	135	0	0	240	118	240	90
1008	920.0	136.9		134.2		780	160	0	0	1200	137	60	110	480	122	240	98
1009	780.0	135.1		130.1		1080	158	0	0	660	128	60	100	180	121	360	92
1010	900.0	128.0		117.4		960	167	0	0	900	129	180	91	60	61	600	82
1011	1060.0	125.6		121.6		1020	149	0	0	1380	127	120	95	120	102	540	90
1012	1000.0	131.0		127.4		900	157	0	0	1440	128	0	0	300	115	360	91
1013	940.0	140.0		133.9		1020	169	0	0	1080	136	0	0	300	127	420	89
1014	840.0	136.5		130.4		660	166	0	0	1200	141	0	0	180	125	480	89
1015	840.0	135.9		131.2		960	157	0	0	1020	135	60	99	240	116	240	84
1016	900.0	140.3		135.8		840	169	0	0	1260	137	0	0	300	122	300	92
1017	840.0	142.5		138.3		780	174	0	0	1080	139	0	0	480	116	180	98
1018	1020.0	122.4		118.6		780	147	0	0	1500	126	0	0	180	87	600	92
1019	980.0	122.8		118.3		1020	145	0	0	900	128	240	99	180	122	600	87
1020	840.0	140.6		135.0		780	171	0	0	1020	141	0	0	420	120	300	89
1021	780.0	130.7		124.8		960	156	0	0	720	130	120	94	180	113	360	86
1022	780.0	126.4		122.2		540	153	0	0	900	135	0	0	540	111	360	88
1023	660.0	135.7		130.7		540	163	0	0	1020	138	0	0	120	105	300	91
1024	1240.0	136.1		133.3		1260	158	0	0	1620	133	0	0	600	116	240	93
1025	1040.0	130.6		125.4		1320	152	0	0	1020	132	120	103	180	101	480	87
1026	720.0	135.9		131.8		540	174	0	0	1200	130	0	0	240	110	180	96
1027	960.0	135.3		130.6		960	163	0	0	960	135	60	117	600	117	300	88
1028	1060.0	129.8		125.0		900	155	0	0	1380	135	0	0	300	112	600	89
1029	540.0	136.9		130.4		240	192	0	0	540	148	60	116	480	127	300	93
1030	1060.0	131.5		126.5		780	166	0	0	1380	134	120	103	420	115	480	90
1031	780.0	138.5		135.1		720	167	0	0	960	134	0	0	360	123	300	103
1032	1040.0	127.0		123.7		960	146	60	107	1320	131	60	97	360	109	360	88
1033	980.0	136.5		129.5		1080	170	0	0	1080	132	60	91	180	114	540	91
1034	920.0	135.0		131.1		780	164	0	0	1140	133	0	0	540	122	300	91
1035	1240.0	135.9		132.3		1380	160	0	0	1500	129	0	0	480	120	360	93
1036	1100.0	141.0		136.7		1200	164	0	0	1380	140	0	0	360	116	360	93
1037	840.0	144.7		140.0		720	178	0	0	1080	144	0	0	540	118	180	96
1038	1140.0	135.0		130.5		1260	159	0	0	1140	135	180	105	420	120	420	91
1039	960.0	137.7		130.7		1020	172	0	0	1200	132	120	96	240	107	300	85
1040	860.0	131.9		128.0		780	158	0	0	1140	129	120	101	240	127	300	91
1041	900.0	140.0		135.6		780	169	0	0	1200	140	0	0	540	115	180	89
1042	980.0	142.9		138.8		1260	165	0	0	1200	136	0	0	180	113	300	96
1043	1000.0	134.4		129.2		1140	162	0	0	1020	131	120	95	360	113	360	91
1044	700.0	132.4		124.7		540	171	0	0	840	141	120	106	0	0	600	91
1045	900.0	139.0		132.7		1140	165	0	0	1020	134	0	0	180	107	360	87
1046	720.0	139.3		133.5		600	168	0	0	900	145	60	102	360	119	240	86
1047	800.0	130.4		123.4		720	150	0	0	960	144	60	95	180	120	480	82
1048	900.0	148.6		141.8		1020	178	0	0	1080	143	0	0	240	137	360	90
1049	760.0	138.2		132.1		600	165	0	0	1140	144	0	0	180	115	360	87
1050	1100.0	143.9		139.1		1200	168	0	0	1260	140	0	0	480	134	360	90
1051	640.0	137.5		131.7		360	176	0	0	900	145	0	0	360	119	300	91
1052	1020.0	137.4		129.3		1080	171	0	0	1200	136	60	118	120	115	600	86
1053	680.0	145.4		139.6		720	178	0	0	660	140	60	119	300	133	300	97
1054	1220.0	140.3		137.7		1380	159	0	0	1500	138	0	0	540	118	240	98
1055	820.0	148.2		144.1		720	182	0	0	1020	144	0	0	600	125	120	97
1056	880.0	129.4		123.3		780	164	0	0	960	129	60	91	300	121	540	89
1057	900.0	133.6		128.9		960	153	0	0	1020	138	60	101	300	120	360	86
1058	740.0	139.5		130.5		660	185	0	0	960	134	0	0	120	135	480	89
1059	1260.0	131.0		128.0		1380	152	0	0	1380	129	60	104	600	113	360	93
1060	580.0	139.8		132.1		420	174	0	0	720	148	0	0	300	127	300	85
1061	1200.0	133.3		128.0		1500	156	0	0	1260	133	60	97	180	86	600	95
1062	880.0	131.6		124.9		660	172	0	0	1020	137	120	105	300	108	540	91
1063	760.0	130.8		123.0		660	170	0	0	840	134	120	106	240	104	420	85
1064	1200.0	138.5		133.9		1020	164	0	0	1560	144	0	0	600	112	420	94
1065	1020.0	137.8		133.2		1260	161	0	0	1020	135	60	104	300	118	420	94
1066	880.0	144.6		142.5		840	166	0	0	1080	141	0	0	660	128	60	92
1067	1240.0	132.0		127.0		1500	155	0	0	1440	129	0	0	180	110	600	88
1068	1060.0	123.7		119.9		1080	142	0	0	1320	128	0	0	60	115	720	89
1069	1080.0	134.8		130.1		1080	163	0	0	1500	129	0	0	240	124	420	89
1070	900.0	140.1		133.0		1020	172	0	0	1140	134	0	0	60	114	480	90
1071	1020.0	136.4		130.9		1080	164	0	0	1020	136	60	115	540	118	360	86
1072	840.0	136.7		130.7		660	170	0	0	1080	141	0	0	240	124	540	93
1073	940.0	140.8		135.1		900	167	0	0	1320	142	60	116	180	117	360	87
1074	920.0	125.5		119.9		780	157	0	0	1200	128	0	0	60	102	720	89
1075	940.0	139.3		132.5		900	172	0	0	1080	138	0	0	360	130	480	88
1076	880.0	142.2		133.5		840	182	0	0	960	142	60	100	420	118	360	85
1077	760.0	140.2		135.1		600	174	0	0	960	143	0	0	420	117	300	96
1078	1100.0	139.8		135.5		1140	167	0	0	1380	136	0	0	540	114	240	91
1079	1040.0	146.0		142.9		1260	164	0	0	1320	142	0	0	360	126	180	90
1080	1040.0	137.0		135.1		960	152	0	0	1500	136	0	0	420	130	240	95
1081	880.0	138.0		132.4		600	177	0	0	1200	142	60	105	540	111	240	90
1082	720.0	134.1		127.1		480	181	0	0	840	138	0	0	420	117	420	90
1083	820.0	132.8		126.1		720	167	0	0	900	132	60	100	300	133	480	87
1084	960.0	135.4		128.2		900	166	0	0	1140	140	60	109	180	124	600	87
1085	1040.0	142.8		138.9		1140	166	0	0	1080	141	0	0	660	124	240	92
1086	700.0	133.6		128.7		660	162	0	0	720	131	0	0	420	126	300	88
1087	880.0	137.8		133.5		660	170	0	0	1320	136	60	102	360	124	240	89
1088	980.0	134.2		128.4		1260	156	0	0	900	138	120	97	240	105	420	88
1089	1140.0	132.5		128.9		1380	153	0	0	1380	128	60	104	240	111	360	90
1090	880.0	132.3		129.1		960	150	0	0	1200	131	0	0	180	121	300	88
1091	820.0	132.4		127.1		660	167	0	0	1080	133	60	119	480	102	180	87
1092	780.0	136.3		134.3		720	153	0	0	960	137	0	0	540	123	120	91
1093	840.0	157.1		149.4		1020	187	0	0	1020	152	0	0	180	125	300	92
1094	740.0	137.4		131.1		480	172	0	0	1020	146	0	0	420	112	300	88
1095	1060.0	128.7		123.0		1200	154	0	0	1260	128	0	0	60	83	660	88
1096	1020.0	136.2		132.2		960	161	0	0	1440	135	0	0	420	111	240	88
1097	860.0	134.1		126.2		1020	162	0	0	720	140	0	0	120	132	720	89
1098	900.0	134.1		128.4		1020	159	0	0	1020	135	60	93	120	112	480	90
1099	1080.0	124.5		120.2		1260	147	0	0	1140	123	60	105	240	100	540	88
1100	700.0	136.8		129.9		660	173	0	0	720	134	60	109	360	124	300	85
1101	660.0	126.5		121.7		480	153	0	0	660	140	120	102	360	111	360	90
1102	740.0	144.7		136.1		720	173	0	0	960	152	60	95	120	118	360	86
1103	740.0	129.3		125.0		480	165	0	0	960	134	0	0	540	104	240	96
1104	1200.0	125.6		120.0		1620	147	0	0	1140	123	60	58	180	101	600	87
1105	1100.0	125.6		120.5		1380	149	0	0	960	125	60	92	120	116	780	89
1106	980.0	127.7		124.6		1020	149	0	0	1320	123	60	116	300	112	240	85
1107	1080.0	128.7		126.0		900	151	0	0	1260	130	60	110	780	115	240	88
1108	680.0	133.3		130.5		540	160	0	0	900	132	0	0	480	116	120	92
1109	1060.0	131.4		128.7		1380	148	0	0	1080	128	0	0	420	112	300	94
1110	1540.0	113.4		107.7		1740	141	0	0	1560	111	0	0	0	0	1320	80
1111	920.0	131.2		127.5		660	164	0	0	1320	131	0	0	540	107	240	96
1112	600.0	132.0		129.8		420	156	0	0	600	137	0	0	660	118	120	100
1113	1040.0	130.1		124.8		1020	159	0	0	1260	128	0	0	300	118	540	87
1114	740.0	137.9		133.7		780	161	0	0	720	143	60	105	420	115	240	96
1115	1060.0	134.9		128.6		1320	159	0	0	960	140	120	96	180	104	600	91
1116	940.0	130.0		126.1		840	153	0	0	1080	133	0	0	540	116	360	88
1117	820.0	132.2		128.3		660	158	0	0	1260	132	0	0	300	114	240	85
1118	1040.0	125.6		119.6		960	156	0	0	1140	129	60	102	240	112	720	86
1119	1140.0	140.1		133.8		1440	168	0	0	1320	132	0	0	180	113	480	89
1120	640.0	135.6		131.5		420	160	0	0	780	140	0	0	420	135	300	91
1121	620.0	133.7		126.8		420	167	0	0	960	140	0	0	60	127	420	87
1122	880.0	133.3		126.0		900	169	0	0	900	133	60	116	180	107	600	90
1123	880.0	135.2		131.5		720	166	0	0	1380	131	60	98	300	113	180	93
1124	940.0	140.2		137.3		900	157	0	0	1260	143	0	0	420	123	240	93
1125	940.0	127.1		122.3		1140	153	120	115	660	126	180	95	300	103	420	93
1126	860.0	131.2		125.1		780	162	0	0	1020	135	60	105	240	108	480	88
1127	1100.0	136.0		129.1		1320	162	0	0	960	142	60	94	300	112	660	90
1128	1040.0	140.5		134.7		1260	166	0	0	1140	136	60	119	240	125	420	88
1129	880.0	133.3		127.0		660	169	0	0	1140	138	60	103	240	118	540	90
1130	1120.0	137.4		131.1		1200	166	0	0	1200	136	0	0	480	122	480	85
1131	840.0	136.6		130.1		780	168	0	0	960	139	0	0	360	120	420	87
1132	1140.0	133.4		127.0		1140	162	0	0	1320	136	0	0	360	112	600	86
1133	1060.0	127.3		122.4		900	150	0	0	1500	133	0	0	120	108	660	87
1134	680.0	142.0		137.4		420	180	0	0	900	147	0	0	540	119	180	97
1135	840.0	129.8		122.3		840	167	0	0	840	130	180	93	60	116	600	90
1136	1020.0	145.3		140.8		1260	166	0	0	960	146	0	0	600	123	240	89
1137	940.0	135.7		129.5		960	161	0	0	960	145	120	97	360	111	420	89
1138	780.0	147.1		142.4		780	179	0	0	1020	141	0	0	420	118	120	94
1139	520.0	149.5		142.0		420	182	0	0	540	164	0	0	360	127	240	94
1140	880.0	146.9		141.7		840	177	0	0	1200	146	0	0	300	115	300	98
1141	720.0	135.4		131.2		540	160	0	0	1080	139	0	0	240	119	300	91
1142	960.0	140.0		130.6		1140	179	0	0	1020	129	0	0	240	109	480	86
1143	920.0	126.5		119.5		840	161	0	0	900	134	60	105	60	101	900	90
1144	620.0	128.2		122.8		300	153	0	0	780	143	60	102	360	122	360	86
1145	420.0	131.5		120.6		180	200	0	0	480	149	0	0	180	120	420	87
1146	540.0	127.4		122.5		240	165	0	0	660	135	0	0	360	127	360	89
1147	780.0	137.3		131.4		540	174	0	0	960	145	0	0	420	116	420	94
1148	760.0	128.2		123.3		600	163	0	0	840	128	60	92	420	117	360	90
1149	640.0	121.4		114.2		360	177	0	0	720	127	120	114	120	86	600	90
1150	780.0	151.8		146.9		780	183	0	0	780	148	0	0	660	131	120	88
1151	820.0	138.9		137.1		360	170	0	0	1200	141	0	0	780	127	120	102
1152	760.0	142.6		136.8		540	179	0	0	960	148	0	0	540	120	240	90
1153	840.0	145.4		137.6		1020	175	0	0	900	144	60	97	240	109	300	88
1154	420.0	152.3		148.6		360	189	0	0	480	147	0	0	420	127	0	0
1155	760.0	142.8		133.8		900	177	0	0	600	144	60	117	300	120	420	88
1156	760.0	133.9		129.4		660	156	0	0	900	142	60	92	360	116	300	91
1157	540.0	146.3		140.6		360	179	0	0	780	151	0	0	300	129	180	89
1158	700.0	131.8		120.6		480	178	0	0	780	147	60	95	120	130	660	84
1159	960.0	132.8		127.2		1140	158	0	0	1080	129	120	97	180	118	360	84
1160	1000.0	134.9		130.0		840	166	0	0	1200	133	0	0	480	129	480	91
1161	960.0	140.8		135.8		1020	169	0	0	960	138	0	0	600	122	300	91
1162	460.0	157.0		150.8		240	198	0	0	660	167	0	0	420	128	60	85
1163	900.0	132.9		128.5		1020	143	0	0	960	147	180	94	180	125	360	90
1164	860.0	144.8		141.8		660	174	0	0	1200	143	0	0	660	124	60	87
1165	660.0	141.2		137.3		540	173	0	0	840	140	0	0	540	117	60	88
1166	620.0	143.5		135.7		480	182	0	0	840	148	0	0	180	125	360	91
1167	780.0	137.5		131.6		840	165	0	0	840	138	60	114	300	114	300	87
1168	620.0	151.5		144.9		660	178	0	0	720	155	0	0	300	123	180	88
1169	900.0	131.3		125.8		960	160	0	0	1080	128	0	0	120	118	540	90
1170	560.0	144.6		133.5		420	184	0	0	600	163	0	0	180	134	480	91
1171	780.0	128.1		118.0		660	176	0	0	660	138	0	0	180	103	840	88
1172	480.0	139.9		134.6		180	177	0	0	780	149	0	0	300	125	180	88
1173	840.0	144.7		137.2		960	179	0	0	780	141	60	113	360	119	360	92
1174	920.0	141.1		135.7		1020	170	0	0	1140	135	60	107	300	115	240	88
1175	820.0	138.3		131.5		660	175	0	0	1200	138	0	0	180	123	420	88
1176	640.0	135.3		130.0		600	161	0	0	780	139	60	98	120	132	360	92
1177	640.0	134.9		126.2		480	184	0	0	840	135	60	111	120	118	420	87
1178	560.0	137.0		127.2		420	189	0	0	780	137	0	0	60	115	420	88
1179	600.0	135.3		126.8		480	178	0	0	720	140	0	0	120	117	480	90
1180	600.0	131.8		126.2		360	160	0	0	960	141	0	0	120	96	360	91
1181	620.0	145.5		137.3		420	186	0	0	840	156	0	0	300	112	300	93
1182	1080.0	138.9		129.6		1260	174	0	0	960	138	120	96	180	131	720	88
1183	600.0	137.7		132.9		360	171	0	0	720	146	0	0	540	121	180	88
1184	740.0	141.6		133.4		720	178	0	0	960	141	0	0	180	109	360	87
1185	480.0	131.8		124.8		240	179	0	0	480	140	0	0	360	132	360	89
1186	540.0	144.1		132.9		480	187	0	0	660	151	0	0	60	112	420	89
1187	580.0	143.2		135.5		600	172	0	0	660	149	60	97	120	123	300	90
1188	820.0	133.0		126.4		600	171	0	0	1200	135	60	112	60	132	540	89
1189	860.0	145.6		139.6		840	174	0	0	1200	146	60	111	180	115	300	90
1190	620.0	139.0		134.6		540	166	0	0	720	140	0	0	360	128	240	92
1191	760.0	137.0		127.9		900	171	0	0	600	140	60	98	240	112	480	87
1192	480.0	154.4		141.0		480	202	0	0	540	155	60	108	60	141	300	89
1193	480.0	146.7		139.5		240	197	0	0	600	156	0	0	420	129	180	90
1194	680.0	143.5		138.0		780	170	0	0	780	140	60	92	240	122	180	90
1195	560.0	140.0		128.4		480	182	0	0	420	159	60	104	180	146	540	90
1196	920.0	137.6		130.7		960	170	0	0	1080	135	0	0	240	119	480	88
1197	640.0	143.2		135.5		660	178	0	0	720	143	60	104	60	139	420	95
1198	800.0	146.7		137.2		1020	181	0	0	900	138	0	0	60	106	420	88
1199	660.0	145.7		134.7		540	184	0	0	780	153	0	0	180	156	480	87
1200	580.0	126.6		118.5		420	171	0	0	660	135	0	0	0	0	660	90
1201	660.0	145.0		138.1		480	185	0	0	1020	146	0	0	180	123	300	91
1202	520.0	151.9		148.3		300	190	0	0	600	152	0	0	600	139	60	89
1203	600.0	139.1		133.5		300	174	0	0	1020	145	0	0	180	129	300	90
1204	600.0	126.2		120.1		180	180	0	0	1020	137	0	0	120	95	480	91
1205	380.0	136.6		131.4		180	173	0	0	600	144	0	0	180	121	180	91
1206	640.0	135.2		131.4		540	166	0	0	780	133	0	0	420	118	180	93
1207	660.0	134.4		126.2		600	171	0	0	720	138	60	88	180	124	420	87
1208	800.0	142.3		134.4		720	177	0	0	1080	144	0	0	180	123	420	87
1209	460.0	154.2		146.9		480	189	0	0	420	156	0	0	300	131	180	96
1210	600.0	138.6		129.5		240	192	0	0	960	149	0	0	120	147	480	89
1211	500.0	143.8		137.9		360	177	0	0	780	147	0	0	120	125	240	93
1212	1040.0	133.1		126.8		1200	159	0	0	1200	133	0	0	60	112	660	88
1213	560.0	134.7		123.7		240	196	0	0	780	151	0	0	180	112	480	86
1214	540.0	124.2		114.0		300	182	0	0	600	140	0	0	0	0	720	87
1215	880.0	132.0		122.4		660	176	0	0	1080	140	0	0	120	116	780	86
1216	400.0	142.2		135.4		120	212	0	0	660	147	0	0	240	133	180	90
1217	780.0	135.9		125.6		660	178	0	0	780	148	120	105	240	111	540	85
1218	580.0	140.8		135.0		360	182	0	0	780	146	0	0	420	117	180	91
1219	400.0	141.2		135.7		120	214	0	0	420	146	0	0	540	133	120	89
1220	560.0	145.8		136.1		360	196	0	0	780	153	0	0	240	118	300	89
1221	640.0	141.4		133.1		480	185	0	0	780	147	60	117	360	113	240	85
1222	720.0	133.3		128.1		540	159	0	0	1020	139	60	96	180	127	360	88
1223	420.0	128.8		125.6		120	165	0	0	540	135	0	0	420	127	180	90
1224	520.0	150.7		146.1		300	187	0	0	840	153	0	0	300	131	120	93
1225	500.0	142.8		133.7		240	183	0	0	780	155	0	0	120	145	360	89
1226	500.0	114.2		109.3		300	147	0	0	480	127	120	99	60	124	540	87
1227	700.0	145.5		137.6		540	195	0	0	960	140	0	0	360	124	240	88
1228	660.0	151.0		143.4		480	191	0	0	900	156	0	0	360	126	240	90
1229	620.0	154.1		148.2		360	194	0	0	1080	153	0	0	240	147	180	90
1230	720.0	129.1		122.3		540	171	0	0	780	131	60	114	240	123	540	89
1231	580.0	136.4		130.4		420	185	0	0	720	132	60	96	360	116	180	95
1232	780.0	138.3		133.3		540	167	0	0	1080	143	0	0	420	125	300	88
1233	480.0	124.2		113.9		420	168	0	0	240	155	180	98	60	109	540	87
1234	600.0	140.9		135.8		540	167	0	0	720	141	0	0	300	135	240	89
1235	700.0	136.8		131.0		720	164	0	0	780	140	0	0	180	116	420	93
1236	380.0	144.9		138.3		120	212	0	0	420	156	0	0	420	136	180	95
1237	480.0	122.1		114.3		300	174	0	0	600	127	60	86	0	0	480	88
1238	500.0	139.2		128.6		420	185	0	0	540	145	0	0	60	151	480	91
1239	460.0	148.0		140.0		360	188	0	0	720	149	0	0	120	110	180	89
1240	620.0	135.4		127.7		540	174	0	0	660	137	0	0	240	125	420	89
1241	280.0	136.9		131.5		60	204	0	0	480	143	0	0	180	131	120	88
1242	660.0	128.4		118.9		300	165	0	0	840	153	0	0	60	125	780	88
1243	760.0	137.2		131.4		540	171	0	0	1200	140	0	0	120	119	420	91
1244	400.0	128.4		119.6		180	180	0	0	540	144	0	0	60	117	420	88
1245	600.0	141.3		134.2		420	183	0	0	780	143	0	0	300	131	300	89
1246	460.0	145.0		137.8		300	182	0	0	600	155	0	0	240	127	240	92
1247	680.0	148.2		142.9		540	176	0	0	900	155	0	0	300	128	300	98
1248	560.0	122.6		115.4		300	171	0	0	540	132	60	99	300	122	480	85
1249	320.0	143.2		130.7		180	210	0	0	360	158	0	0	180	119	240	89
1250	780.0	142.1		132.5		960	176	0	0	840	138	60	90	120	88	360	88
1251	360.0	142.0		128.2		300	192	0	0	360	157	0	0	60	126	360	88
1252	540.0	145.8		134.1		360	206	0	0	660	151	0	0	240	128	360	88
1253	440.0	151.0		145.0		360	183	0	0	480	148	0	0	360	145	120	85
1254	760.0	138.9		131.2		900	171	0	0	780	136	180	100	120	103	300	88
1255	520.0	129.9		121.0		360	168	0	0	600	146	0	0	60	118	540	88
1256	520.0	138.8		129.0		240	186	0	0	720	158	0	0	240	109	360	89
1257	400.0	152.8		141.4		300	189	0	0	480	167	60	94	180	142	180	85
1258	300.0	140.9		129.5		300	178	0	0	240	162	60	108	60	107	240	90
1259	700.0	132.4		124.5		660	161	60	102	660	147	120	99	120	125	480	87
1260	460.0	150.6		143.5		420	173	0	0	480	165	0	0	300	133	180	89
1261	240.0	139.7		133.3		180	187	0	0	180	143	0	0	300	119	60	91
1262	580.0	142.7		133.6		540	185	0	0	660	142	0	0	120	134	420	92
1263	520.0	143.5		135.1		300	197	0	0	840	147	0	0	120	114	300	92
1264	440.0	160.4		154.6		360	196	0	0	660	161	0	0	240	121	60	97
1265	560.0	126.2		119.8		480	165	0	0	660	126	0	0	120	95	420	91
1266	380.0	143.2		137.5		360	171	0	0	480	147	60	97	180	111	60	88
1267	620.0	129.8		123.3		420	167	0	0	600	135	0	0	360	132	480	89
1268	540.0	119.6		109.4		360	177	0	0	360	141	0	0	0	0	900	88
1269	540.0	129.2		124.2		300	172	0	0	540	136	0	0	420	120	360	94
1270	540.0	121.0		113.4		240	166	0	0	540	144	60	105	180	111	600	87
1271	360.0	130.3		123.4		0	0	0	0	480	161	0	0	360	117	240	89
1272	380.0	130.3		125.6		180	165	0	0	540	140	60	94	180	116	180	93
1273	460.0	120.0		113.3		180	181	0	0	600	130	0	0	60	106	540	90
1274	500.0	128.9		118.8		120	190	0	0	600	154	0	0	240	132	540	86
1275	640.0	155.2		144.5		540	195	0	0	840	162	0	0	180	135	360	90
1276	520.0	142.5		133.7		480	182	0	0	600	142	0	0	120	141	360	91
1277	880.0	137.1		128.8		960	173	0	0	960	134	0	0	120	115	600	89
1278	800.0	148.6		140.9		1020	177	0	0	720	149	120	100	300	118	240	89
1279	660.0	131.6		124.7		660	162	0	0	720	136	60	97	60	120	480	89
1280	620.0	153.2		147.2		420	208	0	0	840	148	0	0	540	125	60	97
1281	400.0	134.2		127.7		180	180	0	0	480	144	0	0	180	141	360	95
1282	360.0	150.6		146.9		60	168	0	0	540	169	0	0	420	132	60	97
1283	440.0	143.1		135.6		300	185	0	0	480	150	0	0	300	132	240	91
1284	460.0	120.4		115.2		360	147	0	0	300	129	180	95	240	132	300	86
1285	620.0	132.0		123.3		480	173	0	0	660	144	60	95	180	106	480	89
1286	780.0	134.5		127.5		900	167	0	0	720	132	120	97	120	114	480	92
1287	500.0	140.6		130.5		180	211	0	0	600	153	60	104	300	143	360	89
1288	300.0	150.1		139.4		300	202	0	0	300	144	0	0	180	110	120	96
1289	620.0	125.0		118.9		360	166	0	0	660	133	60	114	240	125	540	89
1290	500.0	131.8		121.5		360	176	0	0	480	150	60	97	180	113	420	86
1291	300.0	147.9		145.5		120	166	0	0	360	165	0	0	420	128	0	0
1292	360.0	159.1		152.3		300	187	0	0	480	165	0	0	120	154	180	100
1293	380.0	135.2		124.1		180	195	0	0	420	155	60	92	180	124	300	87
1294	420.0	148.7		141.6		240	189	0	0	660	156	0	0	180	125	180	92
1295	360.0	168.3		165.5		120	196	0	0	660	178	0	0	300	136	0	0
1296	460.0	124.3		116.1		300	167	0	0	480	139	60	88	60	121	480	88
1297	440.0	141.0		130.6		300	183	0	0	540	157	60	95	180	110	240	87
1298	500.0	136.0		132.6		240	157	0	0	720	149	0	0	420	113	120	97
1299	320.0	119.6		111.1		0	0	0	0	360	161	0	0	60	128	540	91
1300	580.0	122.1		116.5		480	139	0	0	540	147	180	95	60	94	480	91
1301	540.0	133.8		126.6		300	179	0	0	720	145	0	0	120	109	480	95
1302	540.0	146.2		137.0		420	187	0	0	840	148	0	0	60	131	300	87
1303	520.0	136.4		128.0		480	172	0	0	540	144	60	109	120	119	360	88
1304	420.0	147.2		138.0		360	184	0	0	480	158	0	0	180	120	240	91
1305	360.0	141.8		130.2		240	196	0	0	480	148	0	0	60	144	300	88
1306	320.0	143.5		133.0		180	200	0	0	300	160	60	97	240	133	180	89
1307	540.0	138.4		129.8		240	186	0	0	900	150	0	0	60	114	420	90
1308	540.0	128.6		120.0		420	180	0	0	540	130	0	0	180	107	480	90
1309	440.0	128.2		122.1		360	168	0	0	480	130	0	0	60	100	420	96
1310	340.0	141.9		131.5		180	195	0	0	360	166	0	0	240	115	240	93
1311	320.0	133.9		128.4		120	155	0	0	540	143	0	0	120	144	180	86
1312	560.0	136.9		128.6		540	176	0	0	600	139	60	116	0	0	480	93
1313	540.0	135.8		126.5		360	184	0	0	600	148	60	116	180	112	420	90
1314	540.0	142.2		131.6		300	198	0	0	720	154	0	0	180	124	420	90
1315	380.0	146.4		141.6		300	183	0	0	480	145	0	0	240	127	120	99
1316	440.0	129.2		125.4		120	153	0	0	720	141	0	0	300	116	180	88
1317	720.0	119.1		113.3		540	155	0	0	600	131	180	99	60	116	780	90
1318	400.0	125.2		118.2		120	172	0	0	660	140	0	0	60	92	360	88
1319	440.0	133.5		123.6		300	172	0	0	480	155	60	111	60	103	420	89
1320	420.0	135.3		122.7		300	197	0	0	300	142	0	0	180	145	480	89
1321	420.0	148.9		140.2		240	209	0	0	660	149	0	0	240	121	120	84
1322	380.0	133.4		125.5		240	165	0	0	420	152	0	0	120	132	360	91
1323	340.0	141.5		135.4		240	189	0	0	360	139	0	0	300	126	120	93
1324	460.0	140.3		134.9		240	184	0	0	660	145	0	0	240	128	240	96
1325	500.0	126.6		120.1		240	173	0	0	720	133	0	0	120	131	420	88
1326	600.0	137.1		129.4		480	180	0	0	660	140	60	92	300	118	300	90
1327	660.0	137.2		131.4		420	167	0	0	1020	144	0	0	180	126	360	89
1328	300.0	120.9		115.7		240	147	0	0	300	135	60	96	0	0	300	91
1329	700.0	130.9		124.3		660	166	0	0	840	130	0	0	60	115	540	91
1330	400.0	152.1		146.0		180	212	0	0	600	156	0	0	360	126	60	90
1331	360.0	133.1		129.1		120	173	0	0	420	145	0	0	360	125	180	95
1332	480.0	138.2		127.9		420	180	0	0	420	151	60	102	180	123	360	88
1333	440.0	142.9		134.7		420	181	0	0	540	135	0	0	120	153	240	89
1334	400.0	137.1		131.2		180	176	0	0	540	145	0	0	240	136	240	91
1335	420.0	143.0		135.2		240	177	0	0	600	154	60	90	120	146	240	93
1336	600.0	127.3		122.6		360	160	0	0	780	136	0	0	240	110	420	93
1337	300.0	141.2		127.5		180	220	0	0	300	147	0	0	180	125	240	87
1338	360.0	124.8		115.5		300	160	0	0	240	156	180	100	0	0	360	87
1339	360.0	136.2		130.9		180	164	0	0	540	145	0	0	180	130	180	88
1340	320.0	127.2		120.7		60	160	0	0	360	153	0	0	240	127	300	90
1341	380.0	128.7		118.4		120	206	0	0	540	146	60	96	0	0	420	89
1342	100.0	115.2		112.5		0	0	0	0	180	129	0	0	60	96	60	93
1343	260.0	119.5		113.1		60	158	0	0	420	137	0	0	60	96	240	85
1344	500.0	126.4		117.2		300	187	0	0	480	130	0	0	120	143	600	90
1345	440.0	118.1		109.4		180	184	0	0	480	132	60	94	60	132	540	85
1346	400.0	128.8		122.0		180	172	0	0	600	140	0	0	60	120	360	90
1347	420.0	142.0		134.1		300	171	0	0	540	158	0	0	240	110	180	88
1348	280.0	114.8		108.3		120	151	0	0	300	137	0	0	120	100	300	84
1349	300.0	137.3		132.5		60	162	0	0	480	147	60	110	180	146	120	87
1350	420.0	140.7		133.6		300	170	0	0	540	152	0	0	180	127	240	89
1351	340.0	140.5		131.4		300	178	0	0	300	154	60	95	180	122	180	89
1352	320.0	126.7		119.6		120	193	0	0	420	135	60	96	120	120	240	90
1353	420.0	123.0		116.0		180	167	0	0	480	142	180	97	60	120	360	89
1354	240.0	151.4		143.9		120	190	0	0	360	165	0	0	180	120	60	87
1355	460.0	127.3		120.2		240	171	0	0	660	136	0	0	60	132	420	88
1356	300.0	130.3		123.2		60	164	0	0	540	148	0	0	60	107	240	88
1357	160.0	140.5		132.7		0	0	0	0	300	164	0	0	120	107	60	90
1358	500.0	138.6		130.9		480	169	0	0	600	143	0	0	60	142	360	90
1359	400.0	135.4		127.5		360	171	0	0	420	141	0	0	60	144	360	92
1360	540.0	136.4		130.7		360	171	0	0	720	143	0	0	300	116	240	90
1361	400.0	138.1		129.2		240	191	0	0	540	144	0	0	180	118	240	87
1362	440.0	135.5		129.7		120	183	0	0	840	144	0	0	120	121	240	89
1363	520.0	145.2		137.0		540	184	0	0	660	138	0	0	120	123	240	89
1364	480.0	137.9		132.8		420	165	0	0	540	141	120	104	180	135	180	91
1365	320.0	124.9		120.0		60	154	0	0	420	144	0	0	240	120	240	89
1366	360.0	118.5		112.4		120	138	0	0	420	145	120	94	60	126	360	88
1367	300.0	133.1		126.2		180	163	0	0	480	144	0	0	0	0	240	89
1368	440.0	131.8		119.9		300	187	0	0	420	151	60	97	60	98	480	89
1369	320.0	120.6		113.8		60	187	0	0	360	143	60	109	60	139	420	91
1370	320.0	129.1		121.5		60	183	0	0	540	148	60	101	0	0	300	90
1371	380.0	128.0		122.3		240	150	0	0	420	148	60	105	120	118	300	91
1372	420.0	133.0		123.4		120	188	0	0	720	150	0	0	0	0	420	88
1373	160.0	158.9		150.8		0	0	0	0	360	174	0	0	60	139	60	88
1374	460.0	143.2		137.7		240	188	0	0	660	150	0	0	420	115	60	87
1375	540.0	130.7		121.0		480	166	0	0	480	146	60	118	60	142	540	86
1376	540.0	146.0		139.1		480	176	0	0	600	156	60	119	180	125	300	96
1377	380.0	122.1		113.4		180	186	0	0	420	136	0	0	0	0	540	90
1378	460.0	118.0		112.2		180	160	0	0	660	131	0	0	0	0	540	88
1379	260.0	116.5		105.2		120	185	0	0	240	141	0	0	0	0	420	83
1380	240.0	150.7		140.4		0	0	0	0	420	167	0	0	180	159	120	81
1381	320.0	138.6		130.8		180	172	0	0	480	150	0	0	120	123	180	85
1382	380.0	143.7		140.0		120	183	0	0	600	152	0	0	360	126	60	88
1383	280.0	118.4		111.5		60	165	0	0	420	138	0	0	60	101	300	85
1384	320.0	125.9		117.6		60	187	0	0	420	151	0	0	120	118	360	89
1385	360.0	135.2		123.9		300	182	0	0	360	148	120	95	0	0	300	89
1386	340.0	133.8		122.9		240	190	0	0	180	154	60	91	240	128	300	90
1387	160.0	133.8		126.8		0	0	0	0	180	156	0	0	180	142	120	88
1388	360.0	123.8		114.9		120	175	0	0	420	148	60	91	60	135	420	88
1389	200.0	135.5		130.8		60	181	0	0	300	145	0	0	180	121	60	86
1390	500.0	117.3		106.1		240	197	0	0	360	140	0	0	0	0	900	87
1391	260.0	104.9		100.0		60	172	0	0	240	124	0	0	0	0	480	87
1392	260.0	128.8		122.2		120	173	0	0	240	142	0	0	180	132	240	91
1393	400.0	118.7		115.4		120	145	0	0	600	129	60	100	120	122	300	90
1394	440.0	137.5		127.4		360	181	0	0	480	146	0	0	120	121	360	88
1395	260.0	119.7		112.6		60	193	0	0	300	140	0	0	180	105	240	87
1396	340.0	119.6		115.3		120	121	0	0	480	141	0	0	60	111	360	92
1397	200.0	128.6		121.2		60	185	0	0	300	140	0	0	60	137	180	88
1398	380.0	120.0		114.5		180	170	0	0	240	126	0	0	360	122	360	89
1399	340.0	112.3		107.4		120	138	0	0	360	135	60	97	60	117	420	87
1400	320.0	128.4		117.0		120	202	0	0	300	156	0	0	180	116	360	87
1401	320.0	116.3		111.3		120	175	0	0	420	123	0	0	60	98	360	92
1402	280.0	122.8		118.4		120	151	0	0	360	139	0	0	60	103	300	96
1403	460.0	135.5		127.5		420	166	0	0	480	146	60	107	120	125	300	86
1404	160.0	144.2		134.5		60	244	0	0	120	146	0	0	240	133	60	86
1405	340.0	117.9		111.9		120	178	0	0	240	136	0	0	300	114	360	89
1406	220.0	123.5		117.4		120	166	0	0	120	155	60	102	180	111	180	94
1407	240.0	119.4		110.4		60	181	0	0	300	146	0	0	0	0	360	87
1408	480.0	114.6		109.0		360	154	0	0	240	129	180	103	120	100	540	89
1409	260.0	110.5		104.5		60	159	0	0	240	138	60	116	0	0	420	87
1410	280.0	124.4		120.3		120	170	0	0	300	131	0	0	240	117	180	93
1411	340.0	122.1		113.1		120	187	0	0	360	146	0	0	120	101	420	89
1412	460.0	136.0		125.7		360	186	0	0	540	142	0	0	60	104	420	90
1413	380.0	132.3		125.2		120	169	0	0	600	149	0	0	120	120	300	89
1414	200.0	144.6		137.3		60	214	0	0	240	160	0	0	180	132	120	98
1415	300.0	148.0		142.3		120	204	0	0	480	154	0	0	240	122	60	92
1416	300.0	142.2		135.9		180	184	0	0	420	147	0	0	180	124	120	90
1417	280.0	105.7		101.8		0	0	0	0	300	134	60	95	60	99	420	88
1418	360.0	115.9		104.9		180	164	0	0	360	135	60	108	60	46	420	90
1419	280.0	129.2		123.6		60	176	0	0	300	155	0	0	360	113	120	90
1420	480.0	116.2		110.9		180	160	0	0	660	129	0	0	0	0	600	89
1421	220.0	119.7		113.0		60	174	0	0	300	138	0	0	60	101	240	88
1422	280.0	102.1		99.7		0	0	0	0	300	124	0	0	60	89	480	90
1423	280.0	133.4		124.6		120	185	0	0	360	153	60	109	0	0	300	94
1424	340.0	117.1		111.1		180	142	0	0	240	147	180	99	60	145	360	89
1425	460.0	119.7		113.7		300	141	0	0	480	139	60	87	60	144	480	88
1426	380.0	113.8		108.7		180	135	0	0	360	142	60	87	0	0	540	91
1427	140.0	135.9		127.3		0	0	0	0	300	155	0	0	0	0	120	88
1428	180.0	136.3		130.3		60	151	0	0	300	151	0	0	60	141	120	90
1429	340.0	111.1		107.8		120	151	0	0	300	123	120	110	60	115	420	91
1430	400.0	136.7		125.8		300	184	0	0	480	148	0	0	0	0	420	90
1431	220.0	123.7		117.2		180	155	0	0	180	140	60	93	60	116	180	89
1432	280.0	123.5		115.6		120	188	0	0	300	139	0	0	0	0	420	94
1433	260.0	129.5		111.6		180	207	0	0	120	179	120	92	60	91	300	86
1434	300.0	134.7		127.0		240	170	0	0	360	144	0	0	60	112	240	91
1435	540.0	122.9		116.2		240	147	0	0	720	145	120	94	0	0	540	89
1436	180.0	136.7		127.1		0	0	0	0	360	160	0	0	0	0	180	90
1437	300.0	143.9		131.6		180	190	0	0	360	163	0	0	60	156	300	91
1438	320.0	140.1		134.1		180	187	0	0	480	144	0	0	120	117	180	98
1439	320.0	122.8		117.1		120	164	0	0	540	133	0	0	0	0	300	88
1440	260.0	132.8		122.2		180	179	0	0	180	151	0	0	180	132	240	85
1441	360.0	117.4		110.3		120	174	0	0	480	133	60	90	60	101	360	85
1442	260.0	110.6		103.0		120	173	0	0	180	132	0	0	0	0	480	87
1443	140.0	136.6		131.2		60	171	0	0	180	155	0	0	60	112	120	104
1444	280.0	113.9		107.0		120	181	0	0	180	131	60	112	0	0	480	91
1445	140.0	140.3		136.6		0	0	0	0	240	156	0	0	120	130	60	98
1446	280.0	138.0		130.2		240	171	0	0	360	146	0	0	0	0	240	93
1447	260.0	123.2		115.8		180	153	0	0	240	145	60	92	60	122	240	87
1448	220.0	108.6		105.8		0	0	0	0	180	134	120	89	180	113	180	92
1449	140.0	131.3		123.3		60	195	0	0	60	139	0	0	180	135	120	90
1450	240.0	125.7		112.9		240	184	0	0	60	139	180	94	0	0	240	88
1451	120.0	127.2		112.2		60	228	0	0	120	137	0	0	0	0	180	87
1452	260.0	110.8		103.5		120	160	0	0	120	156	60	96	0	0	480	89
1453	180.0	132.1		126.3		60	163	0	0	240	150	0	0	120	123	120	90
1454	300.0	115.7		107.9		120	178	0	0	240	141	60	95	0	0	480	90
1455	440.0	122.7		115.9		180	161	0	0	480	146	60	93	60	128	540	92
1456	80.0	134.0		127.3		0	0	0	0	120	154	0	0	60	139	60	89
1457	240.0	115.4		106.2		120	191	0	0	60	144	120	89	120	118	300	89
1458	320.0	138.8		125.0		240	198	0	0	300	155	0	0	60	113	360	90
1459	320.0	132.9		121.3		240	192	0	0	300	143	0	0	0	0	420	92
1460	240.0	118.2		107.0		120	195	0	0	60	141	0	0	120	139	420	87
1461	180.0	142.7		134.9		180	174	0	0	180	152	60	96	60	118	60	92
1462	160.0	116.5		108.5		0	0	0	0	180	144	0	0	60	156	240	86
1463	220.0	120.9		111.5		60	194	0	0	240	149	0	0	0	0	360	90
1464	260.0	150.8		133.4		180	231	0	0	180	168	60	109	120	143	240	92
1465	180.0	101.7		99.8		0	0	0	0	120	104	60	88	60	144	300	95
1466	260.0	120.8		114.6		60	161	0	0	300	148	0	0	60	112	360	93
1467	320.0	97.1		93.4		60	142	0	0	120	134	0	0	60	123	720	85
1468	140.0	120.4		112.8		0	0	0	0	180	153	0	0	60	120	180	88
1469	460.0	103.9		99.8		60	139	0	0	360	137	0	0	120	98	840	88
1470	120.0	114.0		110.1		0	0	0	0	180	135	0	0	0	0	180	93
1471	220.0	108.5		104.2		60	150	0	0	180	131	0	0	60	116	360	89
1472	180.0	128.8		114.5		0	0	0	0	180	155	0	0	120	181	240	83
1473	280.0	110.7		100.9		120	189	0	0	120	151	0	0	0	0	600	87
1474	280.0	121.1		113.3		60	188	0	0	300	151	60	90	60	98	360	94
1475	220.0	103.3		99.9		0	0	0	0	240	129	0	0	60	92	360	88
1476	300.0	114.9		107.8		240	160	0	0	120	129	120	105	0	0	420	88
1477	220.0	116.9		110.7		120	157	0	0	180	140	0	0	0	0	360	92
1478	260.0	97.6		93.7		0	0	0	0	60	171	0	0	180	111	540	85
1479	280.0	123.8		118.9		180	157	0	0	360	132	0	0	0	0	300	94
1480	80.0	107.2		105.2		0	0	0	0	0	0	0	0	60	135	180	98
1481	280.0	129.3		118.3		120	174	0	0	300	164	120	96	0	0	300	90
1482	300.0	134.5		124.8		120	201	0	0	360	149	0	0	120	133	300	91
1483	60.0	135.3		120.8		0	0	0	0	60	200	0	0	60	118	60	88
1484	240.0	129.0		121.7		240	149	0	0	240	149	0	0	0	0	240	89
1485	360.0	114.0		108.6		120	168	0	0	300	137	120	97	0	0	540	93
1486	100.0	120.2		112.2		0	0	0	0	60	109	0	0	120	158	120	88
1487	60.0	109.0		103.4		0	0	0	0	0	0	0	0	60	147	120	90
1488	180.0	111.8		106.8		0	0	0	0	240	138	0	0	60	102	240	88
1489	160.0	139.5		127.0		60	221	0	0	180	156	0	0	60	151	180	92
1490	180.0	94.6		92.9		0	0	0	0	120	117	60	90	60	102	300	85
1491	200.0	129.9		114.9		120	187	0	0	180	165	0	0	0	0	300	86
1492	240.0	126.1		117.7		120	174	0	0	240	147	60	89	60	124	240	91
1493	340.0	112.9		107.1		60	176	0	0	300	140	180	97	60	130	420	89
1494	100.0	112.0		106.9		0	0	0	0	120	141	0	0	60	104	120	87
1495	220.0	124.4		114.9		180	171	0	0	120	148	60	100	60	103	240	89
1496	240.0	141.0		133.9		120	172	0	0	360	155	0	0	120	121	120	88
1497	160.0	111.9		103.6		60	176	0	0	60	138	0	0	60	146	300	87
1498	260.0	104.2		100.1		60	166	0	0	180	127	60	88	0	0	480	90
1499	240.0	120.5		115.0		60	170	0	0	360	136	0	0	0	0	300	92
