#File created from auswertNew
# Temporary input file:
# tmp16.dat
# Created from repository file
# /home/vwitme/data/workdata/trafficData/Invent_A5/intermediatedata/A5frankfurt_06_01/daten/F16_1106.dat.gz
# Infrastructure description file:
# /home/vwitme/data/workdata/trafficData/Invent_A5/intermediatedata/A5frankfurt_06_01/daten/A5frankfurt_06_01.dsc
#
# Date: 11.06.2001
# Direction: Frankfurt
# Detector cross section 16
# Position (m)= 482.200000
# Number of main lanes=3
# Number of ramp lanes=0
# The lane indices are ordered from left to right
# NOTICE: The time has been increased by 1 hour 
# since summertime was not taken care of  in the original data!
# Velocity averages: Over veh types and lanes, weighted with flow
# vAvg=arithmetic average; vHarm=harmonic average
#===========================================
#t(min)	Qav(/h)	vAvg(km/h)	vHarm(km/h)	Q1car	v1car	Q1truck	v1truck	Q2car	v2car	Q2truck	v2truck	Q3car	v3car	Q3truck	v3truck
60	360.0	126.2		120.4		240	166	0	0	360	136	0	0	240	107	240	91
61	420.0	106.2		99.9		180	155	0	0	300	132	0	0	0	0	780	85
62	320.0	115.6		108.3		180	158	0	0	300	136	0	0	60	87	420	87
63	500.0	116.9		112.1		360	148	0	0	600	123	0	0	180	98	360	85
64	360.0	112.3		106.1		60	205	0	0	300	128	60	97	180	128	480	87
65	220.0	118.5		112.1		60	167	0	0	300	138	0	0	120	90	180	89
66	580.0	101.1		94.4		360	128	0	0	540	124	60	92	60	81	720	73
67	480.0	119.5		112.2		240	139	0	0	540	147	0	0	240	104	420	82
68	420.0	116.3		111.7		300	143	0	0	420	128	0	0	180	105	360	86
69	360.0	110.1		103.8		60	146	0	0	300	151	180	94	60	94	480	88
70	460.0	116.5		110.7		240	153	0	0	480	132	120	114	60	79	480	88
71	340.0	133.0		128.3		240	169	0	0	480	135	0	0	240	103	60	93
72	500.0	96.5		93.4		120	141	0	0	300	120	0	0	0	0	1080	85
73	680.0	98.2		94.6		240	129	0	0	600	117	120	97	0	0	1080	81
74	400.0	118.8		110.3		180	168	0	0	360	146	0	0	240	100	420	85
75	380.0	122.7		115.3		300	153	0	0	360	142	0	0	120	96	360	87
76	220.0	115.3		107.6		60	156	0	0	180	158	0	0	60	98	360	90
77	420.0	102.9		98.8		60	150	0	0	420	125	60	115	0	0	720	85
78	420.0	101.8		97.3		120	144	0	0	420	122	0	0	0	0	720	83
79	340.0	109.6		102.1		60	154	0	0	300	149	0	0	120	104	540	84
80	360.0	120.0		114.0		240	143	0	0	420	138	60	106	0	0	360	86
81	220.0	97.3		95.2		0	0	0	0	180	122	0	0	0	0	480	88
82	140.0	122.7		116.5		60	180	0	0	180	113	0	0	60	154	120	93
83	240.0	129.8		120.1		120	191	0	0	240	148	0	0	60	124	300	92
84	300.0	117.8		111.1		60	145	0	0	300	153	60	95	120	114	360	89
85	460.0	101.2		98.5		240	127	0	0	240	122	60	96	60	78	780	89
86	300.0	114.9		108.7		60	142	0	0	420	139	0	0	120	84	300	88
87	240.0	104.2		101.4		60	122	0	0	180	131	0	0	60	105	420	90
88	420.0	109.3		105.1		240	123	0	0	360	137	0	0	60	102	600	88
89	480.0	124.0		116.3		360	160	0	0	480	140	60	93	60	100	480	88
90	340.0	111.9		106.2		300	138	0	0	120	154	120	100	0	0	480	88
91	300.0	121.5		112.8		180	174	0	0	240	140	60	96	60	117	360	88
92	480.0	104.2		101.3		300	131	0	0	360	115	120	99	0	0	660	87
93	380.0	117.5		113.0		120	138	0	0	540	135	0	0	180	104	300	86
94	300.0	103.5		100.1		120	129	0	0	180	133	60	94	0	0	540	89
95	380.0	95.8		93.2		180	120	0	0	180	119	120	95	0	0	660	83
96	360.0	111.3		106.0		300	145	0	0	180	125	120	95	60	112	420	86
97	200.0	105.9		99.5		0	0	0	0	180	150	0	0	0	0	420	87
98	260.0	119.8		112.3		120	144	0	0	180	167	0	0	240	104	240	88
99	380.0	107.9		104.6		120	128	0	0	360	131	60	94	180	97	420	89
100	500.0	111.7		106.4		480	142	0	0	240	126	180	95	60	84	540	87
101	280.0	109.4		101.6		60	145	0	0	180	166	120	96	0	0	480	87
102	440.0	107.9		101.2		360	157	0	0	60	104	120	92	0	0	780	88
103	440.0	100.0		94.1		120	167	0	0	180	141	60	92	60	91	900	84
104	240.0	122.5		116.0		60	153	0	0	420	139	0	0	0	0	240	86
105	360.0	96.9		93.2		60	175	0	0	180	122	0	0	0	0	840	86
106	380.0	112.8		103.4		180	188	0	0	240	134	0	0	0	0	720	87
107	340.0	105.2		100.8		120	153	0	0	240	126	0	0	180	94	480	87
108	240.0	112.2		107.9		120	146	0	0	300	121	0	0	60	109	240	85
109	280.0	99.1		94.7		60	158	0	0	180	126	60	95	0	0	540	84
110	340.0	98.6		93.7		60	156	0	0	240	131	0	0	0	0	720	83
111	320.0	101.1		97.4		60	127	0	0	300	127	120	92	0	0	480	84
112	200.0	91.9		89.0		0	0	0	0	60	154	0	0	0	0	540	85
113	300.0	125.1		120.6		120	140	0	0	420	141	0	0	120	125	240	90
114	140.0	111.6		105.8		60	148	0	0	60	142	0	0	60	135	240	89
115	140.0	110.4		103.7		0	0	0	0	180	143	0	0	0	0	240	86
116	140.0	120.0		114.0		60	144	0	0	180	142	0	0	0	0	180	90
117	300.0	109.9		102.9		60	144	0	0	300	146	0	0	120	90	420	85
118	180.0	118.0		112.3		120	150	0	0	180	134	0	0	0	0	240	90
119	280.0	108.8		102.9		0	0	0	0	300	144	60	96	60	105	420	86
120	280.0	115.4		106.2		240	161	0	0	60	171	0	0	60	89	480	89
121	380.0	109.7		104.9		0	0	0	0	540	134	0	0	120	91	480	87
122	440.0	115.9		107.8		240	160	0	0	300	149	120	97	60	100	600	87
123	220.0	129.7		123.0		180	164	0	0	180	125	0	0	120	145	180	90
124	360.0	110.6		104.5		120	167	0	0	360	129	0	0	60	109	540	86
125	260.0	111.8		103.8		0	0	0	0	240	161	0	0	60	105	480	88
126	260.0	127.1		119.0		60	171	0	0	420	146	0	0	60	119	240	85
127	240.0	118.5		108.9		0	0	0	0	240	157	0	0	120	142	360	85
128	120.0	108.0		103.5		60	128	0	0	60	128	0	0	60	134	180	86
129	260.0	108.8		104.0		60	126	0	0	180	135	60	114	60	153	420	88
130	440.0	100.2		96.7		120	125	0	0	360	126	120	95	60	84	660	84
131	340.0	106.4		102.4		240	138	0	0	240	117	60	92	60	87	420	87
132	180.0	106.8		102.2		0	0	0	0	120	150	0	0	120	108	300	89
133	220.0	110.6		106.3		60	130	0	0	180	143	60	111	60	92	300	91
134	240.0	95.8		92.9		0	0	0	0	60	167	60	92	0	0	600	89
135	240.0	103.7		100.2		120	135	0	0	120	129	60	93	0	0	420	89
136	520.0	112.1		107.1		240	142	0	0	480	136	120	95	0	0	720	89
137	360.0	97.6		93.3		60	200	0	0	240	110	60	98	60	84	660	85
138	400.0	96.0		93.5		60	121	0	0	300	122	0	0	0	0	840	85
139	140.0	99.6		97.8		0	0	0	0	120	116	0	0	120	105	180	85
140	480.0	104.8		102.0		420	119	0	0	360	119	60	115	60	79	540	86
141	260.0	122.2		118.0		300	138	0	0	300	128	0	0	0	0	180	86
142	360.0	103.2		99.5		60	142	0	0	360	125	0	0	180	98	480	84
143	320.0	105.4		102.3		60	144	0	0	360	120	0	0	180	104	360	85
144	180.0	106.9		102.6		0	0	0	0	240	131	0	0	60	94	240	86
145	320.0	102.6		96.9		120	144	0	0	180	127	0	0	60	142	600	83
146	500.0	114.3		108.9		300	147	0	0	420	135	180	96	0	0	600	89
147	200.0	95.8		94.7		0	0	0	0	60	117	60	89	120	109	360	89
148	420.0	113.2		109.8		420	128	0	0	360	128	60	98	0	0	420	88
149	280.0	133.6		128.8		60	153	0	0	600	144	0	0	120	98	60	81
150	280.0	121.1		113.0		120	175	0	0	240	144	0	0	120	121	360	88
151	280.0	103.9		100.8		0	0	0	0	300	129	120	97	0	0	420	88
152	360.0	105.6		102.2		180	132	0	0	240	121	180	96	60	130	420	86
153	240.0	108.2		104.0		60	146	0	0	240	130	60	95	60	102	300	87
154	120.0	114.7		107.9		0	0	0	0	120	147	0	0	60	133	180	87
155	340.0	103.6		101.0		180	119	60	108	180	130	180	99	60	94	360	86
156	180.0	106.3		100.4		0	0	0	0	180	145	0	0	0	0	360	87
157	280.0	112.8		107.9		180	147	0	0	180	116	0	0	120	131	360	88
158	220.0	117.9		111.5		60	151	0	0	240	142	0	0	120	119	240	85
159	260.0	95.2		92.3		0	0	0	0	120	140	60	98	0	0	600	86
160	320.0	120.3		111.7		240	149	0	0	240	149	0	0	60	138	420	85
161	180.0	110.1		104.4		60	155	0	0	60	155	0	0	60	135	360	91
162	280.0	103.8		99.8		120	153	0	0	180	115	60	98	0	0	480	88
163	220.0	110.4		105.6		0	0	0	0	300	136	0	0	0	0	360	89
164	260.0	102.1		98.3		60	148	0	0	180	129	0	0	0	0	540	88
165	100.0	100.6		99.0		0	0	0	0	60	127	0	0	60	100	180	92
166	100.0	113.0		104.3		0	0	0	0	120	151	60	103	0	0	120	80
167	60.0	125.0		125.0		0	0	0	0	180	125	0	0	0	0	0	0
168	200.0	104.9		100.2		0	0	0	0	180	142	0	0	0	0	420	89
169	360.0	106.9		102.2		120	148	0	0	240	137	60	100	60	90	600	89
170	280.0	108.0		103.0		120	147	0	0	180	137	120	92	0	0	420	89
171	180.0	122.1		116.7		60	167	0	0	120	141	0	0	120	135	240	95
172	220.0	102.3		98.7		0	0	0	0	240	129	0	0	0	0	420	87
173	200.0	102.2		97.7		60	132	0	0	120	130	0	0	60	126	360	84
174	280.0	109.9		105.3		120	137	0	0	240	136	60	97	0	0	420	89
175	340.0	116.5		110.1		60	148	0	0	360	148	0	0	120	116	480	89
176	260.0	110.8		107.2		60	153	0	0	360	123	0	0	60	110	300	88
177	260.0	108.6		105.3		60	138	0	0	240	127	0	0	120	116	360	89
178	180.0	110.9		105.6		0	0	0	0	180	144	60	94	60	120	240	88
179	360.0	109.3		106.9		300	123	0	0	240	123	60	95	60	129	420	91
180	360.0	120.6		112.2		240	148	0	0	300	156	0	0	60	87	480	89
181	220.0	120.8		116.9		180	143	0	0	240	130	0	0	60	107	180	91
182	380.0	107.2		102.3		180	145	0	0	300	128	120	94	0	0	540	86
183	260.0	131.8		122.7		60	180	0	0	420	154	0	0	0	0	300	91
184	200.0	123.1		115.8		120	151	0	0	180	153	60	110	0	0	240	90
185	320.0	105.9		102.2		60	156	0	0	240	131	60	97	60	107	540	90
186	400.0	115.5		109.7		60	148	0	0	480	143	120	108	0	0	540	89
187	260.0	111.7		107.8		60	130	0	0	240	136	60	97	120	118	300	89
188	180.0	117.8		107.7		180	171	0	0	60	102	0	0	0	0	300	89
189	260.0	109.3		105.5		60	163	0	0	240	126	0	0	180	103	300	89
190	300.0	109.3		105.8		60	153	0	0	420	123	0	0	60	92	360	89
191	220.0	113.2		106.5		60	126	0	0	240	148	60	92	0	0	300	87
192	160.0	110.2		104.2		0	0	0	0	120	152	0	0	120	117	240	86
193	200.0	101.5		96.5		60	154	0	0	60	155	0	0	120	86	360	89
194	320.0	106.1		101.4		120	154	0	0	180	130	60	97	120	103	480	87
195	260.0	108.2		104.0		120	141	0	0	180	132	120	97	0	0	360	89
196	360.0	111.7		106.1		120	169	0	0	300	131	120	105	180	95	360	87
197	240.0	113.8		109.2		120	150	0	0	180	134	60	107	120	96	240	91
198	260.0	119.4		115.7		180	148	0	0	300	123	0	0	120	113	180	89
199	360.0	106.8		102.6		120	147	0	0	300	127	0	0	120	105	540	87
200	300.0	105.7		101.1		0	0	0	0	300	139	0	0	0	0	600	89
201	520.0	116.2		111.5		480	137	0	0	360	137	120	101	60	100	540	89
202	300.0	109.7		103.9		120	164	0	0	240	129	0	0	0	0	540	89
203	300.0	113.4		107.2		120	159	0	0	180	144	180	98	60	129	360	88
204	340.0	113.6		108.3		60	145	0	0	420	139	0	0	180	93	360	89
205	200.0	101.0		96.6		0	0	0	0	180	134	0	0	120	99	300	82
206	180.0	136.9		129.1		60	208	0	0	300	140	0	0	60	144	120	90
207	320.0	123.7		116.9		180	159	0	0	360	143	0	0	0	0	420	92
208	120.0	103.7		99.0		0	0	0	0	60	145	0	0	120	114	180	83
209	100.0	122.0		115.8		60	150	0	0	120	140	0	0	0	0	120	90
210	240.0	125.5		118.0		120	150	0	0	240	155	0	0	120	117	240	88
211	340.0	112.4		107.2		180	149	0	0	240	136	120	99	120	97	360	88
212	160.0	116.8		110.3		0	0	0	0	180	151	0	0	120	110	180	87
213	160.0	119.4		112.9		60	165	0	0	120	144	0	0	120	119	180	88
214	260.0	123.5		116.9		120	146	0	0	300	144	60	96	60	145	240	88
215	240.0	112.3		108.0		60	145	0	0	300	132	60	95	60	88	240	90
216	260.0	110.8		107.0		120	146	0	0	240	126	0	0	0	0	420	92
217	260.0	107.7		101.7		60	151	0	0	180	149	120	93	0	0	420	88
218	240.0	124.3		115.5		120	176	0	0	300	140	0	0	0	0	300	88
219	300.0	115.0		107.3		180	158	0	0	180	147	60	106	0	0	480	88
220	400.0	116.2		110.1		180	158	0	0	360	136	0	0	60	134	600	90
221	260.0	126.5		117.4		240	152	0	0	180	164	60	95	0	0	300	90
222	320.0	128.2		124.1		120	137	0	0	600	140	0	0	60	114	180	88
223	340.0	113.8		106.8		180	156	0	0	300	136	0	0	60	75	480	89
224	300.0	113.2		108.5		120	118	0	0	360	139	120	96	60	84	240	88
225	440.0	100.9		96.1		120	130	0	0	300	138	60	93	0	0	840	84
226	260.0	117.9		113.5		0	0	0	0	300	141	0	0	240	119	240	88
227	280.0	134.6		123.4		60	177	0	0	480	159	0	0	0	0	300	87
228	360.0	109.4		104.4		120	132	0	0	420	133	0	0	0	0	540	86
229	420.0	108.1		102.3		180	161	0	0	300	129	120	93	0	0	660	87
230	460.0	123.4		118.5		240	146	0	0	600	139	0	0	180	110	360	89
231	280.0	119.5		112.7		120	133	0	0	300	153	0	0	60	102	360	90
232	240.0	112.4		105.0		0	0	0	0	300	148	0	0	0	0	420	87
233	540.0	108.4		103.2		300	144	0	0	360	133	0	0	0	0	960	88
234	360.0	107.3		101.8		120	149	0	0	360	130	0	0	60	88	540	85
235	340.0	106.3		101.7		60	133	0	0	360	134	0	0	0	0	600	87
236	260.0	110.2		105.1		0	0	0	0	360	136	0	0	0	0	420	88
237	360.0	117.5		111.3		60	165	0	0	540	138	0	0	60	92	420	88
238	300.0	103.2		98.0		120	152	0	0	240	122	0	0	0	0	540	84
239	220.0	107.5		103.9		0	0	0	0	360	125	0	0	60	88	240	86
240	320.0	132.4		129.2		420	139	0	0	420	139	0	0	60	90	60	83
241	200.0	131.8		129.5		240	138	0	0	240	139	0	0	60	120	60	90
242	440.0	117.1		113.4		120	134	0	0	540	135	0	0	300	113	360	88
243	240.0	127.8		124.5		240	129	0	0	300	140	60	90	60	141	60	87
244	220.0	135.5		129.2		60	163	0	0	300	151	0	0	180	134	120	85
245	280.0	128.8		124.3		60	175	0	0	480	141	0	0	60	112	240	97
246	360.0	114.7		109.1		180	151	0	0	420	130	120	93	0	0	360	86
247	260.0	125.2		120.3		120	149	0	0	420	138	0	0	0	0	240	91
248	160.0	130.1		127.1		60	132	0	0	240	141	0	0	120	129	60	87
249	240.0	123.3		117.6		60	175	0	0	420	135	0	0	0	0	240	90
250	200.0	105.4		102.0		0	0	0	0	180	135	0	0	60	109	360	90
251	280.0	115.4		111.3		180	143	0	0	360	124	0	0	60	87	240	89
252	200.0	123.9		117.7		0	0	0	0	300	145	0	0	120	128	180	86
253	320.0	110.6		103.8		120	158	0	0	240	143	0	0	120	93	480	87
254	320.0	123.7		118.1		300	140	0	0	360	139	0	0	60	105	240	85
255	220.0	129.3		123.9		60	126	0	0	300	153	0	0	120	126	180	93
256	360.0	115.0		111.8		240	134	0	0	480	120	0	0	120	119	240	84
257	300.0	123.0		114.4		180	173	0	0	300	136	0	0	60	124	360	87
258	240.0	123.3		113.6		120	170	0	0	240	151	0	0	60	101	300	87
259	300.0	126.0		122.0		120	150	0	0	420	138	120	98	120	125	120	89
260	380.0	121.5		116.6		240	136	0	0	540	137	0	0	60	81	300	90
261	300.0	100.5		96.8		120	152	0	0	60	126	120	96	120	95	480	87
262	480.0	126.4		119.7		360	154	0	0	540	141	0	0	60	129	480	89
263	480.0	119.5		114.8		240	143	0	0	600	137	180	96	0	0	420	91
264	340.0	120.9		116.8		180	136	0	0	420	135	0	0	120	129	300	89
265	300.0	124.4		118.4		0	0	0	0	540	144	0	0	180	107	180	83
266	460.0	130.3		124.0		360	161	0	0	660	136	0	0	60	101	300	87
267	540.0	130.9		125.6		480	152	0	0	600	139	0	0	180	131	360	89
268	500.0	136.4		132.2		480	159	0	0	540	141	0	0	300	120	180	90
269	480.0	121.4		114.7		420	154	0	0	360	136	60	90	120	113	480	88
270	400.0	120.0		114.8		120	149	0	0	600	137	0	0	120	102	360	88
271	180.0	121.7		115.3		0	0	0	0	180	155	0	0	180	122	180	88
272	400.0	123.7		117.9		420	142	0	0	360	142	60	94	0	0	360	89
273	320.0	109.9		104.5		240	130	0	0	240	138	120	91	0	0	360	84
274	500.0	139.0		131.7		420	172	0	0	720	143	0	0	120	101	240	88
275	380.0	135.7		129.5		120	176	0	0	540	147	0	0	240	137	240	89
276	340.0	126.5		121.5		120	133	0	0	600	143	0	0	0	0	300	91
277	300.0	130.5		125.0		120	170	0	0	480	140	60	111	60	120	180	89
278	520.0	116.4		110.7		120	161	0	0	660	138	60	96	60	100	660	90
279	360.0	122.2		116.2		240	158	0	0	420	133	0	0	0	0	420	91
280	520.0	115.6		113.2		240	129	0	0	780	125	0	0	60	128	480	92
281	600.0	123.1		118.7		660	135	0	0	600	139	120	101	0	0	420	88
282	400.0	117.1		112.2		300	145	0	0	360	130	60	99	120	108	360	87
283	520.0	116.5		112.5		300	135	0	0	600	131	60	95	120	122	480	88
284	580.0	133.0		127.4		420	166	0	0	840	136	0	0	180	117	300	88
285	420.0	137.8		133.2		180	155	0	0	660	152	0	0	240	120	180	92
286	500.0	139.4		136.6		240	162	0	0	840	146	0	0	360	117	60	90
287	440.0	138.6		135.1		180	181	0	0	660	144	0	0	420	119	60	90
288	500.0	114.5		107.4		60	187	0	0	600	142	60	98	60	114	720	87
289	620.0	116.5		107.5		360	153	0	0	480	153	0	0	120	89	900	86
290	400.0	141.0		137.1		180	169	0	0	660	146	0	0	240	132	120	89
291	320.0	112.3		109.6		0	0	0	0	420	130	0	0	300	107	240	88
292	760.0	109.9		104.1		420	146	0	0	720	128	0	0	60	87	1080	85
293	560.0	121.9		115.8		360	149	0	0	660	138	60	104	60	113	540	87
294	240.0	127.8		123.9		0	0	0	0	360	149	0	0	300	110	60	90
295	520.0	128.5		122.6		360	156	0	0	600	138	0	0	300	122	300	83
296	600.0	114.4		108.0		300	149	0	0	720	130	0	0	120	113	660	82
297	640.0	120.6		114.9		360	150	0	0	840	135	0	0	0	0	720	89
298	440.0	129.7		125.4		60	145	0	0	600	147	0	0	420	126	240	89
299	540.0	123.7		118.4		300	151	0	0	780	136	0	0	120	101	420	88
300	500.0	131.9		121.1		420	179	0	0	540	139	0	0	60	105	480	86
301	780.0	120.9		113.5		600	153	0	0	780	138	0	0	60	86	900	87
302	460.0	138.3		132.0		300	169	0	0	660	146	0	0	180	126	240	88
303	460.0	131.7		128.6		180	151	0	0	720	140	0	0	300	125	180	90
304	660.0	117.9		113.1		660	144	0	0	660	121	0	0	60	106	600	87
305	700.0	119.4		118.3		600	134	0	0	1020	116	0	0	360	115	120	89
306	620.0	123.5		119.7		300	148	0	0	900	133	0	0	420	109	240	83
307	460.0	126.7		120.5		180	173	0	0	600	140	0	0	300	112	300	87
308	680.0	124.7		118.2		300	157	0	0	960	141	0	0	120	116	660	88
309	640.0	121.4		114.2		420	152	0	0	720	138	0	0	60	132	720	86
310	720.0	125.8		120.8		540	152	0	0	840	137	0	0	420	101	360	89
311	720.0	124.4		120.3		900	143	0	0	600	129	60	95	240	105	360	88
312	660.0	120.5		115.4		540	147	0	0	660	128	60	93	240	118	480	85
313	740.0	125.1		122.4		600	143	0	0	1020	127	0	0	300	120	300	88
314	740.0	123.5		118.2		480	152	0	0	1020	133	0	0	60	112	660	89
315	920.0	131.9		128.7		900	148	0	0	1260	136	0	0	240	110	360	92
316	420.0	131.1		125.6		300	149	0	0	600	144	0	0	120	110	240	87
317	580.0	127.0		119.5		600	157	0	0	420	144	120	93	180	99	420	89
318	560.0	123.8		119.9		300	142	0	0	780	137	0	0	240	109	360	90
319	760.0	117.2		114.3		600	139	0	0	1080	119	60	100	60	119	480	88
320	880.0	125.9		121.2		1140	145	0	0	780	130	60	96	120	103	540	88
321	780.0	122.8		117.4		720	151	0	0	720	130	0	0	180	117	720	89
322	760.0	134.2		129.4		600	157	0	0	1020	140	0	0	300	124	360	88
323	760.0	133.9		130.3		780	150	0	0	1020	139	0	0	120	102	360	95
324	740.0	120.6		114.3		420	149	0	0	900	139	0	0	60	103	840	88
325	680.0	139.4		133.3		540	158	0	0	1080	149	0	0	60	109	360	88
326	680.0	139.4		135.2		540	156	0	0	960	150	0	0	420	108	120	90
327	1120.0	126.6		121.7		1200	142	0	0	1200	137	60	94	360	113	540	82
328	820.0	125.2		119.9		540	149	0	0	1020	128	0	0	480	133	420	79
329	1020.0	125.4		120.6		1020	144	0	0	1320	131	0	0	120	112	600	84
330	1140.0	118.6		111.8		840	151	0	0	1380	129	0	0	120	92	1080	83
331	1500.0	122.0		118.7		2400	135	0	0	1260	121	0	0	120	90	720	86
332	1060.0	121.1		118.5		1080	138	0	0	1500	121	0	0	120	98	480	89
333	920.0	126.6		123.0		720	152	0	0	1260	128	0	0	420	113	360	87
334	1240.0	112.1		108.0		1380	130	0	0	1080	122	0	0	60	86	1200	84
335	960.0	129.8		127.1		1140	144	0	0	1140	130	0	0	360	114	240	85
336	1240.0	118.4		113.7		1320	136	0	0	1320	127	0	0	60	127	1020	84
337	1260.0	121.3		116.5		1500	139	0	0	1440	125	0	0	180	91	660	81
338	1460.0	113.0		108.6		1620	131	0	0	1440	121	60	93	180	86	1080	81
339	1220.0	123.5		120.7		1020	137	0	0	1740	130	0	0	480	103	420	87
340	820.0	129.8		126.6		540	152	0	0	1260	134	0	0	360	116	300	89
341	1380.0	114.5		110.4		1440	130	0	0	1500	123	0	0	180	110	1020	81
342	1200.0	128.3		123.9		1440	146	0	0	1380	131	0	0	60	125	720	88
343	1380.0	116.9		111.7		1500	140	0	0	1440	121	0	0	0	0	1200	83
344	1240.0	118.1		114.7		1260	136	0	0	1500	122	0	0	180	95	780	87
345	1200.0	124.7		120.0		1440	143	0	0	1260	129	60	109	180	102	660	84
346	1140.0	128.1		125.5		1320	141	0	0	1320	132	0	0	420	108	360	90
347	880.0	136.5		134.4		720	154	0	0	1260	138	0	0	600	118	60	80
348	1620.0	102.9		98.8		1680	117	0	0	1740	113	0	0	60	78	1380	74
349	1620.0	119.9		115.9		2340	135	0	0	1320	124	0	0	60	88	1140	86
350	1240.0	121.6		119.0		1620	136	0	0	1260	121	0	0	300	105	540	89
351	1500.0	112.9		110.9		1980	125	0	0	1440	113	120	107	180	95	780	87
352	1220.0	116.0		112.2		1140	135	0	0	1440	121	0	0	180	115	900	84
353	1440.0	126.5		124.0		1800	138	0	0	1800	127	0	0	300	112	420	85
354	1040.0	126.4		122.9		1200	141	0	0	1140	132	0	0	300	110	480	87
355	1080.0	127.7		125.7		900	142	0	0	1620	129	0	0	420	120	300	89
356	1460.0	128.0		126.3		1860	140	0	0	1740	126	0	0	600	108	180	89
357	1560.0	115.7		112.1		1560	133	0	0	1860	121	0	0	60	113	1200	85
358	1380.0	124.1		122.2		1620	136	0	0	1680	124	0	0	480	111	360	88
359	1140.0	124.4		121.3		1080	141	0	0	1560	128	0	0	420	102	360	85
360	1480.0	116.4		113.5		1560	133	0	0	1680	120	0	0	660	93	540	86
361	1320.0	117.0		115.0		1440	132	0	0	1560	117	0	0	660	99	300	85
362	1520.0	117.0		114.2		1980	131	0	0	1620	118	0	0	180	89	780	86
363	1660.0	118.1		116.2		2160	128	0	0	1740	120	0	0	420	108	660	87
364	1080.0	125.3		121.7		960	144	0	0	1500	128	0	0	240	122	540	86
365	1700.0	119.8		117.6		2460	129	0	0	1920	120	0	0	120	105	600	84
366	1420.0	120.6		117.6		1440	137	0	0	1920	123	0	0	240	95	660	87
367	1860.0	119.1		117.6		2400	129	0	0	2400	118	0	0	240	101	540	88
368	1020.0	134.8		132.8		1080	149	0	0	1440	135	0	0	420	111	120	89
369	1220.0	126.4		123.4		1380	143	0	0	1320	128	0	0	600	109	360	86
370	1100.0	122.0		118.8		1140	139	0	0	1380	125	0	0	240	103	540	87
371	1560.0	121.7		119.8		1980	131	0	0	1680	126	60	111	720	100	240	83
372	1860.0	113.3		110.9		2580	124	0	0	1920	115	0	0	60	112	1020	83
373	1420.0	120.2		117.6		1620	136	0	0	1620	121	0	0	540	101	480	86
374	1380.0	120.9		118.9		1860	132	0	0	1560	120	0	0	180	109	540	89
375	1460.0	118.4		116.4		1500	134	0	0	1800	118	0	0	660	104	420	87
376	1460.0	122.1		120.1		1920	134	0	0	1740	121	0	0	180	103	540	90
377	2280.0	105.4		104.3		2880	114	60	94	2520	106	0	0	600	89	780	85
378	1620.0	113.9		113.4		1860	118	0	0	2040	115	0	0	720	109	240	87
379	1800.0	113.8		111.9		2580	123	0	0	1860	115	0	0	240	94	720	84
380	1400.0	118.5		116.7		1560	131	0	0	1740	120	0	0	780	95	120	87
381	1360.0	119.7		119.1		1560	125	0	0	1620	122	0	0	780	109	120	90
382	1820.0	111.4		109.6		2280	123	0	0	2340	110	0	0	60	82	780	84
383	2260.0	101.7		100.5		3180	110	0	0	2400	101	0	0	120	83	1080	81
384	1940.0	107.2		106.4		2580	114	0	0	2100	107	60	110	360	97	720	88
385	2020.0	108.0		106.2		2340	122	0	0	2280	106	60	107	480	92	900	85
386	1760.0	111.0		110.1		2220	117	0	0	2220	113	0	0	180	94	660	89
387	2160.0	97.9		97.0		2520	107	0	0	2580	97	60	93	360	81	960	83
388	2020.0	102.1		101.8		2520	105	0	0	2400	104	0	0	780	94	360	87
389	1860.0	114.3		113.0		2400	122	0	0	2040	116	0	0	420	107	720	88
390	1740.0	112.9		111.6		2220	121	0	0	1920	114	0	0	660	103	420	81
391	2180.0	96.3		95.9		2880	97	0	0	2400	101	0	0	660	90	600	81
392	1780.0	110.5		110.0		2280	116	0	0	1800	112	60	109	1080	99	120	87
393	2140.0	95.9		95.1		2640	103	0	0	2580	96	0	0	540	81	660	79
394	2000.0	97.4		96.9		2700	103	0	0	1920	98	0	0	840	88	540	82
395	2300.0	93.6		93.2		2700	97	60	95	2940	95	0	0	660	84	540	80
396	1720.0	98.7		98.6		1980	101	0	0	2100	100	0	0	780	94	300	87
397	1740.0	111.2		110.5		2100	116	0	0	2100	114	0	0	840	97	180	88
398	2100.0	108.7		108.3		2700	115	0	0	2220	108	60	107	1200	98	120	89
399	1840.0	106.0		105.5		2040	114	0	0	2340	105	0	0	900	95	240	90
400	1960.0	109.6		108.8		2520	116	0	0	2040	112	0	0	1080	94	240	91
401	1880.0	109.2		109.0		2640	112	0	0	2340	109	0	0	480	101	180	92
402	1740.0	108.5		107.8		2340	115	0	0	1800	109	0	0	840	96	240	85
403	1840.0	109.2		108.2		2220	117	0	0	2160	111	0	0	720	92	420	88
404	2040.0	108.8		108.3		2460	113	0	0	2340	111	0	0	1080	99	240	88
405	1480.0	112.1		110.9		2160	122	0	0	1620	107	60	90	300	100	300	85
406	1900.0	103.8		103.4		2460	108	0	0	2100	105	60	105	600	95	480	88
407	1960.0	100.6		100.2		2640	105	0	0	2160	102	0	0	960	87	120	89
408	1740.0	111.3		109.9		2280	121	0	0	1920	110	120	97	420	101	480	83
409	1780.0	111.0		109.6		2160	121	0	0	2040	112	0	0	540	95	600	86
410	1880.0	103.9		103.2		2340	111	0	0	2340	102	0	0	540	98	420	82
411	1720.0	113.1		111.6		2100	121	0	0	2040	117	0	0	480	94	540	85
412	1920.0	102.9		101.8		2340	111	0	0	2100	105	60	100	480	87	780	83
413	2060.0	107.4		106.3		2820	113	0	0	2160	111	0	0	540	91	660	85
414	1740.0	113.6		112.3		1920	124	0	0	2280	113	0	0	660	102	360	83
415	1620.0	105.8		105.5		1920	109	0	0	1920	108	0	0	780	97	240	91
416	1780.0	113.1		112.7		2400	120	0	0	2100	109	0	0	600	108	240	93
417	1780.0	111.4		110.2		2100	121	0	0	2280	112	0	0	540	91	420	87
418	1780.0	107.4		106.7		2280	113	0	0	2040	109	60	90	780	94	180	83
419	1740.0	114.3		113.5		2220	123	60	118	1860	112	120	110	780	102	180	87
420	1700.0	109.5		108.8		2100	116	0	0	2040	110	0	0	720	96	240	88
421	2200.0	98.0		97.3		2460	107	0	0	2640	96	0	0	1080	88	420	83
422	1840.0	111.9		111.1		2340	119	0	0	2160	112	0	0	780	98	240	86
423	1920.0	113.2		112.6		2520	121	0	0	2340	110	0	0	720	103	180	87
424	2000.0	111.2		109.9		2580	120	0	0	2280	112	0	0	660	93	480	85
425	1740.0	113.3		111.8		2220	124	0	0	2100	112	60	100	240	94	600	87
426	1900.0	110.1		109.8		2400	115	0	0	2340	110	0	0	780	101	180	87
427	1900.0	109.0		107.8		2400	115	0	0	1980	114	0	0	840	95	480	83
428	1700.0	110.9		110.0		1980	120	0	0	1920	111	60	100	720	98	420	91
429	1560.0	116.7		115.0		1860	130	0	0	1620	116	60	92	600	104	540	90
430	2220.0	83.3		83.1		2520	86	0	0	2760	84	0	0	840	78	540	75
431	2380.0	77.7		77.7		2880	76	0	0	2520	78	60	78	1380	80	300	81
432	2100.0	86.6		86.2		2640	93	0	0	1980	86	0	0	1020	79	660	75
433	2000.0	91.6		91.3		2460	96	0	0	2220	92	0	0	780	83	540	82
434	1960.0	97.2		96.5		2340	104	0	0	2280	98	0	0	900	83	360	83
435	2220.0	94.5		94.2		2580	100	0	0	2220	95	0	0	1680	87	180	81
436	2120.0	95.4		95.2		2580	100	0	0	2460	95	0	0	960	88	360	85
437	2260.0	96.3		95.7		2820	102	0	0	2460	97	60	99	840	85	600	82
438	1640.0	96.7		96.2		2220	102	0	0	1860	96	0	0	540	86	300	81
439	2140.0	99.6		99.1		2640	105	0	0	2100	100	60	93	960	94	660	85
440	1940.0	101.5		101.0		2280	108	0	0	2580	100	0	0	780	92	180	81
441	2320.0	92.8		92.3		3180	98	60	86	2340	93	0	0	900	83	480	77
442	2380.0	88.3		88.1		2940	92	0	0	2700	88	0	0	1080	82	420	80
443	2040.0	82.0		81.9		2460	83	0	0	2220	83	60	84	1200	79	180	74
444	1600.0	72.0		72.0		1980	71	0	0	1860	74	0	0	600	71	360	69
445	1280.0	63.5		63.2		1200	58	0	0	1740	66	0	0	480	70	420	61
446	1820.0	54.7		54.7		2160	55	0	0	1740	54	0	0	1320	54	240	61
447	1180.0	29.7		28.3		780	27	120	12	1260	27	0	0	1260	36	120	27
448	1020.0	31.9		30.7		1080	37	0	0	900	33	60	17	720	29	300	20
449	1740.0	55.8		55.6		1920	54	0	0	1800	60	0	0	1440	53	60	54
450	1480.0	73.7		73.5		1800	78	0	0	1980	72	0	0	480	68	180	64
451	1580.0	78.2		78.2		2280	80	0	0	1860	77	0	0	180	81	420	73
452	1700.0	76.3		75.6		2100	80	0	0	1800	80	60	74	780	63	360	65
453	1760.0	77.5		77.4		2160	79	0	0	1920	80	0	0	720	71	480	71
454	1780.0	70.5		70.5		2100	72	0	0	1860	71	0	0	1200	68	180	65
455	1840.0	75.9		75.7		2460	79	0	0	1860	75	0	0	900	71	300	70
456	1680.0	79.1		78.6		2160	85	0	0	1860	78	0	0	420	67	600	70
457	1840.0	71.7		71.6		2100	73	0	0	2220	73	0	0	840	68	360	65
458	2060.0	71.4		71.2		2280	75	0	0	2100	72	0	0	1380	67	420	63
459	1940.0	62.9		62.9		2160	63	0	0	2160	64	0	0	1200	62	300	58
460	1960.0	69.3		69.2		2040	72	0	0	2220	70	0	0	1380	66	240	59
461	1720.0	72.4		71.9		1920	78	0	0	1920	73	0	0	1020	64	300	61
462	1800.0	70.7		70.4		1920	76	0	0	1920	71	0	0	1260	64	300	63
463	1900.0	75.0		74.8		2220	77	0	0	2100	77	0	0	960	70	420	66
464	1800.0	65.5		65.4		2040	67	0	0	2160	67	0	0	900	61	300	58
465	1900.0	58.7		58.7		1920	59	0	0	2160	60	0	0	1260	57	360	56
466	1720.0	54.9		54.7		2100	58	0	0	1860	54	0	0	540	53	660	49
467	1860.0	63.9		63.5		2220	68	0	0	2040	65	0	0	840	56	480	54
468	2060.0	62.8		62.8		2280	64	0	0	2160	63	0	0	1620	61	120	62
469	1900.0	74.3		74.0		2220	79	0	0	2100	73	0	0	1260	69	120	64
470	1720.0	75.2		74.8		2280	81	0	0	1680	73	0	0	720	69	480	65
471	1800.0	72.7		72.6		2100	75	0	0	1860	74	0	0	1200	68	240	66
472	2000.0	75.5		75.2		2520	79	0	0	2040	77	0	0	960	69	480	64
473	2140.0	72.7		72.6		2520	75	0	0	2160	74	0	0	1260	69	480	65
474	1620.0	75.8		75.7		1860	77	0	0	1680	78	60	78	1080	72	180	66
475	1900.0	70.7		70.5		2100	74	0	0	2220	72	0	0	1020	64	360	63
476	1820.0	62.2		61.7		2400	67	0	0	1980	62	0	0	540	53	540	51
477	1840.0	72.6		72.3		2160	75	0	0	1920	75	0	0	900	66	540	65
478	1820.0	79.5		79.2		2100	83	0	0	2340	80	0	0	600	71	420	71
479	1740.0	71.1		71.0		2160	74	0	0	2100	71	0	0	660	66	300	63
480	1820.0	76.2		75.6		2220	82	0	0	1980	76	0	0	720	67	540	65
481	1980.0	70.3		69.9		2280	75	0	0	2100	71	0	0	1200	63	360	61
482	1820.0	63.9		63.7		2160	66	0	0	1860	65	0	0	1080	60	360	57
483	1720.0	71.0		70.8		2040	75	0	0	2040	70	0	0	840	66	240	63
484	1780.0	71.7		71.1		1980	76	0	0	2100	74	0	0	900	61	360	61
485	1580.0	69.8		69.6		1800	72	0	0	1800	71	0	0	780	66	360	61
486	1800.0	69.3		69.2		1980	71	0	0	2160	70	0	0	1080	66	180	62
487	1700.0	69.8		69.8		2040	70	0	0	1860	70	60	72	840	70	300	67
488	1780.0	65.3		65.2		2220	66	0	0	2160	66	0	0	540	62	420	62
489	1620.0	71.9		71.5		1740	76	0	0	1920	73	0	0	840	65	360	62
490	1820.0	67.3		67.3		2100	69	0	0	2100	68	0	0	1020	64	240	61
491	1960.0	65.5		65.3		2340	67	60	63	2100	67	60	69	780	62	540	58
492	1780.0	59.8		59.8		2040	60	0	0	2040	60	0	0	1020	59	240	59
493	1560.0	67.1		66.9		1920	72	0	0	1740	65	0	0	840	62	180	60
494	1740.0	69.4		69.0		2160	74	0	0	1740	69	0	0	1140	62	180	64
495	1680.0	72.4		72.1		1920	77	0	0	1860	72	0	0	1020	66	240	65
496	1660.0	67.3		67.2		1740	69	0	0	1920	69	0	0	720	65	600	60
497	1640.0	54.5		54.5		1680	54	0	0	2040	55	0	0	840	55	360	53
498	1740.0	50.9		50.8		2040	53	0	0	1920	51	0	0	840	48	420	46
499	1640.0	49.3		49.2		1800	52	0	0	1740	48	0	0	1020	47	360	48
500	1540.0	46.3		46.3		1740	45	0	0	1740	48	0	0	780	46	360	45
501	1420.0	31.6		30.8		1380	26	0	0	1620	31	0	0	1020	38	240	40
502	1340.0	49.5		49.2		1500	51	0	0	1380	53	60	51	720	44	360	41
503	1680.0	57.9		57.8		1860	60	0	0	1980	58	0	0	900	55	300	53
504	1660.0	52.7		52.6		1740	53	0	0	1680	54	60	55	1320	51	180	49
505	1760.0	50.9		50.9		2040	51	0	0	1860	52	0	0	960	49	420	50
506	1800.0	50.3		50.2		1980	49	0	0	2100	51	0	0	960	51	360	51
507	1660.0	60.6		60.6		1740	62	0	0	2040	61	0	0	960	58	240	58
508	1540.0	64.5		64.4		1740	67	0	0	1860	65	0	0	660	60	360	58
509	1720.0	60.0		59.7		1860	63	60	66	1860	61	60	58	960	54	360	54
510	1820.0	61.9		61.8		2100	63	0	0	1980	64	60	61	660	58	660	56
511	1780.0	58.8		58.8		1980	60	0	0	1980	59	0	0	1020	56	360	59
512	1700.0	59.5		59.5		1980	59	0	0	1860	61	0	0	900	58	360	58
513	1780.0	60.3		60.2		1920	62	0	0	2040	60	0	0	1140	59	240	55
514	1820.0	53.7		53.6		1980	55	0	0	2220	53	0	0	900	53	360	52
515	1660.0	57.4		57.1		1920	61	0	0	1920	58	0	0	720	51	420	49
516	1700.0	60.9		60.7		2100	64	0	0	1740	61	60	62	780	57	420	52
517	1580.0	68.6		68.5		1980	69	0	0	1800	70	0	0	480	68	480	62
518	1700.0	68.0		67.8		1860	71	0	0	1860	69	0	0	1080	63	300	61
519	1680.0	66.7		66.6		1980	67	0	0	1800	69	0	0	1020	63	240	62
520	1600.0	56.1		56.1		1800	58	0	0	1980	55	0	0	420	55	600	55
521	1660.0	57.5		57.4		1980	60	0	0	1800	57	0	0	600	54	600	54
522	1640.0	55.7		55.5		1860	56	0	0	1800	58	0	0	960	53	300	48
523	1620.0	57.0		56.8		1860	58	0	0	1560	60	60	57	1020	52	360	53
524	1520.0	61.0		60.9		1740	63	0	0	1440	62	60	60	780	59	540	55
525	1600.0	58.8		58.7		1860	61	0	0	1680	58	0	0	600	57	660	56
526	1680.0	59.7		59.6		1920	62	0	0	1740	60	60	51	1140	57	180	52
527	1560.0	53.5		53.1		1680	56	0	0	1740	56	0	0	840	47	420	46
528	1620.0	60.4		60.2		1920	63	0	0	1500	61	60	57	1260	57	120	47
529	1620.0	63.5		63.4		2100	65	0	0	1680	65	0	0	780	59	300	57
530	1720.0	65.7		65.5		2160	68	0	0	1860	66	0	0	720	61	420	60
531	1820.0	67.6		67.4		2220	71	0	0	2100	67	0	0	660	63	480	61
532	1720.0	62.3		62.2		2160	65	0	0	1920	62	0	0	540	59	540	56
533	1780.0	55.3		55.3		1920	56	0	0	1860	56	0	0	1140	54	420	53
534	1720.0	63.8		63.7		1980	64	0	0	1860	66	0	0	1020	61	300	58
535	1660.0	66.0		65.9		1920	66	0	0	1800	68	0	0	900	63	360	63
536	1780.0	62.8		62.7		1980	64	0	0	1920	65	0	0	1260	59	180	53
537	1460.0	59.5		59.3		1680	62	0	0	1560	59	0	0	660	58	480	54
538	1660.0	61.2		61.1		2100	62	0	0	1860	62	0	0	480	60	540	56
539	1560.0	65.0		64.8		1740	66	0	0	1680	68	0	0	780	60	480	59
540	1620.0	65.1		65.0		1980	68	0	0	1560	65	0	0	900	62	420	59
541	1560.0	62.9		62.8		1860	65	0	0	1620	63	0	0	900	60	300	58
542	1760.0	63.3		63.3		2040	65	0	0	1860	64	0	0	1020	60	360	60
543	1500.0	65.1		65.0		1740	68	0	0	1380	65	0	0	1140	62	240	60
544	1600.0	66.7		66.6		1860	64	0	0	1800	70	0	0	840	66	300	65
545	1540.0	64.2		64.2		1860	64	0	0	1740	66	0	0	600	62	420	61
546	1680.0	64.5		64.4		1920	66	0	0	1860	65	60	70	720	61	480	61
547	1580.0	65.0		65.0		2040	66	0	0	1740	65	0	0	600	64	360	61
548	1680.0	69.7		69.6		2040	72	0	0	1560	70	240	70	720	67	480	63
549	1520.0	65.4		65.0		1920	70	0	0	1740	65	0	0	420	57	480	56
550	1660.0	65.2		64.8		1800	70	60	76	1920	65	60	63	600	58	540	57
551	1620.0	65.0		64.8		2100	69	0	0	1620	64	60	70	720	60	360	56
552	1680.0	64.0		63.9		1920	64	0	0	1860	66	0	0	660	62	600	60
553	1620.0	64.0		63.7		1800	67	0	0	1680	65	0	0	1020	60	360	55
554	1560.0	60.6		60.4		1860	59	0	0	1800	64	0	0	300	58	720	57
555	1620.0	65.9		65.8		2100	68	0	0	1860	66	0	0	540	62	360	59
556	1620.0	56.9		56.8		1980	59	0	0	1560	57	0	0	900	53	420	55
557	1780.0	60.0		59.9		2100	61	0	0	2040	61	0	0	540	57	660	56
558	1400.0	65.6		65.6		1620	67	0	0	1560	66	0	0	660	65	360	59
559	1360.0	57.5		57.5		1620	59	0	0	1440	57	0	0	540	56	480	56
560	1420.0	48.2		48.2		1620	49	0	0	1440	48	0	0	900	47	300	48
561	1400.0	43.9		43.5		1560	48	0	0	1380	44	120	41	780	39	360	37
562	1260.0	49.7		49.6		1440	53	0	0	1260	49	0	0	900	46	180	47
563	1320.0	52.5		52.3		1500	55	0	0	1380	53	0	0	960	49	120	43
564	1420.0	56.1		55.7		1560	61	0	0	1440	56	60	56	900	50	300	49
565	1400.0	59.3		59.2		1380	63	0	0	1560	59	0	0	780	56	480	55
566	1480.0	52.3		52.1		1740	55	0	0	1500	52	0	0	960	49	240	47
567	1260.0	53.3		53.2		1380	56	0	0	1500	52	0	0	540	51	360	52
568	1300.0	48.9		48.8		1440	51	0	0	1560	46	0	0	360	50	540	51
569	1560.0	50.4		50.4		1620	51	0	0	1920	51	0	0	600	49	540	48
570	1500.0	56.9		56.6		1620	60	0	0	1620	58	0	0	780	53	480	49
571	1540.0	60.8		60.5		1860	63	0	0	1500	63	60	68	900	54	300	55
572	1400.0	59.7		59.6		1800	61	0	0	1320	61	0	0	840	57	240	53
573	1660.0	59.5		59.2		1680	65	0	0	1860	58	0	0	1260	55	180	55
574	1580.0	60.5		60.3		1800	63	0	0	1680	62	0	0	960	56	300	52
575	1620.0	61.9		61.6		1860	66	0	0	1680	63	0	0	1020	55	300	54
576	1380.0	65.7		65.1		1560	72	0	0	1440	65	0	0	840	57	300	60
577	1420.0	66.1		65.5		1680	73	0	0	1620	65	0	0	540	56	420	56
578	1520.0	68.3		67.9		1740	72	0	0	1680	70	0	0	780	61	360	58
579	1480.0	69.3		68.9		1920	74	0	0	1740	68	0	0	480	63	300	57
580	1540.0	71.3		71.0		2100	73	0	0	1560	74	0	0	480	64	480	62
581	1680.0	70.8		70.7		1920	72	0	0	1860	72	0	0	840	66	420	69
582	1540.0	68.1		67.7		1680	73	0	0	1800	69	0	0	600	61	540	58
583	1280.0	69.6		69.2		1680	74	0	0	1260	70	0	0	300	61	600	61
584	1400.0	63.2		63.0		1740	67	0	0	1500	62	0	0	420	58	540	58
585	1680.0	72.1		71.0		1980	81	0	0	1800	71	0	0	600	64	660	56
586	1460.0	78.3		77.7		1740	83	0	0	1620	80	0	0	720	68	300	66
587	1460.0	70.6		70.3		1920	75	0	0	1320	70	120	73	600	63	420	63
588	1580.0	74.4		73.8		1860	80	0	0	1800	75	0	0	600	64	480	63
589	1660.0	70.8		70.4		1800	76	0	0	1620	71	0	0	1140	65	420	63
590	1700.0	75.8		75.7		2100	78	0	0	1800	77	0	0	840	70	360	71
591	1660.0	84.0		83.6		1980	89	0	0	1920	84	0	0	600	76	480	73
592	1520.0	93.7		93.1		1620	97	0	0	1740	98	0	0	840	85	360	78
593	1260.0	101.3		100.3		1260	112	0	0	1260	103	0	0	960	89	300	88
594	1480.0	101.2		100.7		1620	108	0	0	1440	103	120	97	1140	91	120	89
595	1320.0	91.0		90.7		1380	95	0	0	1440	93	0	0	840	84	300	82
596	1580.0	92.4		91.7		1680	101	0	0	1680	93	0	0	1260	81	120	83
597	1220.0	100.3		99.7		1320	107	0	0	1500	102	0	0	540	88	300	85
598	1580.0	99.1		98.6		1920	107	0	0	1800	96	0	0	840	90	180	87
599	1300.0	100.7		99.7		1560	110	0	0	1380	101	0	0	600	86	360	84
600	1500.0	99.9		98.8		1560	112	0	0	1740	99	60	93	660	89	480	80
601	1140.0	103.2		101.7		660	117	0	0	1680	108	60	119	480	86	540	85
602	1340.0	100.7		99.4		1140	114	0	0	1740	102	120	97	480	83	540	85
603	1340.0	99.4		98.3		1380	110	0	0	1500	101	0	0	840	86	300	80
604	1660.0	94.0		93.5		1860	99	0	0	1800	97	60	91	660	84	600	81
605	1200.0	100.9		100.2		1200	108	0	0	1440	103	0	0	480	95	480	83
606	1500.0	102.1		100.7		1740	113	0	0	1740	102	60	99	420	88	540	79
607	1460.0	91.3		91.1		1680	94	0	0	1680	93	0	0	480	86	540	82
608	1300.0	96.5		96.0		1380	101	0	0	1620	99	0	0	540	87	360	82
609	1300.0	105.3		104.2		1380	115	0	0	1440	108	0	0	600	91	480	87
610	1100.0	98.7		97.8		1020	109	0	0	1260	100	0	0	540	91	480	82
611	1360.0	101.4		100.9		1620	107	0	0	1560	102	0	0	480	93	420	87
612	1300.0	105.2		104.6		1740	112	0	0	1320	105	0	0	720	92	120	88
613	1520.0	100.0		98.9		1740	109	0	0	1560	102	120	99	780	84	360	83
614	1180.0	105.6		104.4		1140	117	0	0	1500	107	0	0	420	92	480	86
615	1400.0	102.1		101.4		1560	109	0	0	1500	104	120	105	480	91	540	86
616	1340.0	102.5		101.6		1200	113	60	110	1560	104	60	101	420	91	720	88
617	1800.0	96.0		95.3		2340	104	0	0	1980	94	0	0	360	83	720	82
618	1660.0	101.0		99.6		2160	110	0	0	1800	102	60	85	420	81	540	79
619	1580.0	105.8		104.9		1920	114	0	0	1620	107	60	98	840	92	300	87
620	1560.0	98.9		97.6		1920	104	0	0	1620	106	60	91	480	77	600	82
621	1840.0	94.8		94.5		2340	98	0	0	1920	97	60	100	600	87	600	83
622	1580.0	92.6		91.8		1560	100	0	0	1860	95	120	95	600	82	600	76
623	1480.0	90.6		90.4		1620	92	0	0	1740	94	0	0	720	84	360	81
624	1220.0	98.5		98.2		1440	103	0	0	1320	99	60	98	540	87	300	96
625	1500.0	96.1		95.0		1560	104	0	0	1800	99	0	0	420	87	720	77
626	1300.0	105.1		104.3		1080	114	0	0	1800	107	120	108	540	94	360	85
627	1160.0	100.6		99.6		1020	112	0	0	1440	102	0	0	420	90	600	85
628	1460.0	97.2		96.6		1680	100	0	0	1740	101	60	106	600	86	300	80
629	1760.0	92.0		91.0		2040	101	0	0	1800	93	60	87	720	79	660	76
630	1440.0	95.7		94.8		1560	104	0	0	1740	97	0	0	300	85	720	79
631	1520.0	86.1		85.6		1740	92	0	0	1740	87	0	0	300	81	780	73
632	1380.0	89.0		88.9		1500	91	0	0	1560	90	0	0	780	87	300	79
633	1420.0	103.9		102.3		1620	114	0	0	1620	107	60	95	240	80	720	83
634	1300.0	101.6		100.8		1320	112	0	0	1620	101	0	0	480	92	480	85
635	1460.0	105.4		104.5		1920	112	0	0	1380	108	120	103	300	93	660	87
636	1600.0	105.7		105.1		1500	115	0	0	2100	106	0	0	1080	93	120	99
637	480.0	111.1		110.7		180	128	0	0	660	112	0	0	600	105	0	0
638	1540.0	106.4		104.9		1860	117	0	0	1800	107	0	0	420	86	540	84
639	1700.0	105.0		103.8		2100	113	0	0	2100	106	0	0	240	89	660	82
640	1300.0	110.1		108.4		1440	123	0	0	1380	112	0	0	540	95	540	86
641	1040.0	112.6		110.2		660	137	0	0	1500	115	60	105	480	95	420	87
642	1200.0	107.5		105.7		1200	120	60	114	1440	110	0	0	300	93	600	83
643	1480.0	104.7		103.5		1740	113	0	0	1740	107	0	0	300	91	660	83
644	1700.0	99.8		99.3		1980	106	0	0	1800	101	120	91	840	90	360	86
645	1500.0	99.5		98.5		1800	108	0	0	1620	100	0	0	600	89	480	79
646	1340.0	109.0		108.0		1680	116	0	0	1500	110	60	105	420	100	360	83
647	1460.0	96.2		95.4		1380	104	0	0	1740	99	0	0	480	85	780	83
648	1860.0	99.2		98.9		2340	104	0	0	2040	99	0	0	1020	91	180	85
649	1500.0	104.9		104.5		1740	110	0	0	1800	106	0	0	720	96	240	87
650	1620.0	96.8		95.1		1980	105	0	0	1620	102	0	0	240	82	1020	76
651	1600.0	82.4		81.8		1980	88	0	0	1440	84	120	73	480	75	780	71
652	1400.0	80.2		80.0		1560	84	0	0	1560	81	0	0	840	75	240	69
653	1700.0	98.7		96.7		1800	110	0	0	2100	102	0	0	540	77	660	75
654	1200.0	97.9		96.8		900	107	0	0	1380	104	0	0	540	90	780	82
655	1880.0	93.5		93.2		2340	97	0	0	1860	96	0	0	720	85	720	84
656	1520.0	96.8		95.7		1500	107	0	0	1920	98	0	0	660	83	480	79
657	1640.0	93.6		92.9		2040	99	0	0	1380	98	60	97	720	83	720	80
658	980.0	99.7		99.0		540	110	0	0	1500	103	0	0	600	88	300	88
659	1480.0	94.4		93.9		1680	96	0	0	1680	100	60	92	240	82	780	83
660	1760.0	89.0		88.7		2100	93	0	0	1800	91	0	0	660	83	720	78
661	1580.0	90.8		90.1		1860	97	60	109	1800	91	0	0	540	78	480	78
662	1300.0	107.2		105.5		1560	120	0	0	1380	107	0	0	300	93	660	84
663	1540.0	96.7		95.9		1680	103	60	113	1860	99	0	0	480	84	540	79
664	1400.0	91.2		90.7		1680	95	0	0	1440	95	0	0	600	82	480	78
665	1980.0	81.9		81.8		2400	84	0	0	2340	82	0	0	660	77	540	78
666	1460.0	93.2		92.9		1860	96	0	0	1680	95	0	0	360	88	480	80
667	1900.0	84.7		83.9		2340	93	60	86	1980	83	60	83	360	70	900	73
668	1520.0	96.5		95.1		1680	107	0	0	1980	97	0	0	300	80	600	74
669	1700.0	99.8		98.6		2040	108	0	0	1860	102	60	106	360	84	780	80
670	1460.0	89.1		89.0		1500	90	0	0	1560	92	120	88	480	85	720	84
671	900.0	106.2		104.9		960	117	0	0	900	109	60	104	480	92	300	86
672	1840.0	88.6		88.3		2040	94	0	0	2220	88	0	0	960	82	300	77
673	1240.0	97.5		95.8		1020	108	0	0	1320	106	60	104	300	83	1020	80
674	1780.0	87.3		87.0		1920	91	0	0	2100	89	0	0	720	80	600	78
675	1360.0	100.2		99.7		1380	108	0	0	1800	100	0	0	480	92	420	85
676	1700.0	93.8		93.4		1860	99	0	0	2100	95	0	0	360	84	780	83
677	1480.0	101.6		101.2		1680	107	0	0	1920	102	0	0	420	95	420	85
678	1460.0	102.5		101.2		1800	113	0	0	1380	103	60	100	240	91	900	84
679	1460.0	106.2		104.9		1680	118	0	0	1680	105	60	105	360	89	600	87
680	1420.0	97.5		96.7		1380	106	0	0	1740	100	0	0	660	84	480	83
681	1540.0	91.0		90.2		1620	97	60	117	1740	94	0	0	240	79	960	77
682	1740.0	85.9		85.5		2160	90	0	0	1800	87	120	83	540	77	600	76
683	1440.0	91.9		91.4		1440	101	0	0	1860	90	0	0	660	83	360	82
684	1280.0	99.8		98.5		1680	109	0	0	1320	100	0	0	360	81	480	81
685	1480.0	93.6		92.4		1620	102	60	105	1500	96	120	102	540	76	600	78
686	1680.0	85.5		84.7		2040	93	0	0	1860	85	0	0	240	72	900	73
687	1680.0	70.3		70.0		2160	74	0	0	1740	70	0	0	240	66	900	63
688	1340.0	56.2		56.2		1560	56	0	0	1680	57	0	0	360	56	420	54
689	1340.0	53.8		53.5		1620	56	0	0	1620	55	0	0	60	56	720	46
690	920.0	40.9		38.2		1260	45	60	61	1260	39	0	0	60	11	120	22
691	1080.0	39.2		37.6		1260	43	60	48	1200	42	120	31	120	20	480	28
692	1140.0	54.3		53.4		1320	58	0	0	1320	57	0	0	240	49	540	41
693	1380.0	52.3		52.1		1800	53	0	0	1380	54	60	55	420	49	480	47
694	1480.0	68.1		67.8		1800	72	0	0	1620	69	60	63	300	57	660	61
695	1400.0	70.8		70.6		1680	74	0	0	1500	71	60	75	300	66	660	64
696	1460.0	70.2		69.6		1860	76	0	0	1560	69	60	74	240	62	660	59
697	1400.0	59.5		59.3		1500	64	60	65	1800	58	0	0	120	56	720	54
698	1460.0	61.2		61.1		1680	64	60	59	1680	61	0	0	360	60	600	55
699	1320.0	64.9		64.3		1440	68	0	0	1620	68	0	0	180	56	720	54
700	1420.0	63.0		62.5		1500	68	60	52	1560	64	0	0	720	59	420	50
701	1580.0	55.8		55.3		1980	60	0	0	1860	56	0	0	480	48	420	44
702	1460.0	59.3		58.7		1980	62	0	0	1320	63	0	0	180	53	900	49
703	1400.0	60.4		59.0		1860	67	0	0	1260	62	120	60	240	51	720	44
704	1360.0	62.5		62.2		1680	65	0	0	1380	65	0	0	360	57	660	54
705	1540.0	64.9		64.7		1740	68	0	0	1920	65	0	0	240	62	720	58
706	1460.0	66.7		66.2		1860	69	0	0	1320	70	180	70	240	59	780	57
707	1560.0	75.7		75.4		2040	78	0	0	1560	78	120	72	360	68	600	67
708	1440.0	77.3		77.0		1740	82	0	0	1620	75	120	82	120	67	720	72
709	1700.0	78.6		78.2		2100	83	0	0	1860	79	0	0	660	72	480	67
710	1300.0	92.3		91.1		1500	102	0	0	1260	94	60	86	840	77	240	78
711	1560.0	94.2		93.4		1800	102	0	0	1860	94	120	93	60	94	840	78
712	1460.0	97.5		96.8		1200	106	0	0	2100	99	0	0	540	86	540	84
713	1340.0	95.5		95.0		1200	103	0	0	1920	96	0	0	360	88	540	82
714	1120.0	98.2		96.3		720	116	0	0	1500	102	120	99	180	80	840	80
715	880.0	107.2		104.7		600	129	0	0	1080	112	0	0	540	92	420	83
716	1080.0	106.6		105.3		780	122	0	0	1380	109	0	0	720	94	360	89
717	1340.0	103.4		102.9		1380	111	0	0	1800	103	0	0	600	94	240	86
718	1120.0	108.3		106.2		900	123	0	0	1560	113	0	0	180	88	720	85
719	1260.0	97.6		96.5		960	108	0	0	1740	101	0	0	180	87	900	82
720	1540.0	92.0		91.7		1380	98	0	0	2160	93	0	0	540	84	540	81
721	980.0	106.0		104.2		540	124	0	0	1380	112	0	0	600	90	420	86
722	1120.0	101.5		99.8		720	120	0	0	1440	105	0	0	420	90	780	84
723	1120.0	107.3		105.2		900	121	0	0	1500	112	0	0	180	105	780	83
724	880.0	108.7		106.9		720	124	60	104	1200	111	0	0	480	90	180	83
725	1280.0	101.8		100.5		1200	115	0	0	1620	102	0	0	600	87	420	84
726	980.0	105.1		103.1		660	121	0	0	1140	113	60	94	720	89	360	85
727	1200.0	110.1		106.6		1020	128	0	0	1380	119	60	105	360	87	780	82
728	1080.0	113.8		111.8		960	126	0	0	1620	117	0	0	180	97	480	85
729	1260.0	114.2		113.1		1260	126	0	0	1680	114	60	103	360	103	420	91
730	1040.0	111.1		109.4		960	126	0	0	1260	113	0	0	360	96	540	90
731	1080.0	114.9		112.7		780	127	0	0	1560	122	0	0	420	99	480	86
732	1260.0	113.2		111.7		1140	127	0	0	1620	115	60	115	900	94	60	90
733	1160.0	113.4		111.0		780	132	0	0	1500	120	0	0	720	98	480	86
734	1180.0	101.1		98.4		1200	114	0	0	1500	105	60	76	180	88	600	72
735	1100.0	93.7		92.4		1020	103	0	0	1440	97	60	87	0	0	780	76
736	1200.0	77.2		76.2		1260	87	0	0	1560	74	0	0	360	77	420	60
737	1240.0	52.3		42.3		1740	66	0	0	1380	50	0	0	240	16	360	19
738	940.0	52.4		49.1		1380	58	0	0	1260	50	60	44	60	18	60	16
739	1280.0	44.9		41.4		1500	59	0	0	1320	41	120	39	480	29	420	27
740	1320.0	50.9		50.5		1320	57	60	56	1680	49	0	0	300	44	600	46
741	1400.0	51.0		49.6		1500	57	0	0	1500	50	60	16	660	46	480	47
742	1120.0	54.5		53.3		1500	58	0	0	1440	56	60	49	0	0	360	35
743	740.0	43.2		40.2		1260	48	0	0	840	40	0	0	60	15	60	15
744	640.0	18.7		18.4		840	21	0	0	1020	17	60	14	0	0	0	0
745	720.0	19.3		18.6		1260	22	0	0	780	16	60	15	60	10	0	0
746	620.0	24.0		22.4		1080	29	0	0	720	17	60	17	0	0	0	0
747	820.0	26.0		24.3		1260	31	0	0	840	23	60	23	0	0	300	14
748	780.0	22.1		21.1		1320	26	0	0	1020	17	0	0	0	0	0	0
749	840.0	23.9		23.3		1140	27	0	0	420	21	600	24	60	18	300	17
750	840.0	26.8		26.2		1440	30	0	0	480	22	420	22	60	31	120	23
751	900.0	30.3		29.6		1080	35	0	0	1020	29	180	25	120	22	300	24
752	740.0	29.9		29.7		660	31	0	0	960	31	0	0	60	25	540	27
753	540.0	18.5		17.1		540	14	0	0	300	13	0	0	240	23	540	24
754	460.0	15.3		14.8		960	17	0	0	360	11	0	0	60	15	0	0
755	900.0	15.9		15.1		1140	20	0	0	960	13	60	17	300	13	240	11
756	1020.0	18.9		18.1		1140	23	60	32	1140	15	0	0	360	17	360	18
757	1120.0	20.9		20.8		1140	21	60	27	1260	21	60	21	660	20	180	20
758	580.0	14.3		14.2		540	14	60	18	420	13	0	0	480	15	240	15
759	1060.0	18.1		17.7		1140	15	0	0	1140	20	0	0	420	20	480	19
760	1040.0	27.1		26.9		1260	29	0	0	1200	27	0	0	240	23	420	24
761	800.0	19.5		19.2		900	20	120	12	1080	20	120	18	60	18	120	21
762	900.0	17.5		16.3		1020	13	120	11	1080	23	0	0	180	19	300	15
763	320.0	12.6		12.5		600	12	0	0	300	13	60	16	0	0	0	0
764	560.0	19.2		18.3		780	22	0	0	480	17	60	30	240	16	120	11
765	1260.0	33.7		33.5		1560	35	0	0	1380	35	0	0	420	30	420	28
766	920.0	26.7		25.9		1320	30	60	21	1020	21	0	0	240	33	120	30
767	860.0	22.2		21.4		1320	25	60	18	900	21	60	14	120	17	120	12
768	1560.0	37.9		37.8		1740	39	0	0	1680	39	60	39	900	35	300	34
769	1340.0	38.1		38.1		1560	36	0	0	1560	39	0	0	360	41	540	40
770	1060.0	31.9		30.8		1320	35	60	31	1440	31	0	0	60	10	300	27
771	280.0	14.7		14.4		180	12	0	0	600	16	0	0	60	10	0	0
772	420.0	18.0		17.1		420	21	0	0	660	18	0	0	60	10	120	11
773	840.0	21.3		21.2		1140	23	0	0	720	20	60	18	300	21	300	19
774	1120.0	31.4		31.2		1260	34	0	0	1320	29	0	0	360	35	420	28
775	1000.0	25.5		25.3		1440	25	0	0	1140	26	60	16	120	32	240	25
776	880.0	19.5		18.5		1260	24	60	20	1260	15	0	0	0	0	60	17
777	1240.0	38.0		37.8		1620	40	0	0	1500	38	0	0	120	36	480	32
778	1420.0	44.6		44.5		1920	45	0	0	1500	45	120	47	120	54	600	40
779	1200.0	43.4		42.3		1560	48	0	0	1380	44	60	37	180	32	420	30
780	720.0	27.3		26.9		720	30	0	0	840	26	60	41	240	21	300	27
781	80.0	12.2		12.2		180	12	0	0	0	0	0	0	60	13	0	0
782	500.0	25.4		25.4		660	25	0	0	600	26	0	0	120	26	120	24
783	1400.0	43.5		43.1		1680	48	60	38	1320	42	120	45	540	38	480	38
784	1220.0	47.8		47.5		1500	50	0	0	1260	49	0	0	600	43	300	41
785	1420.0	39.7		39.7		1740	40	0	0	1680	39	60	43	240	43	540	39
786	840.0	21.4		20.5		1260	25	60	20	960	19	60	11	180	13	0	0
787	380.0	17.8		17.5		540	20	0	0	420	17	0	0	120	14	60	12
788	240.0	11.9		11.9		300	12	60	11	360	12	0	0	0	0	0	0
789	760.0	16.5		16.3		1020	16	0	0	840	18	120	19	0	0	300	13
790	1140.0	26.5		25.7		1560	24	0	0	1020	33	60	41	240	22	540	22
791	900.0	25.1		25.0		1380	26	0	0	900	24	120	28	0	0	300	23
792	700.0	15.9		15.5		1320	14	0	0	720	19	60	20	0	0	0	0
793	820.0	22.8		22.8		1200	23	0	0	1080	23	60	23	60	20	60	18
794	1240.0	26.4		26.3		1500	24	0	0	1620	28	0	0	240	27	360	29
795	1040.0	24.1		24.0		1260	23	0	0	1320	25	60	19	120	28	360	24
796	1040.0	21.4		19.7		1440	27	60	34	1140	15	60	16	180	16	240	20
797	1340.0	31.2		28.6		1440	43	60	32	1620	27	0	0	420	20	480	20
798	1560.0	41.6		41.4		1680	42	0	0	1860	44	60	45	300	36	780	37
799	1420.0	46.0		46.0		1680	47	0	0	1680	45	0	0	240	49	660	45
800	1200.0	29.8		29.6		1740	28	0	0	1620	32	0	0	60	20	180	30
801	920.0	25.9		25.8		1260	27	0	0	900	25	180	25	120	24	300	25
802	260.0	16.0		15.5		240	13	0	0	360	19	0	0	0	0	180	14
803	580.0	20.1		19.5		300	15	0	0	960	23	60	22	60	17	360	17
804	1120.0	32.3		32.1		1380	34	0	0	1200	33	0	0	180	26	600	29
805	1280.0	47.3		47.1		1860	50	0	0	1260	46	60	47	240	41	420	43
806	880.0	36.1		35.9		1260	38	0	0	840	36	360	32	60	33	120	30
807	980.0	32.4		31.2		1560	34	0	0	1200	33	0	0	0	0	180	15
808	1080.0	29.8		28.7		1440	31	0	0	1260	33	0	0	0	0	540	19
809	400.0	14.7		14.3		600	13	0	0	540	17	60	10	0	0	0	0
810	320.0	16.4		15.8		360	19	0	0	240	18	60	17	120	12	180	12
811	1120.0	34.8		33.4		1380	40	0	0	1140	35	180	36	300	22	360	24
812	1380.0	46.1		45.5		1800	49	0	0	1440	48	60	46	240	38	600	36
813	1280.0	47.1		46.5		1560	53	0	0	1320	45	180	43	60	49	720	39
814	1280.0	42.6		42.6		1740	43	0	0	1620	42	60	45	60	44	360	43
815	860.0	25.0		23.4		1260	29	0	0	840	23	180	26	60	10	240	14
816	420.0	23.0		23.0		1260	23	0	0	0	0	0	0	0	0	0	0
817	1100.0	33.9		30.7		1380	45	0	0	1020	27	180	39	60	21	660	21
818	1160.0	38.7		37.0		1560	44	0	0	960	39	300	40	240	23	420	26
819	680.0	28.0		27.8		1080	30	0	0	720	26	180	26	60	22	0	0
820	680.0	23.8		23.3		1260	25	0	0	540	24	60	13	0	0	180	18
821	1100.0	31.0		30.6		1500	33	0	0	1320	31	60	32	240	23	180	24
822	1200.0	36.5		34.1		1680	40	0	0	1140	41	60	41	180	21	540	21
823	1180.0	41.1		40.4		1380	45	0	0	1320	42	120	46	120	33	600	31
824	1340.0	35.8		35.5		1740	39	0	0	1440	35	60	36	60	31	720	30
825	860.0	24.9		24.7		1200	27	60	19	1260	23	60	27	0	0	0	0
826	740.0	25.0		23.4		540	21	0	0	840	20	0	0	180	20	660	36
827	220.0	17.1		12.9		360	12	60	28	120	10	0	0	60	10	60	58
828	1020.0	43.4		42.7		1200	48	0	0	1200	43	60	42	120	43	480	33
829	1360.0	63.4		62.8		1740	67	60	78	1560	64	0	0	0	0	720	52
830	1480.0	73.1		72.5		1620	78	0	0	1860	75	0	0	240	62	720	61
831	1100.0	68.9		68.6		1560	72	0	0	900	71	120	61	0	0	720	61
832	1520.0	61.5		61.4		1980	63	0	0	1680	62	0	0	60	60	840	57
833	1300.0	51.5		51.0		1800	52	60	66	1500	54	0	0	0	0	540	41
834	720.0	44.5		44.3		900	48	0	0	1260	42	0	0	0	0	0	0
835	1160.0	54.0		44.1		1200	75	0	0	1140	60	0	0	0	0	1140	26
836	720.0	64.5		53.0		840	80	0	0	840	71	0	0	0	0	480	26
837	980.0	69.7		65.8		1140	82	0	0	1020	72	180	68	60	35	540	44
838	820.0	81.7		75.2		1140	91	60	96	780	88	60	87	0	0	420	42
839	960.0	63.4		57.9		1560	70	0	0	1020	60	180	57	60	18	60	15
840	980.0	52.4		46.8		1560	57	0	0	900	54	240	52	0	0	240	17
841	1420.0	57.4		56.6		1920	62	0	0	1200	59	240	58	120	47	780	45
842	1340.0	74.1		73.9		1560	77	0	0	1500	75	0	0	240	68	720	68
843	1100.0	94.1		92.4		840	115	0	0	1140	90	180	96	600	80	540	85
844	900.0	109.5		107.5		720	131	0	0	1020	110	0	0	780	94	180	88
845	1040.0	95.6		93.8		960	111	0	0	1320	96	0	0	180	79	660	77
846	920.0	83.3		78.5		960	96	0	0	1020	93	0	0	0	0	780	55
847	1140.0	72.0		67.3		1500	85	60	70	1020	73	120	75	60	44	660	43
848	940.0	60.8		52.7		1380	69	0	0	1200	60	0	0	60	17	180	18
849	640.0	75.5		74.7		1260	81	0	0	660	65	0	0	0	0	0	0
850	680.0	75.0		65.9		900	90	0	0	1080	66	0	0	0	0	60	13
851	820.0	65.1		58.9		960	71	0	0	1320	65	60	69	0	0	120	17
852	1020.0	58.5		56.3		1560	66	0	0	660	60	480	48	0	0	360	37
853	1420.0	72.6		71.5		1920	79	0	0	1260	74	180	69	180	60	720	57
854	1380.0	75.0		71.5		1440	90	0	0	1560	78	0	0	180	52	960	52
855	1120.0	74.8		72.2		1140	90	0	0	1200	76	0	0	600	59	420	53
856	800.0	69.9		56.5		900	89	0	0	1200	68	0	0	60	22	240	20
857	680.0	69.2		67.1		1020	73	0	0	900	69	60	51	0	0	60	27
858	820.0	60.2		59.6		1260	66	0	0	1140	54	60	55	0	0	0	0
859	1180.0	67.9		64.0		1440	79	0	0	1140	72	240	59	0	0	720	42
860	1420.0	83.0		81.5		1860	91	0	0	1320	85	180	81	180	68	720	63
861	1080.0	102.6		101.5		840	112	0	0	1260	108	120	84	600	95	420	84
862	860.0	106.7		105.3		240	121	0	0	1380	114	0	0	480	97	480	88
863	920.0	101.2		100.3		660	114	60	103	1200	103	0	0	180	94	660	87
864	1240.0	101.5		100.6		960	112	0	0	1680	104	60	98	840	88	180	86
865	1040.0	105.0		103.8		720	119	0	0	1440	107	60	94	360	99	540	86
866	1140.0	108.7		106.9		900	127	0	0	1500	110	60	91	300	99	660	87
867	860.0	115.1		113.8		420	130	0	0	1380	120	0	0	300	102	480	96
868	1100.0	120.7		119.3		1260	129	0	0	1500	121	0	0	180	124	360	89
869	1020.0	117.0		113.9		780	140	0	0	1320	120	60	114	360	103	540	86
870	880.0	113.2		110.5		600	133	0	0	1140	119	0	0	540	100	360	82
871	1200.0	104.3		102.9		960	115	0	0	1620	109	0	0	480	90	540	84
872	940.0	115.4		112.9		480	137	0	0	1680	117	0	0	240	120	420	82
873	940.0	120.2		119.2		660	126	0	0	1380	124	0	0	600	115	180	87
874	900.0	124.5		121.9		600	144	0	0	1200	130	60	119	480	112	360	91
875	960.0	116.2		113.0		900	133	0	0	1140	123	120	95	120	99	600	86
876	900.0	121.8		118.7		360	140	0	0	1620	130	0	0	300	104	420	87
877	1320.0	114.6		112.1		960	129	0	0	1800	122	60	115	600	95	540	86
878	1140.0	123.8		121.7		960	140	0	0	1560	126	0	0	600	110	300	88
879	1020.0	117.0		114.6		840	131	0	0	1380	122	60	107	420	103	360	83
880	880.0	125.8		123.7		480	142	0	0	1560	131	0	0	300	105	300	94
881	1120.0	118.2		115.2		900	141	0	0	1740	118	0	0	60	112	660	88
882	1060.0	125.8		122.5		1140	144	0	0	1200	129	0	0	420	102	420	91
883	1240.0	117.1		115.5		1380	127	0	0	1500	120	60	105	360	103	420	88
884	840.0	124.7		121.3		840	142	0	0	960	131	60	91	480	100	180	87
885	1060.0	125.3		123.0		1020	143	0	0	1260	126	0	0	720	109	180	85
886	1320.0	115.6		112.6		1200	136	60	116	1440	119	120	99	660	97	480	84
887	1060.0	108.2		104.4		600	140	0	0	1500	112	0	0	360	98	720	79
888	960.0	120.3		119.4		540	128	0	0	1440	125	60	95	720	112	120	91
889	960.0	122.4		120.2		600	134	0	0	1500	130	0	0	540	103	240	89
890	1000.0	121.6		119.5		540	142	0	0	1500	126	60	115	660	109	240	85
891	1180.0	118.9		115.4		900	137	0	0	1680	126	0	0	420	95	540	85
892	1020.0	117.4		114.0		840	137	0	0	1200	125	60	112	360	98	600	87
893	800.0	121.3		118.7		720	139	0	0	960	125	0	0	240	112	480	92
894	1340.0	121.0		119.5		1320	133	0	0	1620	124	0	0	780	106	300	91
895	1020.0	118.3		116.3		900	129	0	0	1440	124	60	98	300	98	360	89
896	1100.0	125.1		120.1		960	150	60	119	1320	131	60	116	180	106	720	87
897	1060.0	118.0		115.5		660	137	0	0	1440	126	0	0	840	97	240	91
898	1080.0	122.9		120.8		900	140	0	0	1380	127	0	0	600	106	360	93
899	1140.0	119.9		117.3		900	137	0	0	1620	125	0	0	360	99	540	90
900	980.0	115.7		113.0		600	134	0	0	1380	124	0	0	540	95	420	89
901	1040.0	121.8		118.6		660	145	0	0	1560	128	0	0	360	99	540	91
902	1120.0	125.9		123.3		780	142	0	0	1620	133	0	0	600	106	360	92
903	980.0	122.5		119.5		660	137	0	0	1440	132	60	90	240	100	540	93
904	820.0	118.0		114.3		540	132	0	0	1080	131	120	93	120	112	600	88
905	1400.0	121.0		118.8		1620	133	0	0	1740	123	60	106	300	100	480	88
906	1080.0	116.6		113.4		900	133	0	0	1380	123	0	0	180	118	780	86
907	1060.0	124.7		122.1		1080	138	0	0	1500	127	0	0	240	108	360	86
908	1000.0	127.6		125.1		720	143	0	0	1620	131	0	0	360	115	300	87
909	760.0	127.0		124.8		480	136	0	0	1140	136	0	0	360	115	300	93
910	1220.0	118.3		116.2		1080	131	0	0	1620	122	0	0	360	114	600	88
911	1000.0	125.1		122.2		660	140	0	0	1620	132	60	93	300	106	360	88
912	740.0	121.0		118.1		240	111	0	0	1320	134	0	0	360	109	300	86
913	1200.0	115.4		113.4		1260	127	0	0	1200	120	60	93	540	110	540	86
914	1020.0	129.6		127.5		840	143	0	0	1440	135	0	0	660	108	120	89
915	1200.0	118.5		115.6		900	137	0	0	1620	125	0	0	420	100	660	89
916	1180.0	119.4		116.6		1080	136	0	0	1500	124	60	108	360	101	540	87
917	1060.0	123.5		120.2		660	144	0	0	1500	131	0	0	780	105	240	80
918	1280.0	111.4		107.9		1020	136	0	0	1560	115	60	92	420	94	780	83
919	1240.0	112.3		107.2		1260	132	0	0	1320	121	0	0	480	88	660	75
920	1240.0	118.0		115.6		960	134	0	0	1800	123	0	0	540	98	420	86
921	1260.0	118.8		116.4		1140	138	0	0	1620	119	0	0	600	104	420	87
922	920.0	124.4		122.2		600	145	0	0	1200	130	0	0	840	107	120	88
923	860.0	120.5		117.9		540	138	0	0	1140	126	0	0	540	115	360	85
924	820.0	119.7		117.4		600	135	0	0	1140	126	0	0	420	101	300	91
925	780.0	119.1		116.1		240	139	0	0	1200	130	60	114	360	112	480	88
926	940.0	123.0		120.9		660	137	0	0	1500	127	0	0	360	111	300	87
927	1400.0	120.1		117.8		1380	134	0	0	1680	124	60	105	660	105	420	85
928	840.0	122.5		120.8		540	137	0	0	1140	128	0	0	660	111	180	87
929	1000.0	128.9		125.6		660	155	0	0	1560	132	0	0	480	108	300	89
930	1100.0	121.3		120.8		600	128	0	0	1740	125	0	0	900	112	60	88
931	920.0	113.7		110.8		540	132	0	0	1320	122	60	113	180	88	660	89
932	780.0	124.3		122.0		420	141	0	0	1140	132	0	0	360	116	420	94
933	1060.0	123.2		120.1		780	147	0	0	1560	126	0	0	300	103	540	92
934	1060.0	119.0		116.0		780	135	0	0	1440	127	0	0	480	102	480	86
935	940.0	122.6		121.2		420	131	0	0	1680	129	0	0	540	107	180	90
936	1200.0	111.7		110.3		1140	125	0	0	1260	115	180	94	720	97	300	93
937	1140.0	119.5		117.4		1080	137	0	0	1440	120	120	90	540	103	240	90
938	940.0	125.7		123.2		1080	143	0	0	1200	123	0	0	300	104	240	89
939	1340.0	113.1		110.0		1380	132	0	0	1560	115	60	93	420	90	600	83
940	1220.0	114.9		112.5		1140	129	0	0	1740	118	60	93	300	89	420	85
941	840.0	124.3		122.6		420	130	0	0	1320	133	0	0	600	112	180	88
942	1340.0	117.1		115.0		1200	136	0	0	1920	116	0	0	540	100	360	86
943	820.0	128.0		126.6		540	147	0	0	1020	132	0	0	900	112	0	0
944	1040.0	119.7		118.0		900	137	0	0	1380	119	0	0	660	106	180	88
945	860.0	114.5		112.4		720	132	0	0	1080	117	60	98	360	101	360	88
946	1140.0	115.3		113.1		960	128	0	0	1440	122	0	0	420	102	600	88
947	960.0	124.5		123.1		840	136	0	0	1320	127	0	0	600	110	120	88
948	1100.0	119.5		117.6		1080	136	0	0	1440	118	60	117	360	107	360	89
949	1160.0	118.6		115.8		1080	132	0	0	1620	124	0	0	240	98	540	85
950	1040.0	116.4		114.0		840	133	0	0	1440	121	0	0	300	97	540	89
951	920.0	122.1		119.9		540	141	0	0	1560	126	0	0	420	103	240	88
952	660.0	123.5		121.7		420	141	0	0	1080	126	0	0	300	111	180	89
953	1280.0	113.4		111.5		1020	129	0	0	1860	114	60	100	300	114	600	86
954	1160.0	121.5		118.5		1140	137	0	0	1380	128	60	94	300	99	600	91
955	1180.0	120.6		119.0		1320	133	0	0	1500	120	0	0	480	106	240	86
956	1080.0	119.5		118.0		1080	132	0	0	1320	121	60	91	600	106	180	88
957	1120.0	116.0		115.3		1020	126	0	0	1440	117	60	107	780	104	60	88
958	960.0	117.9		116.0		720	133	0	0	1500	121	0	0	300	101	360	89
959	1120.0	111.0		108.8		1080	127	0	0	1440	112	120	91	120	106	600	85
960	1060.0	112.4		110.6		1140	127	0	0	1200	113	0	0	540	94	300	88
961	1180.0	106.9		105.6		1020	118	0	0	1260	112	180	109	780	91	300	88
962	1160.0	107.2		106.0		900	120	0	0	1320	111	60	112	1020	95	180	83
963	1180.0	105.2		104.3		660	119	0	0	1800	108	0	0	900	92	180	93
964	1480.0	106.5		105.4		1500	118	0	0	1920	106	0	0	660	94	360	84
965	940.0	108.5		106.6		600	127	0	0	1320	113	0	0	540	90	360	89
966	1400.0	102.1		101.0		1320	116	60	109	1680	100	0	0	780	90	360	86
967	1380.0	100.1		99.2		840	114	0	0	2100	102	0	0	900	87	300	87
968	1220.0	104.3		103.1		1020	114	0	0	1440	110	0	0	960	90	240	86
969	1000.0	107.2		106.3		360	123	0	0	1500	112	60	98	900	97	180	90
970	1300.0	104.5		103.5		1380	112	60	108	1320	109	180	99	660	90	300	85
971	1000.0	106.4		105.4		660	119	0	0	1620	108	0	0	240	98	480	88
972	1080.0	104.9		102.8		600	129	0	0	1440	109	0	0	960	89	240	84
973	1100.0	109.3		108.1		720	117	0	0	1380	117	0	0	900	99	300	86
974	1040.0	108.3		106.7		840	126	0	0	1200	110	60	94	660	95	360	88
975	1240.0	111.9		110.7		1260	123	0	0	1440	114	120	105	540	96	360	91
976	1520.0	101.4		99.4		1500	117	0	0	1740	103	120	82	780	82	420	81
977	1360.0	111.6		110.2		1320	118	0	0	1800	117	0	0	420	101	540	86
978	1600.0	101.5		100.6		1740	109	0	0	1920	104	60	92	660	87	420	83
979	1060.0	117.8		116.8		840	130	0	0	1380	121	0	0	840	104	120	93
980	1200.0	115.3		113.2		1020	133	0	0	1680	117	60	110	240	96	600	89
981	1120.0	107.3		105.6		900	121	0	0	1440	112	0	0	420	94	600	85
982	980.0	110.1		108.9		600	123	0	0	1440	114	0	0	660	99	240	85
983	880.0	112.4		111.5		600	123	0	0	1440	114	0	0	300	106	300	90
984	1180.0	107.6		105.6		840	127	0	0	1500	111	0	0	480	94	720	87
985	1280.0	114.3		112.0		1080	132	0	0	1800	117	0	0	240	91	720	89
986	1300.0	121.2		119.1		1080	138	0	0	1860	124	0	0	780	99	180	88
987	1380.0	109.9		107.9		1080	126	0	0	1800	114	0	0	600	95	660	86
988	1380.0	113.9		111.6		1800	127	0	0	1440	113	0	0	240	104	660	84
989	1380.0	115.7		114.0		1200	130	0	0	1920	118	0	0	780	96	240	89
990	1060.0	116.5		114.6		600	133	0	0	1680	122	0	0	600	98	300	90
991	1120.0	117.4		115.8		1200	128	0	0	1260	119	0	0	540	111	360	86
992	1580.0	108.9		108.0		1800	116	0	0	1920	111	0	0	540	96	480	88
993	1140.0	118.4		117.2		900	129	0	0	1680	122	0	0	600	104	240	90
994	1040.0	126.4		123.4		660	145	0	0	1440	134	0	0	600	113	420	90
995	1060.0	119.9		117.5		660	137	0	0	1740	125	0	0	360	100	420	89
996	800.0	115.0		110.6		420	132	0	0	1080	131	60	97	180	95	660	85
997	1020.0	117.9		115.8		780	132	0	0	1560	122	60	89	300	103	360	87
998	1260.0	125.2		123.2		1260	143	0	0	1560	124	0	0	780	107	180	90
999	1340.0	120.0		118.2		1620	133	0	0	1620	118	60	114	360	106	360	86
1000	1020.0	122.1		119.9		840	136	0	0	1200	129	0	0	720	108	300	89
1001	1360.0	115.4		113.4		1500	129	0	0	1560	117	180	100	180	105	660	88
1002	1140.0	117.8		115.8		1080	130	0	0	1620	121	0	0	240	103	480	87
1003	880.0	116.3		114.6		600	128	0	0	1320	122	0	0	300	105	420	90
1004	1640.0	118.1		116.6		1980	128	0	0	1920	120	0	0	780	98	240	87
1005	1180.0	117.7		115.5		1020	131	0	0	1620	121	0	0	420	110	480	85
1006	1060.0	114.7		112.6		600	132	0	0	1500	122	0	0	600	99	480	90
1007	900.0	122.6		120.6		660	139	0	0	1320	125	0	0	480	111	240	87
1008	1460.0	116.6		115.0		1080	130	0	0	2040	121	0	0	960	101	300	88
1009	940.0	124.1		121.3		1020	143	0	0	1080	122	0	0	540	107	180	81
1010	960.0	124.8		122.7		840	137	0	0	1380	130	0	0	360	104	300	92
1011	1360.0	121.7		118.5		1560	140	0	0	1440	123	60	107	600	97	420	87
1012	900.0	124.8		122.2		540	145	0	0	1500	129	0	0	360	108	300	88
1013	1500.0	116.6		114.0		1620	131	0	0	2040	118	60	99	360	84	420	85
1014	1200.0	123.7		122.1		840	141	0	0	1800	126	0	0	660	109	300	94
1015	780.0	126.6		124.5		360	148	0	0	1140	133	0	0	600	115	240	93
1016	1260.0	121.4		119.1		1320	137	0	0	1380	123	60	93	660	109	360	86
1017	1100.0	117.4		115.4		1080	132	0	0	1440	119	60	114	300	93	420	92
1018	1100.0	123.9		121.1		1020	142	0	0	1500	125	0	0	360	111	420	87
1019	1140.0	113.7		109.1		1080	134	0	0	1320	115	0	0	540	109	480	70
1020	1420.0	118.3		116.2		1140	135	0	0	2220	120	0	0	420	100	480	87
1021	960.0	117.5		115.8		420	131	0	0	1620	123	0	0	420	110	420	90
1022	1000.0	120.3		117.8		780	136	0	0	1500	125	0	0	480	97	240	86
1023	1240.0	119.3		117.1		1020	136	0	0	1800	122	0	0	540	98	360	90
1024	980.0	121.9		119.0		720	138	0	0	1440	128	0	0	300	108	480	88
1025	1440.0	114.4		112.4		1560	127	0	0	1800	116	60	98	300	99	600	86
1026	1060.0	124.4		122.0		840	144	0	0	1440	127	0	0	660	107	240	88
1027	1100.0	124.2		122.0		1020	136	0	0	1440	130	0	0	540	106	300	89
1028	1440.0	112.1		109.5		1500	124	0	0	1740	118	60	92	480	92	540	80
1029	1360.0	117.4		115.5		1320	133	0	0	1980	117	0	0	540	95	240	86
1030	1260.0	122.8		122.3		840	131	0	0	1740	126	0	0	1080	114	120	99
1031	1180.0	120.1		118.4		1020	136	0	0	1800	120	0	0	420	104	300	89
1032	1360.0	118.5		116.2		1260	130	0	0	1860	125	0	0	720	92	240	88
1033	980.0	120.7		118.5		480	141	0	0	1680	125	0	0	480	107	300	86
1034	1440.0	116.2		114.0		1440	130	0	0	1680	121	60	95	480	98	660	89
1035	1480.0	112.8		111.6		1260	126	0	0	1920	114	120	109	840	100	300	87
1036	1120.0	119.9		117.6		1020	136	0	0	1320	124	180	102	540	103	300	88
1037	1060.0	117.2		115.3		600	132	0	0	1680	123	0	0	600	100	300	89
1038	1300.0	124.4		122.3		1320	139	0	0	1740	125	0	0	420	109	420	91
1039	1600.0	118.6		116.9		1860	130	0	0	1980	120	60	97	300	101	600	90
1040	1620.0	118.4		117.3		1740	128	0	0	2280	119	60	94	660	99	120	88
1041	1500.0	119.7		118.4		1320	131	0	0	1980	123	120	102	780	107	300	89
1042	1200.0	123.3		120.3		960	142	0	0	1740	128	60	114	420	95	420	91
1043	1240.0	125.7		123.9		1140	141	0	0	1320	130	0	0	1080	110	180	92
1044	1340.0	121.9		119.9		1620	133	0	0	1500	124	60	98	300	114	540	90
1045	1440.0	125.6		123.9		1680	135	0	0	1560	131	60	112	840	105	180	91
1046	1300.0	120.5		119.0		960	135	0	0	2100	122	0	0	480	108	360	90
1047	1160.0	125.3		123.9		1200	140	0	0	1500	123	0	0	540	113	240	94
1048	1140.0	117.8		117.2		960	125	0	0	1560	120	0	0	780	109	120	90
1049	1220.0	118.5		116.2		900	131	0	0	1560	128	0	0	720	102	480	89
1050	1240.0	121.5		119.4		1320	134	0	0	1560	124	60	93	360	107	420	89
1051	1200.0	120.7		118.2		1320	133	0	0	1320	127	60	99	600	100	300	85
1052	1100.0	121.5		120.1		840	135	0	0	1620	125	0	0	660	104	180	92
1053	1240.0	122.0		120.1		1140	134	0	0	1740	126	0	0	540	102	300	89
1054	1200.0	120.2		118.1		1080	134	0	0	1500	125	60	98	540	106	420	89
1055	1200.0	119.1		116.7		1140	134	0	0	1680	122	0	0	360	96	420	87
1056	1100.0	120.9		118.7		780	144	0	0	1620	122	0	0	540	103	360	93
1057	1080.0	122.8		119.4		1140	140	0	0	1380	126	0	0	360	91	360	88
1058	1300.0	126.4		124.0		1500	142	0	0	1620	125	60	109	300	111	420	90
1059	1160.0	119.4		118.2		960	131	0	0	1560	122	0	0	660	110	300	90
1060	1140.0	126.5		124.6		960	141	0	0	1500	131	0	0	720	109	240	93
1061	1360.0	117.6		115.2		1140	131	0	0	1740	125	0	0	840	97	360	87
1062	1260.0	117.8		116.1		1380	132	0	0	1320	118	120	104	600	104	360	90
1063	1420.0	120.4		118.2		1500	135	0	0	1800	122	0	0	600	100	360	86
1064	1400.0	118.5		116.0		1380	135	0	0	1980	119	0	0	360	94	480	87
1065	1060.0	128.7		126.9		900	147	0	0	1620	128	0	0	600	107	60	89
1066	1200.0	120.9		118.4		1020	136	0	0	1680	126	60	110	420	93	420	93
1067	1140.0	123.5		120.9		1020	142	0	0	1320	127	0	0	660	110	420	89
1068	1560.0	112.8		111.1		1500	125	0	0	1740	118	180	93	840	98	420	86
1069	1300.0	119.6		117.8		1080	129	0	0	1920	126	0	0	540	98	360	90
1070	1040.0	122.4		120.0		960	137	0	0	1500	125	0	0	240	106	420	89
1071	1320.0	123.9		122.5		1080	138	0	0	1920	126	0	0	840	106	120	90
1072	1080.0	118.7		118.0		1080	124	0	0	1200	122	60	92	780	113	120	88
1073	1460.0	121.1		119.7		1620	133	0	0	1920	120	0	0	480	108	360	91
1074	1300.0	117.6		114.5		1200	138	0	0	1560	121	0	0	300	96	840	90
1075	1300.0	119.7		117.1		1500	132	0	0	1560	124	120	89	360	95	360	85
1076	1260.0	116.8		114.6		1080	132	0	0	1740	121	60	95	240	95	660	91
1077	1240.0	116.4		114.7		900	134	0	0	1740	119	0	0	660	101	420	92
1078	1040.0	123.5		121.1		660	138	0	0	1320	134	60	99	840	107	240	90
1079	920.0	122.9		119.7		780	141	0	0	960	131	60	109	540	112	420	87
1080	1280.0	119.1		117.0		1140	131	0	0	2040	121	0	0	120	123	540	86
1081	900.0	126.5		124.2		840	140	0	0	1320	130	0	0	180	105	360	93
1082	1340.0	124.8		123.6		1140	137	0	0	2100	125	0	0	600	112	180	88
1083	1460.0	118.0		115.7		1560	132	0	0	1560	122	60	114	840	99	360	85
1084	1100.0	129.8		128.3		780	147	0	0	1680	132	0	0	780	111	60	91
1085	700.0	125.1		121.9		300	145	0	0	1140	134	0	0	360	111	300	88
1086	1160.0	125.3		123.1		1140	139	0	0	1440	129	0	0	660	107	240	88
1087	860.0	121.7		120.5		540	131	0	0	1200	126	0	0	600	117	240	91
1088	1580.0	122.3		121.1		1440	135	0	0	2280	123	0	0	600	107	420	97
1089	880.0	123.8		121.2		420	147	0	0	1500	129	0	0	360	109	360	90
1090	1120.0	122.1		118.8		1200	139	0	0	1320	126	60	93	180	105	600	88
1091	1280.0	123.6		120.8		1080	141	0	0	1800	128	0	0	540	100	420	90
1092	960.0	123.7		121.7		720	137	0	0	1260	129	0	0	600	114	300	89
1093	1380.0	123.4		121.6		1260	141	0	0	1680	124	0	0	900	107	300	95
1094	1040.0	122.5		120.5		720	141	0	0	1380	127	0	0	660	109	360	93
1095	980.0	127.5		125.4		660	141	0	0	1320	135	60	105	720	113	180	88
1096	1580.0	118.3		116.6		1800	132	0	0	1800	117	0	0	780	103	360	89
1097	880.0	123.6		121.2		660	144	0	0	1320	126	0	0	420	102	240	92
1098	1240.0	127.1		124.8		1080	146	0	0	1560	130	0	0	1020	105	60	87
1099	980.0	126.0		124.2		600	141	0	0	1380	133	60	108	780	109	120	90
1100	1320.0	119.9		117.7		1440	134	0	0	1680	121	60	96	420	99	360	87
1101	960.0	120.6		118.5		840	129	0	0	1260	129	60	96	300	108	420	91
1102	1060.0	127.3		124.7		960	144	0	0	1560	129	0	0	300	111	360	89
1103	1280.0	117.8		115.7		1080	130	0	0	1680	123	0	0	360	115	720	89
1104	1020.0	123.3		120.6		780	140	0	0	1440	130	180	100	420	98	240	91
1105	1100.0	120.1		117.3		1200	136	0	0	1380	122	0	0	240	92	480	89
1106	860.0	123.0		119.5		420	158	0	0	1140	129	60	115	660	107	300	88
1107	1180.0	121.4		119.3		1140	137	0	0	1680	122	0	0	360	103	360	88
1108	980.0	122.3		119.6		840	144	0	0	1260	124	60	94	660	101	120	85
1109	1080.0	123.1		121.1		960	140	0	0	1320	125	0	0	720	109	240	88
1110	1300.0	119.0		116.4		1200	135	0	0	1500	125	0	0	660	101	540	89
1111	1420.0	115.4		113.5		1440	130	0	0	1860	116	60	100	420	95	480	89
1112	1080.0	122.4		118.8		960	142	0	0	1440	127	60	93	360	99	420	86
1113	1380.0	126.6		124.1		1800	142	0	0	1560	123	0	0	480	103	300	90
1114	1040.0	131.2		128.7		900	148	0	0	1320	137	0	0	840	105	60	116
1115	1160.0	125.2		123.4		1140	141	0	0	1440	126	0	0	780	106	120	90
1116	1020.0	116.5		114.3		840	136	0	0	1320	118	60	93	600	99	240	89
1117	1020.0	119.9		115.9		1140	135	0	0	1020	123	60	91	300	128	540	81
1118	1360.0	110.1		106.4		1380	132	0	0	1380	112	60	96	660	91	600	78
1119	1200.0	115.4		114.1		960	127	0	0	1740	118	0	0	540	103	360	90
1120	980.0	121.2		118.9		660	138	0	0	1440	127	0	0	480	104	360	90
1121	1420.0	114.0		111.7		1380	133	0	0	1800	113	0	0	480	94	600	89
1122	1180.0	124.7		123.8		1140	133	0	0	1560	126	0	0	660	117	180	90
1123	1000.0	123.5		121.9		840	135	0	0	1380	126	0	0	420	119	360	92
1124	980.0	121.7		119.7		900	137	0	0	1200	125	60	114	480	105	300	91
1125	1260.0	120.3		115.9		1200	139	0	0	1440	129	0	0	300	102	840	85
1126	1220.0	131.3		129.3		1140	145	0	0	1920	132	0	0	300	115	300	91
1127	960.0	122.3		119.3		540	150	0	0	1380	126	0	0	540	112	420	88
1128	1440.0	123.1		121.0		1440	135	0	0	1920	127	0	0	420	104	540	92
1129	1040.0	125.2		122.9		780	141	0	0	1680	129	0	0	420	101	240	90
1130	1100.0	127.5		125.9		1320	139	0	0	1380	127	60	97	360	112	180	89
1131	980.0	129.7		127.2		960	143	0	0	1380	133	60	97	240	114	300	91
1132	1400.0	126.4		123.7		1320	143	0	0	2040	128	0	0	180	112	660	92
1133	880.0	121.6		118.5		720	139	0	0	1020	129	120	99	300	116	480	89
1134	1300.0	125.8		123.2		1140	141	0	0	1860	130	0	0	600	103	300	87
1135	1380.0	119.7		117.2		1380	133	0	0	1260	131	180	96	1020	101	300	89
1136	940.0	123.5		119.8		720	139	0	0	1260	133	0	0	240	116	600	88
1137	980.0	115.9		114.0		960	129	0	0	960	122	120	99	360	106	540	92
1138	880.0	129.6		126.7		900	147	0	0	1020	134	60	97	480	106	180	92
1139	1200.0	125.0		121.5		1380	140	0	0	1260	131	120	104	180	114	660	89
1140	980.0	130.3		127.7		780	149	0	0	1200	137	0	0	900	108	60	86
1141	1360.0	121.3		117.6		1500	139	0	0	1500	126	60	105	120	92	900	89
1142	1100.0	117.8		115.4		840	138	0	0	1500	121	0	0	720	97	240	89
1143	1240.0	117.6		114.6		960	134	0	0	1680	125	0	0	480	100	600	85
1144	740.0	131.7		130.0		360	144	0	0	1200	138	0	0	540	119	120	89
1145	1020.0	135.3		131.4		840	167	0	0	1500	133	0	0	420	107	300	98
1146	1000.0	133.0		130.1		720	157	0	0	1320	138	0	0	840	110	120	95
1147	780.0	126.3		124.5		540	142	0	0	1140	128	0	0	480	119	180	88
1148	820.0	126.2		122.2		420	146	0	0	1260	136	0	0	360	116	420	86
1149	780.0	119.2		114.5		540	138	0	0	1140	130	0	0	120	91	540	84
1150	740.0	126.6		122.7		360	155	0	0	1140	134	60	114	240	116	420	90
1151	1180.0	126.7		122.6		780	153	0	0	1560	135	0	0	660	106	540	90
1152	840.0	120.7		118.3		660	131	0	0	1140	129	60	110	360	106	300	86
1153	920.0	119.5		117.8		720	132	0	0	1440	123	0	0	120	108	480	93
1154	900.0	127.2		122.7		780	153	0	0	1200	131	0	0	180	99	540	91
1155	840.0	128.3		123.9		540	151	0	0	1380	135	0	0	240	102	360	86
1156	920.0	139.1		135.8		660	167	0	0	1200	142	0	0	720	120	180	94
1157	720.0	144.4		141.7		360	175	0	0	1080	150	0	0	660	123	60	96
1158	940.0	130.5		127.6		1020	147	0	0	1080	135	0	0	540	102	180	96
1159	800.0	139.3		134.5		660	158	0	0	1140	149	0	0	300	109	300	92
1160	780.0	125.8		123.6		540	142	0	0	1140	131	0	0	480	110	180	87
1161	740.0	125.3		122.6		360	137	0	0	1140	137	0	0	480	106	240	91
1162	800.0	128.6		124.1		480	153	0	0	1260	137	0	0	300	103	360	88
1163	1040.0	132.6		129.8		1020	153	0	0	1320	132	0	0	480	115	300	94
1164	1000.0	128.8		125.4		960	145	0	0	1500	132	0	0	60	109	480	89
1165	1060.0	123.0		120.2		1020	137	0	0	1320	128	60	94	420	110	360	85
1166	1140.0	123.1		118.2		1080	146	0	0	1440	128	0	0	300	93	600	85
1167	780.0	134.4		129.8		600	151	0	0	1200	143	0	0	180	115	360	88
1168	800.0	136.8		134.6		480	156	0	0	1320	140	0	0	480	120	120	91
1169	1020.0	122.3		120.7		900	134	0	0	1260	125	0	0	600	115	300	90
1170	900.0	125.3		123.0		780	140	0	0	1200	129	0	0	480	112	240	86
1171	840.0	135.4		133.3		840	152	0	0	1020	137	0	0	480	117	180	98
1172	700.0	134.5		131.1		420	155	0	0	960	145	0	0	480	116	240	94
1173	900.0	128.4		125.7		600	149	0	0	1500	131	0	0	360	111	240	87
1174	820.0	134.2		132.5		540	152	0	0	1080	139	0	0	720	120	120	97
1175	560.0	111.5		107.2		180	132	0	0	780	129	180	96	120	87	420	84
1176	740.0	129.4		126.6		720	144	0	0	900	136	60	93	240	110	300	97
1177	1240.0	123.6		117.7		1320	149	0	0	1260	130	0	0	300	88	840	87
1178	800.0	131.2		128.1		720	153	0	0	1020	133	60	109	420	111	180	89
1179	760.0	127.3		124.4		600	151	0	0	960	129	0	0	480	113	240	90
1180	780.0	127.0		121.2		660	150	0	0	960	138	0	0	420	97	300	83
1181	880.0	125.1		122.4		660	142	0	0	1140	130	0	0	540	116	300	86
1182	780.0	119.7		115.8		420	146	0	0	1200	128	0	0	180	89	540	91
1183	720.0	121.8		116.4		360	146	0	0	1080	136	0	0	240	91	480	87
1184	1120.0	125.0		122.5		960	142	0	0	1560	128	0	0	480	108	360	89
1185	1000.0	127.3		123.8		840	150	0	0	1380	130	0	0	360	109	420	89
1186	1160.0	124.8		121.6		1140	139	0	0	1680	129	0	0	180	96	480	87
1187	820.0	131.9		129.8		780	143	0	0	1020	139	60	107	540	110	60	87
1188	820.0	116.2		112.6		600	132	0	0	1020	129	60	93	60	90	720	89
1189	840.0	117.9		115.5		540	134	0	0	1080	127	60	97	540	102	300	89
1190	660.0	122.2		119.0		420	145	0	0	900	129	0	0	360	106	300	89
1191	720.0	125.1		121.2		300	146	0	0	1020	138	60	94	420	115	360	88
1192	620.0	134.0		130.3		360	162	0	0	960	138	0	0	300	122	240	91
1193	820.0	125.4		122.8		540	145	0	0	1260	128	60	105	300	121	300	88
1194	820.0	122.4		119.3		600	137	0	0	840	132	120	94	540	121	360	87
1195	920.0	128.5		125.0		660	154	0	0	1200	132	0	0	540	115	360	90
1196	760.0	132.0		128.6		840	152	0	0	780	133	60	103	480	111	120	84
1197	720.0	131.8		126.7		540	160	0	0	1200	134	0	0	0	0	420	89
1198	680.0	122.3		119.8		480	140	0	0	900	129	60	97	420	106	180	88
1199	640.0	137.3		132.7		540	158	0	0	900	144	0	0	240	114	240	89
1200	720.0	128.2		125.8		600	138	0	0	1020	136	0	0	300	113	240	90
1201	860.0	128.0		125.6		600	135	0	0	1380	136	0	0	300	116	300	89
1202	880.0	120.5		117.0		480	143	0	0	1260	130	0	0	300	108	600	89
1203	800.0	129.6		124.9		600	152	0	0	1140	137	0	0	240	113	420	87
1204	620.0	136.1		131.7		240	163	0	0	1260	143	0	0	60	104	300	92
1205	580.0	129.4		123.9		480	154	0	0	660	140	60	106	120	122	420	90
1206	540.0	132.7		129.2		420	149	0	0	780	140	0	0	180	119	240	91
1207	720.0	123.7		119.7		300	153	0	0	1140	132	60	99	240	116	420	88
1208	420.0	142.8		137.4		120	183	0	0	660	157	0	0	360	121	120	90
1209	580.0	132.7		129.1		480	152	0	0	660	143	60	109	420	110	120	90
1210	800.0	127.9		123.2		720	154	0	0	960	132	60	93	300	107	360	88
1211	740.0	131.5		127.5		540	157	0	0	1140	135	0	0	240	111	300	89
1212	740.0	131.9		129.2		540	157	0	0	1080	132	0	0	480	114	120	89
1213	660.0	130.5		124.1		480	163	0	0	840	140	60	97	180	108	420	89
1214	680.0	138.9		135.7		540	160	0	0	1200	139	0	0	120	117	180	90
1215	740.0	130.1		125.0		480	164	0	0	1140	134	0	0	240	105	360	89
1216	860.0	127.7		124.5		720	149	0	0	1020	132	60	96	360	119	420	93
1217	740.0	137.9		133.7		540	158	0	0	1020	147	0	0	480	115	180	87
1218	680.0	131.5		126.0		780	153	0	0	780	135	0	0	120	106	360	86
1219	520.0	128.7		120.9		300	152	0	0	660	148	0	0	120	135	480	86
1220	720.0	120.5		116.5		660	134	0	0	840	133	0	0	60	123	600	88
1221	1000.0	119.3		114.4		840	147	0	0	1200	125	0	0	60	88	900	88
1222	520.0	131.8		129.5		180	141	0	0	720	146	0	0	480	119	180	100
1223	580.0	126.7		121.7		180	161	0	0	960	139	0	0	240	110	360	88
1224	600.0	128.7		123.9		300	164	0	0	660	139	0	0	540	119	300	88
1225	340.0	141.2		138.5		120	187	0	0	420	141	0	0	420	135	60	95
1226	560.0	136.1		133.4		420	159	0	0	780	136	0	0	360	125	120	90
1227	660.0	122.5		117.8		360	163	0	0	960	126	0	0	240	106	420	89
1228	900.0	125.1		122.9		660	136	0	0	1260	132	0	0	540	113	240	86
1229	600.0	136.1		129.0		420	158	0	0	840	152	0	0	180	107	360	88
1230	620.0	134.2		131.7		420	158	0	0	780	137	0	0	540	121	120	92
1231	640.0	135.7		130.5		600	165	0	0	900	134	0	0	240	106	180	86
1232	680.0	124.5		119.2		780	148	0	0	480	130	120	95	180	125	480	88
1233	800.0	130.3		127.6		600	149	0	0	1320	131	0	0	240	123	240	87
1234	540.0	129.7		126.4		360	158	0	0	660	133	0	0	360	119	240	94
1235	960.0	121.9		118.3		720	149	0	0	1260	125	0	0	660	100	240	85
1236	560.0	124.2		120.6		180	168	0	0	900	128	0	0	300	122	300	89
1237	560.0	126.4		121.1		240	156	0	0	960	135	0	0	120	122	360	85
1238	500.0	137.8		132.4		360	173	0	0	840	138	0	0	120	103	180	90
1239	720.0	126.3		121.9		600	150	0	0	840	132	0	0	240	122	480	89
1240	760.0	128.0		123.0		600	151	0	0	1020	134	60	95	180	126	420	86
1241	560.0	126.7		120.7		540	157	0	0	480	135	60	91	180	109	420	91
1242	660.0	134.8		129.9		600	168	0	0	780	133	0	0	480	108	120	88
1243	560.0	129.9		125.9		480	148	0	0	720	132	0	0	180	141	300	89
1244	540.0	118.3		113.1		180	149	0	0	780	135	60	104	60	96	540	88
1245	420.0	120.2		116.4		300	154	0	0	480	120	0	0	300	106	180	88
1246	460.0	144.8		139.7		240	165	0	0	660	158	0	0	360	127	120	85
1247	560.0	127.9		125.0		120	160	0	0	1020	136	0	0	240	120	300	94
1248	740.0	122.3		117.9		480	141	0	0	1080	134	60	95	0	0	600	89
1249	740.0	128.5		125.0		600	141	0	0	1080	137	60	103	180	113	300	87
1250	740.0	121.1		116.7		360	154	0	0	1080	130	0	0	360	100	420	88
1251	440.0	130.4		124.1		300	163	0	0	540	141	0	0	180	113	300	89
1252	440.0	132.5		128.8		120	162	0	0	600	150	0	0	480	112	120	98
1253	720.0	136.6		131.8		840	160	0	0	660	140	0	0	420	110	240	92
1254	720.0	131.7		125.9		540	160	0	0	900	140	120	93	240	122	360	88
1255	520.0	119.1		117.3		240	134	0	0	660	126	60	99	420	116	180	88
1256	540.0	133.7		127.8		600	156	0	0	480	140	120	90	180	131	240	89
1257	760.0	141.7		135.9		720	168	0	0	960	145	0	0	300	122	300	88
1258	600.0	138.2		133.2		600	166	0	0	660	139	0	0	360	115	180	89
1259	540.0	131.6		126.6		480	154	0	0	660	138	0	0	180	121	300	88
1260	540.0	114.6		111.4		180	137	0	0	780	128	0	0	180	94	480	92
1261	680.0	117.5		114.9		480	141	0	0	960	120	0	0	240	102	360	90
1262	760.0	127.2		121.4		420	152	0	0	1020	143	60	95	360	107	420	86
1263	500.0	134.8		131.5		420	158	0	0	720	136	0	0	180	117	180	94
1264	460.0	126.8		122.1		240	154	0	0	660	137	0	0	180	116	300	89
1265	680.0	125.9		119.4		540	143	0	0	780	147	60	108	180	93	480	87
1266	540.0	120.4		116.4		240	155	0	0	660	132	0	0	480	104	240	87
1267	680.0	122.0		119.5		480	140	0	0	960	128	0	0	420	101	180	91
1268	360.0	136.8		130.2		180	151	0	0	600	154	0	0	60	105	240	91
1269	440.0	127.9		123.3		120	145	0	0	840	140	0	0	60	118	300	89
1270	460.0	136.5		131.6		360	162	0	0	600	144	0	0	300	111	120	86
1271	720.0	125.5		121.4		540	150	0	0	960	131	0	0	240	112	420	89
1272	320.0	122.4		121.1		0	0	0	0	540	133	0	0	300	111	120	103
1273	660.0	129.8		125.3		240	164	0	0	960	142	0	0	480	113	300	90
1274	580.0	114.4		105.8		360	154	0	0	360	153	0	0	60	83	960	87
1275	440.0	120.0		114.8		240	165	0	0	480	127	60	112	300	100	240	88
1276	460.0	116.7		112.8		180	145	0	0	600	130	0	0	240	105	360	88
1277	460.0	135.4		130.4		240	163	0	0	660	146	0	0	240	123	240	91
1278	620.0	135.2		127.0		360	177	0	0	900	146	0	0	240	106	360	86
1279	640.0	127.9		122.1		420	164	0	0	900	134	0	0	120	108	480	90
1280	660.0	127.7		121.0		300	163	0	0	1020	141	0	0	240	100	420	86
1281	700.0	134.9		128.9		480	157	0	0	840	151	0	0	360	120	420	90
1282	640.0	119.5		116.6		300	145	0	0	960	126	60	96	360	108	240	85
1283	780.0	127.1		121.8		780	156	0	0	660	131	60	95	360	112	480	90
1284	740.0	123.4		120.2		780	135	0	0	840	133	120	95	120	113	360	89
1285	520.0	121.7		117.5		240	141	0	0	720	137	0	0	180	109	420	90
1286	520.0	133.6		130.0		240	171	0	0	540	142	60	111	600	122	120	90
1287	420.0	123.3		120.2		180	125	0	0	600	139	0	0	240	115	240	91
1288	480.0	131.7		127.7		300	169	0	0	540	135	0	0	420	117	180	94
1289	540.0	125.8		123.7		300	138	0	0	840	133	0	0	300	115	180	90
1290	680.0	131.3		127.8		840	145	0	0	780	136	120	99	60	113	240	89
1291	660.0	122.4		118.1		540	144	0	0	900	129	60	100	60	84	420	89
1292	520.0	120.0		114.4		60	150	0	0	780	143	0	0	180	94	540	92
1293	580.0	127.0		124.1		420	153	0	0	780	130	60	102	420	104	60	92
1294	540.0	128.6		124.9		240	142	0	0	840	140	0	0	300	119	240	87
1295	460.0	127.1		122.0		180	179	0	0	660	133	0	0	240	117	300	91
1296	620.0	121.7		115.5		420	156	0	0	720	133	0	0	120	102	600	88
1297	400.0	134.5		128.3		360	167	0	0	480	137	0	0	300	103	60	77
1298	360.0	127.2		123.8		60	177	0	0	420	146	0	0	600	109	0	0
1299	360.0	129.0		124.8		60	177	0	0	660	138	0	0	180	121	180	88
1300	460.0	133.8		127.3		300	168	0	0	660	139	0	0	120	134	300	88
1301	460.0	133.6		131.5		240	162	0	0	540	140	0	0	540	117	60	111
1302	560.0	127.6		122.0		360	150	0	0	720	143	0	0	180	111	420	89
1303	460.0	123.1		118.1		240	169	0	0	600	125	0	0	120	127	420	93
1304	420.0	138.0		135.2		180	173	0	0	540	144	0	0	480	124	60	91
1305	760.0	133.5		129.5		540	150	0	0	1080	145	0	0	360	107	300	94
1306	640.0	124.4		118.4		540	157	0	0	600	133	60	119	120	110	600	90
1307	580.0	130.0		124.7		600	151	0	0	660	138	60	106	60	103	360	89
1308	280.0	127.0		120.3		60	192	0	0	300	146	0	0	240	125	240	89
1309	520.0	134.5		126.3		240	174	0	0	780	149	0	0	120	124	420	88
1310	460.0	133.7		127.3		240	162	0	0	660	148	0	0	180	118	300	89
1311	380.0	127.5		121.2		360	153	0	0	360	140	0	0	60	125	360	90
1312	340.0	128.6		126.5		180	140	0	0	420	141	0	0	360	115	60	90
1313	560.0	115.2		112.0		240	138	0	0	780	125	60	95	120	121	480	89
1314	520.0	124.8		121.8		240	154	0	0	840	130	0	0	180	115	300	93
1315	520.0	125.2		119.2		420	151	0	0	540	141	60	95	240	97	300	89
1316	360.0	135.4		129.0		360	167	0	0	240	145	0	0	240	121	240	93
1317	340.0	130.5		125.8		240	165	0	0	480	133	0	0	120	108	180	93
1318	480.0	124.3		118.6		240	157	0	0	600	140	0	0	120	114	480	91
1319	460.0	129.0		124.4		300	156	0	0	660	132	0	0	120	143	300	90
1320	680.0	123.0		118.7		720	144	0	0	660	127	60	95	180	118	420	87
1321	400.0	130.1		126.8		240	158	0	0	480	135	0	0	360	119	120	88
1322	340.0	135.4		130.8		240	162	0	0	540	140	0	0	120	108	120	89
1323	560.0	120.0		113.6		360	155	0	0	660	133	0	0	0	0	660	88
1324	540.0	124.4		118.4		300	159	0	0	720	136	0	0	120	114	480	88
1325	520.0	128.3		124.3		300	163	0	0	720	130	0	0	300	121	240	89
1326	540.0	130.1		124.9		420	162	0	0	720	128	0	0	180	134	300	88
1327	400.0	114.7		109.6		60	165	0	0	360	133	0	0	300	127	480	87
1328	540.0	124.1		121.3		300	152	0	0	600	128	0	0	420	120	300	94
1329	420.0	135.6		131.6		120	163	0	0	780	146	0	0	240	111	120	90
1330	560.0	132.4		129.9		180	171	0	0	960	137	0	0	480	114	60	91
1331	540.0	115.8		111.9		240	140	0	0	660	130	60	95	240	108	420	87
1332	500.0	127.7		121.4		420	154	0	0	600	139	0	0	120	95	360	89
1333	600.0	127.9		123.7		600	146	0	0	660	135	0	0	180	119	360	89
1334	540.0	123.9		119.1		300	147	0	0	720	137	0	0	240	111	360	87
1335	500.0	139.6		132.2		420	167	0	0	720	146	0	0	60	134	300	87
1336	420.0	132.4		128.5		120	151	0	0	660	144	0	0	300	126	180	88
1337	500.0	121.7		119.3		180	147	0	0	780	129	0	0	360	109	180	90
1338	520.0	117.4		113.8		360	145	0	0	600	124	180	102	240	93	180	88
1339	420.0	129.8		125.3		240	145	0	0	660	143	0	0	240	99	120	88
1340	360.0	133.2		128.7		60	187	0	0	600	140	0	0	240	136	180	89
1341	480.0	124.9		121.4		360	150	0	0	660	128	0	0	180	110	240	90
1342	380.0	124.3		120.9		120	147	0	0	480	140	0	0	360	113	180	90
1343	340.0	120.1		114.8		180	154	0	0	420	133	60	98	60	111	300	88
1344	440.0	132.0		128.0		240	140	0	0	540	150	0	0	360	121	180	89
1345	320.0	120.9		116.7		120	146	0	0	420	134	60	113	120	122	240	87
1346	360.0	126.1		123.0		300	147	0	0	540	126	0	0	60	127	180	91
1347	560.0	114.1		111.0		120	132	0	0	900	128	120	96	240	96	300	87
1348	460.0	128.5		125.4		120	146	0	0	720	141	0	0	360	117	180	90
1349	400.0	128.7		122.3		240	169	0	0	480	137	60	97	240	113	180	84
1350	400.0	125.8		121.3		60	141	0	0	660	142	0	0	180	121	300	90
1351	500.0	111.7		107.3		60	142	0	0	660	132	60	94	180	110	540	86
1352	580.0	113.8		109.3		300	151	0	0	540	127	60	93	420	101	420	86
1353	340.0	130.5		123.3		120	149	0	0	480	151	0	0	120	136	300	88
1354	500.0	134.2		130.5		420	160	0	0	600	138	0	0	360	112	120	92
1355	380.0	129.1		122.9		60	145	0	0	540	153	0	0	240	120	300	90
1356	280.0	102.4		99.8		0	0	0	0	300	124	0	0	360	94	180	83
1357	480.0	133.1		130.5		300	151	0	0	780	138	0	0	240	117	120	89
1358	460.0	125.9		121.6		300	160	0	0	780	126	0	0	60	102	240	89
1359	460.0	120.0		114.4		60	138	0	0	780	140	0	0	60	90	480	89
1360	480.0	122.5		118.4		240	154	0	0	720	131	0	0	420	95	60	87
1361	520.0	119.5		115.6		360	147	0	0	600	127	0	0	360	101	240	87
1362	580.0	116.3		111.9		420	145	0	0	600	125	0	0	300	101	420	86
1363	400.0	130.1		127.4		120	140	0	0	660	142	0	0	300	115	120	92
1364	520.0	122.7		116.9		300	169	0	0	780	125	0	0	120	93	360	89
1365	580.0	134.5		130.5		240	159	0	0	960	145	60	97	300	115	180	91
1366	460.0	134.7		131.0		420	157	0	0	600	136	0	0	180	121	180	92
1367	560.0	121.3		118.9		480	135	0	0	780	124	0	0	120	127	300	90
1368	540.0	116.4		114.3		240	130	0	0	840	125	60	94	60	120	420	94
1369	320.0	126.8		121.7		120	170	0	0	360	140	0	0	300	117	180	88
1370	500.0	125.9		121.9		480	142	0	0	480	141	60	94	300	104	180	90
1371	340.0	136.6		133.0		120	186	0	0	600	140	0	0	240	114	60	95
1372	360.0	117.2		112.7		300	142	60	116	240	132	60	95	120	110	300	88
1373	280.0	116.4		108.5		60	161	0	0	360	144	60	95	0	0	360	85
1374	500.0	126.4		122.8		240	147	0	0	780	136	0	0	240	113	240	88
1375	580.0	111.1		107.2		240	136	0	0	600	129	60	100	180	110	660	87
1376	420.0	137.9		132.7		240	166	0	0	600	145	0	0	180	138	240	92
1377	400.0	134.3		128.6		240	157	0	0	600	147	0	0	120	114	240	90
1378	540.0	124.3		118.9		480	155	0	0	480	130	0	0	300	111	360	87
1379	440.0	134.1		130.0		300	158	0	0	720	136	0	0	120	134	180	87
1380	560.0	134.0		131.1		300	158	0	0	900	141	0	0	360	108	120	100
1381	500.0	120.6		117.3		180	155	0	0	720	130	0	0	240	108	360	93
1382	320.0	118.2		111.3		180	135	0	0	240	159	60	96	180	108	300	86
1383	480.0	118.5		114.9		120	147	0	0	720	129	0	0	240	120	360	87
1384	560.0	116.1		111.7		420	148	0	0	540	123	60	96	180	100	480	89
1385	280.0	133.9		125.2		60	225	0	0	480	143	0	0	120	127	180	84
1386	440.0	118.2		114.5		180	135	0	0	540	130	0	0	360	117	240	81
1387	240.0	127.7		123.6		60	141	0	0	300	141	0	0	240	129	120	85
1388	460.0	118.7		115.4		300	145	0	0	540	124	0	0	300	108	240	87
1389	260.0	137.8		129.3		180	185	0	0	300	141	0	0	120	132	180	89
1390	420.0	119.9		115.6		120	142	0	0	480	141	0	0	360	111	300	88
1391	360.0	129.9		125.4		120	158	0	0	720	138	0	0	60	102	180	88
1392	560.0	117.0		111.7		480	141	0	0	480	134	60	94	60	101	600	88
1393	340.0	123.0		120.1		60	145	0	0	540	137	0	0	360	104	60	89
1394	260.0	118.5		112.5		0	0	0	0	420	141	0	0	60	118	300	87
1395	280.0	128.9		124.4		60	137	0	0	420	146	0	0	180	125	180	90
1396	340.0	123.6		117.2		240	155	0	0	360	137	0	0	180	108	240	84
1397	560.0	113.0		107.6		300	142	0	0	540	135	60	92	60	90	720	88
1398	320.0	126.8		125.5		240	143	0	0	300	128	0	0	360	120	60	96
1399	420.0	111.9		106.5		180	145	0	0	420	132	0	0	180	106	480	84
1400	400.0	122.1		119.9		180	147	0	0	600	126	0	0	300	113	120	88
1401	420.0	116.1		112.4		180	143	0	0	480	128	60	94	300	111	240	84
1402	540.0	110.9		107.7		300	131	0	0	720	121	0	0	120	104	480	85
1403	400.0	129.5		123.7		420	164	0	0	360	125	0	0	240	105	180	91
1404	440.0	126.9		123.2		120	164	0	0	720	135	0	0	240	121	240	90
1405	300.0	113.3		109.1		120	135	0	0	360	132	0	0	60	110	360	88
1406	380.0	116.2		110.2		60	167	0	0	480	139	0	0	180	109	420	86
1407	520.0	120.4		114.6		240	166	0	0	600	134	60	96	300	98	360	90
1408	400.0	122.7		119.8		180	150	0	0	600	130	0	0	240	106	180	93
1409	240.0	123.2		119.5		60	146	0	0	360	137	0	0	180	113	120	86
1410	200.0	126.6		124.5		0	0	0	0	240	147	0	0	360	113	0	0
1411	320.0	116.3		112.9		180	143	0	0	300	128	0	0	240	109	240	89
1412	380.0	122.3		118.8		120	148	0	0	540	136	0	0	240	109	240	92
1413	280.0	114.3		110.8		120	141	0	0	360	126	0	0	120	105	240	88
1414	380.0	112.3		107.5		180	152	0	0	300	132	120	93	240	98	300	88
1415	480.0	119.8		115.8		180	160	0	0	540	131	0	0	420	111	300	88
1416	340.0	123.6		119.8		60	151	0	0	540	138	0	0	180	115	240	91
1417	200.0	118.7		114.8		0	0	0	0	300	136	0	0	120	120	180	89
1418	320.0	109.6		106.3		240	129	0	0	180	126	120	101	60	130	360	88
1419	400.0	120.7		114.7		180	134	0	0	540	144	0	0	240	91	240	88
1420	300.0	128.9		126.8		0	0	0	0	360	146	0	0	480	121	60	90
1421	240.0	138.2		134.4		240	153	0	0	240	153	0	0	180	113	60	96
1422	260.0	127.4		124.0		120	152	0	0	300	140	0	0	240	117	120	92
1423	400.0	119.7		117.0		300	125	0	0	480	135	0	0	120	112	300	93
1424	480.0	116.8		112.8		120	157	0	0	660	130	0	0	240	109	420	89
1425	300.0	121.9		116.9		120	155	0	0	420	136	0	0	240	99	120	85
1426	400.0	120.2		115.2		180	155	0	0	480	134	60	94	180	111	300	88
1427	340.0	106.1		103.6		60	120	0	0	420	123	0	0	60	111	480	89
1428	460.0	121.7		118.9		180	132	0	0	660	130	0	0	240	131	300	90
1429	440.0	117.7		114.1		120	141	0	0	720	131	0	0	180	97	300	89
1430	280.0	116.2		111.1		60	142	0	0	360	138	0	0	60	123	360	89
1431	240.0	111.5		108.5		0	0	0	0	360	129	60	95	180	99	120	86
1432	540.0	107.1		104.2		420	128	0	0	240	126	120	99	120	113	720	89
1433	280.0	123.4		118.3		120	144	0	0	240	150	0	0	240	120	240	90
1434	300.0	118.9		116.1		60	148	0	0	480	131	0	0	240	101	120	92
1435	380.0	122.9		118.7		120	163	0	0	480	137	0	0	300	110	240	91
1436	280.0	114.3		108.2		60	144	0	0	300	141	0	0	60	135	420	88
1437	340.0	117.0		112.5		60	173	0	0	420	134	0	0	300	106	240	87
1438	320.0	122.2		116.8		60	154	0	0	600	136	0	0	60	77	240	91
1439	380.0	123.4		117.8		300	158	0	0	240	136	0	0	300	112	300	90
1440	300.0	130.9		126.1		120	149	0	0	480	143	0	0	120	129	180	88
1441	360.0	117.6		111.4		180	157	0	0	420	133	60	104	60	89	360	87
1442	280.0	125.4		116.0		120	169	0	0	180	169	0	0	240	119	300	87
1443	420.0	120.6		117.9		60	138	0	0	780	128	0	0	180	126	240	88
1444	220.0	121.5		118.8		60	158	0	0	300	131	0	0	180	112	120	94
1445	300.0	108.5		106.5		60	122	0	0	360	123	120	94	180	104	180	89
1446	200.0	127.5		123.2		120	159	0	0	240	137	0	0	180	107	60	88
1447	240.0	119.5		116.1		0	0	0	0	240	141	0	0	300	120	180	90
1448	340.0	105.5		101.9		180	136	0	0	120	136	60	93	240	103	420	87
1449	180.0	139.0		132.5		120	175	0	0	240	139	0	0	120	133	60	79
1450	420.0	123.9		117.4		360	153	0	0	300	142	60	109	60	137	480	91
1451	280.0	132.0		128.3		60	154	0	0	360	140	0	0	300	136	120	87
1452	340.0	120.4		115.7		240	156	0	0	360	125	0	0	180	104	240	90
1453	280.0	133.1		125.8		60	200	0	0	480	148	0	0	120	102	180	92
1454	160.0	107.4		102.7		0	0	0	0	180	138	0	0	0	0	300	89
1455	120.0	126.2		120.0		120	163	0	0	0	0	0	0	180	115	60	86
1456	240.0	144.1		137.8		240	163	0	0	240	163	0	0	180	112	60	89
1457	280.0	117.3		109.2		180	172	0	0	240	126	0	0	60	100	360	87
1458	340.0	114.3		109.0		60	144	0	0	540	133	0	0	0	0	420	86
1459	240.0	118.8		115.8		0	0	0	0	360	129	0	0	180	128	180	89
1460	300.0	121.9		115.8		120	156	0	0	360	142	0	0	60	118	360	91
1461	320.0	123.8		112.0		60	184	0	0	360	166	0	0	60	97	480	88
1462	180.0	138.4		128.4		120	167	0	0	240	160	0	0	60	92	120	90
1463	240.0	128.4		121.0		180	165	0	0	240	144	0	0	0	0	300	94
1464	360.0	116.4		109.7		180	156	0	0	360	138	60	96	0	0	480	88
1465	260.0	114.9		109.6		60	156	0	0	240	145	0	0	180	101	300	91
1466	320.0	128.5		122.1		300	156	0	0	300	136	60	92	60	144	240	90
1467	180.0	111.9		108.0		0	0	0	0	240	129	0	0	60	135	240	89
1468	200.0	121.5		117.0		240	137	0	0	60	124	0	0	120	138	180	89
1469	440.0	125.9		122.4		480	137	0	0	480	137	0	0	120	111	240	89
1470	280.0	114.9		111.3		240	132	0	0	240	132	0	0	0	0	360	92
1471	200.0	119.5		114.8		60	145	0	0	240	137	60	114	120	112	120	82
1472	220.0	106.7		102.5		60	121	0	0	120	150	60	93	120	110	300	88
1473	300.0	125.7		121.6		0	0	0	0	420	143	0	0	300	124	180	88
1474	260.0	106.5		102.6		60	146	0	0	180	132	120	92	120	112	300	87
1475	380.0	102.2		99.0		180	131	0	0	60	146	60	92	120	121	720	89
1476	180.0	114.9		107.5		120	169	0	0	180	116	0	0	60	84	180	88
1477	220.0	118.4		112.3		120	152	0	0	240	137	0	0	0	0	300	90
1478	100.0	129.2		129.2		0	0	0	0	120	128	0	0	180	130	0	0
1479	440.0	107.6		103.9		120	140	0	0	360	133	60	110	60	100	720	90
1480	260.0	104.0		102.3		60	142	0	0	240	114	0	0	120	98	360	93
1481	200.0	134.1		131.6		120	153	0	0	360	137	0	0	60	121	60	92
1482	240.0	95.3		92.6		60	156	0	0	60	112	60	93	0	0	540	87
1483	320.0	121.2		114.0		180	175	0	0	360	129	0	0	60	100	360	90
1484	240.0	131.2		120.4		60	240	0	0	300	148	0	0	120	119	240	89
1485	280.0	111.7		107.4		0	0	0	0	360	136	0	0	60	118	420	90
1486	240.0	123.5		117.5		60	138	0	0	300	148	0	0	120	124	240	89
1487	240.0	108.0		102.9		0	0	0	0	240	144	0	0	0	0	480	90
1488	240.0	112.7		107.7		120	154	0	0	240	126	0	0	0	0	360	90
1489	120.0	135.8		131.6		180	150	0	0	120	137	0	0	0	0	60	91
1490	180.0	110.9		107.0		0	0	0	0	240	134	60	93	60	102	180	89
1491	360.0	113.8		109.7		300	135	0	0	240	135	60	95	60	109	420	90
1492	200.0	125.8		117.4		60	160	0	0	300	149	60	92	0	0	180	87
1493	100.0	121.4		110.6		0	0	0	0	60	201	0	0	120	116	120	87
1494	200.0	118.6		112.6		120	138	0	0	180	148	0	0	60	110	240	89
1495	160.0	117.2		111.6		240	138	0	0	60	128	0	0	0	0	180	86
1496	360.0	121.3		116.0		360	138	0	0	360	138	0	0	0	0	360	88
1497	280.0	119.0		114.5		180	143	0	0	180	143	0	0	240	113	240	89
1498	340.0	152.5		139.6		300	185	0	0	300	185	0	0	180	126	240	91
1499	400.0	108.8		105.2		360	131	0	0	180	131	180	95	0	0	480	89
