#File created from auswertNew
# Temporary input file:
# tmp27.dat
# Created from repository file
# /home/vwitme/data/workdata/trafficData/Invent_A5/intermediatedata/A5frankfurt_06_01/daten/F27_1106.dat.gz
# Infrastructure description file:
# /home/vwitme/data/workdata/trafficData/Invent_A5/intermediatedata/A5frankfurt_06_01/daten/A5frankfurt_06_01.dsc
#
# Date: 11.06.2001
# Direction: Frankfurt
# Detector cross section 27
# Position (m)= 490.300000
# Number of main lanes=3
# Number of ramp lanes=1
# The lane indices are ordered from left to right
# NOTICE: The time has been increased by 1 hour 
# since summertime was not taken care of  in the original data!
# Velocity averages: Over veh types and lanes, weighted with flow
# vAvg=arithmetic average; vHarm=harmonic average
#===========================================
#t(min)	Qav(/h)	vAvg(km/h)	vHarm(km/h)	Q1car	v1car	Q1truck	v1truck	Q2car	v2car	Q2truck	v2truck	Q3car	v3car	Q3truck	v3truck
60	160.0	122.1		113.0		120	169	0	0	120	140	60	89	60	98	120	86
61	440.0	106.4		103.4		180	145	0	0	480	112	60	93	180	105	420	86
62	480.0	99.7		96.1		180	134	0	0	360	119	0	0	120	99	780	83
63	260.0	110.7		104.3		180	161	0	0	120	120	0	0	120	91	360	89
64	240.0	117.7		112.4		120	155	0	0	240	121	0	0	120	135	240	87
65	100.0	131.6		131.5		0	0	0	0	180	134	0	0	120	128	0	0
66	260.0	98.2		95.4		60	137	0	0	120	126	0	0	60	104	540	87
67	400.0	115.6		107.7		120	173	0	0	480	136	0	0	60	122	540	84
68	220.0	108.3		104.4		0	0	0	0	300	131	0	0	120	88	240	90
69	300.0	109.9		103.4		180	164	0	0	180	121	60	90	0	0	480	88
70	320.0	113.2		109.7		240	133	0	0	300	127	0	0	120	102	300	88
71	380.0	124.8		119.9		300	156	0	0	360	130	60	88	300	111	120	84
72	400.0	100.5		96.5		180	143	0	0	240	118	120	87	0	0	660	85
73	280.0	106.5		101.6		60	137	0	0	240	139	60	89	60	100	420	87
74	360.0	108.3		102.0		120	176	0	0	300	127	60	92	0	0	600	87
75	440.0	113.9		109.3		180	146	0	0	540	129	0	0	120	105	480	87
76	260.0	116.5		111.3		120	150	0	0	300	134	60	92	180	92	120	88
77	240.0	135.2		132.8		180	155	0	0	300	130	0	0	180	139	60	91
78	640.0	105.2		99.3		360	154	0	0	240	130	300	90	120	98	900	85
79	460.0	101.7		97.4		180	144	0	0	120	146	60	97	120	106	900	87
80	220.0	99.7		95.4		0	0	0	0	120	148	0	0	180	99	360	84
81	360.0	107.3		104.2		300	123	0	0	300	123	0	0	60	100	420	86
82	220.0	107.1		104.3		60	126	0	0	240	125	0	0	60	107	300	89
83	460.0	107.9		102.3		300	140	0	0	420	124	0	0	60	94	600	82
84	380.0	97.7		92.7		60	158	0	0	240	134	0	0	0	0	840	83
85	220.0	113.1		107.9		60	189	0	0	300	120	0	0	0	0	300	91
86	200.0	102.0		97.7		0	0	0	0	180	137	0	0	0	0	420	87
87	180.0	105.4		99.3		60	153	0	0	120	140	0	0	0	0	360	86
88	200.0	112.1		108.3		60	142	0	0	240	130	0	0	120	96	180	89
89	200.0	103.4		100.9		0	0	0	0	120	134	0	0	180	107	300	89
90	300.0	101.7		98.1		120	137	0	0	180	124	0	0	60	105	540	86
91	260.0	95.5		94.2		0	0	0	0	180	118	120	92	0	0	480	88
92	280.0	113.3		107.7		120	166	0	0	300	125	60	89	180	92	180	88
93	500.0	122.5		115.9		240	173	0	0	660	130	0	0	180	113	420	86
94	280.0	95.6		93.3		0	0	0	0	180	127	0	0	0	0	660	87
95	260.0	102.4		97.3		60	161	0	0	180	132	0	0	0	0	540	86
96	320.0	111.9		108.5		180	135	0	0	360	125	0	0	60	102	360	89
97	340.0	105.5		101.3		60	169	0	0	420	119	0	0	60	112	480	85
98	220.0	95.1		93.2		0	0	0	0	120	127	0	0	0	0	540	88
99	420.0	113.9		108.6		120	165	0	0	360	133	60	100	240	117	480	87
100	220.0	107.1		102.2		60	177	0	0	120	129	60	87	180	100	240	89
101	360.0	98.6		94.1		60	189	0	0	120	135	240	89	60	100	600	86
102	180.0	95.9		93.6		60	129	0	0	120	112	0	0	0	0	360	85
103	400.0	106.0		102.1		120	153	0	0	480	118	0	0	0	0	600	87
104	240.0	138.8		137.8		60	153	0	0	480	144	0	0	180	120	0	0
105	360.0	114.5		104.9		120	175	0	0	300	152	60	91	0	0	600	86
106	280.0	100.5		94.9		60	173	0	0	120	144	0	0	0	0	660	86
107	220.0	109.4		100.9		60	180	0	0	120	159	60	96	0	0	420	87
108	460.0	99.9		96.2		180	157	0	0	60	117	240	90	60	103	840	89
109	320.0	112.0		102.0		120	205	0	0	120	142	0	0	120	119	600	86
110	200.0	97.8		95.4		0	0	0	0	180	123	0	0	0	0	420	87
111	320.0	92.5		90.9		120	115	0	0	120	115	0	0	0	0	720	85
112	300.0	100.1		98.1		60	112	0	0	240	114	0	0	180	113	420	85
113	240.0	108.8		103.8		60	153	0	0	180	131	0	0	120	122	360	86
114	100.0	104.0		99.7		0	0	0	0	0	0	0	0	120	131	180	86
115	280.0	100.8		96.6		60	154	0	0	240	123	0	0	0	0	540	85
116	300.0	92.6		90.3		60	154	0	0	60	117	0	0	0	0	780	86
117	280.0	96.3		92.5		60	154	0	0	120	119	120	90	60	120	480	82
118	220.0	112.6		106.6		120	151	0	0	180	135	60	92	0	0	300	88
119	180.0	95.4		94.7		0	0	0	0	120	109	60	91	120	99	240	88
120	120.0	95.3		93.7		0	0	0	0	120	114	0	0	0	0	240	86
121	80.0	112.8		107.4		60	148	0	0	0	0	0	0	60	125	120	89
122	180.0	111.0		104.5		120	148	0	0	180	124	0	0	60	76	180	85
123	280.0	117.0		112.3		0	0	0	0	420	137	60	93	120	119	240	87
124	340.0	122.8		115.6		360	146	0	0	240	146	120	90	60	107	240	85
125	300.0	105.3		100.7		120	158	0	0	180	117	120	91	60	122	420	87
126	120.0	127.8		116.1		60	189	0	0	60	182	0	0	120	110	120	88
127	340.0	111.6		103.7		240	163	0	0	180	127	120	93	60	84	420	85
128	320.0	107.5		102.8		0	0	0	0	480	130	0	0	0	0	480	85
129	140.0	106.9		102.3		60	160	0	0	120	116	0	0	0	0	240	89
130	240.0	110.1		103.3		60	151	0	0	240	142	0	0	0	0	420	86
131	200.0	96.0		92.6		60	165	0	0	0	0	180	89	0	0	360	88
132	160.0	104.5		98.9		60	153	0	0	0	0	0	0	120	129	300	85
133	220.0	110.0		104.7		0	0	0	0	120	146	60	115	180	126	300	85
134	140.0	124.1		120.8		60	115	0	0	240	132	0	0	60	142	60	84
135	240.0	93.2		91.8		180	115	0	0	0	0	60	88	120	88	360	85
136	360.0	101.8		97.7		120	148	0	0	240	124	120	90	0	0	600	86
137	240.0	98.2		95.5		0	0	0	0	120	136	0	0	120	105	480	87
138	140.0	106.0		100.7		60	176	0	0	0	0	120	103	0	0	240	90
139	180.0	116.0		103.7		180	176	0	0	0	0	0	0	0	0	360	86
140	280.0	105.3		100.8		120	141	0	0	120	136	60	90	60	126	480	88
141	280.0	98.9		95.2		120	152	0	0	120	106	180	89	0	0	420	86
142	380.0	100.6		96.9		180	145	0	0	180	113	120	94	60	89	600	86
143	280.0	104.9		97.5		120	183	0	0	120	120	120	87	0	0	480	86
144	320.0	104.6		98.7		180	161	0	0	60	128	180	90	0	0	540	88
145	360.0	114.7		109.0		120	152	0	0	480	133	0	0	60	88	420	87
146	260.0	115.5		108.6		120	176	0	0	240	125	0	0	120	110	300	86
147	120.0	106.5		104.5		0	0	0	0	180	121	0	0	180	92	0	0
148	300.0	97.4		94.4		60	123	0	0	180	130	60	88	0	0	600	86
149	240.0	121.7		116.5		120	156	0	0	360	131	0	0	120	96	120	85
150	200.0	103.4		97.9		0	0	0	0	240	134	0	0	0	0	360	83
151	340.0	96.7		94.4		60	145	0	0	240	111	60	109	0	0	660	86
152	320.0	104.1		100.8		60	145	0	0	300	119	0	0	60	133	540	88
153	280.0	109.9		105.0		120	138	0	0	300	131	60	92	0	0	360	86
154	180.0	104.9		101.5		0	0	0	0	180	132	0	0	120	100	240	87
155	100.0	122.2		116.8		60	162	0	0	180	122	0	0	0	0	60	83
156	240.0	105.2		99.7		120	162	0	0	120	117	0	0	0	0	480	88
157	240.0	95.3		94.0		0	0	0	0	240	112	0	0	0	0	480	87
158	260.0	107.6		100.2		120	175	0	0	180	122	60	88	0	0	420	85
159	180.0	98.7		96.2		0	0	0	0	180	122	0	0	0	0	360	87
160	240.0	101.3		96.8		60	169	0	0	60	141	0	0	120	105	480	87
161	200.0	111.6		105.6		60	169	0	0	180	131	0	0	60	119	300	87
162	240.0	116.0		109.6		0	0	0	0	180	137	0	0	240	139	300	85
163	180.0	111.2		106.3		60	146	0	0	180	135	0	0	0	0	300	90
164	120.0	95.7		92.8		0	0	0	0	0	0	0	0	60	139	300	87
165	200.0	107.9		99.5		60	169	0	0	120	155	60	90	0	0	360	85
166	240.0	94.2		92.9		0	0	0	0	120	121	120	89	60	94	420	88
167	260.0	105.7		102.0		0	0	0	0	300	131	0	0	60	103	420	88
168	200.0	90.2		89.4		0	0	0	0	60	117	60	92	60	91	420	86
169	180.0	94.8		93.9		0	0	0	0	0	0	60	107	120	109	360	88
170	180.0	94.7		92.9		0	0	0	0	180	114	0	0	0	0	360	85
171	60.0	104.0		96.9		0	0	0	0	60	146	0	0	0	0	120	83
172	100.0	124.0		122.1		0	0	0	0	240	131	0	0	0	0	60	96
173	140.0	116.3		111.0		60	126	0	0	180	134	0	0	60	124	120	81
174	300.0	107.1		101.2		240	143	0	0	60	156	0	0	60	86	540	88
175	280.0	96.9		94.4		0	0	0	0	180	130	120	92	0	0	540	87
176	180.0	114.1		105.8		120	176	0	0	60	129	0	0	0	0	360	91
177	160.0	111.0		105.2		60	151	0	0	180	131	0	0	0	0	240	86
178	180.0	101.7		97.3		60	145	0	0	120	127	120	90	0	0	240	84
179	220.0	110.6		106.3		0	0	0	0	180	141	0	0	180	118	300	88
180	240.0	112.5		107.3		120	136	0	0	180	142	120	90	60	120	240	88
181	300.0	103.9		101.2		60	142	0	0	300	120	120	91	60	107	360	88
182	100.0	118.4		111.8		0	0	0	0	120	129	0	0	60	160	120	87
183	300.0	130.1		118.7		300	177	0	0	240	135	60	91	0	0	300	87
184	260.0	116.5		108.9		180	161	0	0	240	129	0	0	0	0	360	86
185	260.0	112.6		107.2		120	151	0	0	300	128	0	0	0	0	360	87
186	240.0	111.3		105.7		120	159	0	0	240	123	60	91	0	0	300	87
187	260.0	112.8		106.0		120	173	0	0	300	121	0	0	0	0	360	86
188	220.0	113.7		106.9		120	168	0	0	180	127	0	0	0	0	360	89
189	160.0	112.9		108.0		0	0	0	0	180	135	60	113	60	130	180	85
190	300.0	109.8		106.4		60	137	0	0	360	129	0	0	120	101	360	89
191	240.0	114.2		109.4		120	161	0	0	180	129	120	96	0	0	300	94
192	180.0	98.7		93.8		60	160	0	0	60	128	0	0	60	96	360	84
193	180.0	100.0		97.0		0	0	0	0	180	126	0	0	0	0	360	87
194	200.0	111.9		108.0		120	144	0	0	240	118	0	0	60	101	180	86
195	380.0	109.3		105.4		240	144	0	0	420	114	0	0	60	87	420	88
196	260.0	103.5		97.6		120	165	0	0	60	129	0	0	180	97	420	85
197	100.0	103.8		100.0		60	146	0	0	60	106	0	0	0	0	180	89
198	300.0	110.8		105.0		120	165	0	0	240	121	0	0	120	123	420	86
199	260.0	96.6		94.2		60	142	0	0	180	112	60	90	0	0	480	86
200	320.0	108.2		101.9		120	176	0	0	240	122	60	90	120	103	420	85
201	280.0	106.3		103.7		60	139	0	0	240	122	120	105	120	108	300	87
202	180.0	107.0		103.8		0	0	0	0	240	125	0	0	60	115	240	87
203	260.0	108.9		105.8		60	148	0	0	300	122	0	0	120	109	300	88
204	160.0	114.5		110.5		60	130	0	0	120	147	0	0	180	104	120	90
205	280.0	98.6		95.3		60	148	0	0	60	133	60	88	60	132	600	88
206	380.0	105.3		100.9		180	146	0	0	300	121	0	0	0	0	660	87
207	240.0	96.2		93.9		0	0	0	0	120	132	0	0	60	108	540	87
208	360.0	118.9		113.8		360	135	0	0	360	135	0	0	60	90	300	86
209	540.0	105.4		103.5		540	116	0	0	480	116	60	91	0	0	540	87
210	260.0	121.6		116.9		60	141	0	0	360	139	0	0	120	125	240	89
211	100.0	124.4		116.0		0	0	0	0	120	161	0	0	60	122	120	89
212	160.0	113.5		109.5		120	146	0	0	120	118	0	0	120	103	120	87
213	200.0	98.9		95.8		0	0	0	0	120	127	180	97	60	120	240	81
214	140.0	122.9		116.2		120	135	0	0	120	135	0	0	60	154	120	83
215	160.0	122.2		118.3		120	137	0	0	240	132	0	0	0	0	120	88
216	140.0	92.7		91.1		0	0	0	0	60	127	0	0	0	0	360	87
217	240.0	125.7		114.6		120	187	0	0	120	170	0	0	180	118	300	88
218	220.0	122.6		118.5		60	182	0	0	300	132	0	0	240	104	60	91
219	180.0	118.1		113.2		60	175	0	0	240	125	0	0	60	118	180	90
220	340.0	119.1		113.3		60	165	0	0	300	145	0	0	240	126	420	90
221	240.0	117.8		111.1		120	163	0	0	180	145	60	97	60	96	300	92
222	120.0	110.2		106.7		60	121	0	0	60	128	0	0	60	139	180	91
223	220.0	111.7		106.4		60	146	0	0	240	137	60	90	0	0	300	89
224	400.0	117.1		108.9		240	176	0	0	360	126	120	89	0	0	480	88
225	240.0	103.1		99.5		0	0	0	0	240	132	0	0	60	86	420	89
226	420.0	118.4		114.3		240	152	0	0	600	124	120	97	0	0	300	89
227	200.0	114.2		110.8		0	0	0	0	240	133	0	0	120	123	240	91
228	260.0	127.3		123.5		60	182	0	0	540	132	0	0	0	0	180	95
229	240.0	117.2		110.6		60	163	0	0	300	141	120	89	0	0	240	90
230	380.0	108.9		103.2		180	163	0	0	300	122	60	90	0	0	600	88
231	380.0	106.1		101.1		120	161	0	0	300	127	120	89	0	0	600	88
232	100.0	122.2		112.0		60	175	0	0	120	135	0	0	0	0	120	83
233	320.0	101.7		98.5		120	146	0	0	180	112	0	0	240	101	420	85
234	420.0	118.2		109.9		300	154	0	0	360	142	0	0	0	0	600	86
235	220.0	103.3		100.4		60	141	0	0	180	120	60	90	60	105	300	88
236	360.0	101.0		96.9		60	138	0	0	360	126	0	0	0	0	660	84
237	340.0	114.8		112.1		120	126	0	0	540	127	0	0	120	100	240	89
238	300.0	100.7		97.3		120	142	0	0	180	119	0	0	0	0	600	87
239	380.0	106.4		101.3		120	166	0	0	300	122	0	0	60	123	660	87
240	360.0	100.6		94.8		60	141	0	0	180	141	60	100	240	111	540	78
241	200.0	100.2		97.0		0	0	0	0	240	123	0	0	0	0	360	85
242	260.0	104.0		99.4		180	128	0	0	180	128	0	0	60	86	360	83
243	440.0	115.6		113.0		480	125	0	0	480	125	0	0	60	108	300	87
244	440.0	112.6		108.3		360	130	0	0	360	130	0	0	120	119	480	85
245	240.0	118.8		113.3		240	139	0	0	180	137	0	0	60	115	240	86
246	240.0	124.9		121.2		180	155	0	0	360	121	0	0	120	114	60	80
247	320.0	120.2		115.1		180	150	0	0	360	136	0	0	180	102	240	88
248	180.0	125.2		118.1		60	148	0	0	300	144	0	0	60	85	120	87
249	240.0	115.2		112.0		60	115	0	0	300	131	0	0	180	118	180	86
250	220.0	147.8		144.7		180	162	0	0	300	154	0	0	120	137	60	96
251	360.0	119.3		116.3		120	149	0	0	600	126	0	0	120	117	240	89
252	260.0	108.5		105.1		60	145	0	0	300	121	0	0	120	115	300	86
253	240.0	123.0		118.0		60	197	0	0	360	130	0	0	120	110	180	93
254	80.0	117.5		114.7		0	0	0	0	60	110	0	0	120	134	60	92
255	180.0	113.1		108.4		60	156	0	0	180	132	0	0	60	106	240	90
256	320.0	120.2		113.5		240	162	0	0	240	131	0	0	120	109	360	89
257	220.0	119.7		114.9		120	159	0	0	300	126	0	0	60	102	180	89
258	320.0	132.2		126.8		180	161	0	0	540	140	0	0	60	105	180	89
259	220.0	108.5		103.7		60	142	0	0	180	139	60	89	120	99	240	87
260	300.0	122.3		116.8		120	172	0	0	360	128	120	88	180	124	120	87
261	320.0	121.2		116.3		240	166	0	0	480	111	0	0	120	104	120	90
262	240.0	126.2		118.3		60	177	0	0	240	142	60	94	180	141	180	84
263	320.0	109.1		104.0		180	128	0	0	240	142	60	90	60	102	420	86
264	280.0	130.1		125.6		180	142	0	0	480	140	0	0	60	107	120	84
265	260.0	117.8		112.9		240	146	0	0	180	127	60	88	120	107	180	88
266	320.0	125.4		119.2		180	158	0	0	420	140	0	0	120	92	240	92
267	520.0	115.7		110.1		360	152	0	0	420	129	60	87	60	115	660	90
268	380.0	117.8		113.7		180	154	0	0	480	128	0	0	0	0	480	94
269	360.0	126.1		117.7		180	188	0	0	480	130	0	0	60	138	360	88
270	480.0	132.1		128.4		180	156	0	0	900	140	0	0	180	112	180	89
271	500.0	133.0		127.6		480	162	0	0	480	134	0	0	300	121	240	88
272	500.0	124.2		118.9		420	149	0	0	600	132	0	0	60	126	420	88
273	300.0	114.3		110.1		240	148	0	0	300	111	60	88	120	109	180	87
274	380.0	119.5		114.3		240	149	0	0	360	130	0	0	180	124	360	87
275	200.0	103.8		100.0		0	0	0	0	240	129	0	0	0	0	360	87
276	280.0	118.8		114.0		180	137	0	0	300	139	60	92	120	102	180	87
277	300.0	132.8		127.3		240	165	0	0	420	134	0	0	120	112	120	85
278	420.0	131.8		124.8		420	163	0	0	300	143	60	89	300	113	180	86
279	440.0	116.5		110.4		180	155	0	0	480	134	0	0	180	115	480	85
280	260.0	127.5		119.4		180	178	0	0	360	128	0	0	60	97	180	86
281	400.0	118.3		113.3		180	155	0	0	480	133	0	0	240	98	300	89
282	260.0	118.9		113.9		120	160	0	0	120	145	60	105	300	114	180	87
283	380.0	116.5		112.4		180	134	0	0	480	132	60	90	60	132	360	89
284	440.0	115.2		110.4		120	136	0	0	600	136	0	0	60	101	540	89
285	520.0	118.6		115.3		300	141	0	0	780	126	60	87	120	104	300	89
286	320.0	128.5		124.5		60	156	0	0	360	144	0	0	300	132	240	94
287	400.0	131.1		123.8		240	176	0	0	600	137	0	0	60	97	300	90
288	540.0	122.3		119.1		360	145	0	0	720	126	0	0	300	115	240	86
289	600.0	114.1		109.1		480	146	0	0	600	120	60	92	60	102	600	86
290	360.0	132.6		126.8		240	161	0	0	540	142	0	0	0	0	300	93
291	400.0	137.0		132.7		300	171	0	0	420	141	0	0	420	116	60	87
292	200.0	123.5		121.7		60	133	0	0	240	125	0	0	240	129	60	86
293	340.0	129.6		124.5		180	168	0	0	420	142	0	0	300	102	120	98
294	580.0	110.0		105.2		180	159	0	0	660	124	60	91	180	108	660	85
295	420.0	112.1		107.6		240	143	0	0	300	125	60	90	180	124	480	87
296	520.0	137.7		134.8		360	157	0	0	840	143	0	0	300	109	60	92
297	420.0	106.9		103.8		300	114	0	0	300	132	60	91	240	105	360	84
298	580.0	109.8		104.8		480	139	0	0	360	127	60	87	60	91	780	87
299	500.0	115.7		109.9		420	151	0	0	540	114	0	0	180	110	360	80
300	320.0	125.5		121.9		120	156	0	0	360	140	0	0	360	113	120	89
301	460.0	121.7		115.8		360	151	0	0	600	129	0	0	60	100	360	84
302	420.0	107.7		102.1		60	182	0	0	480	129	0	0	60	113	660	85
303	600.0	118.0		113.6		360	147	0	0	660	126	60	105	240	120	480	86
304	460.0	127.0		120.9		240	153	0	0	480	150	0	0	420	110	240	85
305	380.0	135.8		127.6		240	184	0	0	420	147	0	0	300	111	180	87
306	540.0	121.0		115.5		300	152	0	0	660	132	0	0	240	117	420	84
307	780.0	114.5		108.0		360	155	0	0	900	132	0	0	180	93	900	85
308	420.0	112.5		109.7		120	144	0	0	420	125	60	88	360	111	300	89
309	700.0	120.2		117.8		420	145	0	0	1200	119	0	0	300	113	180	82
310	720.0	121.5		118.2		480	144	0	0	1140	125	0	0	180	110	360	86
311	480.0	125.5		121.4		360	160	0	0	480	125	0	0	420	112	180	89
312	420.0	123.0		117.8		120	163	0	0	600	139	0	0	300	103	240	88
313	480.0	130.5		124.5		480	163	0	0	360	127	0	0	300	124	300	89
314	600.0	119.6		113.4		480	157	0	0	480	129	60	90	300	103	480	87
315	480.0	114.8		107.4		180	179	0	0	540	129	0	0	60	112	660	86
316	500.0	117.1		109.1		240	169	0	0	720	126	0	0	240	75	300	88
317	700.0	132.5		128.5		420	160	0	0	960	138	0	0	480	120	240	87
318	480.0	124.8		120.0		240	162	0	0	540	134	0	0	360	117	300	88
319	720.0	122.3		117.6		540	129	0	0	900	141	120	92	240	111	360	83
320	700.0	124.5		121.7		600	142	0	0	1080	127	60	90	180	99	180	88
321	400.0	120.9		114.0		180	169	0	0	540	132	60	89	60	118	360	86
322	460.0	122.0		117.9		360	136	0	0	420	136	120	91	300	122	180	82
323	700.0	125.7		120.6		600	158	0	0	720	126	60	97	360	116	360	86
324	700.0	131.5		129.4		600	143	0	0	1140	135	0	0	240	106	120	91
325	760.0	126.2		119.9		660	158	0	0	900	131	0	0	300	101	420	84
326	480.0	127.6		120.9		300	165	0	0	660	137	0	0	120	101	360	88
327	700.0	120.2		114.8		360	163	0	0	960	127	60	82	300	101	420	87
328	780.0	121.3		117.4		600	150	0	0	900	123	0	0	420	111	420	87
329	580.0	137.1		133.3		540	164	0	0	780	136	0	0	360	107	60	91
330	700.0	129.6		121.7		600	166	0	0	660	138	60	88	240	122	540	87
331	620.0	142.3		140.3		720	158	0	0	780	137	0	0	300	129	60	88
332	660.0	129.7		127.3		480	156	0	0	960	128	0	0	480	112	60	87
333	840.0	125.9		120.4		660	154	0	0	960	132	0	0	240	128	660	88
334	800.0	121.8		118.1		780	141	0	0	840	128	60	85	360	108	360	86
335	1080.0	137.9		132.7		1440	161	0	0	1020	132	0	0	360	119	420	89
336	1160.0	119.2		115.0		1320	144	0	0	1140	116	60	96	300	98	660	87
337	860.0	125.9		121.2		780	152	0	0	960	130	120	94	420	107	300	84
338	880.0	129.1		126.0		900	147	0	0	780	134	60	91	720	116	180	84
339	840.0	124.0		120.1		840	148	0	0	600	129	240	90	660	111	180	88
340	1380.0	118.9		115.0		1380	144	0	0	1560	118	0	0	420	99	780	87
341	800.0	127.4		123.8		780	150	0	0	960	127	0	0	300	116	360	89
342	1280.0	121.1		117.5		1320	142	0	0	1680	120	0	0	180	106	660	86
343	860.0	125.0		121.5		780	141	0	0	780	132	0	0	660	120	360	84
344	860.0	113.7		108.0		480	145	0	0	1020	128	0	0	300	97	780	82
345	920.0	131.3		126.5		900	158	0	0	1020	133	0	0	420	111	420	90
346	780.0	139.5		138.1		540	159	0	0	960	143	0	0	840	123	0	0
347	940.0	121.5		114.3		840	155	0	0	960	128	0	0	120	116	900	84
348	1080.0	107.4		106.0		780	116	0	0	1500	113	0	0	240	109	720	86
349	1120.0	121.4		118.2		1140	139	0	0	1320	125	0	0	420	103	480	86
350	900.0	126.0		122.6		840	149	0	0	1140	126	0	0	300	112	420	90
351	760.0	121.2		116.8		780	145	0	0	780	124	0	0	180	109	540	87
352	1060.0	137.2		133.7		1020	161	0	0	1260	134	0	0	660	125	240	87
353	600.0	138.6		136.3		420	165	0	0	720	142	0	0	660	118	0	0
354	1020.0	113.0		107.7		720	142	0	0	1260	121	0	0	300	98	780	79
355	1280.0	117.9		113.5		1440	140	0	0	1260	119	0	0	180	109	960	85
356	1160.0	119.1		114.8		1200	143	0	0	1260	117	0	0	180	129	840	86
357	1000.0	119.5		115.9		960	140	0	0	1140	123	60	88	300	107	540	86
358	860.0	122.3		116.7		600	159	0	0	1140	123	0	0	300	117	540	83
359	1000.0	132.3		129.9		1080	151	0	0	1260	128	0	0	540	115	120	86
360	940.0	128.3		123.8		900	150	0	0	1080	134	0	0	480	107	360	85
361	800.0	126.5		124.9		780	143	0	0	1080	124	0	0	480	110	60	87
362	900.0	124.1		121.6		840	143	0	0	1200	123	0	0	480	109	180	83
363	940.0	114.4		109.8		840	141	0	0	900	119	60	103	120	121	900	85
364	740.0	133.8		129.3		720	157	0	0	780	138	0	0	480	116	240	86
365	740.0	121.4		118.3		660	143	0	0	720	123	0	0	600	111	240	83
366	1120.0	121.9		118.9		1380	140	0	0	1200	118	60	86	360	106	360	87
367	1080.0	135.1		133.1		1260	153	0	0	1140	131	0	0	780	115	60	97
368	1080.0	118.5		115.3		1020	132	0	0	1080	130	0	0	600	105	540	85
369	980.0	114.5		110.2		660	145	0	0	1140	119	0	0	540	105	600	81
370	1400.0	117.0		115.1		1860	129	0	0	1620	115	0	0	240	100	480	86
371	1060.0	126.2		122.6		1080	146	0	0	1500	126	0	0	180	103	420	86
372	1400.0	123.9		121.0		1560	143	0	0	1620	120	0	0	540	113	480	87
373	880.0	129.2		124.7		720	155	0	0	1020	131	0	0	420	128	480	88
374	740.0	129.8		126.9		600	157	0	0	900	130	0	0	600	109	120	96
375	1080.0	127.2		124.4		960	149	0	0	1200	129	0	0	840	111	240	88
376	800.0	131.7		128.4		960	146	0	0	720	138	0	0	420	118	300	90
377	1040.0	126.2		123.7		900	149	0	0	1200	123	0	0	840	115	180	85
378	1080.0	113.3		109.6		960	141	0	0	960	115	0	0	480	99	840	88
379	1120.0	122.3		119.3		1020	144	0	0	1380	123	60	90	540	106	360	88
380	880.0	118.7		115.1		780	142	0	0	960	122	120	90	300	108	480	88
381	1340.0	125.8		122.4		1440	148	0	0	1320	122	0	0	780	115	480	87
382	1120.0	121.8		117.8		840	149	0	0	1380	126	60	88	600	106	480	86
383	1400.0	121.2		118.6		1920	139	0	0	1260	111	60	100	720	106	240	84
384	860.0	132.1		130.0		660	156	0	0	1320	129	0	0	540	116	60	83
385	1120.0	121.4		118.3		1020	138	0	0	1320	125	0	0	480	117	540	85
386	900.0	135.0		132.1		540	167	0	0	1320	137	0	0	780	112	60	100
387	680.0	138.9		136.9		540	160	0	0	1020	137	0	0	420	124	60	87
388	1340.0	121.7		119.0		1560	140	0	0	1440	117	60	86	600	111	360	85
389	1360.0	117.2		112.8		1740	139	0	0	1020	115	180	90	240	110	900	85
390	1480.0	112.0		109.6		1620	130	0	0	1680	110	60	86	360	95	720	87
391	1320.0	115.5		112.6		1440	135	0	0	1140	115	60	92	600	106	720	87
392	1040.0	123.0		121.3		960	140	0	0	1320	121	0	0	600	114	240	89
393	1520.0	116.3		114.1		1500	133	0	0	1740	117	0	0	600	108	720	87
394	1440.0	123.5		121.3		1440	140	0	0	1620	124	0	0	840	112	420	88
395	940.0	120.9		118.8		720	139	0	0	1260	123	0	0	540	110	300	88
396	1380.0	123.7		120.8		1680	141	0	0	1500	121	0	0	480	108	480	87
397	1260.0	120.8		119.1		1020	138	0	0	1800	120	0	0	720	110	240	86
398	1320.0	126.3		124.5		1200	148	0	0	1500	120	0	0	1140	116	120	87
399	1240.0	120.7		118.4		1440	137	0	0	1200	118	120	89	600	113	360	88
400	1240.0	124.8		122.3		1200	145	0	0	1380	123	60	91	900	111	180	84
401	940.0	130.5		127.9		960	146	0	0	1260	131	0	0	300	119	300	90
402	1700.0	120.8		119.6		2220	131	0	0	1860	117	0	0	720	114	300	86
403	1060.0	130.8		127.5		1080	151	0	0	1140	134	60	109	720	108	180	87
404	1060.0	125.8		123.4		900	151	0	0	1260	123	0	0	960	108	60	89
405	1380.0	127.0		125.5		1680	141	0	0	1500	124	60	94	900	108	0	0
406	1440.0	120.4		118.7		1440	138	0	0	1740	117	0	0	960	106	180	89
407	1220.0	124.2		122.4		1140	142	0	0	1560	121	0	0	780	113	180	87
408	1020.0	129.6		128.4		1260	141	0	0	900	130	0	0	840	115	60	90
409	1160.0	133.7		131.1		1320	153	0	0	960	130	0	0	1020	120	180	89
410	1120.0	128.8		127.1		1080	145	0	0	1140	130	0	0	1020	115	120	89
411	1420.0	129.4		125.9		1920	148	0	0	1380	124	60	105	480	111	420	87
412	1320.0	125.2		123.7		1440	140	0	0	1560	122	0	0	840	111	120	87
413	940.0	137.1		134.9		900	158	0	0	1200	135	0	0	600	117	120	101
414	1200.0	126.7		125.0		1140	139	0	0	1440	131	0	0	900	110	120	84
415	1460.0	123.2		121.0		1440	142	0	0	1800	121	0	0	780	110	360	88
416	1040.0	124.0		120.3		900	150	0	0	1440	123	0	0	420	104	360	86
417	1360.0	122.2		119.4		1620	140	0	0	1440	119	0	0	600	108	420	85
418	1100.0	123.0		120.3		1140	140	0	0	1020	125	60	97	660	116	420	87
419	1300.0	124.2		122.1		1620	137	0	0	1200	126	60	90	780	109	240	87
420	940.0	129.1		125.9		960	146	0	0	1020	128	0	0	480	129	360	87
421	1220.0	123.8		122.6		1560	132	0	0	1320	126	0	0	600	107	180	92
422	1260.0	126.6		124.7		1440	140	0	0	1380	127	0	0	720	112	240	88
423	1220.0	128.1		126.0		1200	149	0	0	1260	124	0	0	1080	114	120	88
424	1400.0	126.2		124.0		1740	142	0	0	1440	124	0	0	900	105	120	84
425	1280.0	126.9		123.8		1440	150	0	0	1260	122	0	0	1020	105	120	87
426	960.0	125.6		124.5		780	139	0	0	1380	126	0	0	660	112	60	90
427	1420.0	120.7		118.4		1620	137	0	0	1680	118	60	96	480	109	420	86
428	1500.0	126.5		123.4		1800	147	0	0	1560	122	60	102	840	104	240	87
429	1100.0	130.3		126.9		1020	157	0	0	1620	126	0	0	480	104	180	88
430	1220.0	121.3		118.5		1080	143	0	0	1500	122	0	0	720	105	360	86
431	1520.0	124.0		123.2		1620	136	0	0	1680	122	60	115	1200	111	0	0
432	1140.0	128.1		126.2		1200	144	0	0	1380	126	0	0	660	115	180	87
433	1340.0	125.5		123.1		1500	143	0	0	1260	125	0	0	960	111	300	87
434	1080.0	126.8		124.6		1140	144	0	0	1440	125	0	0	480	106	180	88
435	1140.0	130.0		127.1		1320	151	0	0	1320	124	0	0	600	110	180	87
436	1500.0	119.4		117.6		1800	131	0	0	1680	119	120	93	420	115	480	88
437	1080.0	129.0		126.3		1320	151	0	0	1140	117	0	0	720	111	60	89
438	1320.0	123.0		119.6		1380	144	0	0	1500	123	0	0	540	104	540	88
439	1740.0	120.8		118.6		2040	137	0	0	1920	118	0	0	960	103	300	85
440	1420.0	120.7		119.3		1560	135	0	0	1800	116	0	0	660	111	240	89
441	1560.0	124.6		123.2		1980	137	0	0	1800	121	0	0	780	107	120	88
442	920.0	131.7		129.6		840	150	0	0	1320	130	0	0	480	115	120	88
443	1400.0	126.9		125.1		1560	142	0	0	1800	123	0	0	600	116	240	86
444	1340.0	126.7		123.7		1440	147	0	0	1740	125	0	0	780	96	60	91
445	1580.0	118.3		115.9		1740	135	0	0	1800	117	0	0	600	105	600	87
446	1260.0	120.2		119.3		1440	133	0	0	1500	114	0	0	780	111	60	89
447	1200.0	125.6		124.2		1260	143	0	0	1560	118	0	0	720	115	60	87
448	1260.0	125.7		123.1		1440	144	0	0	1200	124	60	113	840	109	240	86
449	1240.0	125.3		124.1		1380	140	0	0	1380	121	0	0	900	112	60	88
450	840.0	123.9		122.9		540	137	0	0	1080	128	0	0	840	113	60	86
451	1160.0	124.4		122.2		1080	142	0	0	1620	122	0	0	420	120	360	88
452	1300.0	128.6		126.2		1320	148	0	0	1740	125	0	0	600	113	240	87
453	1160.0	120.8		119.2		960	137	0	0	1440	123	0	0	900	106	180	91
454	1520.0	122.3		120.6		1440	139	0	0	1800	121	0	0	1080	110	240	87
455	1500.0	125.0		123.1		1680	141	0	0	1920	122	0	0	720	105	180	88
456	1200.0	127.6		125.6		1140	145	0	0	1500	127	0	0	840	111	120	85
457	1180.0	127.3		125.0		960	144	0	0	1440	131	0	0	840	116	300	88
458	1180.0	120.7		118.9		1260	136	0	0	1560	119	60	88	480	103	180	87
459	1480.0	117.9		116.1		1680	132	0	0	1680	115	60	89	600	111	420	87
460	1300.0	132.5		131.3		1620	143	0	0	1260	133	0	0	960	117	60	86
461	1100.0	128.7		125.4		1140	150	0	0	1380	126	0	0	360	118	420	89
462	1280.0	123.0		120.8		1020	145	0	0	1740	123	0	0	960	104	120	87
463	1320.0	121.5		120.0		1260	137	0	0	1800	120	0	0	660	108	240	89
464	1180.0	128.7		128.1		1440	139	0	0	1320	125	0	0	780	116	0	0
465	1420.0	123.3		121.8		1500	137	0	0	1740	122	0	0	720	112	300	90
466	1220.0	120.7		119.6		1500	131	0	0	1260	120	0	0	780	107	120	88
467	1240.0	122.0		120.7		960	140	0	0	1620	122	0	0	1080	108	60	89
468	1360.0	121.9		120.1		1500	137	0	0	1260	124	60	96	1260	103	0	0
469	1480.0	120.7		118.7		1500	135	0	0	1980	120	0	0	480	114	480	86
470	1320.0	123.3		121.8		1200	142	0	0	1740	118	0	0	840	115	180	89
471	1280.0	119.5		117.7		1320	132	0	0	1560	122	0	0	660	104	300	86
472	1440.0	112.8		111.0		1560	128	0	0	1740	110	60	92	660	100	300	82
473	1080.0	126.2		124.4		1200	144	0	0	1320	120	0	0	660	110	60	84
474	1540.0	113.1		111.8		1680	126	0	0	1920	110	0	0	720	103	300	85
475	1360.0	119.4		117.9		1980	131	0	0	1080	115	60	92	780	105	180	89
476	1320.0	115.8		114.0		1380	131	0	0	1740	114	0	0	480	100	360	87
477	1440.0	126.2		125.1		1680	134	0	0	1740	129	0	0	720	110	180	92
478	1340.0	116.0		114.5		1320	131	0	0	1500	116	60	99	780	104	360	90
479	1080.0	111.7		110.2		840	131	0	0	1200	112	60	108	900	100	240	88
480	1260.0	123.2		122.1		1560	131	0	0	1380	125	0	0	720	109	120	86
481	1260.0	118.2		116.9		1320	130	0	0	1560	119	0	0	720	103	180	86
482	1080.0	116.1		114.7		1320	125	0	0	1260	116	0	0	300	114	360	86
483	1380.0	120.3		118.5		1560	133	0	0	1560	120	0	0	660	109	360	87
484	1360.0	117.0		115.3		1320	132	0	0	1620	118	0	0	780	103	360	88
485	1180.0	120.9		118.7		1080	136	0	0	1500	125	0	0	780	100	180	86
486	1400.0	114.3		112.7		1560	130	0	0	1500	110	120	89	780	104	240	86
487	1460.0	110.9		109.0		1620	126	0	0	1800	107	0	0	360	107	600	84
488	1260.0	122.7		121.2		1380	136	0	0	1500	122	0	0	660	109	240	89
489	1480.0	121.4		119.9		1800	136	0	0	1680	116	0	0	780	107	180	89
490	1500.0	122.7		121.0		1680	138	0	0	1440	121	60	103	1140	109	180	87
491	980.0	121.8		120.6		660	135	0	0	1200	125	60	102	840	115	180	90
492	1340.0	120.2		119.5		1620	129	0	0	1620	118	0	0	720	108	60	87
493	1400.0	121.3		118.7		1980	136	0	0	1380	117	0	0	360	101	480	88
494	1320.0	117.3		116.1		1380	128	0	0	1560	120	0	0	900	100	120	90
495	1460.0	117.2		115.4		1620	131	0	0	1800	117	0	0	600	99	360	87
496	1000.0	117.4		115.5		1080	133	0	0	1380	114	0	0	180	106	360	89
497	1320.0	123.0		121.3		1500	137	0	0	1680	121	0	0	600	104	180	88
498	1260.0	121.2		119.3		1380	136	0	0	1500	120	0	0	600	106	300	89
499	1240.0	124.3		123.2		1440	134	0	0	1440	122	0	0	720	116	120	84
500	1260.0	123.3		121.8		1320	134	0	0	1320	128	0	0	960	109	180	87
501	960.0	124.5		122.7		960	139	0	0	1140	125	0	0	660	110	120	83
502	1000.0	122.7		120.1		1200	142	0	0	1080	117	0	0	540	103	180	88
503	1160.0	121.4		118.8		1260	137	0	0	1560	122	0	0	360	93	300	87
504	1180.0	121.4		119.7		1020	141	0	0	1500	117	0	0	840	113	180	86
505	1440.0	112.2		111.0		1980	122	0	0	1500	110	0	0	540	97	300	86
506	1380.0	114.0		113.1		1560	124	0	0	1560	113	0	0	780	104	240	88
507	1100.0	115.8		114.4		1080	130	0	0	1380	113	0	0	600	108	240	87
508	1400.0	120.1		118.6		1560	131	0	0	1560	120	60	92	840	111	180	79
509	1320.0	119.1		118.0		1560	131	0	0	1440	117	0	0	840	105	120	89
510	1100.0	118.1		116.9		1260	131	0	0	1140	116	0	0	720	105	180	94
511	1400.0	116.6		114.0		1560	132	0	0	1800	117	60	101	420	89	360	83
512	1140.0	116.2		114.3		1140	134	0	0	1500	114	0	0	540	97	240	89
513	1180.0	124.5		122.1		1260	145	0	0	1320	120	0	0	840	106	120	87
514	1300.0	119.2		118.0		1680	131	0	0	1380	116	0	0	780	102	60	87
515	1380.0	120.2		118.8		1680	132	0	0	1620	117	0	0	600	110	240	85
516	1200.0	119.8		117.2		1380	137	0	0	1440	118	0	0	480	96	300	87
517	1300.0	116.1		114.9		1620	124	0	0	1560	118	0	0	540	96	180	89
518	1400.0	120.7		118.7		1500	138	0	0	1740	118	0	0	720	103	240	86
519	1280.0	118.0		116.8		1260	131	0	0	1560	117	0	0	780	108	240	89
520	1260.0	118.8		116.9		1500	134	0	0	1380	115	0	0	600	106	300	86
521	1220.0	117.5		116.0		1200	133	0	0	1440	115	60	88	780	108	180	86
522	1340.0	119.4		117.4		1800	133	0	0	1260	115	120	98	540	108	300	85
523	1140.0	114.0		112.3		1380	127	0	0	1320	112	0	0	480	96	240	86
524	1520.0	117.1		115.4		1980	129	0	0	1620	115	0	0	660	101	300	85
525	1260.0	115.5		114.1		1500	129	0	0	1380	112	60	109	600	102	240	87
526	1140.0	116.0		114.3		1020	134	0	0	1320	116	0	0	1020	100	60	83
527	1080.0	118.1		116.7		960	131	0	0	1680	118	0	0	360	106	240	86
528	1360.0	119.3		117.9		1500	132	0	0	1620	117	0	0	720	110	240	84
529	1180.0	112.2		110.0		1020	126	0	0	1380	119	60	114	540	96	540	85
530	1280.0	115.3		113.7		1380	128	0	0	1500	116	0	0	600	102	360	86
531	1440.0	117.3		116.1		1740	129	0	0	1620	114	0	0	720	106	240	88
532	1040.0	114.4		113.1		900	131	0	0	1380	113	0	0	780	100	60	86
533	1000.0	113.0		110.8		1080	134	0	0	960	104	120	96	720	101	120	85
534	1180.0	113.3		112.4		1260	124	0	0	1260	112	0	0	780	106	240	88
535	1040.0	116.4		114.3		1020	132	0	0	1080	119	0	0	720	104	300	84
536	1380.0	116.1		115.0		1380	127	0	0	1800	115	0	0	660	110	300	86
537	1120.0	114.9		114.0		1260	125	0	0	1320	114	0	0	660	103	120	85
538	980.0	118.2		114.8		1200	137	0	0	1020	117	0	0	360	90	360	87
539	1100.0	118.1		116.4		1020	132	0	0	1440	118	0	0	480	112	360	87
540	1120.0	120.7		118.5		1200	137	0	0	1320	121	0	0	540	101	300	90
541	1140.0	117.8		115.2		1200	135	0	0	1140	118	60	86	720	107	300	81
542	1040.0	117.9		116.8		1380	129	0	0	1080	114	60	99	540	103	60	86
543	1080.0	114.6		113.2		1440	124	0	0	900	116	60	90	540	105	300	87
544	1000.0	115.0		112.0		840	137	0	0	1080	116	120	87	720	105	240	77
545	1160.0	117.5		115.0		1320	135	0	0	1260	115	0	0	540	102	360	85
546	1220.0	112.0		110.7		1260	125	0	0	1560	110	0	0	480	104	360	86
547	1120.0	111.5		110.0		1260	126	0	0	1140	108	60	90	660	101	240	86
548	1080.0	122.4		120.4		1440	138	0	0	1080	116	0	0	600	104	120	86
549	1080.0	114.1		111.1		780	139	0	0	1320	118	0	0	1020	94	120	79
550	1260.0	102.6		101.2		1260	116	0	0	1020	106	0	0	1140	91	360	83
551	1120.0	117.4		116.4		1440	127	0	0	1260	116	0	0	600	101	60	82
552	1100.0	113.9		111.8		1200	130	0	0	1200	112	60	89	600	101	240	81
553	1120.0	112.5		110.9		1560	125	0	0	1020	108	120	98	420	97	240	85
554	1240.0	105.7		104.7		1440	115	0	0	1440	105	0	0	360	99	480	85
555	1180.0	105.7		104.4		1140	120	0	0	1380	105	0	0	780	93	240	83
556	1260.0	105.6		104.3		1380	119	0	0	1320	104	60	94	600	94	420	85
557	940.0	108.4		107.6		1020	117	0	0	1140	109	0	0	480	97	180	86
558	1460.0	99.4		98.2		2100	110	0	0	1260	94	60	90	420	88	540	81
559	940.0	105.4		104.5		960	115	0	0	900	108	60	88	660	96	240	87
560	1080.0	110.9		109.7		1140	125	0	0	1140	107	0	0	780	102	180	85
561	960.0	106.9		105.9		900	117	0	0	1320	106	0	0	360	105	300	83
562	1100.0	101.1		100.2		1140	112	0	0	1080	100	60	87	720	94	300	83
563	1100.0	103.1		102.5		1260	111	0	0	1080	102	0	0	780	96	180	85
564	1160.0	102.5		101.8		1080	112	0	0	1380	103	0	0	720	95	300	84
565	1200.0	95.1		94.1		1260	105	0	0	1380	95	60	90	540	87	360	74
566	1180.0	99.9		99.7		1500	103	0	0	1080	99	60	88	720	99	180	87
567	1020.0	103.5		102.6		1080	114	0	0	780	106	120	96	780	94	300	87
568	1060.0	107.4		105.9		1020	123	0	0	1200	107	60	86	780	93	120	83
569	960.0	109.4		108.3		900	121	0	0	1200	110	60	107	600	97	120	80
570	1120.0	103.5		102.0		960	120	0	0	1380	104	0	0	720	88	300	86
571	1000.0	102.8		101.9		1200	112	0	0	1080	102	0	0	480	90	240	86
572	880.0	106.6		105.3		780	121	0	0	1200	106	0	0	540	92	120	84
573	980.0	104.3		103.6		1020	113	0	0	1260	103	0	0	360	100	300	85
574	1280.0	101.6		101.0		1560	110	0	0	1500	99	0	0	540	91	240	87
575	1240.0	104.7		103.9		1260	114	0	0	1380	106	60	90	840	94	180	84
576	1160.0	104.1		102.5		1560	117	0	0	1080	100	60	90	420	88	360	82
577	940.0	113.0		111.8		1200	124	0	0	1080	108	0	0	360	106	180	84
578	1000.0	110.2		108.8		960	122	0	0	960	116	0	0	720	98	360	88
579	1020.0	112.5		111.4		1260	123	0	0	1140	111	0	0	600	96	60	85
580	1220.0	107.4		106.4		1380	116	0	0	1380	109	0	0	660	94	240	85
581	1040.0	109.3		108.1		1080	123	0	0	1200	104	60	99	480	107	300	87
582	1060.0	112.8		111.2		1500	124	0	0	1080	110	0	0	300	94	300	86
583	1060.0	112.9		111.5		960	126	0	0	1080	117	0	0	960	100	180	87
584	1020.0	117.4		116.1		1500	129	0	0	1080	110	0	0	360	101	120	89
585	1140.0	113.9		112.1		1440	127	0	0	1020	114	0	0	720	96	240	88
586	1000.0	109.6		109.1		1080	115	0	0	1140	112	0	0	540	102	240	91
587	960.0	112.2		110.8		1260	125	0	0	1020	106	0	0	420	100	180	86
588	980.0	105.3		103.2		1080	121	0	0	900	107	0	0	420	86	540	86
589	1020.0	111.2		110.0		1380	119	0	0	1080	112	0	0	180	106	420	86
590	1240.0	110.3		108.1		1740	123	0	0	1020	111	60	91	540	88	360	84
591	840.0	112.1		111.2		1020	118	0	0	1020	113	0	0	240	109	240	86
592	1100.0	115.1		113.8		1740	124	0	0	960	110	0	0	480	102	120	78
593	1280.0	111.2		109.6		1560	126	0	0	1500	106	60	100	480	93	240	87
594	1020.0	116.9		115.4		1260	127	0	0	1200	118	0	0	360	98	240	87
595	1180.0	108.4		107.4		1500	119	60	109	1200	103	0	0	420	103	360	88
596	1060.0	116.1		115.2		1620	126	0	0	840	108	120	102	540	105	60	91
597	1200.0	108.1		107.0		1560	118	0	0	1140	107	60	87	600	96	240	85
598	800.0	108.3		105.5		840	127	0	0	840	109	0	0	120	94	600	84
599	1000.0	105.5		103.8		1260	118	0	0	1140	103	0	0	300	80	300	88
600	980.0	115.2		114.1		1260	126	0	0	1020	111	60	103	420	106	180	89
601	980.0	122.2		120.5		1380	133	0	0	960	122	0	0	540	99	60	86
602	920.0	119.5		117.3		1140	134	0	0	900	120	0	0	480	100	240	88
603	1140.0	122.6		121.0		1560	136	0	0	960	119	0	0	840	104	60	92
604	780.0	125.3		123.6		600	142	0	0	1140	127	0	0	540	108	60	83
605	840.0	117.1		114.3		840	137	0	0	900	119	0	0	540	96	240	88
606	680.0	121.9		118.4		600	147	0	0	660	127	0	0	480	103	300	91
607	840.0	114.1		110.7		720	140	0	0	960	115	0	0	420	97	420	85
608	1000.0	117.2		115.1		960	138	0	0	1320	113	0	0	480	102	240	88
609	1240.0	114.7		113.4		1320	125	0	0	1560	116	0	0	600	100	240	86
610	1200.0	118.5		116.1		1320	137	0	0	1260	116	0	0	720	102	300	87
611	820.0	118.6		117.1		900	130	0	0	780	123	0	0	660	103	120	90
612	1140.0	113.5		111.1		1320	131	0	0	1320	110	60	92	480	93	240	83
613	1320.0	114.8		112.6		1620	129	0	0	1560	113	0	0	420	96	360	81
614	1020.0	111.8		109.8		840	131	0	0	1440	111	0	0	420	100	360	84
615	780.0	112.5		110.2		780	128	0	0	720	118	0	0	540	98	300	85
616	1060.0	121.0		119.5		1020	132	0	0	1380	123	0	0	480	112	300	89
617	820.0	130.9		128.5		960	144	0	0	1020	128	0	0	300	127	180	84
618	840.0	120.2		116.8		660	147	0	0	1200	120	0	0	300	102	360	87
619	960.0	113.5		111.8		1020	128	0	0	1200	112	60	90	300	99	300	89
620	1120.0	110.9		107.8		1080	132	0	0	1200	112	60	114	480	88	540	86
621	1180.0	113.3		110.6		960	137	0	0	1620	112	60	88	420	100	480	85
622	1240.0	117.2		115.3		1440	132	0	0	1380	116	0	0	480	101	420	89
623	1060.0	121.7		119.7		1500	129	0	0	960	129	120	99	360	103	240	86
624	1140.0	112.9		110.9		1140	129	0	0	1320	113	0	0	420	102	540	87
625	1040.0	110.4		108.8		1020	126	0	0	1140	109	0	0	720	100	240	82
626	1280.0	116.2		114.5		1920	127	0	0	1380	112	0	0	120	99	420	86
627	960.0	114.9		113.1		1080	125	0	0	1140	116	60	114	300	108	300	81
628	860.0	118.8		116.7		1080	132	0	0	780	121	0	0	420	103	300	88
629	1020.0	115.1		113.2		780	135	0	0	1500	115	60	98	540	99	180	84
630	1040.0	118.9		117.7		1260	131	0	0	1080	115	0	0	660	108	120	87
631	900.0	124.5		121.2		900	145	0	0	840	130	60	117	660	103	240	89
632	1040.0	117.1		114.7		720	143	0	0	1200	117	0	0	840	108	360	87
633	1180.0	117.7		116.4		1380	130	0	0	1320	117	60	94	660	101	120	89
634	1000.0	117.4		115.4		1020	134	0	0	1200	117	60	103	420	99	300	91
635	1020.0	109.2		107.3		1200	121	0	0	1020	113	0	0	300	93	540	85
636	1360.0	108.7		106.4		1560	123	0	0	1380	111	120	91	600	87	420	84
637	1140.0	108.3		106.4		1320	124	0	0	1140	105	0	0	480	95	480	86
638	880.0	118.0		115.1		1080	136	0	0	900	116	0	0	300	90	360	92
639	840.0	115.5		112.4		840	135	0	0	1020	115	60	90	240	106	360	82
640	1380.0	115.6		113.2		1140	136	0	0	1920	116	0	0	600	99	480	86
641	820.0	111.0		109.2		720	126	0	0	780	114	240	94	420	109	300	84
642	880.0	115.4		112.4		600	144	0	0	1020	117	0	0	660	103	360	86
643	880.0	110.8		109.2		600	134	0	0	1020	108	0	0	840	103	180	86
644	1280.0	109.1		107.6		1260	124	0	0	1500	107	0	0	780	100	300	81
645	740.0	117.4		114.3		660	141	0	0	960	116	0	0	300	102	300	85
646	1020.0	114.4		111.8		1080	132	0	0	1080	116	60	93	480	95	360	86
647	1020.0	117.4		115.1		720	142	0	0	1260	118	0	0	780	105	300	88
648	1020.0	112.8		111.2		1020	127	0	0	1140	115	60	88	420	97	420	92
649	1320.0	106.9		105.2		1380	122	0	0	1440	106	120	90	480	96	540	84
650	1200.0	114.0		113.0		1680	123	0	0	1200	110	0	0	480	106	240	87
651	1140.0	113.9		112.7		1200	126	0	0	1380	114	0	0	660	98	180	91
652	1060.0	111.8		108.7		960	134	0	0	1200	114	60	87	540	91	420	85
653	1160.0	113.6		111.5		1080	132	0	0	1500	113	120	88	540	97	240	85
654	1360.0	110.0		109.4		1680	118	0	0	1500	104	0	0	720	109	180	89
655	660.0	119.1		117.3		420	137	0	0	1200	120	0	0	180	103	180	87
656	960.0	107.8		105.8		1200	120	0	0	600	113	300	87	480	100	300	82
657	980.0	110.3		108.2		1080	126	0	0	840	112	120	104	180	102	720	88
658	1340.0	114.7		113.6		1680	125	0	0	1260	111	0	0	720	110	360	89
659	840.0	110.0		108.5		660	125	0	0	1020	114	0	0	600	94	240	92
660	1240.0	104.7		102.3		1680	118	0	0	840	107	60	100	360	92	780	80
661	1000.0	112.0		109.3		1020	130	0	0	1200	111	60	113	240	100	480	82
662	1140.0	109.9		108.5		1620	118	0	0	1140	109	0	0	240	106	420	83
663	980.0	111.0		109.2		1020	126	0	0	1020	112	60	101	480	98	360	85
664	1060.0	109.0		108.0		1140	120	0	0	1320	108	0	0	360	99	360	88
665	780.0	110.6		108.0		720	128	0	0	840	116	0	0	360	92	420	86
666	1220.0	111.5		109.9		1560	123	0	0	1320	111	60	88	180	94	540	88
667	1220.0	115.7		113.7		1740	128	0	0	1080	114	0	0	360	98	480	88
668	1040.0	115.8		113.9		1320	129	0	0	1080	115	60	86	540	95	120	87
669	800.0	124.3		120.0		840	148	0	0	900	125	0	0	240	102	420	88
670	1340.0	107.2		105.9		1200	120	0	0	1980	107	0	0	480	94	360	83
671	860.0	118.5		115.9		1080	132	0	0	960	120	0	0	360	91	180	85
672	1040.0	117.4		115.3		1020	132	0	0	1320	117	120	87	420	112	240	82
673	1180.0	119.4		117.2		1380	136	0	0	1440	116	0	0	300	99	420	91
674	940.0	114.2		112.5		780	135	0	0	1320	111	0	0	480	102	240	89
675	1020.0	117.6		116.1		780	136	0	0	1620	116	0	0	480	104	180	88
676	980.0	109.3		107.7		1380	118	0	0	900	112	60	87	180	96	420	84
677	1000.0	117.3		116.7		840	128	0	0	1380	117	0	0	660	109	120	92
678	1040.0	113.5		111.4		1200	129	0	0	1080	111	180	94	300	106	360	85
679	900.0	112.5		110.7		1140	125	0	0	900	113	60	94	0	0	600	90
680	1020.0	114.9		112.5		1320	129	0	0	720	120	120	99	600	95	300	87
681	800.0	120.4		117.7		900	137	0	0	1020	119	0	0	300	98	180	82
682	1160.0	117.3		115.2		1500	132	0	0	1200	113	60	111	480	100	240	83
683	1200.0	113.2		110.9		1440	127	0	0	1320	113	0	0	300	102	540	83
684	1060.0	121.2		118.1		1500	136	0	0	960	121	0	0	240	98	480	87
685	1080.0	120.9		118.5		1200	138	0	0	1320	118	0	0	420	105	300	87
686	920.0	115.4		112.0		900	139	0	0	1080	115	0	0	240	93	540	87
687	1020.0	117.3		114.6		960	137	0	0	1200	118	0	0	420	105	480	87
688	940.0	115.0		112.2		1020	131	0	0	960	120	120	93	300	93	420	87
689	760.0	129.1		124.4		780	155	0	0	840	130	0	0	360	105	300	88
690	840.0	126.1		122.3		960	146	0	0	660	131	0	0	600	109	300	86
691	960.0	121.0		118.3		1140	138	0	0	1020	120	0	0	360	102	360	89
692	1000.0	109.9		107.8		1200	122	0	0	900	115	120	91	420	92	360	84
693	1060.0	117.4		115.7		1560	128	0	0	900	114	0	0	300	112	420	89
694	920.0	116.8		113.0		780	145	0	0	1140	117	0	0	360	95	480	87
695	920.0	119.4		117.1		1020	134	0	0	1140	120	120	101	240	98	240	85
696	820.0	115.5		113.2		960	131	0	0	900	115	0	0	300	96	300	87
697	1000.0	115.5		112.7		1080	136	0	0	1260	112	60	89	240	90	360	88
698	1180.0	113.4		111.1		1140	131	0	0	1260	116	60	90	600	99	480	86
699	1300.0	109.0		107.2		1440	125	0	0	1320	106	0	0	600	97	540	87
700	1420.0	110.0		107.9		1740	125	0	0	1380	108	120	97	600	91	420	85
701	1100.0	123.2		120.3		1320	142	0	0	1260	118	60	78	480	106	180	83
702	1140.0	110.8		107.6		960	135	0	0	1200	114	60	92	540	93	660	86
703	1040.0	112.3		108.6		960	140	0	0	1200	109	60	100	360	92	540	85
704	1220.0	110.2		109.2		1380	123	0	0	1380	106	120	102	600	99	180	88
705	1140.0	105.7		103.8		1260	119	0	0	1020	108	180	85	420	98	540	83
706	1040.0	114.0		112.7		1200	127	0	0	1200	110	60	102	360	106	300	90
707	1360.0	113.3		111.2		1740	128	0	0	1440	109	60	104	240	100	600	87
708	1300.0	120.2		118.0		1680	131	0	0	1440	121	60	87	240	114	480	87
709	1060.0	124.3		120.8		1260	145	0	0	1020	122	0	0	540	105	360	87
710	1140.0	115.0		111.3		1440	134	0	0	840	116	180	87	420	101	540	83
711	1340.0	109.1		107.2		1500	121	0	0	1380	113	120	89	780	91	240	81
712	1360.0	115.1		112.2		1500	135	0	0	1260	115	60	102	720	96	540	87
713	1120.0	118.9		115.6		1380	139	0	0	1080	114	120	103	300	101	480	87
714	980.0	108.4		106.3		1020	125	0	0	780	111	120	96	480	97	540	86
715	740.0	113.9		110.4		420	143	0	0	1020	120	0	0	180	101	600	87
716	1080.0	121.3		117.1		1080	146	0	0	1200	123	0	0	600	94	360	87
717	840.0	131.5		128.5		840	149	0	0	960	136	0	0	540	110	180	90
718	940.0	120.7		116.5		840	151	0	0	1260	117	0	0	420	95	300	87
719	760.0	129.8		126.1		540	153	0	0	1020	135	0	0	420	117	300	88
720	860.0	123.7		120.9		480	153	0	0	1080	126	0	0	720	115	300	89
721	580.0	133.6		128.9		420	164	0	0	780	136	0	0	300	121	240	88
722	700.0	122.7		118.7		540	147	0	0	900	129	60	93	360	100	240	86
723	760.0	118.4		115.2		360	154	0	0	1140	122	0	0	540	101	240	87
724	580.0	117.1		113.5		360	145	0	0	720	124	60	92	300	102	300	87
725	900.0	126.4		124.0		720	152	0	0	1260	123	60	91	540	112	120	92
726	800.0	117.0		113.8		540	145	0	0	1020	121	0	0	360	100	480	90
727	720.0	131.2		127.0		720	153	0	0	960	133	0	0	180	103	300	90
728	760.0	128.0		123.6		600	151	0	0	900	137	0	0	420	110	360	88
729	680.0	126.8		124.6		360	152	0	0	1020	130	0	0	540	112	120	90
730	720.0	125.9		122.4		660	150	0	0	900	127	0	0	420	102	180	88
731	780.0	122.0		119.1		540	149	0	0	1080	123	0	0	480	107	240	87
732	780.0	119.4		115.3		720	146	0	0	900	121	0	0	420	93	300	88
733	920.0	124.9		119.9		780	159	0	0	1020	124	60	86	600	106	300	85
734	700.0	120.3		118.2		420	133	0	0	1020	129	0	0	540	102	120	85
735	840.0	114.2		111.0		600	141	0	0	1200	115	120	90	360	97	240	81
736	820.0	133.9		128.5		1020	158	0	0	960	128	0	0	120	120	360	86
737	780.0	120.7		117.7		480	147	0	0	1080	126	0	0	540	101	240	89
738	840.0	128.2		124.3		480	166	0	0	1200	131	0	0	660	106	180	90
739	680.0	120.4		115.2		540	151	0	0	780	126	0	0	300	100	420	85
740	780.0	129.9		126.4		600	161	0	0	900	130	0	0	720	111	120	87
741	900.0	129.5		127.0		1080	145	0	0	960	126	60	89	480	119	120	81
742	740.0	124.9		122.8		360	146	0	0	1200	128	0	0	480	116	180	86
743	600.0	132.4		129.0		360	162	0	0	960	134	0	0	300	118	180	89
744	800.0	125.4		122.6		600	149	0	0	960	128	0	0	600	112	240	89
745	640.0	130.5		127.9		480	158	0	0	600	134	0	0	780	114	60	91
746	760.0	124.4		120.7		600	156	0	0	1020	121	0	0	420	109	240	87
747	700.0	122.8		118.0		420	164	0	0	900	126	0	0	360	105	420	90
748	860.0	124.4		120.4		660	161	0	0	1080	121	0	0	720	102	120	89
749	720.0	123.5		121.1		420	150	0	0	1080	124	60	112	420	113	180	87
750	900.0	123.0		119.9		600	155	0	0	1320	122	0	0	660	102	120	89
751	620.0	123.1		120.1		480	152	0	0	960	120	0	0	300	99	120	92
752	780.0	124.2		121.3		780	144	0	0	960	124	120	107	180	110	300	89
753	860.0	127.2		124.0		840	146	0	0	1200	129	0	0	300	98	240	89
754	820.0	126.4		122.7		780	154	0	0	780	126	0	0	720	106	180	90
755	780.0	123.9		119.6		540	153	0	0	960	131	60	111	360	103	420	90
756	620.0	135.8		133.1		600	152	0	0	720	141	0	0	360	119	180	95
757	700.0	133.8		130.3		720	159	0	0	780	131	0	0	420	113	180	94
758	980.0	126.8		123.1		900	152	0	0	1200	126	0	0	540	109	300	86
759	840.0	120.5		117.4		480	148	0	0	1140	126	60	93	600	104	240	87
760	720.0	124.8		120.3		660	152	0	0	960	122	60	100	180	118	300	83
761	800.0	125.0		121.1		480	153	0	0	1200	131	0	0	420	103	300	87
762	860.0	121.1		118.3		1080	139	0	0	960	117	180	96	60	90	300	91
763	700.0	119.4		116.9		720	141	0	0	840	114	0	0	360	104	180	89
764	660.0	124.4		121.6		480	147	0	0	1080	126	0	0	300	95	120	93
765	900.0	109.7		107.5		900	125	0	0	840	114	60	87	480	99	420	84
766	980.0	120.9		116.5		900	148	0	0	1080	123	0	0	420	101	540	87
767	1100.0	125.0		122.6		1200	141	0	0	1140	126	0	0	660	111	300	88
768	840.0	128.6		124.3		720	161	0	0	1020	127	60	110	360	106	360	94
769	800.0	124.6		122.3		780	141	0	0	1080	125	120	102	240	109	180	87
770	940.0	129.1		126.2		840	155	0	0	1200	126	0	0	540	112	240	93
771	720.0	129.0		127.0		660	137	0	0	1080	133	0	0	180	126	240	91
772	880.0	117.3		113.5		780	142	0	0	900	123	120	95	660	93	180	86
773	580.0	128.3		125.8		480	148	0	0	840	128	0	0	300	115	120	85
774	860.0	124.5		121.2		660	146	0	0	1080	130	0	0	480	110	360	88
775	940.0	126.9		123.6		840	151	0	0	1200	127	0	0	600	105	180	86
776	760.0	123.3		119.3		900	139	0	0	720	131	0	0	180	111	480	87
777	680.0	121.9		118.2		420	157	0	0	840	124	0	0	540	107	240	87
778	880.0	129.8		127.1		780	148	0	0	1080	134	0	0	540	113	240	90
779	1000.0	120.7		117.4		1080	142	0	0	720	124	120	98	780	105	300	86
780	860.0	126.6		124.1		780	150	0	0	1080	124	0	0	600	108	120	91
781	820.0	115.8		113.8		480	134	0	0	1380	119	0	0	240	104	360	87
782	820.0	122.3		118.6		720	150	0	0	1020	120	60	86	360	109	300	87
783	900.0	126.8		124.1		960	149	0	0	900	124	0	0	600	108	240	96
784	840.0	133.0		129.1		840	159	0	0	1020	127	0	0	420	121	240	88
785	760.0	117.1		115.6		540	134	0	0	1080	118	60	104	360	110	240	89
786	1080.0	130.4		126.4		1320	152	0	0	1080	123	0	0	360	127	480	90
787	740.0	135.4		130.9		600	170	0	0	1020	133	0	0	420	111	180	91
788	700.0	118.0		115.2		420	140	0	0	900	126	120	107	420	99	240	88
789	940.0	113.8		113.3		900	121	0	0	1320	115	120	105	420	99	60	101
790	1120.0	118.8		115.9		960	140	0	0	1500	121	0	0	420	98	480	88
791	780.0	125.5		123.1		420	157	0	0	1200	125	0	0	600	112	120	87
792	980.0	121.6		117.9		840	147	0	0	1320	123	0	0	480	95	300	87
793	1000.0	124.2		119.8		960	149	0	0	1260	121	120	88	360	119	300	79
794	920.0	126.8		122.6		960	152	0	0	1260	123	0	0	120	102	420	88
795	740.0	121.4		117.2		720	138	0	0	720	133	120	89	300	110	360	85
796	820.0	123.4		120.0		780	145	0	0	900	128	0	0	540	99	240	91
797	1160.0	126.4		122.1		1080	156	0	0	1500	122	0	0	540	108	360	84
798	1000.0	126.8		122.9		1380	147	0	0	960	119	0	0	360	104	300	86
799	760.0	121.4		117.8		480	145	0	0	1020	130	60	105	480	100	240	85
800	820.0	131.3		128.4		720	150	0	0	1140	134	0	0	420	111	180	87
801	880.0	120.2		117.3		540	149	0	0	1320	121	0	0	480	107	300	86
802	1020.0	122.8		119.9		1020	149	0	0	1260	115	60	104	540	103	180	95
803	860.0	129.3		125.5		780	157	0	0	960	130	0	0	660	106	180	91
804	900.0	126.5		122.6		1020	148	0	0	1020	126	0	0	420	98	240	87
805	800.0	124.1		119.3		660	154	0	0	1020	126	0	0	420	102	300	83
806	1000.0	115.7		112.5		1080	134	0	0	1080	118	60	89	300	94	480	86
807	800.0	132.6		127.9		840	162	0	0	1020	125	0	0	300	113	240	87
808	1000.0	121.5		118.8		840	143	0	0	1440	122	0	0	300	103	420	90
809	760.0	122.0		119.1		840	142	0	0	960	119	0	0	360	95	120	87
810	920.0	113.4		110.8		660	140	0	0	1140	113	0	0	480	102	480	89
811	1060.0	114.5		113.3		1140	125	0	0	1320	116	0	0	540	98	180	87
812	720.0	120.0		116.6		600	142	0	0	960	123	60	114	240	97	300	86
813	760.0	121.6		118.7		780	137	0	0	960	126	0	0	300	93	240	90
814	880.0	120.3		118.0		840	135	0	0	1080	124	60	90	420	104	240	88
815	860.0	114.9		113.0		720	134	0	0	1080	115	0	0	480	103	300	88
816	840.0	119.9		117.5		900	137	0	0	840	121	120	98	480	105	180	84
817	920.0	115.3		112.1		960	136	0	0	1080	115	0	0	240	93	480	86
818	740.0	116.2		114.2		420	142	0	0	1140	116	0	0	480	106	180	85
819	1020.0	118.4		117.0		960	132	0	0	1200	119	0	0	660	108	240	89
820	880.0	118.4		115.9		780	136	0	0	1200	121	0	0	240	100	420	89
821	1000.0	123.3		119.3		1200	148	0	0	960	115	60	90	480	105	300	87
822	880.0	119.0		115.9		1020	136	0	0	960	119	120	89	120	116	420	87
823	1060.0	120.9		118.4		900	144	0	0	1440	119	0	0	540	106	300	88
824	1040.0	114.9		111.9		1020	134	0	0	1200	118	60	89	180	93	660	88
825	1000.0	117.2		113.9		1080	141	0	0	840	113	120	97	540	104	420	87
826	840.0	121.5		117.8		900	142	0	0	960	122	0	0	300	102	360	85
827	900.0	119.5		115.4		300	149	0	0	1440	131	0	0	480	101	480	85
828	960.0	125.1		120.5		1080	150	0	0	1080	122	0	0	420	99	300	83
829	860.0	129.4		125.5		720	155	0	0	1260	130	0	0	300	108	300	87
830	1120.0	121.5		117.5		1200	146	0	0	1020	122	0	0	600	102	540	88
831	800.0	128.0		124.6		720	150	0	0	1020	129	120	95	300	117	240	88
832	840.0	121.0		118.3		480	149	0	0	1320	122	0	0	420	110	300	87
833	640.0	129.8		123.6		480	165	0	0	840	131	0	0	180	130	420	87
834	840.0	125.3		122.6		780	148	0	0	1080	123	0	0	540	106	120	85
835	840.0	132.8		130.2		600	156	0	0	1140	136	0	0	660	114	120	90
836	780.0	126.2		122.5		540	159	0	0	1140	125	0	0	360	112	300	89
837	940.0	114.3		110.8		840	139	0	0	960	117	120	82	540	95	360	89
838	680.0	125.2		122.7		540	143	0	0	960	125	60	91	300	124	180	86
839	760.0	107.1		105.5		480	126	0	0	960	109	0	0	420	102	420	86
840	840.0	115.0		112.3		720	133	0	0	1020	119	60	109	300	101	420	85
841	840.0	105.8		104.6		840	119	0	0	1260	103	0	0	120	97	300	84
842	900.0	103.2		101.8		840	116	0	0	960	106	60	87	420	95	420	82
843	940.0	100.4		99.3		840	112	0	0	1020	103	60	90	420	91	480	84
844	1120.0	96.8		96.1		780	106	0	0	1500	99	60	87	600	93	420	79
845	760.0	102.4		101.6		660	113	0	0	960	103	0	0	240	100	420	86
846	860.0	95.9		95.1		780	108	0	0	1020	94	0	0	420	90	360	82
847	880.0	102.7		100.1		780	123	0	0	780	107	240	89	600	84	240	83
848	1100.0	95.2		94.3		1080	107	0	0	1440	93	240	80	420	83	120	88
849	1040.0	90.3		89.1		1140	103	0	0	840	89	60	81	540	78	540	79
850	900.0	86.0		85.6		780	94	0	0	1080	86	60	88	480	78	300	78
851	1080.0	93.7		91.8		900	110	0	0	1200	97	60	83	660	76	420	79
852	900.0	89.8		89.4		780	97	0	0	960	92	180	87	660	81	120	79
853	860.0	92.8		91.8		300	105	0	0	1500	97	0	0	540	83	240	73
854	980.0	88.7		87.5		1140	99	0	0	1020	88	120	74	420	77	240	70
855	1160.0	89.6		87.6		780	103	0	0	1140	100	60	81	720	75	780	75
856	1120.0	96.6		95.6		900	108	0	0	1740	97	0	0	240	86	480	79
857	980.0	99.6		97.7		840	120	0	0	1260	96	120	83	300	87	420	83
858	1120.0	95.5		94.7		960	107	0	0	1140	95	60	82	660	91	540	83
859	1100.0	99.1		97.4		780	118	0	0	1260	101	120	87	720	89	420	79
860	1120.0	95.4		94.1		900	112	0	0	1380	94	180	75	480	85	420	85
861	1020.0	100.8		99.9		780	117	60	90	1200	97	120	91	840	94	60	90
862	900.0	103.8		102.3		660	119	0	0	1200	107	0	0	480	90	360	84
863	820.0	103.0		101.7		780	120	0	0	1080	98	0	0	300	94	300	86
864	1020.0	103.9		102.0		720	119	0	0	1500	108	60	97	240	84	540	82
865	960.0	101.9		100.0		480	128	0	0	1260	104	0	0	540	96	600	82
866	900.0	100.2		99.0		600	117	0	0	1020	103	60	91	360	90	660	87
867	1320.0	98.8		97.8		1080	112	0	0	1860	98	60	90	480	91	480	81
868	1180.0	102.0		101.1		900	107	0	0	1740	107	0	0	300	94	600	84
869	740.0	97.5		95.6		540	115	0	0	720	103	60	100	240	89	660	80
870	780.0	100.7		99.1		420	127	0	0	1140	100	0	0	300	92	480	85
871	1200.0	97.1		96.0		780	112	0	0	1920	98	0	0	240	89	660	80
872	1040.0	100.0		98.7		660	116	0	0	1320	100	180	98	300	106	660	82
873	880.0	101.5		100.5		540	117	0	0	1140	104	0	0	420	95	540	86
874	1180.0	99.2		97.7		900	115	0	0	1560	100	0	0	420	94	660	79
875	960.0	102.6		100.7		780	118	0	0	1260	106	0	0	240	89	600	81
876	1020.0	101.1		99.2		540	124	0	0	1440	105	60	87	300	83	720	85
877	820.0	100.7		99.7		360	122	0	0	1260	101	0	0	480	95	360	86
878	860.0	101.7		101.0		360	112	0	0	1500	105	0	0	420	92	300	86
879	780.0	106.1		104.6		420	127	0	0	1260	108	0	0	420	90	240	88
880	860.0	106.0		104.9		480	121	0	0	1140	108	0	0	540	104	420	86
881	1100.0	104.7		103.2		780	122	0	0	1560	106	0	0	480	92	480	85
882	820.0	110.6		108.9		360	136	0	0	1200	114	0	0	660	99	240	87
883	940.0	110.6		108.6		660	131	0	0	1380	112	0	0	300	99	480	86
884	760.0	127.8		125.2		480	150	0	0	1140	131	60	102	420	115	180	87
885	820.0	119.3		116.8		480	137	0	0	1080	127	60	90	600	108	240	85
886	1100.0	121.9		120.0		540	150	0	0	1620	123	0	0	900	112	240	89
887	880.0	119.9		117.6		600	143	0	0	1260	122	0	0	540	102	240	91
888	1020.0	114.2		112.2		600	120	0	0	1440	125	120	90	540	104	360	85
889	820.0	121.2		118.5		600	143	0	0	1140	124	60	87	420	107	240	87
890	780.0	125.4		122.5		480	151	0	0	1320	127	0	0	300	107	240	88
891	780.0	124.7		122.9		360	142	0	0	1200	132	0	0	600	108	180	97
892	840.0	118.6		114.3		720	144	0	0	1080	122	60	87	180	100	480	84
893	880.0	123.3		119.5		780	151	0	0	840	125	0	0	660	107	360	89
894	620.0	135.3		130.8		240	191	0	0	780	143	0	0	780	114	60	90
895	920.0	124.4		121.7		600	149	0	0	1260	129	60	100	660	105	180	90
896	700.0	115.9		112.8		480	140	0	0	960	120	60	90	420	97	180	82
897	980.0	114.1		111.6		660	138	0	0	1080	118	120	90	660	104	420	89
898	1160.0	122.4		119.5		1200	139	0	0	1200	127	120	91	420	111	540	91
899	540.0	126.7		122.5		180	180	0	0	840	133	0	0	360	108	240	93
900	800.0	127.9		125.2		780	144	0	0	1080	130	60	106	240	110	240	89
901	760.0	117.3		113.2		480	137	0	0	900	129	120	90	300	115	480	84
902	780.0	117.6		114.5		600	135	0	0	960	124	60	88	240	117	480	87
903	1040.0	120.3		117.0		1200	141	0	0	1080	119	0	0	480	96	360	88
904	760.0	126.0		124.5		300	148	0	0	1020	131	0	0	840	117	120	91
905	1060.0	123.0		120.0		780	144	0	0	1380	129	0	0	600	105	420	90
906	780.0	129.8		126.5		420	147	0	0	1260	138	0	0	420	113	240	86
907	760.0	126.5		123.9		480	148	0	0	1080	132	0	0	480	110	240	92
908	840.0	119.0		115.3		600	144	0	0	1020	126	0	0	360	104	540	88
909	940.0	119.4		115.8		780	147	0	0	1140	119	60	92	360	107	480	88
910	940.0	120.1		116.5		960	143	0	0	1080	118	60	88	420	106	300	81
911	1080.0	120.9		117.8		960	144	0	0	1440	121	0	0	420	101	420	88
912	1080.0	117.1		113.3		1020	142	0	0	1260	117	120	87	360	98	480	86
913	860.0	129.2		125.4		900	151	0	0	960	127	60	102	360	121	300	86
914	780.0	129.8		126.2		660	155	0	0	840	134	60	105	600	112	180	86
915	940.0	131.3		127.4		600	157	0	0	1380	138	0	0	600	108	240	87
916	780.0	124.5		119.8		540	159	0	0	1080	126	0	0	420	105	300	84
917	720.0	119.2		116.7		480	140	0	0	1020	123	60	91	360	107	240	87
918	1120.0	121.4		118.5		900	146	0	0	1080	126	120	98	1080	105	180	85
919	900.0	122.3		119.9		840	140	0	0	1020	124	0	0	420	114	420	91
920	1200.0	124.2		120.8		900	149	0	0	1260	130	0	0	1020	111	420	86
921	1060.0	127.8		123.0		1080	152	0	0	1140	132	0	0	540	102	420	87
922	800.0	118.8		116.3		360	141	0	0	1260	126	0	0	540	102	240	86
923	840.0	124.0		121.2		780	144	0	0	1020	126	0	0	540	104	180	86
924	1260.0	117.9		113.7		1200	143	0	0	1380	121	180	91	300	94	720	87
925	800.0	127.8		124.3		600	153	0	0	1080	128	60	92	420	121	240	85
926	1000.0	116.9		113.3		960	143	0	0	1200	114	60	88	300	95	480	89
927	920.0	121.4		118.7		600	146	0	0	1260	125	0	0	720	104	180	84
928	720.0	123.5		120.8		360	154	0	0	1020	129	0	0	660	103	120	98
929	920.0	121.5		118.2		600	145	0	0	1200	129	0	0	540	103	420	90
930	1180.0	119.6		117.6		1200	139	0	0	1260	117	0	0	960	103	120	87
931	940.0	122.4		118.1		720	149	0	0	1260	127	0	0	360	100	480	87
932	860.0	124.2		122.3		780	143	0	0	1140	124	0	0	540	104	120	95
933	920.0	113.8		110.7		780	135	0	0	1020	119	60	103	420	95	480	86
934	920.0	127.9		126.0		600	144	0	0	1320	132	60	88	660	116	120	88
935	740.0	122.2		121.1		600	136	0	0	1080	123	0	0	480	107	60	91
936	660.0	135.6		131.9		540	163	0	0	540	139	0	0	660	126	240	93
937	960.0	125.8		121.2		660	164	0	0	1200	128	60	104	600	102	360	92
938	780.0	128.5		125.0		720	154	0	0	960	127	0	0	420	110	240	90
939	880.0	126.5		122.9		780	152	0	0	1140	127	0	0	420	103	300	91
940	1080.0	123.1		120.1		720	151	0	0	1620	124	0	0	660	104	240	86
941	1060.0	125.8		123.4		1080	146	0	0	1380	123	0	0	480	103	240	96
942	900.0	123.3		119.7		780	146	0	0	960	127	0	0	540	112	420	87
943	760.0	119.2		115.6		480	146	0	0	960	127	60	90	600	98	180	86
944	1000.0	119.5		117.4		780	140	0	0	1380	121	60	105	660	99	120	89
945	1240.0	116.5		113.9		1380	133	0	0	1440	117	0	0	180	100	720	88
946	740.0	122.7		120.5		300	142	0	0	1380	128	0	0	300	106	240	89
947	1000.0	121.0		119.1		900	141	0	0	1380	118	0	0	600	104	120	90
948	540.0	121.1		118.1		300	153	0	0	360	132	0	0	840	110	120	86
949	720.0	116.6		115.1		360	135	0	0	900	124	0	0	840	103	60	87
950	760.0	124.3		121.5		780	141	0	0	840	127	0	0	420	109	240	87
951	920.0	110.4		108.6		900	127	0	0	1140	109	0	0	420	96	300	86
952	1020.0	106.5		104.7		900	120	0	0	1140	112	120	88	540	93	360	82
953	920.0	109.3		107.6		600	126	0	0	1200	114	0	0	720	96	240	84
954	760.0	117.2		115.2		540	139	0	0	1020	118	0	0	660	102	60	75
955	720.0	108.4		106.6		480	127	0	0	840	113	60	90	360	101	420	87
956	680.0	114.3		112.7		420	134	0	0	1020	115	0	0	360	107	240	88
957	700.0	113.9		113.0		180	137	0	0	1200	117	0	0	540	106	180	94
958	860.0	110.0		108.0		840	126	0	0	840	113	60	94	600	96	240	83
959	1040.0	114.5		112.3		1080	130	0	0	1140	116	0	0	540	100	360	85
960	1040.0	111.5		110.0		1020	127	0	0	1140	110	60	95	600	102	300	87
961	580.0	112.4		109.7		360	130	0	0	780	120	60	91	300	101	240	81
962	940.0	108.7		107.5		600	127	0	0	1260	110	60	105	720	97	180	87
963	960.0	109.0		107.5		420	132	0	0	1380	113	0	0	900	97	180	85
964	740.0	106.1		104.7		300	125	0	0	840	114	0	0	720	98	360	88
965	1140.0	105.6		104.1		840	124	0	0	1380	107	0	0	840	93	360	87
966	960.0	108.4		107.3		720	124	0	0	1140	108	60	105	660	102	300	87
967	900.0	114.2		112.0		600	137	0	0	1440	115	60	88	420	94	180	88
968	960.0	109.0		107.2		780	127	0	0	1200	111	0	0	840	91	60	89
969	1140.0	112.2		110.8		1020	126	0	0	1320	114	0	0	840	100	240	86
970	1120.0	110.0		109.6		1080	114	0	0	1320	113	0	0	900	102	60	90
971	960.0	109.2		107.2		420	135	0	0	1260	115	0	0	840	97	360	87
972	1140.0	108.9		107.3		900	126	0	0	1500	110	0	0	660	95	360	87
973	1080.0	108.6		107.4		960	123	0	0	1560	107	0	0	600	94	120	86
974	1020.0	112.0		110.7		780	127	0	0	1260	115	0	0	840	99	180	87
975	1100.0	115.0		114.1		1020	128	0	0	1020	117	0	0	1200	103	60	102
976	1120.0	112.5		110.6		1020	127	0	0	1440	116	0	0	540	93	360	87
977	1000.0	114.0		112.1		660	134	0	0	1380	117	0	0	720	99	240	87
978	1020.0	114.2		112.5		720	133	0	0	1560	114	0	0	420	105	360	88
979	1080.0	119.1		117.4		960	134	0	0	1440	121	0	0	600	103	240	89
980	860.0	117.1		116.0		300	132	0	0	1380	123	0	0	660	106	240	95
981	920.0	119.6		118.2		660	138	0	0	1260	119	0	0	660	110	180	91
982	1120.0	122.2		120.6		1080	137	0	0	1140	126	0	0	1020	106	120	91
983	1120.0	111.4		108.9		1260	127	0	0	1140	114	60	83	480	90	420	86
984	1140.0	108.2		107.1		960	122	0	0	1620	108	0	0	300	100	540	89
985	980.0	112.1		110.3		540	135	0	0	1260	116	60	99	900	99	180	86
986	960.0	113.7		111.6		720	136	0	0	1140	115	0	0	720	100	300	88
987	1100.0	115.3		112.9		840	133	0	0	1320	122	60	90	660	99	420	88
988	1140.0	119.3		117.7		660	139	0	0	1800	121	0	0	780	106	180	87
989	1160.0	116.8		114.7		1020	131	0	0	1320	123	60	80	720	103	360	88
990	1280.0	105.0		103.3		1260	120	0	0	1500	104	60	90	600	94	420	81
991	1200.0	114.3		112.5		1320	128	0	0	1320	115	0	0	480	101	480	88
992	1320.0	114.6		113.3		1260	129	0	0	1740	113	0	0	660	103	300	89
993	1140.0	111.5		109.1		1080	129	0	0	1200	110	60	80	480	113	600	85
994	1360.0	110.9		108.9		1380	127	0	0	1500	112	120	94	720	94	360	84
995	1000.0	121.3		119.1		780	144	0	0	1200	123	0	0	960	103	60	87
996	1200.0	120.4		118.0		1020	139	0	0	1500	124	0	0	840	101	240	87
997	1020.0	116.6		115.1		1020	127	0	0	1080	119	60	90	600	112	300	87
998	1300.0	117.0		114.5		1560	134	0	0	1320	115	120	98	480	97	420	88
999	760.0	117.9		116.1		480	132	0	0	1080	124	0	0	420	106	300	90
1000	1040.0	117.1		115.5		720	132	0	0	1620	120	0	0	480	104	300	87
1001	940.0	116.0		113.8		720	135	0	0	1140	120	60	92	660	101	240	87
1002	1140.0	117.3		113.1		1080	143	0	0	1380	118	60	90	420	91	480	84
1003	1160.0	120.2		117.7		1080	137	0	0	1500	123	0	0	600	100	300	86
1004	880.0	119.9		118.2		840	136	0	0	960	121	0	0	540	108	300	93
1005	960.0	130.0		126.6		900	156	0	0	1260	126	0	0	540	111	180	85
1006	1120.0	126.4		122.8		960	155	0	0	1500	124	0	0	660	104	240	88
1007	960.0	121.0		117.4		540	159	0	0	1500	120	0	0	420	109	420	88
1008	1040.0	125.4		121.8		1020	150	0	0	1080	126	60	88	780	104	180	87
1009	1320.0	120.6		117.8		1140	146	0	0	1920	116	0	0	480	107	420	88
1010	1020.0	120.7		119.0		720	144	0	0	1380	119	0	0	900	107	60	86
1011	920.0	112.4		109.5		480	140	0	0	1200	120	60	97	420	95	600	89
1012	1000.0	122.8		118.8		1260	145	0	0	960	118	60	88	240	102	480	89
1013	1160.0	123.0		120.7		1140	146	0	0	1380	118	0	0	960	103	0	0
1014	1180.0	121.5		118.9		960	141	0	0	1380	125	0	0	960	107	240	81
1015	1120.0	122.1		119.6		960	142	0	0	1260	126	0	0	960	104	180	86
1016	900.0	123.8		120.6		1020	139	0	0	840	128	60	89	420	116	360	86
1017	1200.0	119.1		117.2		1080	133	0	0	1560	123	0	0	720	101	240	86
1018	920.0	128.8		126.1		780	152	0	0	1260	128	0	0	540	111	180	88
1019	1060.0	117.5		114.0		840	141	0	0	1500	120	60	108	360	89	420	87
1020	840.0	127.1		123.6		900	147	0	0	1020	127	0	0	240	112	360	88
1021	1000.0	132.8		129.9		720	161	0	0	1200	136	0	0	1020	112	60	86
1022	1160.0	128.3		126.4		1380	144	0	0	1320	125	0	0	540	111	240	95
1023	1120.0	128.4		125.4		1080	149	0	0	1500	127	0	0	420	114	360	89
1024	1020.0	132.3		128.7		960	159	0	0	1260	131	0	0	540	108	300	96
1025	720.0	122.9		119.1		480	152	0	0	960	128	0	0	480	101	240	88
1026	1000.0	122.3		119.7		660	147	0	0	1260	126	0	0	840	107	240	88
1027	1040.0	122.1		117.0		1320	144	0	0	900	124	180	89	240	93	480	85
1028	1200.0	120.3		117.6		1140	144	0	0	1620	116	0	0	660	99	180	87
1029	1040.0	125.7		124.3		780	142	0	0	1320	128	0	0	840	113	180	97
1030	760.0	128.3		123.6		660	160	0	0	720	132	0	0	540	108	360	93
1031	1040.0	134.4		130.8		780	162	0	0	1500	137	0	0	720	107	120	88
1032	1320.0	116.7		113.1		1200	141	0	0	1680	117	180	81	420	93	480	89
1033	1200.0	126.9		124.5		1080	147	0	0	1620	127	0	0	660	107	240	91
1034	1040.0	123.0		119.9		1260	140	0	0	1020	124	60	86	540	103	240	84
1035	1580.0	119.1		116.3		1440	141	0	0	1860	118	0	0	1080	105	360	80
1036	1100.0	126.7		125.2		900	146	0	0	1260	125	0	0	1080	115	60	84
1037	1080.0	114.4		113.1		960	121	0	0	1320	121	120	94	600	105	240	85
1038	1140.0	118.5		116.8		900	134	0	0	1680	121	0	0	720	98	120	90
1039	1100.0	119.7		117.5		840	138	0	0	1320	123	0	0	720	111	420	88
1040	1400.0	112.7		111.0		780	134	0	0	2040	115	60	108	840	101	480	89
1041	1020.0	119.5		118.0		780	135	0	0	1260	121	60	108	720	112	240	87
1042	1100.0	118.9		116.8		720	140	0	0	1560	121	0	0	660	107	360	89
1043	1640.0	117.5		116.4		1740	129	0	0	2040	117	0	0	1020	102	120	89
1044	960.0	121.0		118.0		900	143	0	0	1200	120	60	91	420	105	300	87
1045	1600.0	117.1		115.3		1320	135	0	0	2400	117	0	0	660	99	420	90
1046	1280.0	121.2		119.1		1380	137	0	0	1560	121	0	0	540	103	360	89
1047	1260.0	114.5		113.1		840	131	0	0	1800	117	60	109	840	100	240	90
1048	1060.0	120.2		118.1		900	137	0	0	1440	123	60	91	540	103	240	87
1049	1480.0	119.3		118.4		1260	130	0	0	1680	123	0	0	1320	108	180	93
1050	960.0	114.6		112.9		420	134	0	0	1440	120	0	0	720	104	300	87
1051	1260.0	121.9		120.4		1260	137	0	0	1680	120	0	0	720	105	120	90
1052	1180.0	116.9		115.7		720	132	0	0	1740	119	60	109	780	108	240	87
1053	900.0	116.9		115.6		420	129	0	0	1560	122	0	0	540	102	180	89
1054	860.0	120.6		119.1		600	138	0	0	1320	122	0	0	540	105	120	89
1055	1340.0	112.7		110.7		1140	130	0	0	1680	115	60	89	600	99	540	87
1056	1240.0	122.6		120.5		1320	137	0	0	1500	123	60	100	540	109	300	86
1057	880.0	122.8		120.5		660	138	0	0	1020	131	0	0	660	110	300	90
1058	760.0	119.6		117.4		420	145	0	0	1200	122	60	103	420	103	180	89
1059	1020.0	112.1		110.8		840	127	0	0	1320	113	0	0	600	102	300	87
1060	1060.0	117.3		114.9		840	136	0	0	1320	122	60	91	600	101	360	88
1061	1040.0	123.8		121.0		780	144	0	0	1260	129	120	101	660	112	300	85
1062	1080.0	125.5		124.0		780	141	0	0	1680	127	0	0	660	110	120	88
1063	1120.0	123.3		120.7		1140	141	0	0	1380	124	0	0	480	104	360	90
1064	1080.0	132.6		129.8		1080	158	0	0	1260	126	0	0	840	113	60	87
1065	800.0	127.3		124.9		780	144	0	0	960	129	0	0	360	116	300	92
1066	1000.0	131.3		129.4		600	156	0	0	1680	130	0	0	600	119	120	87
1067	860.0	128.1		125.4		840	147	0	0	1020	129	0	0	480	112	240	90
1068	1320.0	114.0		111.8		1200	130	0	0	1860	116	0	0	600	90	300	86
1069	1260.0	114.7		113.1		900	134	0	0	1620	115	0	0	900	106	360	87
1070	980.0	119.6		117.3		720	141	0	0	1260	122	0	0	660	105	300	90
1071	940.0	127.8		125.5		900	147	0	0	1020	128	60	106	660	114	180	89
1072	1040.0	123.7		121.6		1080	141	0	0	1320	122	60	92	480	105	180	92
1073	1160.0	118.0		115.8		1080	138	0	0	1320	117	0	0	780	104	300	87
1074	1160.0	126.2		122.7		1080	151	0	0	1440	126	0	0	600	103	360	91
1075	980.0	131.6		129.0		780	157	0	0	1200	132	0	0	840	113	120	92
1076	1000.0	117.3		115.2		960	136	0	0	1320	115	60	91	420	103	240	87
1077	1420.0	123.1		120.7		1380	144	0	0	1920	120	0	0	720	103	240	88
1078	960.0	128.9		126.0		780	157	0	0	1140	124	0	0	780	117	180	89
1079	1300.0	122.8		120.2		1200	142	0	0	1500	124	60	94	720	111	420	88
1080	1140.0	114.4		112.1		960	131	0	0	1380	119	60	87	420	103	600	88
1081	1080.0	116.0		114.4		540	136	0	0	1800	117	0	0	540	112	360	87
1082	1160.0	116.1		113.1		1020	139	0	0	1380	117	60	90	420	103	600	87
1083	900.0	119.8		116.9		780	141	0	0	1260	121	0	0	540	94	120	85
1084	920.0	114.8		112.5		600	131	0	0	1020	125	0	0	660	104	480	88
1085	1180.0	124.1		121.2		1080	142	0	0	1620	126	0	0	420	109	420	86
1086	880.0	120.8		117.0		600	146	0	0	1140	127	0	0	480	107	420	84
1087	1260.0	117.9		115.9		1080	132	0	0	1800	121	0	0	600	99	300	86
1088	1060.0	125.7		123.4		900	145	0	0	1500	127	0	0	660	103	120	89
1089	1080.0	119.1		116.4		960	139	0	0	1200	123	60	90	780	100	240	89
1090	800.0	118.8		117.6		240	134	0	0	1200	125	0	0	840	110	120	87
1091	1000.0	116.4		114.6		780	130	0	0	1380	120	0	0	420	109	420	87
1092	960.0	118.1		116.0		720	140	0	0	1140	118	60	80	720	109	240	90
1093	1300.0	119.6		117.7		1020	140	0	0	1980	118	0	0	720	103	180	87
1094	1140.0	123.4		121.2		1020	143	0	0	1440	124	0	0	780	105	180	88
1095	920.0	122.3		118.0		420	168	0	0	1380	125	0	0	480	109	480	88
1096	1040.0	122.8		119.5		960	145	0	0	1440	123	0	0	300	100	420	88
1097	1140.0	122.8		121.4		840	140	0	0	1740	123	0	0	720	108	120	89
1098	1040.0	120.8		119.4		840	138	0	0	1380	120	0	0	780	109	120	86
1099	1220.0	112.7		111.5		1140	124	0	0	1200	116	60	94	900	105	360	88
1100	1000.0	118.6		116.6		840	136	0	0	1200	122	0	0	720	103	240	88
1101	1200.0	119.7		117.7		1080	137	0	0	1500	119	0	0	720	109	300	86
1102	980.0	127.2		124.4		840	150	0	0	1140	128	60	89	720	112	180	89
1103	900.0	127.1		124.9		660	151	0	0	1140	128	0	0	720	112	180	94
1104	880.0	134.1		132.0		480	151	0	0	1320	141	0	0	720	118	120	88
1105	1020.0	127.6		125.4		780	152	0	0	1380	126	0	0	780	112	120	89
1106	1060.0	119.2		115.8		960	140	0	0	1380	121	0	0	240	108	600	86
1107	1020.0	116.5		115.4		780	126	0	0	1260	121	60	90	780	108	180	89
1108	1080.0	123.1		120.4		960	143	0	0	1500	124	0	0	480	104	300	86
1109	1280.0	117.0		113.0		1200	143	0	0	1500	117	180	97	240	98	720	85
1110	880.0	119.8		116.9		720	144	0	0	1140	120	60	109	420	103	300	87
1111	1020.0	117.5		114.8		480	149	0	0	1500	122	60	100	720	101	300	88
1112	860.0	122.9		120.4		720	146	0	0	1020	121	0	0	540	114	300	90
1113	960.0	118.0		115.8		660	135	0	0	1140	124	0	0	720	109	360	86
1114	980.0	119.0		117.4		660	141	0	0	1440	119	0	0	780	103	60	87
1115	1000.0	118.8		116.8		1020	133	0	0	1260	121	0	0	420	100	300	88
1116	1660.0	114.8		112.2		1740	132	0	0	2100	115	0	0	720	90	420	85
1117	1140.0	122.1		119.3		1140	142	0	0	1320	122	0	0	540	107	420	88
1118	1180.0	125.8		121.6		1380	149	0	0	1080	121	60	117	600	111	420	84
1119	840.0	134.1		132.0		480	154	0	0	1320	139	0	0	660	114	60	88
1120	720.0	126.2		125.2		480	147	0	0	780	124	0	0	900	117	0	0
1121	1120.0	118.2		115.8		1020	138	0	0	1440	119	60	94	600	97	240	89
1122	800.0	125.9		124.0		600	143	0	0	1260	127	0	0	360	112	180	89
1123	820.0	125.8		124.6		840	135	0	0	1020	127	0	0	480	117	120	87
1124	1320.0	106.3		103.2		1140	127	0	0	1500	111	120	88	240	81	960	83
1125	960.0	122.7		119.0		960	145	0	0	1200	122	0	0	240	111	480	86
1126	1100.0	122.3		120.0		840	144	0	0	1560	123	0	0	660	106	240	87
1127	1120.0	122.4		119.8		1380	138	0	0	1260	120	0	0	300	110	420	87
1128	940.0	128.2		125.6		660	156	0	0	1260	129	0	0	780	108	120	98
1129	880.0	117.7		115.3		720	143	0	0	840	117	60	87	900	104	120	89
1130	960.0	124.3		120.7		660	151	0	0	1200	131	0	0	840	102	180	86
1131	1000.0	115.5		112.3		480	146	0	0	1500	121	0	0	360	102	660	88
1132	1240.0	130.9		128.4		1080	150	0	0	1440	134	0	0	1020	114	180	87
1133	820.0	122.6		119.4		660	143	0	0	1020	127	0	0	360	113	420	88
1134	1040.0	130.3		125.6		1020	160	0	0	1140	129	60	92	600	107	300	89
1135	1060.0	123.6		120.8		900	144	0	0	1560	125	0	0	540	98	180	86
1136	1100.0	126.2		123.2		1020	146	0	0	1440	129	60	90	660	98	120	98
1137	880.0	128.2		125.4		660	152	0	0	1320	129	0	0	300	115	360	93
1138	1160.0	116.6		113.4		1080	140	0	0	1320	117	180	85	480	98	420	90
1139	1060.0	130.6		126.1		1080	156	0	0	1140	130	60	100	480	117	420	87
1140	860.0	117.4		114.3		960	137	0	0	900	118	180	89	300	93	240	89
1141	720.0	123.9		120.9		420	145	0	0	780	134	0	0	660	115	300	88
1142	940.0	119.9		116.5		900	141	0	0	1020	123	60	92	360	107	480	87
1143	960.0	130.3		124.1		900	164	0	0	1020	131	60	93	480	109	420	86
1144	940.0	125.4		121.6		720	152	0	0	1140	129	60	109	480	112	420	88
1145	860.0	117.3		113.9		660	147	0	0	1020	117	120	89	480	104	300	86
1146	680.0	133.8		129.7		540	167	0	0	960	131	0	0	360	113	180	91
1147	1020.0	123.7		119.2		900	151	0	0	1140	127	60	113	420	105	540	87
1148	840.0	135.8		130.3		660	169	0	0	1200	137	0	0	420	109	240	85
1149	500.0	125.6		119.6		180	166	0	0	720	135	60	91	180	136	360	87
1150	780.0	139.1		136.4		600	162	0	0	900	143	0	0	720	123	120	92
1151	760.0	133.2		130.7		600	154	0	0	1020	135	0	0	480	119	180	92
1152	620.0	132.6		129.8		240	184	0	0	1080	131	0	0	540	113	0	0
1153	660.0	131.0		125.6		360	176	0	0	900	135	0	0	540	110	180	84
1154	780.0	123.4		119.9		360	142	0	0	960	138	60	91	600	112	360	90
1155	640.0	133.6		127.4		480	174	0	0	840	135	0	0	360	107	240	88
1156	900.0	125.2		121.2		660	154	0	0	1140	129	0	0	600	106	300	86
1157	820.0	129.1		126.1		420	153	0	0	1320	135	0	0	420	114	300	91
1158	840.0	125.5		122.7		480	155	0	0	1200	129	0	0	600	107	240	95
1159	940.0	126.7		121.5		960	156	0	0	1020	126	60	102	420	98	360	88
1160	900.0	124.7		121.4		720	151	0	0	1200	126	0	0	420	105	360	91
1161	720.0	130.8		127.1		540	154	0	0	780	139	60	91	600	116	180	88
1162	740.0	140.0		138.3		480	168	0	0	900	139	0	0	840	125	0	0
1163	740.0	130.4		127.5		240	182	0	0	1200	131	0	0	660	118	120	90
1164	540.0	126.1		120.8		360	165	0	0	600	130	0	0	420	110	240	86
1165	700.0	130.5		127.0		240	165	0	0	1080	140	0	0	660	110	120	88
1166	860.0	135.8		131.5		540	166	0	0	1200	143	0	0	720	109	120	88
1167	820.0	140.6		133.6		780	175	0	0	960	143	0	0	540	105	180	86
1168	800.0	126.8		122.7		600	155	0	0	1020	131	0	0	480	106	300	89
1169	780.0	126.7		124.6		300	155	0	0	1320	130	0	0	540	115	180	90
1170	940.0	123.9		120.1		660	157	0	0	1260	123	0	0	420	112	480	91
1171	820.0	130.0		127.2		660	158	0	0	1080	127	0	0	600	113	120	89
1172	900.0	124.5		119.2		600	157	0	0	1260	130	60	88	300	107	480	85
1173	500.0	135.8		132.0		240	168	0	0	660	144	0	0	480	120	120	89
1174	700.0	137.1		134.9		540	158	0	0	840	140	0	0	660	121	60	87
1175	800.0	120.1		117.0		420	138	0	0	1200	130	60	99	300	103	420	89
1176	660.0	131.0		128.9		480	158	0	0	840	130	0	0	600	113	60	109
1177	540.0	135.9		133.3		360	164	0	0	720	136	0	0	420	123	120	96
1178	660.0	124.2		118.5		420	164	0	0	720	131	0	0	420	110	420	87
1179	700.0	124.2		122.2		600	143	0	0	1020	122	0	0	360	112	120	85
1180	640.0	141.0		137.9		780	160	0	0	780	137	0	0	240	117	120	92
1181	880.0	117.0		113.4		660	142	0	0	1140	120	180	94	240	111	420	83
1182	840.0	132.0		130.2		900	149	0	0	1020	129	0	0	540	114	60	89
1183	880.0	115.9		111.9		480	147	0	0	1200	123	120	89	300	102	540	86
1184	540.0	124.6		120.7		300	151	0	0	660	136	0	0	420	108	240	89
1185	780.0	125.5		122.0		600	149	0	0	840	133	60	90	660	109	180	85
1186	660.0	130.5		127.4		360	155	0	0	840	139	60	89	600	116	120	90
1187	600.0	129.5		124.3		480	161	0	0	660	134	120	95	300	116	240	88
1188	860.0	129.7		125.0		780	162	0	0	960	127	0	0	600	109	240	87
1189	740.0	131.9		128.3		540	158	0	0	1080	131	0	0	360	126	240	86
1190	1040.0	128.9		123.9		900	156	0	0	1380	129	60	88	300	126	480	85
1191	900.0	128.0		122.7		720	154	0	0	1140	137	0	0	420	98	420	89
1192	560.0	121.4		117.7		240	158	0	0	780	127	60	110	360	111	240	85
1193	560.0	132.4		127.5		240	173	0	0	720	138	0	0	480	127	240	86
1194	660.0	116.0		111.8		480	138	0	0	840	126	60	90	0	0	600	87
1195	620.0	126.5		122.3		480	152	0	0	660	137	0	0	600	103	120	85
1196	700.0	125.8		121.4		480	154	0	0	900	133	60	92	420	105	240	87
1197	720.0	112.3		110.7		420	131	0	0	780	116	60	103	540	109	360	89
1198	700.0	135.7		131.7		600	159	0	0	720	144	60	100	600	116	120	86
1199	1040.0	123.9		121.4		1080	142	0	0	1140	124	60	86	660	108	180	86
1200	680.0	114.1		110.8		300	157	0	0	780	117	60	101	480	106	420	89
1201	720.0	122.1		117.6		480	158	0	0	960	124	60	100	360	103	300	86
1202	620.0	120.5		117.3		420	147	0	0	660	127	0	0	540	107	240	87
1203	680.0	124.4		122.1		420	142	0	0	1020	128	0	0	360	118	240	88
1204	620.0	129.6		124.7		420	161	0	0	840	135	60	90	360	110	180	84
1205	480.0	131.8		127.0		360	168	0	0	480	136	0	0	420	112	180	94
1206	780.0	127.4		123.3		480	160	0	0	1020	133	0	0	600	108	240	87
1207	780.0	133.1		127.7		540	170	0	0	960	136	0	0	420	121	420	91
1208	640.0	128.9		123.8		540	160	0	0	600	134	60	104	480	112	240	86
1209	520.0	126.4		121.1		300	156	0	0	720	137	60	90	120	116	360	90
1210	720.0	131.8		127.7		660	149	0	0	960	139	60	96	180	114	300	89
1211	620.0	126.3		121.7		540	149	0	0	540	133	60	102	420	122	300	84
1212	560.0	115.1		111.7		120	163	0	0	900	124	60	91	300	102	300	87
1213	540.0	130.3		126.6		240	157	0	0	780	139	0	0	420	118	180	86
1214	580.0	131.1		127.9		300	163	0	0	900	134	0	0	420	115	120	86
1215	820.0	122.4		117.2		720	159	0	0	720	118	60	90	600	109	360	86
1216	620.0	127.3		123.8		480	154	0	0	840	128	0	0	360	110	180	87
1217	660.0	129.0		124.2		420	170	0	0	960	127	0	0	300	118	300	89
1218	580.0	132.6		127.9		600	162	0	0	540	131	0	0	480	109	120	87
1219	700.0	121.6		117.3		600	144	0	0	720	129	0	0	240	119	540	88
1220	580.0	125.1		120.5		300	154	0	0	840	135	0	0	240	110	360	88
1221	800.0	134.1		126.8		660	182	0	0	840	130	0	0	660	108	240	88
1222	500.0	118.2		114.6		180	149	0	0	600	132	0	0	420	107	300	88
1223	600.0	128.1		123.1		360	166	0	0	720	133	0	0	540	112	180	81
1224	580.0	133.5		125.7		540	174	0	0	720	128	60	90	120	125	300	86
1225	640.0	119.9		114.8		300	166	0	0	840	126	0	0	360	107	420	86
1226	620.0	121.0		114.7		240	160	0	0	900	136	0	0	120	100	600	87
1227	660.0	113.8		110.7		360	137	0	0	780	123	240	92	300	108	300	85
1228	340.0	138.2		131.5		240	186	0	0	360	141	0	0	300	115	120	92
1229	500.0	128.4		125.3		300	150	0	0	900	129	0	0	180	122	120	79
1230	460.0	126.1		119.6		240	182	0	0	600	128	0	0	240	113	300	88
1231	680.0	125.4		122.3		300	168	0	0	960	128	0	0	720	107	60	90
1232	700.0	129.3		125.2		420	158	0	0	960	135	0	0	420	118	300	87
1233	580.0	132.7		128.4		480	164	0	0	600	136	0	0	540	111	120	89
1234	840.0	130.8		124.7		660	170	0	0	960	132	0	0	540	110	360	87
1235	520.0	134.7		128.1		300	176	0	0	600	139	0	0	360	133	300	87
1236	460.0	132.2		127.6		240	172	0	0	660	139	0	0	420	105	60	89
1237	660.0	124.8		120.9		540	144	0	0	900	132	60	88	180	107	300	87
1238	380.0	123.0		116.9		120	185	0	0	420	136	0	0	300	115	300	88
1239	520.0	138.1		133.3		360	169	0	0	780	140	0	0	240	124	180	87
1240	500.0	125.8		122.4		360	159	0	0	600	123	0	0	420	112	120	88
1241	540.0	118.0		116.4		180	137	0	0	720	128	0	0	660	104	60	94
1242	440.0	123.6		118.4		60	160	0	0	660	141	0	0	240	120	360	88
1243	560.0	134.8		128.8		420	176	0	0	720	134	0	0	420	110	120	82
1244	380.0	129.5		123.7		180	156	0	0	600	143	60	89	60	114	240	90
1245	500.0	136.7		127.5		360	181	0	0	540	147	60	90	240	121	300	87
1246	720.0	127.4		122.6		720	156	0	0	780	127	0	0	360	103	300	89
1247	600.0	123.7		120.7		300	153	0	0	840	126	0	0	420	119	240	87
1248	220.0	127.5		123.1		60	150	0	0	360	143	0	0	60	109	180	95
1249	520.0	117.5		112.5		120	184	0	0	780	127	0	0	240	107	420	87
1250	480.0	118.1		113.6		300	147	0	0	540	127	0	0	180	116	420	87
1251	480.0	128.8		126.3		120	153	0	0	540	145	0	0	720	116	60	87
1252	420.0	128.0		123.7		360	156	0	0	480	129	0	0	240	115	180	87
1253	480.0	126.9		120.7		360	159	0	0	600	135	60	91	120	108	300	87
1254	600.0	120.1		115.4		480	146	0	0	720	128	0	0	60	97	540	89
1255	520.0	126.1		122.6		300	146	0	0	540	137	0	0	480	121	240	87
1256	260.0	134.6		123.6		120	209	0	0	300	147	0	0	180	114	180	85
1257	680.0	128.1		124.0		420	159	0	0	840	134	0	0	480	116	300	88
1258	380.0	133.1		128.6		240	176	0	0	480	133	0	0	300	114	120	95
1259	380.0	138.6		133.8		120	164	0	0	660	145	0	0	180	148	180	89
1260	520.0	141.1		132.2		420	168	0	0	600	156	0	0	180	137	360	87
1261	480.0	144.9		139.3		240	179	0	0	840	152	0	0	180	119	180	92
1262	480.0	125.1		118.6		240	179	0	0	660	131	0	0	180	102	360	90
1263	500.0	115.1		113.1		240	130	0	0	660	123	0	0	300	112	300	89
1264	480.0	127.4		122.7		180	145	0	0	600	146	0	0	420	117	240	86
1265	520.0	136.6		127.1		420	179	0	0	300	165	120	96	540	114	180	85
1266	460.0	134.6		128.8		300	179	0	0	660	134	0	0	240	115	180	89
1267	500.0	126.4		120.3		420	155	0	0	480	134	60	91	180	130	360	87
1268	500.0	136.9		129.4		300	180	0	0	660	145	0	0	240	122	300	88
1269	340.0	150.2		139.2		180	196	0	0	480	167	0	0	180	123	180	87
1270	360.0	119.2		113.6		180	155	0	0	360	133	0	0	180	120	360	87
1271	580.0	126.5		121.3		420	164	0	0	600	125	0	0	420	120	300	86
1272	280.0	131.4		122.5		180	183	0	0	240	145	0	0	240	113	180	86
1273	380.0	134.7		129.5		180	171	0	0	540	144	0	0	240	120	180	90
1274	540.0	137.3		127.6		540	184	0	0	420	136	0	0	360	109	300	89
1275	380.0	124.6		121.8		180	150	0	0	540	130	0	0	300	115	120	86
1276	340.0	123.9		118.5		180	153	0	0	540	133	0	0	60	110	240	85
1277	600.0	136.4		130.0		300	184	0	0	780	144	60	112	420	120	240	87
1278	300.0	135.2		127.6		60	194	0	0	360	159	60	91	300	123	120	87
1279	400.0	126.8		121.9		120	168	0	0	480	142	0	0	360	118	240	89
1280	700.0	117.3		112.7		480	146	0	0	720	122	120	98	180	136	600	87
1281	580.0	137.1		130.8		540	172	0	0	480	143	0	0	480	115	240	91
1282	380.0	132.6		128.9		120	189	0	0	720	134	0	0	240	111	60	89
1283	620.0	129.5		122.8		600	161	0	0	660	134	0	0	240	102	360	87
1284	600.0	127.1		121.7		420	165	0	0	840	126	0	0	240	117	300	85
1285	660.0	129.9		125.7		600	158	0	0	900	128	0	0	300	105	180	87
1286	540.0	130.9		122.5		420	168	0	0	600	144	60	87	120	104	420	89
1287	580.0	125.7		121.5		180	141	0	0	660	140	120	89	540	129	240	86
1288	560.0	125.1		118.3		360	165	0	0	540	139	60	87	360	109	360	87
1289	660.0	125.8		121.3		480	157	0	0	780	129	0	0	360	115	360	88
1290	580.0	120.6		115.6		300	148	0	0	780	132	60	119	120	117	480	86
1291	420.0	127.2		119.2		180	188	0	0	420	142	0	0	300	117	360	88
1292	320.0	127.3		122.3		180	176	0	0	240	134	0	0	420	113	120	91
1293	580.0	138.1		132.5		420	178	0	0	720	136	0	0	420	124	180	86
1294	400.0	146.7		140.1		420	178	0	0	420	146	0	0	240	123	120	87
1295	420.0	124.4		119.8		180	170	0	0	540	132	0	0	360	109	180	87
1296	460.0	112.2		109.1		240	136	0	0	600	122	0	0	240	94	300	88
1297	460.0	120.0		114.1		360	148	0	0	540	131	60	91	0	0	420	86
1298	500.0	123.6		117.4		180	199	0	0	540	126	0	0	480	115	300	88
1299	440.0	125.5		119.0		180	174	0	0	600	138	0	0	360	101	180	84
1300	340.0	127.3		123.2		180	161	0	0	300	138	0	0	420	117	120	86
1301	440.0	121.2		113.9		300	171	0	0	360	128	60	90	180	110	420	89
1302	420.0	119.5		115.8		240	151	0	0	480	124	0	0	300	114	240	86
1303	260.0	135.1		133.1		60	160	0	0	360	148	0	0	360	118	0	0
1304	360.0	149.8		146.3		300	183	0	0	300	153	0	0	480	127	0	0
1305	460.0	119.6		116.4		240	138	0	0	540	131	60	88	300	116	240	88
1306	400.0	139.2		131.4		240	183	0	0	540	150	0	0	240	109	180	89
1307	460.0	133.8		129.8		300	160	0	0	540	140	0	0	360	125	180	89
1308	340.0	131.5		123.0		300	170	0	0	360	137	0	0	60	123	300	88
1309	560.0	138.4		134.7		480	162	0	0	720	141	0	0	360	119	120	87
1310	480.0	131.8		128.0		180	180	0	0	780	136	0	0	360	112	120	92
1311	500.0	120.6		115.1		240	152	0	0	600	138	0	0	120	109	540	90
1312	420.0	128.7		122.4		240	168	0	0	480	135	0	0	240	129	300	87
1313	540.0	122.1		117.4		300	165	0	0	780	124	0	0	240	105	300	88
1314	360.0	131.7		124.9		180	166	0	0	360	153	60	97	300	120	180	86
1315	400.0	117.3		111.1		120	161	0	0	540	136	0	0	180	95	360	86
1316	320.0	119.4		110.9		240	167	0	0	300	128	0	0	60	87	360	86
1317	500.0	135.5		128.2		540	172	0	0	480	128	0	0	180	122	300	90
1318	540.0	131.8		126.8		480	165	0	0	720	129	0	0	180	109	240	91
1319	520.0	119.2		115.5		360	148	0	0	480	127	0	0	360	108	360	91
1320	380.0	121.8		114.6		360	162	0	0	300	123	60	90	120	96	300	89
1321	460.0	125.0		120.5		240	165	0	0	600	131	0	0	300	109	240	90
1322	420.0	138.4		134.8		300	167	0	0	660	136	0	0	180	132	120	90
1323	440.0	123.4		119.6		180	151	0	0	660	133	0	0	180	116	300	90
1324	400.0	131.1		124.8		180	171	0	0	660	141	0	0	120	99	240	90
1325	360.0	117.2		112.0		180	152	0	0	480	129	0	0	120	88	300	89
1326	460.0	127.0		118.6		360	178	0	0	480	125	0	0	180	110	360	87
1327	240.0	146.9		137.2		60	225	0	0	300	173	0	0	300	117	60	88
1328	400.0	122.7		117.2		180	167	0	0	660	129	0	0	0	0	360	89
1329	460.0	117.6		111.6		300	161	0	0	480	123	60	89	120	109	420	87
1330	580.0	126.9		119.6		420	167	0	0	540	138	60	87	360	111	360	86
1331	440.0	122.6		118.4		180	140	0	0	600	136	0	0	240	122	300	86
1332	640.0	125.2		121.9		600	148	0	0	720	124	0	0	360	116	240	86
1333	260.0	120.2		114.0		60	151	0	0	240	152	120	91	180	118	180	89
1334	420.0	130.7		127.1		60	184	0	0	780	141	0	0	300	108	120	94
1335	380.0	132.6		125.2		240	187	0	0	600	128	0	0	120	118	180	85
1336	420.0	125.6		117.8		240	162	0	0	360	152	120	89	300	112	240	85
1337	500.0	126.5		122.2		300	153	0	0	780	132	0	0	120	121	300	88
1338	380.0	131.2		122.3		240	185	0	0	480	138	0	0	120	102	300	89
1339	600.0	106.9		103.2		540	125	0	0	540	114	60	62	300	103	360	80
1340	260.0	133.5		124.9		120	185	0	0	180	162	0	0	300	123	180	88
1341	340.0	132.9		123.1		360	173	0	0	300	135	0	0	60	112	300	87
1342	500.0	137.7		133.6		420	171	0	0	600	134	60	119	240	123	180	98
1343	300.0	131.2		123.1		300	176	0	0	240	124	0	0	240	104	120	88
1344	480.0	114.7		111.5		120	176	0	0	600	120	0	0	540	104	180	88
1345	420.0	128.6		125.6		180	177	0	0	600	126	0	0	420	117	60	90
1346	260.0	121.1		116.3		60	171	0	0	420	133	0	0	120	104	180	88
1347	320.0	125.2		121.8		60	175	0	0	480	136	0	0	300	112	120	90
1348	320.0	115.6		110.7		300	146	0	0	180	120	0	0	180	108	300	87
1349	440.0	115.9		113.7		180	143	0	0	600	119	0	0	360	112	180	86
1350	280.0	122.1		116.4		180	147	0	0	360	137	0	0	60	94	240	88
1351	280.0	114.4		111.9		0	0	0	0	300	127	0	0	360	118	180	86
1352	500.0	125.9		120.3		420	158	0	0	540	131	0	0	240	107	300	87
1353	440.0	118.6		114.7		360	145	0	0	480	124	0	0	180	101	300	89
1354	260.0	127.7		124.5		60	165	0	0	420	138	0	0	240	110	60	89
1355	320.0	122.8		117.7		180	141	0	0	300	145	0	0	240	117	240	87
1356	360.0	120.6		116.1		180	158	0	0	420	124	0	0	180	128	300	89
1357	500.0	111.1		107.0		360	144	0	0	300	111	0	0	300	115	540	87
1358	240.0	117.7		111.1		0	0	0	0	300	142	0	0	120	136	300	86
1359	300.0	127.3		123.0		180	147	0	0	420	134	0	0	120	135	180	87
1360	260.0	112.5		107.9		60	167	0	0	180	139	0	0	240	107	300	90
1361	320.0	122.1		119.8		180	150	0	0	480	123	0	0	240	108	60	87
1362	340.0	116.0		113.8		120	147	0	0	240	129	120	114	420	108	120	89
1363	320.0	116.9		113.3		60	161	0	0	420	128	60	90	180	121	240	90
1364	300.0	126.0		122.2		120	178	0	0	480	126	0	0	180	114	120	92
1365	380.0	130.6		124.1		360	158	0	0	360	139	0	0	120	127	300	89
1366	300.0	121.9		118.5		60	161	0	0	420	136	0	0	180	112	240	95
1367	320.0	128.8		125.0		180	150	0	0	480	136	0	0	120	126	180	90
1368	460.0	126.0		119.9		240	158	0	0	540	143	60	91	240	112	300	88
1369	460.0	133.7		129.7		180	171	0	0	720	141	0	0	300	118	180	93
1370	380.0	124.4		119.1		180	173	0	0	540	130	0	0	180	105	240	90
1371	380.0	120.9		118.0		180	139	0	0	480	135	0	0	300	105	180	92
1372	460.0	126.1		122.9		240	167	0	0	480	130	0	0	540	111	120	97
1373	420.0	123.1		116.3		240	180	0	0	360	123	60	88	360	116	240	86
1374	240.0	119.7		112.3		240	161	0	0	180	113	0	0	60	105	240	87
1375	340.0	114.2		110.8		180	140	0	0	480	107	60	92	120	150	180	91
1376	280.0	130.1		124.3		120	178	0	0	300	141	0	0	300	118	120	85
1377	260.0	127.9		119.7		240	168	0	0	240	134	0	0	0	0	300	91
1378	300.0	135.9		126.6		240	172	0	0	240	153	0	0	180	130	240	87
1379	420.0	121.3		116.5		240	162	0	0	420	126	120	94	300	115	180	85
1380	480.0	116.9		112.6		240	158	0	0	480	122	60	101	300	115	360	87
1381	420.0	116.3		109.7		300	157	0	0	240	135	120	102	120	109	480	87
1382	340.0	135.2		130.1		120	173	0	0	660	140	0	0	60	146	180	89
1383	360.0	119.3		116.7		240	141	0	0	420	121	0	0	240	118	180	88
1384	540.0	127.1		121.9		420	159	0	0	720	129	0	0	180	114	300	86
1385	360.0	111.9		111.0		60	115	0	0	660	117	0	0	240	109	120	88
1386	240.0	128.8		125.0		240	156	0	0	60	138	0	0	360	116	60	88
1387	320.0	120.1		110.9		180	181	0	0	300	133	0	0	180	98	300	84
1388	500.0	115.7		112.1		420	138	0	0	660	119	60	87	120	99	240	83
1389	320.0	106.9		104.2		120	145	0	0	360	114	0	0	180	99	300	88
1390	220.0	105.5		100.0		60	145	0	0	180	138	0	0	0	0	420	86
1391	240.0	125.0		115.8		180	183	0	0	180	117	0	0	180	116	180	84
1392	280.0	121.4		117.9		180	154	0	0	360	124	0	0	240	102	60	86
1393	320.0	124.3		117.7		180	179	0	0	300	125	0	0	300	115	180	84
1394	200.0	126.9		121.3		60	175	0	0	300	140	0	0	120	108	120	89
1395	280.0	125.7		119.2		60	160	0	0	480	143	0	0	60	108	240	87
1396	360.0	134.7		130.0		240	171	0	0	480	130	0	0	240	132	120	86
1397	340.0	110.5		106.0		120	139	0	0	240	130	60	90	180	127	420	87
1398	360.0	126.0		118.4		300	167	0	0	180	131	0	0	300	122	300	86
1399	200.0	119.4		113.3		60	205	0	0	120	130	0	0	300	111	120	87
1400	240.0	111.0		106.1		120	131	0	0	240	136	60	91	0	0	300	87
1401	220.0	137.0		131.9		180	169	0	0	360	129	0	0	60	144	60	82
1402	380.0	112.8		109.2		180	131	0	0	300	133	120	89	240	117	300	88
1403	520.0	111.3		107.3		420	128	0	0	420	129	0	0	120	117	600	86
1404	300.0	128.7		124.7		180	163	0	0	300	138	0	0	360	111	60	86
1405	380.0	112.9		108.4		240	148	0	0	480	118	0	0	60	94	360	86
1406	380.0	110.3		107.6		180	140	0	0	480	115	0	0	180	107	300	87
1407	420.0	128.6		121.2		300	186	0	0	540	118	60	112	240	107	120	84
1408	460.0	108.7		105.9		180	137	0	0	420	121	120	90	300	108	360	87
1409	240.0	123.2		115.1		60	240	0	0	360	128	0	0	180	96	120	91
1410	300.0	118.9		113.3		0	0	0	0	540	139	0	0	60	87	300	89
1411	360.0	111.4		108.1		120	131	0	0	540	123	0	0	60	120	360	86
1412	320.0	116.2		112.5		240	139	0	0	240	127	0	0	240	113	240	86
1413	360.0	107.2		102.5		60	161	0	0	420	128	60	91	120	83	420	88
1414	220.0	103.9		102.1		0	0	0	0	300	119	0	0	240	93	120	88
1415	180.0	131.3		126.8		60	145	0	0	300	145	0	0	120	115	60	82
1416	240.0	122.7		120.8		120	145	0	0	360	121	0	0	180	124	60	85
1417	300.0	115.6		111.9		120	145	0	0	480	125	0	0	60	88	240	89
1418	200.0	112.1		108.3		0	0	0	0	360	128	0	0	60	98	180	85
1419	380.0	107.0		103.8		180	140	0	0	180	116	180	90	300	113	300	86
1420	280.0	127.2		121.8		240	160	0	0	240	127	0	0	180	123	180	88
1421	260.0	116.7		112.5		0	0	0	0	300	136	0	0	180	129	300	90
1422	320.0	123.9		120.0		60	146	0	0	540	134	0	0	180	125	180	85
1423	340.0	110.6		106.1		120	146	0	0	300	134	120	92	180	100	300	87
1424	380.0	121.5		114.3		240	151	0	0	360	147	0	0	180	100	360	87
1425	300.0	116.2		110.9		120	156	0	0	420	129	0	0	240	89	120	86
1426	160.0	120.6		116.1		60	128	0	0	240	140	0	0	60	97	120	90
1427	160.0	132.6		132.3		120	145	0	0	300	129	0	0	60	126	0	0
1428	280.0	126.4		119.7		180	170	0	0	180	150	0	0	180	110	300	96
1429	380.0	124.8		120.3		120	172	0	0	540	135	0	0	300	109	180	89
1430	220.0	114.5		110.1		60	154	0	0	240	134	0	0	180	103	180	87
1431	240.0	124.4		118.3		120	175	0	0	300	131	0	0	180	106	120	85
1432	400.0	122.6		114.1		300	158	0	0	360	145	120	89	60	86	360	88
1433	420.0	113.7		110.8		300	143	0	0	420	116	0	0	240	99	300	93
1434	240.0	115.0		109.8		0	0	0	0	420	135	0	0	0	0	300	87
1435	280.0	107.1		103.5		120	132	0	0	180	135	0	0	240	99	300	87
1436	280.0	118.2		112.5		180	159	0	0	240	122	0	0	120	125	300	88
1437	400.0	117.0		110.8		360	150	0	0	240	132	60	107	60	100	480	88
1438	380.0	100.8		98.1		60	135	0	0	240	130	120	92	180	89	540	90
1439	300.0	125.8		118.7		180	165	0	0	360	140	0	0	180	96	180	88
1440	280.0	125.4		119.0		180	176	0	0	180	136	0	0	360	107	120	89
1441	220.0	101.9		98.4		0	0	0	0	60	137	0	0	180	125	420	87
1442	220.0	114.5		108.4		60	163	0	0	300	130	0	0	60	115	240	83
1443	200.0	121.7		112.8		120	175	0	0	240	131	0	0	60	91	180	84
1444	300.0	121.9		111.8		240	182	0	0	240	115	0	0	60	119	360	87
1445	220.0	118.8		110.0		60	225	0	0	240	124	0	0	120	123	240	85
1446	260.0	115.4		110.5		0	0	0	0	360	141	0	0	300	96	120	87
1447	380.0	119.8		114.2		180	141	0	0	480	139	0	0	60	126	420	88
1448	200.0	105.2		103.0		0	0	0	0	180	128	0	0	240	101	180	88
1449	220.0	113.4		108.8		60	161	0	0	240	130	0	0	120	107	240	88
1450	200.0	122.5		119.5		60	142	0	0	120	135	0	0	300	127	120	89
1451	280.0	113.7		108.8		60	154	0	0	360	134	0	0	120	97	300	88
1452	200.0	146.8		142.5		60	232	0	0	360	144	0	0	180	124	0	0
1453	360.0	130.8		120.6		300	176	0	0	360	142	0	0	0	0	420	89
1454	200.0	117.3		111.4		60	175	0	0	120	146	60	88	240	111	120	87
1455	180.0	118.8		114.1		60	161	0	0	120	144	60	105	180	113	120	88
1456	300.0	130.0		119.8		180	184	0	0	180	150	60	100	180	136	300	88
1457	140.0	112.3		107.2		60	117	0	0	180	137	0	0	0	0	180	86
1458	120.0	110.3		104.3		0	0	0	0	120	148	0	0	60	105	180	87
1459	200.0	129.6		117.1		60	225	0	0	240	154	0	0	0	0	300	91
1460	60.0	139.3		127.7		0	0	0	0	120	165	0	0	0	0	60	88
1461	140.0	133.7		124.9		60	180	0	0	60	180	0	0	180	132	120	90
1462	240.0	121.8		114.3		60	200	0	0	420	131	0	0	60	80	180	88
1463	260.0	122.2		110.5		120	210	0	0	300	127	0	0	60	118	300	83
1464	300.0	116.2		109.4		180	167	0	0	240	118	60	90	120	125	300	86
1465	240.0	112.6		106.1		120	155	0	0	120	153	60	94	180	95	240	89
1466	180.0	124.1		113.5		0	0	0	0	180	175	0	0	120	120	240	88
1467	220.0	122.7		111.2		60	200	0	0	240	155	0	0	120	95	240	85
1468	200.0	126.2		121.0		60	161	0	0	240	144	60	105	120	122	120	88
1469	240.0	118.5		109.4		120	186	0	0	120	136	0	0	120	125	360	88
1470	300.0	111.0		106.6		120	141	0	0	300	130	0	0	60	117	420	88
1471	180.0	108.8		99.2		0	0	0	0	120	182	120	89	60	85	240	88
1472	140.0	108.9		103.3		60	132	0	0	120	141	0	0	0	0	240	87
1473	160.0	117.2		110.5		120	154	0	0	60	137	0	0	120	119	180	85
1474	140.0	97.3		94.9		0	0	0	0	60	127	60	119	60	87	240	87
1475	200.0	116.6		111.0		0	0	0	0	240	140	0	0	120	129	240	87
1476	200.0	113.7		104.9		60	177	0	0	240	136	0	0	60	92	240	81
1477	220.0	115.2		109.8		120	159	0	0	180	129	0	0	120	103	240	89
1478	180.0	123.8		116.4		0	0	0	0	300	146	0	0	60	129	180	85
1479	240.0	115.5		108.1		120	173	0	0	240	128	0	0	0	0	360	88
1480	240.0	109.6		104.6		0	0	0	0	180	123	60	90	180	142	300	86
1481	240.0	97.0		94.4		60	153	0	0	60	105	0	0	120	105	480	87
1482	200.0	103.6		96.7		0	0	0	0	300	127	0	0	60	57	240	86
1483	180.0	104.3		102.1		60	128	0	0	180	114	0	0	60	117	240	88
1484	260.0	104.6		103.1		120	128	0	0	300	108	60	92	120	104	180	88
1485	380.0	102.1		98.8		120	151	0	0	180	122	0	0	120	102	720	89
1486	120.0	165.0		145.8		60	244	0	0	120	198	0	0	120	133	60	84
1487	140.0	100.0		97.5		60	132	0	0	60	121	0	0	60	95	240	88
1488	280.0	106.3		100.9		60	161	0	0	240	133	60	95	60	105	420	85
1489	280.0	104.2		101.3		60	126	0	0	300	106	60	88	120	140	300	87
1490	140.0	111.3		108.6		0	0	0	0	240	122	0	0	60	119	120	86
1491	240.0	99.5		95.6		60	160	0	0	60	130	120	93	60	116	420	86
1492	180.0	101.3		97.7		60	138	0	0	60	104	60	88	120	123	240	84
1493	240.0	122.9		115.9		60	145	0	0	360	147	0	0	120	92	180	88
1494	100.0	101.0		97.2		0	0	0	0	60	146	60	92	0	0	180	89
1495	240.0	124.2		119.8		120	135	0	0	300	142	0	0	120	122	180	89
1496	140.0	125.1		116.3		60	175	0	0	120	159	0	0	60	104	180	93
1497	200.0	108.0		101.9		0	0	0	0	240	140	0	0	60	100	300	84
1498	160.0	111.6		106.4		60	154	0	0	120	134	60	87	60	117	180	89
1499	100.0	121.4		115.1		0	0	0	0	180	143	0	0	0	0	120	89
