#File created from auswertNew
# Temporary input file:
# tmp20.dat
# Created from repository file
# /home/vwitme/data/workdata/trafficData/Invent_A5/intermediatedata/A5frankfurt_06_01/daten/F20_1106.dat.gz
# Infrastructure description file:
# /home/vwitme/data/workdata/trafficData/Invent_A5/intermediatedata/A5frankfurt_06_01/daten/A5frankfurt_06_01.dsc
#
# Date: 11.06.2001
# Direction: Frankfurt
# Detector cross section 20
# Position (m)= 486.000000
# Number of main lanes=3
# Number of ramp lanes=0
# The lane indices are ordered from left to right
# NOTICE: The time has been increased by 1 hour 
# since summertime was not taken care of  in the original data!
# Velocity averages: Over veh types and lanes, weighted with flow
# vAvg=arithmetic average; vHarm=harmonic average
#===========================================
#t(min)	Qav(/h)	vAvg(km/h)	vHarm(km/h)	Q1car	v1car	Q1truck	v1truck	Q2car	v2car	Q2truck	v2truck	Q3car	v3car	Q3truck	v3truck
60	420.0	111.1		106.9		60	169	0	0	600	127	0	0	180	88	420	90
61	320.0	114.1		110.9		120	154	0	0	360	123	0	0	240	105	240	90
62	260.0	131.3		131.0		60	150	0	0	180	138	0	0	540	127	0	0
63	420.0	113.4		107.7		60	167	0	0	540	137	0	0	60	92	600	89
64	320.0	105.0		101.0		120	140	0	0	180	129	0	0	120	115	540	87
65	400.0	113.5		109.9		180	154	0	0	540	119	0	0	180	94	300	91
66	480.0	109.8		106.3		240	141	0	0	420	123	240	100	60	105	480	88
67	280.0	112.1		108.3		120	132	0	0	300	131	0	0	120	108	300	87
68	320.0	122.4		119.1		120	150	0	0	480	123	0	0	180	137	180	88
69	600.0	106.7		103.8		240	133	0	0	660	119	120	94	120	107	660	87
70	440.0	110.5		106.8		120	138	0	0	480	131	120	87	240	98	360	90
71	380.0	110.6		104.7		120	147	0	0	300	143	60	90	60	122	600	88
72	400.0	110.2		105.2		120	157	0	0	480	126	60	87	60	106	480	86
73	480.0	116.6		114.3		240	129	0	0	480	134	60	100	300	107	360	96
74	200.0	101.1		100.2		0	0	0	0	300	110	0	0	180	95	120	88
75	680.0	103.9		99.6		180	153	0	0	540	127	60	100	60	90	1200	87
76	640.0	109.8		105.2		120	146	0	0	780	132	0	0	60	98	960	88
77	420.0	109.8		105.8		120	144	0	0	420	123	0	0	240	119	480	85
78	240.0	112.5		108.0		60	151	0	0	240	137	0	0	0	0	420	93
79	280.0	109.4		105.7		0	0	0	0	360	132	0	0	60	109	420	90
80	380.0	102.5		99.5		60	153	0	0	360	121	0	0	0	0	720	89
81	480.0	104.0		99.7		120	148	0	0	420	128	0	0	60	87	840	87
82	320.0	119.3		114.1		60	151	0	0	360	138	0	0	240	125	300	86
83	220.0	100.2		98.8		0	0	0	0	120	121	60	94	120	110	360	91
84	220.0	107.2		102.6		60	184	0	0	0	0	60	113	120	119	420	92
85	200.0	138.9		129.6		60	200	0	0	300	159	0	0	120	103	120	94
86	240.0	106.0		103.1		0	0	0	0	240	132	0	0	120	99	360	91
87	320.0	102.2		100.0		60	135	0	0	300	118	0	0	60	109	540	89
88	400.0	105.9		102.6		180	141	0	0	300	121	60	88	60	102	600	90
89	280.0	106.2		104.5		0	0	0	0	300	121	0	0	240	108	300	90
90	360.0	107.7		105.5		60	132	0	0	480	121	60	96	60	105	420	91
91	540.0	114.0		109.1		240	153	0	0	660	127	0	0	0	0	720	89
92	400.0	107.9		103.2		300	138	0	0	180	126	180	91	60	129	480	86
93	260.0	112.8		108.7		60	122	0	0	360	134	0	0	0	0	360	90
94	380.0	104.1		100.7		60	138	0	0	360	127	60	88	60	109	600	88
95	500.0	109.9		107.0		120	134	0	0	600	127	60	97	180	101	540	90
96	280.0	94.0		92.7		0	0	0	0	120	124	0	0	120	89	600	89
97	300.0	102.3		99.4		60	138	0	0	300	120	0	0	120	97	420	86
98	400.0	105.9		101.6		120	138	0	0	300	133	120	104	60	109	600	86
99	260.0	108.3		102.1		60	120	0	0	240	148	180	87	0	0	300	87
100	340.0	106.4		103.0		60	125	0	0	300	129	60	92	120	121	480	88
101	180.0	105.9		105.0		0	0	0	0	120	121	0	0	360	104	60	87
102	520.0	109.8		105.9		120	153	0	0	600	127	120	90	120	105	600	89
103	420.0	102.4		97.8		180	156	0	0	180	120	240	91	60	78	600	88
104	240.0	127.0		117.3		120	189	0	0	240	147	0	0	0	0	360	93
105	460.0	95.8		93.3		120	152	0	0	120	110	60	78	0	0	1080	89
106	380.0	110.1		105.1		60	148	0	0	420	130	0	0	60	154	600	88
107	240.0	104.6		100.3		60	184	0	0	180	106	0	0	60	123	420	90
108	400.0	110.5		100.7		180	186	0	0	120	166	0	0	0	0	900	88
109	340.0	98.8		96.6		60	161	0	0	240	106	0	0	120	102	600	89
110	320.0	106.6		104.1		60	138	0	0	240	114	0	0	300	118	360	87
111	160.0	105.0		100.5		60	156	0	0	0	0	0	0	120	122	300	88
112	320.0	105.9		101.8		0	0	0	0	360	134	0	0	0	0	600	89
113	440.0	104.4		101.4		300	124	0	0	300	124	0	0	0	0	720	88
114	300.0	98.5		95.0		60	158	0	0	120	132	0	0	0	0	720	88
115	340.0	110.5		106.7		0	0	0	0	420	130	0	0	180	120	420	87
116	180.0	108.4		103.2		120	151	0	0	60	110	0	0	60	124	300	88
117	120.0	104.2		99.7		0	0	0	0	60	129	0	0	60	144	240	88
118	240.0	115.1		110.2		240	129	0	0	180	129	60	91	60	141	180	82
119	220.0	120.7		116.7		240	133	0	0	240	133	0	0	0	0	180	88
120	340.0	106.0		104.1		240	118	0	0	240	118	0	0	180	110	360	88
121	280.0	113.2		108.6		120	139	0	0	300	127	0	0	60	144	360	88
122	320.0	109.1		101.4		120	160	0	0	180	155	60	91	0	0	600	87
123	280.0	112.4		109.3		60	142	0	0	300	130	60	90	240	107	180	88
124	420.0	108.9		102.8		240	155	0	0	300	125	120	92	60	83	540	86
125	340.0	112.7		107.4		240	144	0	0	240	125	60	92	60	139	420	87
126	280.0	125.8		120.0		180	161	0	0	300	136	0	0	120	119	240	90
127	280.0	101.7		97.8		0	0	0	0	300	130	0	0	0	0	540	86
128	320.0	108.9		103.9		0	0	60	116	360	139	0	0	0	0	540	88
129	220.0	114.5		108.3		0	0	0	0	240	141	0	0	120	133	300	86
130	200.0	107.2		100.4		120	142	0	0	120	142	0	0	0	0	360	84
131	160.0	119.0		114.7		60	161	0	0	180	131	0	0	60	119	180	93
132	300.0	107.5		104.6		0	0	0	0	240	130	60	104	240	115	360	88
133	320.0	100.2		95.9		180	148	0	0	60	115	60	88	0	0	660	87
134	360.0	102.7		98.9		60	180	0	0	300	120	60	90	120	89	540	89
135	200.0	107.1		103.8		0	0	0	0	180	138	60	89	120	92	240	96
136	200.0	97.0		95.9		0	0	0	0	60	133	0	0	0	0	540	93
137	300.0	107.5		102.3		60	139	0	0	240	144	60	87	60	98	480	89
138	320.0	105.1		102.1		60	161	0	0	300	121	0	0	60	97	540	91
139	380.0	98.3		96.3		60	151	0	0	240	114	120	90	60	90	660	90
140	360.0	100.3		97.4		0	0	0	0	300	129	0	0	120	102	660	87
141	340.0	97.8		95.2		60	135	0	0	180	128	0	0	0	0	780	88
142	260.0	112.7		105.6		60	167	0	0	240	130	0	0	60	169	420	87
143	380.0	112.7		109.8		60	134	0	0	540	125	0	0	180	118	360	88
144	240.0	121.8		118.8		0	0	0	0	360	137	0	0	240	116	120	88
145	500.0	102.9		100.1		300	124	0	0	300	124	0	0	60	100	840	88
146	260.0	111.9		110.0		180	129	0	0	240	122	0	0	300	98	60	90
147	220.0	117.8		110.3		60	156	0	0	300	142	0	0	0	0	300	86
148	420.0	111.3		106.1		180	147	0	0	360	133	60	92	60	126	600	88
149	300.0	97.8		96.5		0	0	0	0	240	117	120	99	0	0	540	89
150	440.0	107.2		104.8		360	121	0	0	360	121	0	0	120	101	480	88
151	340.0	111.1		107.5		180	144	0	0	420	119	0	0	60	90	360	89
152	160.0	143.1		134.6		60	225	0	0	240	141	0	0	120	136	60	84
153	260.0	105.2		102.0		60	139	0	0	240	108	0	0	60	160	420	91
154	320.0	114.0		107.6		60	173	0	0	300	141	60	89	60	137	480	90
155	300.0	103.9		100.6		120	140	0	0	180	121	60	86	60	118	480	89
156	260.0	107.7		103.4		0	0	0	0	300	133	60	85	60	122	360	88
157	220.0	101.3		99.3		0	0	0	0	180	126	0	0	0	0	480	92
158	220.0	112.7		108.3		60	173	0	0	180	124	0	0	120	120	300	91
159	260.0	113.5		108.2		60	173	0	0	180	134	60	89	240	117	240	86
160	280.0	111.9		106.4		60	167	0	0	300	132	0	0	60	123	420	88
161	180.0	114.8		107.0		120	162	0	0	60	117	60	90	60	150	240	88
162	220.0	98.1		95.3		0	0	0	0	60	150	60	91	60	126	480	89
163	200.0	105.9		101.5		0	0	0	0	120	146	60	88	60	133	360	91
164	240.0	97.4		94.9		0	0	0	0	120	138	60	92	0	0	540	89
165	280.0	107.8		104.2		60	150	0	0	360	123	60	93	0	0	360	88
166	140.0	92.0		91.0		0	0	0	0	120	108	60	88	0	0	240	85
167	280.0	103.6		100.3		60	128	0	0	240	129	60	102	0	0	480	88
168	40.0	99.5		96.8		0	0	0	0	0	0	0	0	60	116	60	83
169	80.0	105.2		98.2		60	160	0	0	0	0	0	0	0	0	180	87
170	140.0	127.6		123.1		60	160	0	0	180	131	0	0	120	129	60	82
171	280.0	108.4		103.4		120	160	0	0	180	122	60	90	120	110	360	87
172	360.0	108.4		102.4		0	0	0	0	420	142	0	0	0	0	660	87
173	260.0	101.7		99.5		120	115	0	0	120	115	0	0	60	142	480	90
174	200.0	112.9		108.4		60	173	0	0	180	119	0	0	60	134	300	93
175	180.0	104.6		99.6		60	163	0	0	120	125	0	0	0	0	360	88
176	320.0	103.9		99.1		120	149	0	0	300	121	60	87	0	0	480	84
177	300.0	114.7		110.9		60	148	0	0	420	131	0	0	60	109	360	91
178	320.0	101.2		98.2		0	0	0	0	360	125	0	0	0	0	600	87
179	220.0	114.5		112.5		0	0	0	0	240	128	0	0	240	118	180	92
180	220.0	105.6		102.5		0	0	0	0	240	129	0	0	60	112	360	89
181	240.0	101.9		99.0		0	0	0	0	120	124	0	0	180	122	420	87
182	340.0	126.0		116.1		240	177	0	0	300	142	60	101	0	0	420	89
183	340.0	113.7		109.0		120	164	0	0	420	125	0	0	60	100	420	90
184	240.0	103.0		98.1		60	128	0	0	180	140	0	0	0	0	480	86
185	340.0	110.2		105.0		120	152	0	0	300	134	120	90	120	99	360	87
186	200.0	123.6		118.5		60	161	0	0	240	142	60	102	60	126	180	93
187	280.0	112.4		107.3		180	149	0	0	240	126	0	0	0	0	420	89
188	380.0	107.6		103.2		60	139	0	0	180	126	120	90	300	132	480	86
189	260.0	110.5		106.2		0	0	0	0	300	137	60	111	60	106	360	89
190	360.0	108.0		104.9		360	124	0	0	240	124	120	88	0	0	360	88
191	260.0	114.7		111.4		240	129	0	0	240	129	0	0	60	103	240	89
192	420.0	106.5		104.0		240	133	0	0	360	116	60	88	180	97	420	90
193	360.0	111.9		107.0		180	136	0	0	360	135	0	0	120	94	420	87
194	240.0	118.4		112.4		180	141	0	0	180	141	0	0	60	135	300	88
195	120.0	106.3		100.4		60	145	0	0	60	145	0	0	0	0	240	87
196	280.0	107.7		102.9		60	158	0	0	240	131	60	86	120	112	360	86
197	300.0	103.3		99.4		60	167	0	0	180	127	60	93	120	102	480	88
198	320.0	110.2		106.3		60	173	0	0	480	121	0	0	0	0	420	89
199	320.0	109.9		106.8		60	153	0	0	180	136	120	97	240	113	360	92
200	300.0	115.9		112.1		120	147	0	0	480	125	0	0	0	0	300	89
201	220.0	118.9		116.0		60	154	0	0	240	130	0	0	240	114	120	89
202	380.0	104.9		101.9		60	144	0	0	360	126	60	103	60	90	600	90
203	320.0	106.4		102.2		60	173	0	0	300	126	0	0	0	0	600	90
204	340.0	108.7		102.9		120	183	0	0	120	125	180	109	60	104	540	89
205	220.0	113.2		108.0		60	177	0	0	240	129	0	0	0	0	360	92
206	420.0	104.0		101.3		120	134	0	0	360	123	120	96	120	92	540	89
207	200.0	103.9		100.9		0	0	0	0	240	126	0	0	60	95	300	88
208	280.0	124.7		118.5		120	182	0	0	360	131	0	0	120	118	240	90
209	200.0	111.3		107.9		60	123	0	0	300	121	0	0	60	133	180	84
210	180.0	96.3		94.2		0	0	0	0	60	142	60	102	0	0	420	89
211	160.0	119.0		115.1		120	134	0	0	120	134	0	0	120	122	120	86
212	200.0	136.2		131.1		120	168	0	0	180	140	0	0	180	140	120	93
213	280.0	104.4		101.6		120	133	0	0	240	117	60	82	60	111	360	89
214	240.0	104.7		100.8		0	0	0	0	240	135	0	0	120	91	360	89
215	180.0	113.2		108.8		120	144	0	0	60	144	60	86	180	107	120	90
216	260.0	123.8		118.9		180	154	0	0	300	132	0	0	120	112	180	88
217	240.0	105.3		103.0		0	0	0	0	240	127	0	0	120	105	360	91
218	300.0	108.9		104.4		60	150	0	0	360	130	120	89	60	86	300	88
219	200.0	109.2		104.3		0	0	0	0	240	137	0	0	60	109	300	87
220	240.0	118.8		110.4		180	154	0	0	60	142	120	88	120	149	240	87
221	320.0	109.7		104.9		240	144	0	0	60	129	180	100	60	134	420	88
222	320.0	119.0		112.7		180	165	0	0	240	135	120	91	120	116	300	91
223	320.0	114.6		109.1		240	147	0	0	180	139	0	0	0	0	540	92
224	380.0	128.6		123.1		180	160	0	0	420	139	60	94	240	135	240	89
225	280.0	114.6		110.2		120	157	0	0	360	124	0	0	0	0	360	91
226	260.0	110.8		106.9		0	0	0	0	360	133	120	87	120	101	180	89
227	400.0	108.7		104.4		60	154	0	0	480	130	0	0	0	0	660	89
228	440.0	108.8		103.7		60	171	0	0	420	136	0	0	60	113	780	89
229	200.0	127.1		125.4		0	0	0	0	420	133	0	0	120	125	60	90
230	320.0	114.4		110.5		120	157	0	0	360	127	0	0	60	97	420	94
231	380.0	107.6		104.0		240	143	0	0	240	118	0	0	0	0	660	91
232	440.0	122.0		118.0		240	158	0	0	540	129	0	0	180	109	360	94
233	360.0	98.1		95.8		0	0	0	0	300	122	0	0	60	111	720	87
234	280.0	122.8		118.0		240	155	0	0	180	120	60	91	180	124	180	92
235	400.0	108.1		104.5		60	146	0	0	420	129	0	0	60	123	660	90
236	360.0	102.6		99.4		60	138	0	0	300	128	0	0	0	0	720	89
237	460.0	106.7		102.6		180	149	0	0	300	123	60	100	240	108	600	86
238	320.0	111.6		104.7		60	180	0	0	360	137	0	0	0	0	540	87
239	280.0	113.1		108.3		60	142	0	0	300	133	0	0	60	146	420	90
240	240.0	102.0		99.8		0	0	0	0	240	122	60	86	120	105	300	88
241	400.0	109.2		105.0		240	134	0	0	240	134	0	0	180	110	540	87
242	340.0	118.2		114.6		360	127	0	0	360	127	0	0	60	146	240	85
243	300.0	125.2		121.2		360	135	0	0	360	135	0	0	120	86	60	86
244	500.0	122.7		119.6		480	135	0	0	480	135	0	0	300	111	240	88
245	420.0	123.2		119.9		420	136	0	0	420	136	0	0	240	105	180	88
246	200.0	119.0		113.9		60	154	0	0	300	133	0	0	60	113	180	86
247	280.0	122.3		119.9		0	0	0	0	360	135	60	116	300	122	120	88
248	320.0	125.9		121.3		60	175	0	0	600	137	0	0	0	0	300	94
249	320.0	110.4		106.1		180	142	0	0	300	120	0	0	60	132	420	87
250	180.0	115.8		112.6		60	144	0	0	300	125	0	0	0	0	180	91
251	160.0	133.1		127.3		60	202	0	0	120	134	0	0	240	127	60	87
252	220.0	105.8		103.0		0	0	0	0	240	126	0	0	60	120	360	90
253	260.0	117.6		112.3		60	171	0	0	240	137	0	0	120	129	360	92
254	300.0	117.7		113.7		60	171	0	0	420	130	0	0	240	105	180	88
255	180.0	107.2		101.7		0	0	0	0	240	135	0	0	0	0	300	85
256	400.0	109.0		104.7		300	137	0	0	360	120	120	87	120	91	300	84
257	280.0	119.4		114.5		60	145	0	0	420	136	0	0	60	130	300	89
258	300.0	122.9		118.6		300	153	0	0	240	115	0	0	240	111	120	87
259	280.0	124.7		116.8		120	183	0	0	240	140	0	0	240	120	240	85
260	280.0	113.4		107.4		0	0	0	0	300	136	60	85	120	147	360	88
261	260.0	122.2		118.3		120	146	0	0	360	131	0	0	120	123	180	88
262	360.0	116.5		113.4		60	146	0	0	660	127	60	88	120	101	180	88
263	280.0	104.1		100.9		0	0	0	0	360	126	0	0	60	86	420	88
264	540.0	114.2		109.8		120	141	0	0	900	129	60	84	0	0	540	87
265	400.0	114.6		109.7		180	146	0	0	360	131	60	92	120	132	480	89
266	420.0	116.9		112.9		180	143	0	0	480	127	60	116	120	135	420	89
267	320.0	128.5		121.7		120	193	0	0	480	135	0	0	120	115	240	90
268	280.0	128.0		124.8		0	0	0	0	540	137	0	0	180	129	120	86
269	700.0	124.0		119.7		660	149	0	0	780	127	0	0	180	110	480	90
270	480.0	128.8		125.4		240	153	0	0	780	135	0	0	180	120	240	91
271	400.0	118.2		115.1		0	0	0	0	480	134	0	0	420	121	300	89
272	480.0	116.8		112.6		120	143	0	0	720	132	0	0	120	115	480	88
273	220.0	108.9		105.1		0	0	0	0	240	134	0	0	120	111	300	88
274	200.0	123.9		117.7		120	153	0	0	300	135	0	0	0	0	180	86
275	300.0	114.4		109.3		60	145	0	0	360	138	60	82	60	115	360	91
276	560.0	120.8		113.9		360	169	0	0	720	124	0	0	0	0	600	88
277	380.0	133.2		129.9		180	167	0	0	600	135	0	0	240	125	120	90
278	300.0	115.5		110.8		180	142	0	0	300	132	60	92	60	115	300	88
279	340.0	130.3		123.8		240	169	0	0	420	134	0	0	60	141	300	92
280	440.0	115.9		111.8		180	159	0	0	420	114	0	0	300	129	420	90
281	440.0	114.0		108.7		120	148	0	0	480	136	60	88	120	122	540	88
282	500.0	118.6		116.1		360	142	0	0	660	120	0	0	180	113	300	91
283	480.0	118.9		114.9		60	151	0	0	600	135	60	92	360	122	360	88
284	460.0	110.5		105.8		120	166	0	0	480	126	120	97	120	112	540	87
285	480.0	117.2		112.2		300	152	0	0	360	121	60	102	240	130	480	88
286	740.0	123.5		118.5		840	151	0	0	720	117	60	90	120	125	480	89
287	400.0	120.8		118.2		120	135	0	0	780	129	60	109	60	90	180	90
288	460.0	131.7		130.2		60	171	0	0	900	134	0	0	360	127	60	86
289	540.0	127.5		125.0		240	162	0	0	780	130	60	115	420	115	120	92
290	220.0	122.0		119.3		60	126	0	0	240	131	60	105	180	135	120	91
291	640.0	119.9		113.3		480	160	0	0	600	129	60	96	0	0	780	90
292	600.0	116.4		111.4		180	142	0	0	780	133	0	0	120	141	720	88
293	240.0	124.2		122.3		0	0	0	0	300	130	0	0	300	131	120	93
294	560.0	115.0		111.6		360	143	0	0	600	123	0	0	300	102	420	89
295	720.0	113.7		108.9		480	149	0	0	660	124	0	0	60	96	960	90
296	420.0	116.1		111.6		120	150	0	0	540	134	0	0	120	106	480	90
297	380.0	124.2		121.9		60	173	0	0	660	129	0	0	300	118	120	89
298	540.0	118.8		114.9		240	154	0	0	540	126	0	0	360	123	480	90
299	600.0	119.2		114.3		180	164	0	0	720	135	0	0	300	113	600	90
300	560.0	113.4		109.3		300	148	0	0	660	122	0	0	60	115	660	89
301	520.0	119.3		116.9		300	141	0	0	600	121	0	0	420	120	240	87
302	580.0	133.6		126.5		480	169	0	0	720	134	0	0	180	133	360	86
303	580.0	122.1		114.9		120	152	0	0	720	149	0	0	300	118	600	86
304	640.0	114.8		109.0		300	153	0	0	780	129	0	0	60	113	780	86
305	560.0	124.9		119.6		240	162	0	0	840	134	0	0	240	114	360	86
306	420.0	120.3		116.5		120	164	0	0	360	129	0	0	540	120	240	86
307	840.0	116.3		114.4		720	129	0	0	1140	120	0	0	300	107	360	87
308	600.0	119.2		116.5		240	145	0	0	1020	124	0	0	240	113	300	87
309	600.0	126.0		121.8		360	154	0	0	720	135	0	0	480	112	240	85
310	460.0	125.4		121.5		0	0	0	0	780	140	0	0	240	128	360	92
311	560.0	116.4		112.4		180	148	0	0	840	125	0	0	120	137	540	88
312	820.0	117.6		113.2		660	144	0	0	840	123	120	88	240	117	600	87
313	780.0	120.8		115.3		660	156	0	0	780	124	0	0	480	94	420	90
314	640.0	120.8		117.0		360	144	0	0	900	127	0	0	240	124	420	86
315	740.0	130.3		124.0		600	163	0	0	780	137	60	88	300	122	480	89
316	820.0	119.7		116.5		300	138	0	0	1200	130	0	0	480	116	480	86
317	760.0	123.1		118.8		720	149	0	0	840	122	0	0	300	116	420	86
318	680.0	117.4		113.8		660	140	0	0	600	123	60	85	300	103	420	89
319	480.0	122.8		117.7		300	153	0	0	480	130	0	0	300	125	360	86
320	520.0	119.8		115.8		180	150	0	0	660	136	60	96	360	104	300	90
321	660.0	121.5		118.6		660	138	0	0	900	123	0	0	120	109	300	86
322	1000.0	120.4		115.5		1020	147	0	0	1020	123	60	97	300	95	600	86
323	620.0	129.4		123.7		600	156	0	0	840	131	0	0	0	0	420	88
324	960.0	122.7		118.6		840	147	0	0	1200	127	0	0	60	109	780	91
325	740.0	122.6		118.8		660	146	0	0	840	126	0	0	240	114	480	89
326	580.0	126.4		122.9		360	156	0	0	720	128	0	0	420	121	240	87
327	760.0	117.1		110.9		600	152	0	0	720	127	120	87	60	99	780	87
328	720.0	129.7		125.8		540	160	0	0	1020	129	0	0	360	114	240	88
329	940.0	136.5		134.6		960	154	0	0	1200	134	0	0	540	120	120	95
330	1000.0	120.3		116.2		780	150	0	0	1260	121	0	0	240	114	720	89
331	820.0	126.2		123.4		420	152	0	0	1140	130	0	0	600	120	300	88
332	1160.0	120.6		117.1		1020	143	0	0	1560	123	0	0	180	104	720	88
333	1520.0	122.0		117.4		1680	145	0	0	1620	123	60	109	120	108	1080	87
334	1100.0	117.9		114.6		1140	141	0	0	1380	114	0	0	240	100	540	87
335	960.0	122.2		118.3		660	149	0	0	1020	132	0	0	720	106	480	89
336	900.0	125.6		121.1		900	150	0	0	960	127	0	0	360	112	480	87
337	1260.0	115.1		111.2		1500	138	0	0	1140	112	0	0	0	0	1140	88
338	1220.0	124.2		122.3		1440	138	0	0	1380	122	0	0	540	113	300	88
339	1000.0	119.4		113.6		840	145	0	0	1140	130	0	0	60	109	960	85
340	1360.0	119.0		116.4		1440	138	0	0	1800	116	0	0	300	104	540	87
341	1620.0	115.7		112.1		1800	136	0	0	1620	117	60	113	120	84	1260	88
342	680.0	114.7		111.8		660	138	0	0	660	111	0	0	300	109	420	88
343	1020.0	127.5		123.5		1320	146	0	0	900	127	60	109	540	106	240	80
344	1500.0	119.2		114.7		1920	140	0	0	1500	117	0	0	60	88	1020	85
345	1160.0	119.2		115.2		1260	144	0	0	1320	114	0	0	60	133	840	89
346	1260.0	112.4		109.6		1320	133	0	0	1380	111	60	104	120	90	900	88
347	1300.0	118.0		113.8		1500	139	0	0	1320	119	60	107	120	96	900	85
348	1300.0	115.6		113.0		1680	132	0	0	1260	110	0	0	300	113	660	86
349	900.0	123.8		120.4		840	148	0	0	1140	122	0	0	360	110	360	87
350	1220.0	130.9		130.1		1260	142	0	0	1440	131	0	0	960	116	0	0
351	1420.0	116.2		112.0		1740	138	0	0	1320	115	0	0	0	0	1200	86
352	1540.0	109.6		106.6		1740	125	0	0	1500	115	0	0	60	88	1320	84
353	1420.0	113.7		111.0		1800	131	0	0	1440	109	60	117	300	95	660	85
354	1340.0	114.9		111.2		1320	141	0	0	1500	111	180	108	120	96	900	87
355	1640.0	115.5		112.2		1980	133	0	0	1800	115	0	0	240	97	900	83
356	960.0	121.4		119.0		960	137	0	0	1140	123	0	0	420	112	360	86
357	1220.0	124.0		121.5		1380	141	0	0	1440	122	0	0	480	108	360	88
358	1300.0	120.0		117.8		1380	138	0	0	1620	116	0	0	540	107	360	88
359	1140.0	122.1		120.1		1200	141	0	0	1020	118	180	109	840	110	180	88
360	1680.0	113.9		110.4		2040	133	0	0	1680	113	0	0	120	90	1200	85
361	1200.0	124.9		122.2		1020	144	0	0	1560	128	120	110	540	108	360	88
362	1400.0	119.4		116.4		1380	139	0	0	1740	121	0	0	600	95	480	88
363	1060.0	116.3		113.4		1080	136	0	0	1260	116	0	0	360	97	480	87
364	1520.0	115.0		113.7		1980	126	0	0	1980	111	0	0	240	101	360	86
365	1920.0	114.5		112.7		2580	127	0	0	2100	111	60	119	180	98	840	88
366	1140.0	121.6		118.5		1140	141	0	0	1500	122	0	0	300	101	480	87
367	1340.0	116.7		114.7		1860	128	0	0	1440	115	0	0	120	109	600	87
368	1620.0	114.7		113.4		2160	122	0	0	1740	118	0	0	300	98	660	90
369	1720.0	115.2		113.3		1980	128	0	0	2100	115	0	0	480	101	600	85
370	1580.0	119.0		117.4		1980	131	0	0	1800	117	60	111	420	105	480	90
371	1040.0	121.2		120.3		840	130	0	0	1440	125	60	104	720	108	60	85
372	960.0	119.0		116.9		900	130	0	0	1260	124	0	0	360	107	360	86
373	1720.0	118.4		115.9		2100	134	0	0	2040	115	0	0	480	104	540	83
374	1440.0	119.4		117.7		1800	134	0	0	1380	116	60	94	900	104	180	86
375	1680.0	113.5		110.6		1860	131	0	0	1920	114	0	0	60	105	1200	86
376	1320.0	117.9		115.2		1260	138	0	0	1560	118	60	107	600	102	480	86
377	1580.0	119.3		117.4		2040	132	0	0	1920	116	0	0	360	102	420	87
378	1300.0	120.7		117.9		1260	140	0	0	1560	122	60	118	420	104	600	89
379	1660.0	120.2		118.7		2220	132	0	0	1920	117	0	0	360	104	480	91
380	2100.0	111.3		110.0		2760	123	0	0	2220	107	0	0	780	99	540	87
381	1760.0	117.7		116.5		2040	128	0	0	2220	117	0	0	780	104	240	82
382	1740.0	114.0		111.8		1980	128	0	0	2040	115	0	0	420	93	780	87
383	1480.0	118.6		117.0		1680	133	0	0	1620	117	0	0	960	102	180	87
384	1280.0	124.1		123.0		1500	135	0	0	1380	121	0	0	840	115	120	86
385	1880.0	110.5		108.4		2340	124	0	0	2220	108	60	111	240	87	780	84
386	1880.0	110.4		108.5		2520	122	0	0	1860	110	60	104	180	86	1020	87
387	2260.0	109.8		108.5		3300	120	0	0	2220	105	60	103	480	98	720	86
388	2040.0	111.2		109.1		2340	128	0	0	2400	108	0	0	300	90	1080	88
389	1600.0	112.4		111.2		1980	123	0	0	1980	111	0	0	360	95	480	88
390	2000.0	106.5		104.9		2700	117	0	0	1860	107	0	0	480	93	960	83
391	2300.0	105.7		105.3		3060	111	0	0	2400	105	60	117	780	100	600	88
392	2080.0	112.6		111.7		2700	122	0	0	2220	111	0	0	900	99	420	90
393	1500.0	112.6		110.6		1680	127	0	0	1920	111	0	0	300	97	600	85
394	2220.0	110.0		109.3		3120	117	0	0	2340	108	0	0	780	100	420	87
395	1540.0	114.0		113.1		1920	123	0	0	1800	112	0	0	780	101	120	83
396	2060.0	108.3		107.4		2820	116	0	0	1980	108	180	88	720	99	480	86
397	2100.0	105.8		105.0		2700	113	0	0	2340	106	0	0	600	94	660	86
398	2080.0	105.2		104.8		2880	109	0	0	2160	107	0	0	600	99	600	87
399	2100.0	101.7		101.5		2400	104	0	0	2460	103	0	0	1200	98	240	84
400	2040.0	112.7		112.0		2880	121	0	0	2040	109	120	109	960	99	120	89
401	1980.0	113.3		112.5		2580	123	0	0	2100	110	0	0	1140	100	120	91
402	1720.0	106.7		106.1		2220	113	0	0	1800	107	0	0	840	96	300	88
403	1840.0	108.2		107.8		2640	114	0	0	1860	106	0	0	780	99	240	91
404	1880.0	109.4		108.8		2640	116	0	0	2100	106	0	0	660	102	240	86
405	1660.0	112.6		112.0		2220	119	0	0	1860	112	0	0	600	102	300	90
406	2040.0	114.5		113.7		2820	122	0	0	2220	113	0	0	720	102	360	90
407	1620.0	116.4		115.9		2340	123	0	0	1740	112	0	0	660	109	120	91
408	1540.0	111.6		109.7		1860	127	0	0	1860	107	0	0	300	94	600	87
409	2180.0	115.8		114.8		3060	126	0	0	2220	111	0	0	1080	101	180	91
410	1580.0	115.1		113.9		2040	125	0	0	1620	114	60	108	780	101	240	85
411	2040.0	106.8		106.1		2640	115	0	0	2340	104	0	0	720	97	420	87
412	1820.0	112.9		111.2		2340	125	0	0	1920	111	0	0	420	100	780	88
413	1880.0	114.6		114.0		2640	121	0	0	2040	111	0	0	600	113	360	91
414	1800.0	109.5		108.0		2160	123	0	0	2160	106	60	93	480	92	540	87
415	1720.0	111.7		110.4		2640	119	0	0	1680	112	0	0	240	90	600	87
416	1840.0	110.8		109.0		2280	123	0	0	2220	110	0	0	420	86	600	85
417	1880.0	112.0		110.9		2400	123	0	0	1920	109	0	0	840	102	480	87
418	1780.0	112.7		111.9		2040	123	0	0	2040	111	0	0	1080	100	180	91
419	1640.0	117.3		116.5		2100	127	0	0	2040	112	0	0	600	110	180	89
420	1800.0	111.4		110.5		2280	119	0	0	1800	112	60	106	840	102	420	87
421	1740.0	112.0		111.0		2400	121	0	0	1800	109	60	114	720	98	240	85
422	1920.0	113.0		112.2		2460	121	0	0	2100	112	60	109	840	101	300	89
423	1740.0	114.9		114.1		2280	124	0	0	1980	112	0	0	720	102	240	92
424	1940.0	105.1		104.3		2040	116	0	0	2280	102	0	0	1080	98	420	87
425	1800.0	108.0		107.5		2400	114	0	0	2040	107	0	0	720	98	240	86
426	2000.0	114.5		113.6		2760	124	0	0	1740	111	0	0	1320	103	180	87
427	2000.0	107.6		106.8		2640	116	0	0	2220	105	60	88	660	96	420	89
428	1920.0	109.5		108.3		2340	121	0	0	2160	107	120	104	600	95	540	87
429	2060.0	114.4		113.6		2460	124	0	0	2520	112	60	110	900	102	240	89
430	1680.0	111.2		110.3		2220	121	0	0	1440	109	60	119	720	101	600	92
431	1880.0	115.8		114.8		2460	126	0	0	1920	112	120	108	720	106	420	92
432	1320.0	117.8		116.2		1500	132	0	0	1680	114	60	102	300	110	420	90
433	2100.0	107.2		105.5		2580	120	0	0	2220	105	120	101	720	93	660	81
434	2240.0	112.3		111.9		3000	118	0	0	2280	110	0	0	1260	106	180	89
435	1940.0	105.4		104.6		2580	113	0	0	1920	105	60	109	540	96	720	86
436	2180.0	105.4		104.8		2760	114	60	111	2280	102	0	0	1140	95	300	91
437	2320.0	110.2		108.7		2880	122	0	0	2400	108	0	0	1260	97	420	81
438	2120.0	104.8		104.1		2700	115	0	0	2040	99	60	99	1200	97	360	89
439	2040.0	109.1		108.8		2820	114	0	0	2160	108	0	0	900	102	240	89
440	1900.0	109.3		108.1		2400	120	0	0	2160	107	60	90	540	95	540	87
441	1780.0	115.5		114.5		2460	126	0	0	1560	110	60	111	1080	104	180	90
442	2080.0	108.9		107.4		2580	121	0	0	2160	108	0	0	720	92	780	87
443	2160.0	106.1		105.8		3300	110	0	0	2160	103	0	0	840	103	180	86
444	1700.0	110.5		109.1		2100	122	0	0	1800	110	0	0	960	93	240	84
445	1480.0	113.7		112.1		1800	126	0	0	1560	113	60	103	660	96	360	89
446	1880.0	111.9		110.9		2340	121	0	0	1800	112	60	109	1200	99	240	87
447	1740.0	112.3		111.0		1860	125	0	0	1980	111	60	106	1080	99	240	85
448	1300.0	110.3		109.1		1440	122	0	0	1620	109	0	0	540	96	300	87
449	1660.0	107.4		106.6		2040	115	0	0	1980	107	0	0	540	96	420	87
450	1980.0	110.6		110.0		2280	119	0	0	2100	110	0	0	1440	100	120	89
451	1880.0	107.1		106.6		2460	114	0	0	2100	105	0	0	720	98	360	90
452	1780.0	113.9		113.2		2220	122	0	0	1860	113	0	0	1200	101	60	96
453	1600.0	116.0		115.4		2220	121	0	0	1800	116	0	0	600	106	180	87
454	1740.0	114.2		112.9		2280	124	0	0	1980	112	60	109	360	108	540	86
455	1560.0	112.4		110.7		2100	125	0	0	1500	110	0	0	720	94	360	86
456	1600.0	112.9		111.5		2220	124	0	0	1500	111	0	0	660	96	420	88
457	1860.0	109.8		109.1		2640	117	0	0	2100	107	0	0	600	98	240	85
458	1940.0	110.3		109.6		2460	119	0	0	2220	108	0	0	660	100	480	91
459	1580.0	111.8		110.8		1860	120	0	0	2100	112	0	0	300	98	480	88
460	1820.0	111.9		111.0		2340	122	0	0	1800	109	60	110	960	99	300	92
461	2080.0	107.8		106.8		2520	117	120	113	2160	107	0	0	1140	94	300	86
462	1640.0	115.0		114.3		2160	123	0	0	1800	112	0	0	660	107	300	93
463	2000.0	106.4		105.6		2220	117	0	0	2280	104	0	0	1260	96	240	86
464	1520.0	106.9		105.9		1980	117	0	0	1500	104	60	87	780	94	240	88
465	1800.0	106.3		105.1		1920	119	0	0	2100	105	0	0	1140	92	240	84
466	1980.0	105.9		105.2		2400	114	0	0	2220	105	0	0	840	96	480	87
467	1680.0	108.7		108.0		1980	118	0	0	2100	105	0	0	780	100	180	87
468	1820.0	107.1		106.2		2100	117	0	0	2160	105	60	102	720	97	420	86
469	1780.0	101.3		100.7		2520	107	0	0	1920	101	0	0	360	88	540	85
470	1760.0	105.4		103.9		2160	117	0	0	1680	106	0	0	780	91	660	83
471	2120.0	101.3		100.8		2580	108	0	0	2400	100	0	0	1200	92	180	83
472	2040.0	98.4		98.2		2520	103	0	0	2280	97	0	0	1080	93	240	88
473	1840.0	103.3		102.4		2520	113	0	0	1980	98	0	0	480	91	540	88
474	2100.0	104.8		104.6		2760	110	0	0	2280	103	0	0	1020	98	240	92
475	2020.0	107.8		107.0		2640	116	0	0	2040	106	0	0	900	97	480	90
476	1880.0	104.1		103.3		2280	114	0	0	2040	101	0	0	900	94	420	87
477	1780.0	105.9		105.4		2280	112	0	0	1860	105	60	107	960	96	180	89
478	1840.0	106.0		105.5		2340	113	0	0	1860	104	0	0	960	99	360	89
479	1660.0	111.9		110.9		2400	120	0	0	1680	109	60	86	420	107	420	86
480	1880.0	105.7		104.8		2580	114	0	0	1800	104	0	0	720	94	540	87
481	1820.0	111.0		109.9		2280	121	0	0	2100	109	0	0	660	99	420	86
482	1700.0	114.1		113.1		2280	124	0	0	1860	110	60	111	660	100	240	91
483	1780.0	106.3		105.2		2280	117	0	0	1860	103	60	90	660	94	480	87
484	1800.0	106.8		105.5		2160	119	0	0	2040	104	0	0	780	91	420	87
485	1680.0	109.5		108.7		2280	119	0	0	1800	105	60	94	660	97	240	92
486	2020.0	102.8		102.2		2640	110	0	0	2160	100	0	0	960	95	300	84
487	1760.0	106.2		105.7		2400	113	0	0	1680	104	0	0	780	98	420	91
488	1440.0	107.8		106.7		1980	117	0	0	1320	107	60	99	600	94	360	85
489	1740.0	100.9		100.6		2040	106	0	0	2100	101	0	0	900	92	180	86
490	1900.0	97.9		97.5		2340	104	0	0	1800	98	0	0	1200	89	360	87
491	1700.0	106.1		105.4		2220	114	0	0	1920	104	0	0	600	97	360	84
492	1720.0	99.9		99.2		2100	109	0	0	1980	97	0	0	720	88	360	87
493	1540.0	98.2		97.6		1860	106	60	119	1740	94	60	90	600	93	300	82
494	1600.0	98.5		97.7		1860	109	0	0	1800	95	60	94	840	87	240	85
495	1700.0	96.1		95.7		2280	102	0	0	1860	94	0	0	540	88	420	84
496	1400.0	98.4		98.0		1620	106	0	0	1680	95	0	0	780	92	120	84
497	1580.0	79.9		79.7		1980	84	0	0	1500	80	0	0	1020	73	240	75
498	1500.0	87.8		87.4		1800	94	0	0	1560	86	0	0	900	80	240	82
499	1680.0	84.4		84.3		2040	87	0	0	1680	85	0	0	960	81	360	76
500	1580.0	88.5		88.2		1920	94	0	0	1500	86	0	0	840	84	480	82
501	1700.0	87.2		86.8		1860	92	0	0	1980	88	0	0	900	79	360	78
502	1640.0	86.6		86.1		2040	94	0	0	1680	84	0	0	780	79	420	75
503	1640.0	92.4		91.7		1980	102	0	0	1980	87	0	0	660	84	300	83
504	1720.0	94.8		94.1		1920	104	0	0	2040	92	60	105	660	85	480	82
505	1580.0	97.6		96.9		1680	107	0	0	1620	97	0	0	960	88	480	86
506	1820.0	100.0		99.4		2280	107	0	0	1860	99	60	96	1020	89	240	88
507	1660.0	98.0		96.9		1980	110	0	0	1500	95	0	0	1380	85	120	89
508	1700.0	94.6		93.8		1920	105	120	94	1980	90	0	0	540	87	540	82
509	1720.0	97.4		97.0		1860	106	0	0	1860	95	0	0	1200	90	240	87
510	1600.0	94.5		93.9		1620	104	0	0	1680	93	0	0	1200	87	300	81
511	1660.0	94.5		94.4		2100	98	0	0	1680	94	0	0	840	91	360	85
512	1860.0	98.4		98.0		2280	105	0	0	2040	96	120	103	840	90	300	86
513	1680.0	94.1		93.4		2100	102	0	0	1800	92	60	97	600	82	480	82
514	1780.0	95.2		94.7		1920	103	0	0	2160	94	0	0	600	86	660	85
515	1660.0	97.6		97.2		1860	106	0	0	1860	94	0	0	960	91	300	89
516	1920.0	97.9		97.5		2160	104	60	101	2040	98	0	0	1140	89	360	88
517	1440.0	103.1		102.6		1560	111	0	0	1680	102	0	0	780	95	300	89
518	1620.0	99.7		98.9		1920	107	0	0	1920	100	0	0	660	88	360	80
519	1620.0	96.4		96.3		2160	99	0	0	1800	96	0	0	480	91	420	91
520	1820.0	96.8		96.0		2280	106	0	0	1980	94	120	84	540	85	540	83
521	1960.0	100.6		100.2		2280	108	0	0	2100	98	0	0	1140	95	360	87
522	1640.0	98.9		98.4		2100	107	0	0	1740	94	0	0	780	92	300	88
523	1620.0	100.2		99.5		1740	109	0	0	2100	99	0	0	540	87	480	88
524	1660.0	99.8		99.3		2100	106	0	0	1800	98	60	87	540	95	480	86
525	1840.0	97.4		96.5		2220	105	0	0	1860	99	0	0	1080	83	360	85
526	1680.0	106.3		105.4		2160	115	0	0	1800	105	60	99	360	95	660	88
527	1600.0	104.6		103.8		1860	115	0	0	1740	102	120	93	600	93	480	91
528	1720.0	102.0		101.3		2100	112	0	0	1860	97	60	80	480	96	660	91
529	1600.0	104.0		103.7		2040	110	0	0	1680	101	60	106	840	99	180	88
530	1580.0	103.6		103.2		1860	111	0	0	1680	100	60	106	960	98	180	89
531	1540.0	103.7		103.1		1680	114	0	0	1620	99	60	106	1080	97	180	90
532	1600.0	104.5		103.8		2160	113	0	0	1740	100	0	0	600	96	300	86
533	1940.0	101.7		101.2		2520	109	0	0	2160	98	0	0	720	95	420	88
534	1660.0	102.7		102.2		2280	110	0	0	1980	99	0	0	420	91	300	88
535	1580.0	102.8		101.7		2280	112	0	0	1380	101	0	0	420	87	660	85
536	1540.0	103.0		102.8		2040	107	0	0	1680	101	0	0	600	100	300	93
537	1900.0	97.5		97.1		2400	104	0	0	2100	95	0	0	720	91	480	86
538	1740.0	102.4		101.9		2220	109	0	0	1860	101	0	0	660	93	480	90
539	1820.0	103.7		103.3		2040	112	0	0	2100	100	0	0	1140	98	180	90
540	1540.0	105.4		104.7		2100	114	0	0	1620	102	120	95	480	91	300	91
541	1440.0	99.7		98.6		1620	111	0	0	1680	98	0	0	480	90	540	80
542	1580.0	97.9		97.2		1800	107	0	0	1920	96	0	0	600	87	420	83
543	1780.0	98.4		97.6		2100	107	0	0	1800	98	60	93	780	86	600	86
544	1500.0	101.5		101.1		2040	108	60	111	1440	98	60	109	480	91	420	92
545	1460.0	101.6		100.7		1500	114	0	0	1800	98	0	0	780	93	300	84
546	1740.0	98.8		97.2		1920	113	0	0	1500	99	0	0	1500	84	300	81
547	1960.0	93.9		93.6		2220	101	0	0	2160	90	0	0	1140	90	360	86
548	1760.0	98.3		97.6		2100	107	0	0	1740	96	0	0	1080	90	360	83
549	1780.0	101.0		99.7		2340	113	0	0	1740	96	60	96	540	85	660	85
550	1440.0	104.0		103.1		1860	114	0	0	1560	99	0	0	540	96	360	86
551	1660.0	101.4		100.9		1800	110	0	0	1860	99	120	100	660	94	540	90
552	1320.0	96.8		96.2		1740	105	0	0	1380	92	0	0	600	89	240	84
553	1660.0	99.4		98.7		2100	108	0	0	1800	96	0	0	480	91	600	86
554	1680.0	90.2		89.6		2040	99	0	0	1620	86	120	88	720	83	540	80
555	1640.0	92.4		92.2		1980	96	0	0	1620	94	0	0	720	87	600	83
556	1480.0	95.1		94.5		1980	102	0	0	1140	95	0	0	1020	85	300	84
557	1680.0	92.5		92.0		1980	100	0	0	1680	92	0	0	720	83	660	82
558	1620.0	98.3		98.1		2220	102	0	0	1500	97	60	111	600	94	480	89
559	1560.0	105.5		104.7		1920	115	0	0	1560	104	0	0	780	94	420	89
560	1400.0	98.1		97.0		1500	112	0	0	1800	92	60	91	420	92	420	82
561	1720.0	92.6		92.4		2280	96	0	0	1740	93	0	0	600	89	540	81
562	1700.0	96.5		96.1		2220	102	0	0	1800	96	0	0	420	88	660	85
563	1560.0	101.4		100.7		1920	111	0	0	1860	97	0	0	600	93	300	84
564	1440.0	104.0		102.5		1920	115	0	0	1320	103	60	84	660	87	360	83
565	1120.0	101.7		101.1		1320	111	0	0	1260	99	0	0	480	92	300	88
566	1320.0	104.4		103.6		1140	117	60	115	1620	103	0	0	1020	94	120	87
567	1380.0	101.6		100.9		1680	111	0	0	1440	98	60	97	660	93	300	86
568	1280.0	98.9		98.6		1560	104	0	0	1500	98	60	98	420	91	300	88
569	1420.0	99.5		98.4		1620	112	0	0	1260	98	0	0	1080	87	300	84
570	1180.0	98.1		97.5		1320	108	0	0	1320	95	60	99	420	88	420	87
571	1280.0	91.0		90.6		1560	98	0	0	1500	87	0	0	240	86	540	84
572	1660.0	92.2		92.0		2040	97	0	0	1680	90	0	0	1020	88	240	85
573	1400.0	91.9		91.2		1500	100	0	0	1440	93	60	90	420	80	780	81
574	1700.0	89.4		89.2		2280	94	0	0	1440	89	60	89	960	82	360	82
575	1560.0	93.3		92.8		1740	102	0	0	1620	91	0	0	900	85	420	84
576	1640.0	94.8		94.1		1980	103	0	0	1740	94	0	0	1080	83	120	78
577	1540.0	97.3		96.4		1920	107	0	0	1800	94	0	0	600	85	300	79
578	1600.0	98.8		97.4		2040	110	0	0	1440	98	60	100	960	82	300	80
579	1500.0	97.9		97.1		1560	110	0	0	1500	94	60	88	1140	89	240	89
580	1400.0	100.9		99.5		1800	114	0	0	1380	96	0	0	660	86	360	82
581	1420.0	97.1		95.8		1620	110	0	0	1620	94	0	0	600	82	420	81
582	1740.0	91.2		90.8		2460	97	0	0	1440	88	0	0	900	86	420	79
583	1580.0	101.3		100.8		1980	108	0	0	1560	101	0	0	720	94	480	86
584	1660.0	102.5		102.0		2100	110	0	0	1680	99	0	0	780	97	420	89
585	1520.0	100.3		99.7		2100	106	0	0	1260	102	0	0	660	89	540	88
586	1400.0	102.3		101.2		1560	114	0	0	1560	101	0	0	360	88	720	87
587	1180.0	102.0		100.8		1500	114	0	0	1140	97	0	0	540	92	360	83
588	1780.0	101.4		100.3		2280	112	0	0	1920	98	0	0	480	87	660	85
589	1560.0	100.3		99.6		1860	110	0	0	1740	97	0	0	600	90	480	88
590	1360.0	106.6		105.4		1620	118	0	0	1500	105	60	91	600	90	300	89
591	1600.0	101.7		100.6		1920	112	0	0	1560	101	60	88	780	90	480	83
592	1620.0	99.5		98.7		1980	108	0	0	1680	99	0	0	840	86	360	86
593	1700.0	98.6		98.3		2520	104	0	0	1620	94	240	95	480	92	240	90
594	1720.0	103.0		101.8		2160	114	0	0	1860	100	0	0	660	89	480	84
595	1700.0	101.2		100.2		1980	111	0	0	1560	102	0	0	1020	90	540	84
596	1360.0	109.7		108.1		1320	127	60	119	1380	108	0	0	1140	94	180	92
597	1120.0	107.3		106.5		1140	118	0	0	1140	108	60	101	780	96	240	92
598	1660.0	105.0		104.4		1980	114	0	0	1920	102	0	0	780	95	300	91
599	1300.0	108.2		107.1		1560	120	0	0	1380	105	0	0	660	96	300	88
600	1580.0	108.4		108.1		1980	115	0	0	1800	106	0	0	900	100	60	92
601	1520.0	110.0		108.4		1620	126	60	118	1800	106	0	0	840	95	240	83
602	1280.0	106.8		105.0		1380	122	0	0	1500	105	0	0	420	91	540	85
603	1400.0	108.5		106.9		1380	123	0	0	1860	108	0	0	540	89	420	88
604	1120.0	108.3		105.9		1020	130	0	0	1200	106	120	109	480	94	540	85
605	1300.0	106.6		105.1		1260	123	0	0	1620	104	60	98	480	92	480	88
606	1360.0	106.8		105.7		1560	120	0	0	1620	102	0	0	540	95	360	89
607	1620.0	106.3		104.7		1920	119	60	112	1740	105	60	90	540	88	540	85
608	1420.0	110.6		108.8		1800	123	0	0	1620	109	0	0	360	91	480	84
609	1180.0	112.8		110.6		1440	128	0	0	1140	111	60	101	420	99	480	85
610	1540.0	104.9		103.3		1740	116	0	0	1740	107	0	0	720	87	420	81
611	1640.0	103.9		102.9		1920	113	0	0	1740	105	0	0	960	90	300	84
612	980.0	105.2		102.8		840	126	0	0	1140	106	60	109	300	88	600	83
613	1280.0	108.7		107.1		1140	126	0	0	1560	108	60	99	600	97	480	86
614	1420.0	110.3		109.2		1680	122	0	0	1380	108	120	105	780	99	300	87
615	1440.0	112.1		110.8		1740	125	0	0	1620	108	0	0	840	97	120	85
616	1260.0	112.1		109.4		1440	128	0	0	1440	113	60	101	300	83	540	85
617	1340.0	108.6		106.7		1680	121	0	0	1560	108	0	0	240	84	540	83
618	1340.0	112.6		109.9		1320	132	0	0	1500	113	120	110	420	91	660	87
619	1560.0	114.4		111.9		1920	131	0	0	1680	111	0	0	360	96	720	87
620	1640.0	106.5		105.2		2220	118	0	0	1620	102	60	95	540	93	480	85
621	1620.0	108.0		106.5		2220	120	0	0	1560	103	0	0	600	97	480	83
622	1600.0	108.1		106.9		1920	119	0	0	1680	108	60	100	840	92	300	86
623	1500.0	104.4		102.1		1920	120	0	0	1260	100	120	102	480	89	720	81
624	1700.0	107.6		106.9		1920	116	0	0	1920	107	0	0	660	101	600	90
625	1580.0	103.3		102.2		1680	115	0	0	1920	102	120	96	240	95	780	85
626	1560.0	102.4		100.8		1860	117	0	0	1500	97	60	100	780	88	480	86
627	1220.0	107.3		106.8		1260	116	0	0	1560	105	0	0	540	103	300	91
628	1340.0	107.7		106.4		1320	120	0	0	1740	107	120	113	240	100	600	85
629	1380.0	107.2		106.0		1500	120	0	0	1440	106	120	103	540	93	540	90
630	1160.0	109.5		108.5		1020	123	0	0	1560	108	0	0	480	103	420	90
631	1440.0	108.3		107.5		1620	119	0	0	1620	104	60	117	600	102	420	91
632	1680.0	105.9		104.4		2100	120	0	0	1740	100	60	97	720	92	420	85
633	1600.0	100.1		99.0		2100	108	0	0	1560	102	0	0	300	83	840	83
634	1580.0	109.1		106.8		1980	123	0	0	1560	109	60	105	240	94	900	83
635	1360.0	109.1		108.0		1560	118	0	0	1440	111	60	100	780	96	240	84
636	1280.0	116.3		112.8		1380	137	0	0	1380	117	0	0	540	94	540	84
637	1360.0	106.5		104.4		1320	123	0	0	1560	107	0	0	480	96	720	82
638	1660.0	111.2		109.5		2280	124	0	0	1500	107	120	110	480	94	600	87
639	1120.0	108.4		107.4		1020	123	0	0	1380	106	0	0	900	97	60	87
640	1100.0	117.3		116.1		1320	129	0	0	1200	113	0	0	660	108	120	82
641	1380.0	109.2		107.5		1800	122	0	0	1560	105	0	0	300	94	480	84
642	1500.0	109.3		107.9		1860	118	0	0	1740	110	0	0	300	104	600	83
643	1100.0	101.4		100.3		660	119	0	0	1500	103	0	0	480	92	660	87
644	1220.0	108.4		106.6		900	127	60	108	1380	111	60	103	780	98	480	84
645	1300.0	111.2		109.7		1320	126	0	0	1680	110	0	0	420	95	480	89
646	1460.0	105.0		103.6		1740	118	0	0	1440	102	60	91	600	96	540	83
647	1560.0	109.9		108.7		1740	121	60	109	1860	109	60	108	480	96	480	87
648	1620.0	109.0		108.2		1860	117	0	0	1980	109	0	0	540	101	480	87
649	1160.0	108.9		107.9		1140	119	0	0	1440	110	60	86	360	103	480	89
650	1680.0	103.4		102.4		1980	114	0	0	1680	102	180	87	600	96	600	85
651	2020.0	102.8		101.8		2160	116	0	0	2460	98	0	0	1320	92	120	81
652	1320.0	111.0		110.1		1440	121	0	0	1560	110	60	104	660	100	240	89
653	1200.0	107.8		105.0		1260	126	0	0	1380	108	0	0	180	90	780	82
654	1380.0	108.4		106.4		1740	121	0	0	1380	109	0	0	240	89	780	85
655	1760.0	98.9		98.4		1980	106	0	0	1920	98	60	100	780	91	540	87
656	1600.0	103.0		102.0		1560	112	60	118	1860	104	0	0	1020	94	300	77
657	1580.0	103.4		100.5		1680	122	0	0	1680	104	0	0	240	85	1140	79
658	1780.0	106.2		104.5		2040	120	0	0	1800	105	60	102	720	95	720	82
659	1560.0	102.1		101.1		1680	113	0	0	1680	102	0	0	840	89	480	87
660	1420.0	95.1		94.6		1500	102	0	0	1440	95	180	98	420	90	720	83
661	1120.0	108.7		107.5		840	123	0	0	1620	110	0	0	600	96	300	87
662	1540.0	107.3		105.2		1920	122	0	0	1620	104	60	110	240	87	780	84
663	1740.0	96.8		95.8		2100	104	0	0	1740	100	0	0	540	86	840	79
664	1580.0	99.8		99.3		2160	107	0	0	1380	97	60	85	720	92	420	88
665	1420.0	106.7		105.0		1500	121	60	114	1740	104	60	113	240	98	660	83
666	1180.0	104.7		103.0		1380	118	0	0	1200	102	120	114	420	90	420	81
667	1620.0	99.8		99.0		1920	108	0	0	1800	99	0	0	720	90	420	82
668	1840.0	102.4		101.5		2100	113	0	0	2100	99	60	103	600	95	660	86
669	1680.0	103.7		102.8		2160	113	0	0	1740	101	0	0	780	93	360	84
670	1580.0	99.9		98.2		1380	114	60	112	1980	102	0	0	120	85	1200	81
671	1720.0	71.8		70.3		1860	80	0	0	1920	71	0	0	900	70	480	47
672	1080.0	50.0		45.7		1440	62	0	0	1260	46	0	0	180	34	360	24
673	1180.0	47.2		42.3		1500	58	0	0	1560	45	0	0	60	27	420	20
674	1220.0	56.3		54.3		1380	67	60	69	960	55	240	57	300	38	720	44
675	1520.0	64.4		64.1		1860	69	0	0	1680	62	120	62	480	60	420	59
676	1460.0	57.9		57.7		1500	61	60	67	1740	58	60	62	660	51	360	55
677	1640.0	50.8		50.1		1740	59	0	0	1980	46	60	48	240	42	900	48
678	1140.0	46.4		44.5		1560	53	0	0	1500	44	0	0	180	23	180	33
679	1380.0	49.9		46.2		1620	60	0	0	1560	52	0	0	480	30	480	29
680	1100.0	51.9		50.9		1260	59	0	0	1200	52	0	0	480	42	360	40
681	1400.0	57.5		57.2		1380	62	0	0	1620	57	60	62	540	53	600	52
682	1240.0	63.6		62.7		1440	72	0	0	1440	61	0	0	420	55	420	52
683	1560.0	65.1		64.2		1800	73	0	0	1680	64	60	64	420	56	720	53
684	1520.0	58.1		57.7		1680	63	0	0	1740	58	60	59	480	51	600	50
685	1640.0	54.0		53.7		1740	59	0	0	1920	52	60	54	480	51	720	49
686	1480.0	54.1		53.0		1620	62	0	0	1740	54	60	56	240	41	780	42
687	1260.0	50.9		49.5		1320	58	0	0	1620	52	0	0	240	42	600	36
688	1260.0	41.3		35.2		1440	53	0	0	1380	44	0	0	600	19	360	21
689	1140.0	38.4		37.4		1440	43	60	53	1500	37	0	0	240	25	180	27
690	1280.0	39.1		35.4		1500	46	0	0	1560	42	0	0	300	19	480	21
691	1120.0	38.4		35.1		1380	47	0	0	1200	39	0	0	360	20	420	24
692	1260.0	38.3		35.2		1740	46	0	0	1380	37	0	0	300	21	360	20
693	1520.0	48.5		46.4		1740	57	0	0	1740	49	60	52	300	30	720	34
694	1180.0	52.2		49.8		1500	60	60	56	1260	53	60	48	120	33	540	33
695	1240.0	43.6		37.2		1500	54	0	0	1440	46	0	0	420	20	360	18
696	1240.0	46.1		44.3		1500	51	120	52	1200	49	180	44	60	26	660	31
697	1160.0	34.1		29.8		1560	41	0	0	1500	33	0	0	180	12	240	13
698	1200.0	45.2		36.8		1560	57	0	0	1560	43	0	0	120	14	360	14
699	1380.0	44.1		41.3		1740	52	0	0	1380	45	180	44	240	27	600	26
700	1220.0	49.0		47.7		1380	57	0	0	1320	49	60	47	300	35	600	38
701	1440.0	53.1		52.9		1680	57	0	0	1740	52	0	0	240	51	660	47
702	1380.0	59.8		58.8		1560	67	0	0	1680	60	0	0	360	47	540	47
703	1640.0	54.1		53.8		1860	58	0	0	1920	54	0	0	300	48	840	48
704	1840.0	62.3		62.2		2160	63	60	64	2220	63	0	0	120	53	960	60
705	1680.0	69.7		69.2		1980	76	0	0	1980	69	0	0	420	59	660	60
706	1740.0	66.9		66.7		2040	70	0	0	1980	68	0	0	600	59	600	61
707	1760.0	70.3		69.8		2400	75	0	0	1560	71	180	69	420	61	720	59
708	1680.0	68.3		67.2		2280	76	0	0	1680	67	0	0	60	58	1020	54
709	1820.0	75.0		70.3		2220	90	60	82	1800	76	120	79	240	45	1020	47
710	1860.0	85.8		80.7		2520	103	0	0	1440	86	180	81	240	56	1200	56
711	1500.0	93.1		92.1		1860	103	0	0	1680	90	60	97	120	79	780	78
712	1160.0	54.2		47.9		1740	68	0	0	1500	43	60	42	60	22	120	15
713	1020.0	39.4		38.5		1620	42	60	44	1260	37	60	39	0	0	60	15
714	1000.0	31.8		27.6		1380	41	0	0	1140	28	0	0	120	18	360	13
715	660.0	15.9		15.4		900	18	0	0	360	17	120	16	300	12	300	12
716	1140.0	21.2		20.3		1440	23	0	0	1320	23	0	0	360	12	300	16
717	1020.0	26.1		22.7		1320	32	60	30	720	28	240	27	240	12	480	13
718	720.0	18.8		18.3		1080	22	0	0	960	16	0	0	0	0	120	13
719	860.0	21.7		21.4		1080	24	0	0	900	22	0	0	120	18	480	17
720	900.0	19.7		19.2		1260	23	0	0	780	17	60	17	180	15	420	17
721	680.0	15.0		15.0		1140	15	0	0	660	15	240	15	0	0	0	0
722	820.0	18.3		16.9		1260	23	0	0	540	14	240	13	240	13	180	12
723	800.0	19.0		18.4		1260	22	0	0	1080	16	0	0	0	0	60	10
724	640.0	17.2		16.4		1080	20	0	0	540	15	0	0	240	11	60	12
725	1080.0	21.6		18.9		1380	29	0	0	1020	19	120	20	540	11	180	12
726	940.0	24.4		23.5		1500	27	60	32	1140	22	0	0	60	12	60	10
727	840.0	23.4		21.5		1080	30	0	0	840	21	0	0	240	13	360	16
728	1020.0	23.7		22.6		1320	29	0	0	1320	21	0	0	60	14	360	16
729	840.0	15.8		15.4		1320	18	0	0	900	13	60	20	0	0	240	13
730	760.0	17.4		16.6		1140	20	60	17	840	16	0	0	0	0	240	10
731	960.0	21.6		20.8		1560	24	0	0	1140	20	0	0	0	0	180	11
732	800.0	16.1		15.4		840	19	60	16	1080	16	60	13	240	10	120	10
733	500.0	15.8		15.7		900	17	0	0	600	14	0	0	0	0	0	0
734	880.0	18.0		17.4		1200	20	60	16	1020	18	0	0	180	12	180	11
735	840.0	22.0		20.4		960	30	0	0	840	17	120	21	180	18	420	16
736	920.0	18.6		18.1		1440	21	0	0	780	18	120	14	60	13	360	13
737	740.0	19.6		16.8		1200	24	0	0	660	17	60	13	120	5	180	12
738	940.0	26.6		20.8		1380	39	0	0	1080	16	0	0	60	11	300	11
739	640.0	20.4		18.2		1140	25	60	27	480	13	60	13	60	12	120	11
740	800.0	19.0		17.0		1380	24	0	0	540	13	0	0	240	12	240	11
741	540.0	18.2		16.5		780	24	0	0	720	13	0	0	60	12	60	11
742	960.0	16.8		15.4		1500	21	0	0	960	13	60	14	180	10	180	9
743	660.0	22.9		19.1		1260	29	0	0	360	14	60	10	120	10	180	11
744	760.0	24.6		22.0		1260	31	0	0	840	18	0	0	0	0	180	11
745	640.0	17.7		16.6		960	22	0	0	660	14	0	0	120	14	180	11
746	740.0	16.9		14.9		1200	22	0	0	480	11	60	11	300	11	180	10
747	840.0	19.6		17.0		1200	27	0	0	780	14	0	0	120	12	420	11
748	800.0	16.2		15.1		1020	21	0	0	660	13	180	15	240	12	300	11
749	480.0	19.7		18.1		1140	22	0	0	240	11	60	10	0	0	0	0
750	880.0	21.6		18.3		1560	28	0	0	840	13	0	0	0	0	240	10
751	820.0	17.2		17.0		1080	19	0	0	960	16	120	18	120	14	180	14
752	920.0	15.4		15.2		1260	17	60	11	780	15	60	13	120	14	480	13
753	820.0	15.6		15.3		1140	18	0	0	1020	14	0	0	0	0	300	12
754	660.0	15.1		14.8		1020	15	0	0	660	17	0	0	0	0	300	11
755	880.0	19.0		17.8		1440	23	0	0	1020	15	0	0	0	0	180	10
756	1000.0	30.6		26.5		1380	41	0	0	1140	24	120	27	60	13	300	13
757	740.0	20.2		18.5		840	25	0	0	960	20	0	0	0	0	420	11
758	620.0	16.7		15.0		1080	21	0	0	600	11	0	0	0	0	180	10
759	800.0	16.1		14.8		1320	20	60	14	600	12	60	11	180	10	180	10
760	1040.0	23.4		20.2		1620	31	0	0	1020	17	120	13	120	11	240	11
761	1100.0	22.9		21.8		1320	28	0	0	1380	21	60	23	120	15	420	15
762	660.0	17.4		16.1		960	22	0	0	420	15	60	14	300	12	240	11
763	640.0	26.8		26.4		1020	28	0	0	780	27	0	0	60	15	60	17
764	1260.0	41.1		38.4		1440	51	0	0	1500	40	0	0	420	29	420	23
765	1020.0	29.0		26.6		1440	35	0	0	1080	26	180	30	120	13	240	14
766	880.0	25.4		25.1		1020	28	60	23	1200	25	0	0	60	24	300	19
767	860.0	24.6		23.8		1440	26	0	0	660	27	60	16	0	0	420	17
768	720.0	19.9		19.6		1260	22	0	0	900	17	0	0	0	0	0	0
769	660.0	24.3		18.8		1140	22	0	0	420	12	0	0	180	12	240	66
770	820.0	27.9		23.2		1320	38	0	0	780	17	0	0	60	11	300	15
771	1080.0	26.0		23.4		1500	34	0	0	1200	21	60	17	60	11	420	15
772	1080.0	26.5		23.6		1380	34	0	0	1320	24	60	25	60	14	420	12
773	920.0	27.8		25.7		1260	35	0	0	1140	24	0	0	0	0	360	15
774	700.0	26.0		23.3		1260	32	0	0	720	18	0	0	0	0	120	11
775	900.0	30.1		27.5		1500	35	60	52	1020	24	0	0	60	12	60	9
776	980.0	24.3		21.5		1380	31	0	0	1140	21	0	0	60	12	360	11
777	1080.0	23.8		22.8		1440	28	0	0	1380	22	0	0	0	0	420	15
778	620.0	16.1		15.1		1140	19	0	0	300	13	60	12	60	11	300	10
779	700.0	16.5		15.6		1020	20	60	10	660	15	0	0	120	10	240	11
780	1060.0	20.3		18.2		1440	27	0	0	1260	16	0	0	60	14	420	11
781	1060.0	22.7		21.4		1380	26	60	30	1200	22	60	29	120	13	360	13
782	1000.0	27.6		25.9		1320	34	0	0	1200	25	60	22	180	16	240	16
783	840.0	21.5		20.8		1380	23	0	0	960	21	0	0	120	10	60	18
784	1120.0	31.0		29.8		1500	36	0	0	1080	31	60	28	120	21	600	21
785	1200.0	30.4		28.6		1500	35	0	0	1320	30	120	10	180	25	480	24
786	1140.0	22.5		21.3		1500	27	0	0	1080	21	60	25	420	13	360	19
787	940.0	19.0		17.3		1320	25	0	0	780	14	0	0	480	14	240	12
788	880.0	16.2		15.7		1200	15	0	0	960	19	60	22	120	10	300	13
789	1040.0	21.7		20.9		1500	24	0	0	1140	22	0	0	120	13	360	14
790	1120.0	27.4		24.7		1500	34	60	26	1200	25	120	27	0	0	480	13
791	860.0	18.5		17.1		900	14	120	12	1020	25	0	0	120	16	420	15
792	1100.0	26.5		25.8		1500	27	120	31	1080	29	60	33	180	19	360	18
793	1020.0	19.3		19.1		1200	19	60	12	1200	21	0	0	120	17	480	17
794	960.0	22.2		20.7		1380	28	60	30	1020	17	0	0	180	15	240	15
795	640.0	18.1		17.6		1020	20	60	19	660	17	0	0	0	0	180	11
796	1140.0	25.6		23.8		1500	33	0	0	1320	21	0	0	0	0	600	17
797	1060.0	22.7		21.8		1380	27	0	0	1260	21	0	0	120	18	420	15
798	780.0	16.3		15.9		1140	18	60	23	840	15	0	0	120	12	180	12
799	900.0	18.5		17.8		1320	21	0	0	840	18	60	12	240	11	240	16
800	1180.0	28.2		27.1		1440	33	0	0	1380	28	0	0	360	19	360	19
801	1020.0	28.2		25.0		1440	36	0	0	1140	24	60	26	60	12	360	13
802	1180.0	33.8		29.6		1440	44	0	0	1500	31	60	34	180	14	360	15
803	1140.0	28.1		25.8		1500	30	60	14	1320	32	0	0	180	16	360	14
804	860.0	19.1		18.6		1380	19	0	0	900	21	60	22	120	11	120	13
805	1220.0	24.7		23.6		1560	30	0	0	1440	22	60	27	180	17	420	17
806	820.0	19.0		18.6		1260	20	60	21	780	20	0	0	60	14	300	13
807	1000.0	24.7		23.9		1260	29	60	30	1140	23	0	0	360	17	180	19
808	800.0	17.9		17.4		1320	20	0	0	660	17	60	11	120	13	240	13
809	780.0	17.5		15.7		1380	22	0	0	780	11	60	13	0	0	120	11
810	980.0	21.5		18.0		1500	30	0	0	960	13	60	13	180	12	240	12
811	1180.0	28.9		26.9		1380	38	0	0	1560	25	0	0	120	19	480	18
812	1160.0	30.5		29.5		1440	37	0	0	900	27	360	27	420	24	360	24
813	1060.0	23.1		22.4		1560	25	0	0	1020	18	60	17	180	29	360	27
814	1020.0	23.7		22.7		1380	27	0	0	900	17	0	0	360	26	420	25
815	980.0	19.8		18.8		1440	24	60	26	540	16	180	13	420	16	300	15
816	980.0	25.2		24.4		1500	27	0	0	900	23	300	16	60	40	180	32
817	1240.0	32.4		32.1		1560	35	0	0	1140	28	180	31	420	35	420	33
818	1240.0	28.8		28.7		1620	28	0	0	1140	29	180	29	360	27	420	33
819	1260.0	23.8		23.1		1740	28	0	0	1080	19	240	19	360	23	360	22
820	980.0	24.1		23.1		1440	29	0	0	780	20	180	22	240	19	300	17
821	1240.0	23.8		22.0		1620	31	60	37	1260	18	60	17	240	18	480	17
822	1400.0	34.1		33.5		1740	38	0	0	1620	34	60	30	300	26	480	26
823	1560.0	37.8		37.4		1980	41	0	0	1620	38	60	42	420	31	600	31
824	720.0	21.3		20.7		900	25	0	0	720	20	60	13	240	19	240	16
825	1400.0	42.9		42.6		2040	45	0	0	1620	43	0	0	120	37	420	34
826	1140.0	32.1		31.7		1200	29	0	0	1560	36	0	0	60	34	600	28
827	580.0	20.0		18.1		780	18	120	13	360	33	60	13	60	24	360	14
828	940.0	28.6		27.4		1440	34	0	0	840	23	240	22	60	28	240	22
829	1120.0	47.9		46.9		1800	54	0	0	1080	42	480	38	0	0	0	0
830	1240.0	43.0		42.2		1800	48	60	47	1020	36	600	39	120	47	120	40
831	960.0	42.2		40.7		1680	48	0	0	900	36	300	28	0	0	0	0
832	1000.0	55.1		54.2		1740	60	0	0	600	48	540	45	60	66	60	63
833	1080.0	52.1		51.8		1920	54	60	58	660	51	480	48	0	0	120	40
834	1240.0	55.3		54.3		1860	61	0	0	1320	48	420	48	60	95	60	51
835	1200.0	54.0		53.7		1980	57	60	59	780	52	780	48	0	0	0	0
836	1280.0	43.9		43.2		1980	49	0	0	1140	38	420	37	180	42	120	43
837	1100.0	47.2		46.3		1800	53	0	0	960	41	540	39	0	0	0	0
838	980.0	34.8		26.6		1680	39	0	0	840	17	180	20	60	255	180	20
839	800.0	29.7		25.9		1440	37	60	42	540	17	180	18	60	17	120	17
840	1080.0	42.1		40.4		1800	49	0	0	720	34	600	31	60	48	60	36
841	1120.0	49.2		48.2		1740	56	0	0	1020	42	300	38	0	0	300	46
842	1120.0	42.9		42.3		1860	47	0	0	960	38	420	36	0	0	120	42
843	1200.0	35.4		34.9		1920	39	0	0	960	30	360	31	60	37	300	34
844	900.0	27.8		27.7		1680	29	0	0	540	25	480	27	0	0	0	0
845	1020.0	37.3		37.2		1740	39	0	0	720	35	540	35	0	0	60	35
846	1000.0	39.6		38.7		1560	44	0	0	900	34	480	33	60	61	0	0
847	1140.0	46.4		45.7		1800	52	0	0	900	41	660	39	60	43	0	0
848	1060.0	54.7		54.5		1860	57	0	0	780	53	540	49	0	0	0	0
849	1720.0	56.9		55.0		2040	57	0	0	840	47	720	46	540	47	1020	78
850	1140.0	52.4		51.9		1440	58	0	0	1380	50	360	44	0	0	240	45
851	1180.0	48.5		48.0		1740	53	0	0	1200	44	360	42	60	59	180	44
852	1140.0	50.9		50.8		1980	52	0	0	840	51	480	46	60	62	60	44
853	1240.0	53.1		52.4		1980	59	0	0	960	47	600	47	0	0	180	42
854	1340.0	50.7		50.6		1860	53	60	52	1260	50	360	46	0	0	480	47
855	1480.0	49.5		49.4		2280	51	0	0	1320	50	360	45	60	47	420	44
856	1180.0	51.7		51.5		1980	55	0	0	960	48	600	47	0	0	0	0
857	1160.0	51.2		50.9		1800	55	0	0	1080	48	540	45	0	0	60	50
858	1320.0	40.7		40.0		1980	45	60	47	1260	36	300	34	120	47	240	33
859	860.0	33.3		32.3		1740	37	0	0	540	26	120	24	0	0	180	25
860	760.0	30.6		25.2		1560	38	0	0	360	16	120	14	0	0	240	13
861	960.0	45.0		43.9		1620	50	0	0	600	43	540	36	0	0	120	28
862	1180.0	53.3		52.7		1740	59	0	0	1140	49	240	45	60	49	360	46
863	1380.0	47.2		46.8		1740	52	0	0	1380	44	420	41	120	48	480	44
864	1780.0	56.5		56.4		2220	59	0	0	1920	56	0	0	480	57	720	50
865	1620.0	58.1		57.5		2040	64	0	0	1560	57	120	57	360	52	780	48
866	960.0	91.5		79.2		1020	120	0	0	960	101	0	0	0	0	900	49
867	840.0	101.0		93.3		720	136	0	0	1020	103	0	0	0	0	780	66
868	1300.0	104.4		103.2		1320	115	0	0	1680	106	0	0	60	87	840	86
869	1460.0	106.9		105.5		1620	120	0	0	1680	105	0	0	240	102	840	87
870	1600.0	103.4		101.6		1440	120	0	0	1860	104	60	101	240	96	1200	84
871	1200.0	109.7		107.6		1200	129	60	114	1380	105	180	104	60	92	720	89
872	1160.0	107.4		105.4		960	129	0	0	1440	106	60	103	180	96	840	88
873	1340.0	108.1		104.7		1140	130	0	0	1620	112	60	100	300	84	900	82
874	1120.0	107.6		106.3		720	124	0	0	1620	110	0	0	360	98	660	89
875	1060.0	114.5		112.4		1080	134	0	0	1560	107	0	0	180	115	360	88
876	900.0	114.8		113.1		600	138	0	0	1140	113	0	0	660	107	300	92
877	940.0	122.9		120.2		660	149	0	0	1260	124	0	0	540	109	360	92
878	960.0	116.6		113.2		960	134	0	0	1020	124	60	84	180	98	660	88
879	1000.0	121.9		120.2		900	137	0	0	1380	122	0	0	480	111	240	87
880	1380.0	121.0		116.9		1260	148	0	0	1680	121	0	0	600	97	600	88
881	1000.0	115.8		114.3		600	136	0	0	1620	116	0	0	480	106	300	90
882	940.0	120.2		117.1		780	141	0	0	1200	124	60	100	480	102	300	84
883	1020.0	117.7		115.4		840	137	0	0	1560	117	0	0	240	108	420	87
884	1060.0	119.4		115.9		900	149	0	0	1320	116	0	0	360	105	600	91
885	1220.0	113.3		110.6		1200	135	0	0	1380	111	120	105	480	93	480	88
886	980.0	124.3		121.9		960	142	0	0	1200	125	0	0	540	108	240	87
887	1020.0	117.1		115.6		1140	131	0	0	1200	115	60	89	480	104	180	88
888	1080.0	123.9		121.1		780	152	0	0	1320	123	60	91	720	114	360	92
889	1000.0	116.6		113.4		900	138	0	0	1080	120	60	88	420	104	540	87
890	1160.0	111.8		108.4		660	142	0	0	1560	117	60	110	540	93	660	85
891	960.0	126.4		125.3		660	147	0	0	1380	124	0	0	780	115	60	102
892	980.0	124.1		121.5		720	151	0	0	1140	125	0	0	780	110	300	93
893	1040.0	118.6		115.7		780	146	0	0	1500	117	0	0	480	102	360	88
894	980.0	119.6		115.6		900	145	60	116	1020	122	0	0	540	100	420	85
895	1000.0	111.9		108.2		900	135	0	0	1020	116	180	104	240	90	660	84
896	1200.0	123.9		121.5		1080	142	0	0	1680	123	0	0	420	117	420	88
897	1080.0	119.9		118.2		840	131	0	0	1620	125	0	0	480	101	300	91
898	1220.0	120.7		116.9		1140	148	0	0	1500	119	0	0	360	98	660	90
899	980.0	115.7		112.4		360	156	0	0	1260	123	60	105	780	103	480	88
900	1080.0	119.9		117.5		960	142	0	0	1500	117	0	0	480	104	300	89
901	1040.0	116.6		114.2		840	140	0	0	1620	114	0	0	480	96	180	85
902	1080.0	114.7		112.4		900	135	0	0	1380	116	0	0	420	100	540	89
903	1140.0	116.9		114.0		1140	139	0	0	1260	114	120	100	480	103	420	86
904	920.0	118.3		116.6		780	136	0	0	1020	119	60	119	600	106	300	94
905	1020.0	119.0		115.9		960	142	0	0	1200	119	0	0	480	99	420	89
906	940.0	111.2		109.0		780	130	0	0	1020	116	60	100	300	93	660	91
907	1220.0	116.8		114.6		1200	134	0	0	1560	117	120	91	360	100	420	89
908	1120.0	114.5		112.2		960	135	0	0	1500	114	60	106	300	101	540	88
909	1080.0	120.4		117.1		1080	142	0	0	1260	120	0	0	300	109	600	88
910	1080.0	123.8		120.6		1320	143	0	0	1380	118	60	117	60	84	420	89
911	800.0	126.2		123.8		480	148	0	0	1260	128	0	0	480	115	180	85
912	1100.0	119.4		117.4		840	140	0	0	1620	118	0	0	420	113	420	90
913	1000.0	117.3		114.0		660	148	0	0	1260	119	0	0	480	106	600	89
914	1000.0	124.9		122.0		600	152	0	0	1620	126	60	110	360	113	360	89
915	940.0	117.1		114.1		840	134	0	0	1020	123	120	105	360	109	480	84
916	1040.0	126.2		124.0		840	144	0	0	1380	127	0	0	600	118	300	89
917	960.0	119.5		116.9		780	142	0	0	1020	122	0	0	600	109	480	91
918	1420.0	119.8		116.9		1440	140	0	0	1680	120	60	101	480	101	600	88
919	1180.0	124.3		121.9		1140	143	0	0	1200	127	60	113	960	106	180	89
920	720.0	123.3		118.7		660	150	0	0	780	125	60	89	480	105	180	78
921	1400.0	110.9		107.4		1200	136	0	0	1620	112	0	0	540	95	840	83
922	1220.0	116.1		110.6		1260	140	0	0	1380	118	0	0	420	98	600	74
923	1380.0	112.2		108.1		1200	139	0	0	1740	113	0	0	540	83	660	85
924	1160.0	120.7		118.6		1020	139	0	0	1380	120	0	0	840	110	240	84
925	700.0	119.6		117.9		480	141	0	0	780	119	0	0	720	112	120	84
926	780.0	118.7		116.8		540	135	0	0	1020	124	0	0	420	108	360	92
927	1000.0	115.2		113.4		600	133	0	0	1560	119	0	0	360	101	480	91
928	900.0	120.0		116.4		720	145	0	0	1140	124	0	0	360	99	480	89
929	1220.0	122.7		120.2		1200	145	0	0	1500	119	0	0	720	104	240	91
930	1040.0	119.7		116.3		720	151	0	0	1500	118	0	0	420	108	480	88
931	880.0	127.7		123.8		900	156	0	0	960	122	0	0	420	108	360	95
932	1080.0	122.3		120.7		720	146	0	0	1320	122	0	0	1080	110	120	95
933	840.0	120.0		117.9		660	141	0	0	900	121	60	94	600	112	300	92
934	980.0	120.9		116.5		1020	150	0	0	1080	115	0	0	360	97	480	90
935	960.0	126.6		122.8		900	156	0	0	1080	120	0	0	600	113	300	89
936	980.0	120.2		117.5		840	143	0	0	1380	119	0	0	300	104	420	90
937	1100.0	113.5		110.6		780	143	0	0	1320	112	60	86	720	102	420	87
938	960.0	123.2		120.3		1080	144	0	0	1080	119	0	0	480	103	240	89
939	1080.0	113.3		111.4		660	130	0	0	1500	119	0	0	600	101	480	88
940	1220.0	121.6		118.5		1260	145	0	0	1560	117	0	0	540	99	300	88
941	1000.0	127.2		124.2		1140	149	0	0	1020	121	60	116	540	111	240	89
942	1380.0	116.8		113.2		1500	140	0	0	1500	114	0	0	360	99	780	86
943	960.0	115.8		113.6		720	137	0	0	1440	116	0	0	360	100	360	88
944	1120.0	124.9		123.1		1200	139	0	0	1440	124	0	0	420	112	300	91
945	1180.0	118.4		117.1		1140	133	0	0	1500	116	0	0	600	111	300	90
946	880.0	133.8		131.5		780	156	0	0	1200	133	0	0	660	109	0	0
947	940.0	117.3		114.5		600	143	0	0	1380	120	0	0	480	100	360	87
948	880.0	115.3		113.3		720	134	0	0	1020	118	0	0	660	101	240	87
949	1200.0	114.1		111.1		1320	133	0	0	1380	113	60	107	240	88	600	86
950	1200.0	115.0		113.6		1140	129	0	0	1740	113	0	0	360	106	360	89
951	980.0	116.1		114.9		960	129	0	0	1260	116	0	0	600	100	120	94
952	1040.0	110.8		108.1		840	134	0	0	1320	112	60	88	420	91	480	87
953	980.0	114.0		111.4		720	141	0	0	1200	112	60	117	480	103	480	89
954	800.0	114.0		111.5		420	141	0	0	840	121	0	0	900	103	240	84
955	1100.0	114.4		112.6		900	132	0	0	1440	115	0	0	660	102	300	86
956	1060.0	110.4		108.0		1140	127	0	0	1320	110	0	0	0	0	720	85
957	1240.0	110.3		108.6		1200	127	0	0	1500	108	0	0	540	101	480	86
958	1000.0	114.5		112.3		780	137	0	0	1320	114	0	0	660	98	240	89
959	1200.0	111.1		109.7		1080	128	60	107	1500	108	60	109	600	100	300	89
960	1020.0	106.4		105.5		720	122	0	0	1260	106	0	0	900	98	180	88
961	940.0	104.3		103.3		540	120	0	0	1320	107	0	0	540	94	420	89
962	880.0	101.8		100.6		540	119	0	0	1320	103	0	0	180	94	600	86
963	1220.0	102.6		102.0		1260	112	0	0	1320	101	0	0	720	97	360	87
964	1080.0	100.0		99.2		540	114	0	0	1380	104	60	95	960	90	300	89
965	1240.0	102.9		101.6		840	123	0	0	1440	100	60	108	1080	96	300	84
966	1340.0	104.2		103.1		1320	116	0	0	1500	105	60	97	900	91	240	85
967	1220.0	107.5		106.3		960	125	0	0	1620	106	0	0	840	96	240	88
968	1160.0	108.0		106.7		960	125	0	0	1320	107	60	101	780	97	360	91
969	1260.0	106.4		104.5		1080	129	0	0	1740	101	60	103	480	92	420	88
970	1380.0	104.9		103.2		1020	127	0	0	1680	104	0	0	1200	91	240	87
971	1180.0	106.9		105.5		1080	125	0	0	1320	103	60	100	780	96	300	89
972	1220.0	111.5		110.5		960	128	0	0	1380	110	120	106	1080	101	120	97
973	1160.0	112.0		109.1		1320	133	0	0	1260	105	60	88	300	102	540	85
974	1020.0	115.0		113.2		900	132	0	0	1440	115	0	0	420	97	300	89
975	1180.0	115.5		112.9		1080	140	0	0	1500	111	0	0	600	100	360	87
976	1060.0	116.9		114.6		900	138	0	0	1260	118	60	89	720	100	240	90
977	1260.0	117.4		114.9		1080	142	0	0	1560	115	60	118	660	99	420	92
978	1100.0	111.3		109.1		1200	131	0	0	1200	106	0	0	540	93	360	91
979	1300.0	110.6		108.5		1620	123	0	0	1440	111	60	89	540	88	240	80
980	1680.0	110.7		108.5		2100	126	0	0	1740	108	60	82	420	94	720	85
981	1620.0	110.2		107.8		1620	129	0	0	1800	110	60	118	960	90	420	84
982	920.0	116.3		114.2		600	139	0	0	1320	116	0	0	480	111	360	87
983	980.0	117.0		114.0		960	136	0	0	1080	119	60	114	300	105	540	86
984	1120.0	109.2		107.2		960	129	0	0	1320	108	0	0	540	100	540	86
985	960.0	114.5		113.3		840	130	0	0	1080	115	0	0	840	102	120	90
986	880.0	110.0		108.0		660	130	0	0	1260	111	0	0	240	94	480	88
987	1320.0	110.8		109.2		1200	129	0	0	1860	107	60	115	360	98	480	89
988	1460.0	114.0		111.1		1440	136	0	0	1680	111	60	85	540	103	660	85
989	1340.0	115.5		114.2		1260	132	0	0	1680	111	60	102	660	109	360	93
990	1520.0	118.2		114.9		1920	139	0	0	1440	111	60	84	660	100	480	86
991	1380.0	115.7		113.4		1200	137	0	0	1860	114	0	0	480	101	600	90
992	1100.0	118.9		116.3		960	146	0	0	1500	112	120	95	480	104	240	95
993	1220.0	119.5		118.0		1260	135	0	0	1620	117	0	0	600	102	180	92
994	1060.0	122.2		119.3		840	148	0	0	1560	120	0	0	480	106	300	87
995	1540.0	115.7		113.0		1560	138	0	0	1980	111	0	0	480	96	600	89
996	1180.0	125.6		123.7		1200	143	0	0	1500	123	0	0	660	110	180	89
997	1020.0	119.2		115.8		780	144	0	0	1260	123	0	0	540	104	480	86
998	660.0	126.5		122.4		420	160	0	0	1080	127	0	0	180	110	300	88
999	1120.0	117.5		114.3		960	140	0	0	1380	120	60	119	180	102	780	89
1000	1280.0	121.4		118.4		1440	143	0	0	1560	115	0	0	480	104	360	86
1001	1260.0	123.5		121.3		1620	140	0	0	1500	117	60	116	240	104	360	91
1002	880.0	122.4		120.0		780	142	0	0	1020	124	60	117	540	106	240	90
1003	1340.0	121.6		119.0		1620	140	0	0	1380	118	0	0	600	100	420	93
1004	1300.0	113.3		110.2		1320	134	0	0	1500	113	120	91	240	101	720	84
1005	760.0	111.9		109.0		360	140	0	0	1080	119	0	0	360	96	480	87
1006	1500.0	116.9		115.3		1860	130	0	0	1980	112	0	0	180	106	480	90
1007	1380.0	116.9		115.1		1380	136	0	0	1920	111	0	0	660	102	180	87
1008	1160.0	116.0		113.3		1020	139	0	0	1500	113	0	0	360	110	600	88
1009	900.0	116.8		114.2		540	144	0	0	1260	120	0	0	420	102	480	91
1010	940.0	124.8		123.6		780	140	0	0	1140	125	0	0	840	113	60	88
1011	1300.0	115.8		113.4		1380	135	0	0	1500	112	60	119	720	97	240	84
1012	1100.0	127.9		124.3		1140	152	0	0	1320	124	0	0	540	109	300	87
1013	1240.0	126.0		123.1		1560	144	0	0	1260	122	60	85	540	107	300	91
1014	1100.0	122.9		120.1		1080	142	0	0	1380	124	0	0	480	104	360	87
1015	1160.0	125.3		123.7		1560	137	0	0	1260	122	0	0	360	113	300	93
1016	1360.0	115.5		112.2		1200	139	0	0	1500	119	120	105	780	92	480	87
1017	940.0	119.9		117.7		720	143	0	0	1380	118	60	107	300	109	360	92
1018	1100.0	124.6		123.3		1080	140	0	0	1140	123	0	0	960	113	120	94
1019	1080.0	109.7		107.8		1080	128	0	0	1260	106	120	108	300	95	480	88
1020	1220.0	122.1		118.8		1500	144	0	0	1440	113	0	0	360	99	360	90
1021	1000.0	120.2		118.6		720	136	0	0	1440	122	0	0	540	111	300	90
1022	1120.0	127.1		124.4		1260	148	0	0	1200	123	0	0	660	108	240	91
1023	1220.0	107.0		104.3		900	123	0	0	1560	113	120	84	420	103	660	78
1024	1040.0	119.2		116.4		540	154	0	0	1800	118	0	0	420	106	360	88
1025	1240.0	116.6		114.4		1080	138	0	0	1620	115	0	0	720	100	300	88
1026	1080.0	121.3		118.1		840	147	0	0	1440	123	0	0	540	102	420	89
1027	1240.0	121.4		118.2		1140	143	0	0	1500	123	60	110	540	103	480	87
1028	1240.0	116.7		113.3		1080	139	0	0	1560	119	0	0	540	99	540	83
1029	1220.0	119.7		116.6		1020	144	0	0	1620	120	0	0	720	98	300	87
1030	980.0	126.4		124.8		660	143	0	0	1440	129	0	0	600	115	240	94
1031	1420.0	123.1		118.7		1620	146	0	0	1800	120	0	0	360	88	480	84
1032	1440.0	115.4		113.0		1680	133	0	0	1620	112	60	83	720	95	240	85
1033	1260.0	123.4		122.0		1140	143	0	0	1320	119	0	0	1200	112	120	99
1034	1180.0	122.9		120.2		1140	141	0	0	1500	125	0	0	480	102	420	90
1035	1220.0	118.1		115.9		1020	142	0	0	1680	115	0	0	720	101	240	90
1036	1000.0	119.1		116.2		600	147	0	0	1740	120	0	0	300	94	360	89
1037	1520.0	115.8		113.5		1620	135	0	0	1920	111	60	106	360	99	600	90
1038	1340.0	119.0		117.7		1380	133	0	0	1740	117	0	0	540	104	360	97
1039	1140.0	113.5		111.6		720	134	0	0	1800	115	60	116	360	97	480	89
1040	1260.0	121.5		119.1		1260	139	0	0	1740	121	0	0	360	102	420	88
1041	1500.0	122.7		120.7		1980	137	0	0	1620	118	0	0	480	108	420	90
1042	1440.0	120.7		117.9		1620	140	0	0	1680	118	60	90	420	101	540	90
1043	1560.0	118.8		116.7		1500	139	0	0	1740	117	60	102	1080	103	300	89
1044	1400.0	126.1		123.9		1560	144	0	0	1620	123	60	108	660	109	300	91
1045	1300.0	119.8		117.9		1320	136	0	0	1500	119	60	93	660	108	360	90
1046	1160.0	129.0		127.0		900	151	0	0	1500	130	0	0	900	111	180	100
1047	1600.0	120.5		118.6		1680	136	0	0	2220	119	60	92	420	100	420	91
1048	1200.0	120.8		118.5		1260	139	0	0	1500	119	0	0	600	98	240	93
1049	1240.0	125.2		122.9		1380	142	0	0	1500	121	0	0	480	117	360	89
1050	1200.0	119.5		118.5		1260	130	0	0	1320	119	0	0	780	112	240	91
1051	920.0	128.5		126.2		660	151	0	0	1260	130	60	109	600	114	180	90
1052	1320.0	122.2		119.6		1560	138	0	0	1440	123	0	0	480	101	480	90
1053	1120.0	123.0		119.9		1200	146	0	0	1680	116	60	97	60	90	360	89
1054	1300.0	120.5		117.6		1260	144	0	0	1560	118	60	98	660	101	360	89
1055	1200.0	123.9		121.5		1380	141	0	0	1260	123	0	0	720	104	240	90
1056	1260.0	119.5		117.3		1020	142	0	0	1740	118	0	0	720	104	300	89
1057	1140.0	121.4		118.8		1320	137	0	0	1020	125	120	98	660	105	300	86
1058	1140.0	113.0		111.4		1080	127	0	0	1260	116	180	101	480	98	420	90
1059	1080.0	119.2		117.2		960	136	0	0	1500	120	60	119	480	100	240	86
1060	1220.0	122.8		119.8		1320	143	0	0	1620	120	0	0	420	93	300	91
1061	1200.0	116.0		114.0		1140	131	0	0	1620	118	60	105	360	92	420	90
1062	1240.0	121.4		118.4		1320	143	0	0	1500	117	0	0	480	107	420	86
1063	1220.0	123.7		121.6		1020	145	0	0	1620	122	0	0	720	111	300	91
1064	1380.0	119.0		116.6		1140	138	0	0	1860	121	120	109	660	99	360	88
1065	1280.0	125.9		123.3		1320	147	0	0	1680	121	0	0	540	110	300	89
1066	1340.0	119.7		117.3		1680	137	0	0	1500	114	120	104	360	100	360	88
1067	1400.0	121.0		117.8		1740	142	0	0	1440	114	0	0	600	101	420	87
1068	780.0	129.2		126.7		600	152	0	0	1140	129	0	0	360	116	240	93
1069	1320.0	120.3		118.5		1500	135	0	0	1620	118	60	103	420	105	360	90
1070	1460.0	121.4		118.9		1500	141	0	0	1860	119	0	0	600	101	420	91
1071	1380.0	121.3		118.7		1500	141	0	0	1680	117	60	112	420	106	480	89
1072	980.0	122.4		119.8		1020	142	0	0	1020	122	0	0	720	104	180	87
1073	1420.0	114.1		110.9		1320	137	0	0	1860	113	0	0	600	91	480	84
1074	1100.0	118.1		115.9		840	143	0	0	1680	114	0	0	480	108	300	88
1075	1300.0	125.5		123.9		1320	144	0	0	1560	120	0	0	960	111	60	92
1076	1300.0	117.1		115.4		1380	133	0	0	1800	112	0	0	300	114	420	89
1077	1360.0	116.3		113.6		1200	139	0	0	1800	115	0	0	240	105	840	90
1078	1360.0	120.0		117.5		1500	139	0	0	1680	116	0	0	540	101	360	88
1079	1280.0	115.6		112.7		1080	137	0	0	1800	117	0	0	300	91	660	88
1080	980.0	123.3		120.6		720	150	0	0	1380	123	0	0	660	104	180	89
1081	1100.0	117.6		113.9		840	152	0	0	1380	114	0	0	540	100	540	91
1082	820.0	120.2		117.6		540	146	0	0	1260	120	0	0	300	112	360	89
1083	1320.0	116.8		114.3		1320	137	0	0	1620	114	60	102	480	102	480	87
1084	1120.0	120.5		117.6		1080	141	0	0	1680	118	60	112	240	88	300	88
1085	1340.0	123.5		122.6		1260	137	0	0	1560	123	60	109	1140	110	0	0
1086	1380.0	121.1		117.1		1320	144	0	0	1620	120	60	88	720	110	420	77
1087	720.0	126.5		123.8		300	157	0	0	1020	132	0	0	660	115	180	87
1088	1020.0	124.3		120.6		900	150	0	0	1500	123	0	0	300	97	360	88
1089	880.0	120.0		117.9		840	138	0	0	900	123	0	0	720	102	180	93
1090	1440.0	121.6		120.1		1560	136	0	0	1860	118	0	0	540	112	360	92
1091	1120.0	121.9		119.8		840	143	0	0	1680	121	0	0	540	110	300	89
1092	1160.0	126.1		122.4		1440	148	0	0	1320	119	0	0	240	108	480	89
1093	1320.0	121.9		117.1		1740	146	0	0	960	116	120	93	540	101	600	86
1094	1040.0	123.9		121.7		1020	145	0	0	1080	121	0	0	840	109	180	91
1095	1260.0	123.8		120.8		1380	146	0	0	1500	119	60	105	600	101	240	88
1096	960.0	117.7		114.1		900	139	0	0	1380	118	0	0	240	78	360	90
1097	1040.0	125.1		122.0		780	148	0	0	1560	128	0	0	480	99	300	92
1098	1140.0	126.6		123.9		1320	144	0	0	1260	125	0	0	600	108	240	86
1099	1340.0	116.1		114.7		1260	132	0	0	1860	114	0	0	540	104	360	90
1100	1240.0	127.8		124.9		1380	150	0	0	1560	122	0	0	600	103	180	91
1101	1000.0	127.1		124.5		720	151	0	0	1380	130	0	0	720	106	180	94
1102	1020.0	119.2		116.1		840	144	0	0	1140	123	0	0	960	97	120	88
1103	1280.0	122.0		117.9		1560	148	0	0	1320	110	0	0	420	104	540	90
1104	920.0	129.2		125.3		600	156	0	0	1200	134	0	0	600	118	360	87
1105	1120.0	127.1		123.0		1020	153	0	0	1380	127	0	0	600	109	360	84
1106	1200.0	115.6		113.0		1200	136	0	0	1320	115	0	0	360	101	720	90
1107	1080.0	121.6		118.5		1320	142	0	0	1020	117	120	103	360	103	420	90
1108	920.0	121.9		118.6		720	147	0	0	1200	123	120	108	300	110	420	88
1109	1160.0	123.4		120.2		1020	148	0	0	1560	123	0	0	660	98	240	91
1110	940.0	124.0		120.1		840	152	0	0	1200	123	0	0	420	101	360	89
1111	1160.0	123.5		119.5		1020	150	0	0	1320	127	60	80	900	98	180	90
1112	1120.0	120.5		117.2		1080	145	0	0	1380	118	0	0	600	100	300	85
1113	1400.0	118.4		115.9		1680	136	0	0	1560	114	120	114	420	97	420	87
1114	1140.0	120.1		115.7		1380	141	0	0	1140	121	120	88	120	86	660	87
1115	1500.0	119.0		116.6		1800	137	0	0	1620	112	60	89	720	107	300	84
1116	1000.0	128.5		126.5		960	149	0	0	1200	125	0	0	720	113	120	92
1117	1160.0	128.2		125.9		960	156	0	0	1500	122	0	0	1020	111	0	0
1118	940.0	124.2		123.4		960	134	0	0	1020	121	0	0	660	123	180	95
1119	960.0	128.7		126.2		780	153	0	0	1380	126	0	0	480	116	240	91
1120	1080.0	121.6		116.7		960	147	0	0	1200	123	120	86	540	115	420	78
1121	1480.0	111.6		108.5		1320	135	0	0	1620	113	60	87	840	92	600	86
1122	1180.0	118.1		115.7		1080	135	0	0	1500	121	0	0	480	101	480	88
1123	980.0	122.8		120.5		900	141	0	0	1200	125	120	88	480	106	240	95
1124	1580.0	107.8		107.0		1620	117	0	0	2160	106	0	0	420	108	540	87
1125	1020.0	128.7		126.6		900	150	0	0	1380	127	0	0	720	109	60	87
1126	840.0	121.6		117.9		600	149	0	0	1080	126	0	0	300	108	540	90
1127	1160.0	119.8		117.2		900	142	0	0	1620	121	0	0	540	105	420	87
1128	1340.0	116.6		113.2		1260	139	0	0	1860	116	0	0	180	84	720	87
1129	900.0	115.7		112.8		420	148	0	0	1320	119	0	0	600	105	360	84
1130	1480.0	119.1		117.2		1500	136	0	0	1920	117	60	105	600	104	360	88
1131	1080.0	122.0		119.8		900	140	0	0	1500	124	0	0	480	105	360	91
1132	1040.0	128.1		125.9		1080	145	0	0	1440	126	60	119	240	112	300	92
1133	1140.0	128.8		126.4		1080	147	0	0	1560	129	0	0	480	111	300	91
1134	1280.0	119.5		117.8		1140	137	0	0	1740	118	0	0	480	111	480	92
1135	800.0	122.0		118.3		720	149	0	0	900	122	0	0	420	104	360	89
1136	1280.0	123.9		120.2		1500	146	0	0	1320	121	0	0	360	105	660	90
1137	1440.0	117.5		114.8		1800	135	0	0	1620	113	120	101	300	92	480	87
1138	980.0	120.8		117.4		900	145	0	0	1080	123	0	0	600	99	360	90
1139	900.0	119.3		115.8		600	145	0	0	1320	124	0	0	240	95	540	90
1140	1060.0	124.9		120.3		900	153	0	0	1380	127	0	0	300	105	600	88
1141	1160.0	124.2		121.1		1320	142	0	0	1500	123	0	0	240	97	420	88
1142	1140.0	119.1		115.8		1140	137	0	0	1200	124	120	96	420	107	540	85
1143	980.0	124.9		122.3		780	145	0	0	1260	128	0	0	540	111	360	91
1144	1100.0	118.9		115.1		1020	147	0	0	1200	117	0	0	480	100	600	90
1145	1260.0	113.6		111.8		1140	130	0	0	1680	114	0	0	660	97	300	86
1146	1040.0	124.0		120.5		660	153	0	0	1500	127	0	0	540	108	420	88
1147	760.0	128.6		126.5		420	149	0	0	900	136	0	0	660	120	300	97
1148	940.0	124.4		123.1		720	140	0	0	1200	125	0	0	720	116	180	92
1149	1020.0	125.6		123.7		720	150	0	0	1260	126	0	0	1020	110	60	91
1150	680.0	127.6		125.1		360	157	0	0	840	129	0	0	660	120	180	90
1151	840.0	120.2		116.3		660	149	0	0	960	123	60	105	360	104	480	89
1152	800.0	124.0		118.7		600	160	0	0	1020	125	60	104	180	113	540	88
1153	1000.0	121.5		118.1		900	140	0	0	1140	127	0	0	420	111	540	87
1154	780.0	131.1		126.7		660	167	0	0	1020	124	0	0	480	113	180	88
1155	840.0	119.5		116.9		540	139	0	0	1200	126	60	85	360	101	360	93
1156	1180.0	121.9		118.4		1380	144	0	0	1380	117	60	87	240	96	480	90
1157	820.0	121.5		117.8		360	154	0	0	1260	128	0	0	360	111	480	88
1158	1080.0	122.5		119.8		960	144	0	0	1500	121	0	0	420	108	360	88
1159	560.0	140.8		139.9		360	160	0	0	660	141	0	0	660	130	0	0
1160	920.0	127.1		124.6		660	154	0	0	1260	128	0	0	720	106	120	97
1161	900.0	122.6		119.9		600	151	0	0	1200	123	0	0	540	110	360	93
1162	660.0	131.2		129.4		660	147	0	0	840	128	0	0	360	124	120	89
1163	780.0	126.5		123.4		720	152	0	0	900	123	60	84	540	112	120	87
1164	820.0	124.4		121.4		780	148	0	0	1020	122	0	0	420	106	240	90
1165	980.0	125.3		122.0		1140	145	0	0	1260	122	0	0	180	97	360	89
1166	900.0	126.8		124.5		660	150	0	0	1500	125	0	0	240	118	300	92
1167	1240.0	124.1		120.4		1140	148	0	0	1740	124	0	0	180	99	660	90
1168	840.0	131.6		128.1		660	161	0	0	1080	132	0	0	660	109	120	90
1169	1160.0	119.9		115.7		1020	148	0	0	1500	120	0	0	240	92	720	89
1170	820.0	131.4		128.8		660	151	0	0	1080	130	0	0	480	129	240	89
1171	700.0	129.0		126.4		360	155	0	0	900	137	0	0	780	111	60	86
1172	1020.0	119.7		116.9		840	141	0	0	1320	123	0	0	300	101	600	92
1173	920.0	128.4		127.2		660	151	0	0	1140	124	0	0	960	118	0	0
1174	740.0	130.0		127.9		360	156	0	0	960	135	0	0	720	119	180	95
1175	860.0	126.5		122.9		660	156	0	0	1260	123	0	0	300	121	360	89
1176	820.0	125.4		122.4		720	152	0	0	1140	122	0	0	420	104	180	91
1177	360.0	128.0		126.1		60	158	0	0	480	139	0	0	480	118	60	90
1178	980.0	123.6		118.9		660	155	0	0	1260	130	0	0	300	108	720	90
1179	960.0	127.9		123.7		1020	153	0	0	1140	123	0	0	360	114	360	86
1180	880.0	116.4		112.4		360	156	0	0	1380	123	0	0	240	94	660	89
1181	900.0	127.0		124.0		840	151	0	0	1260	123	60	101	360	110	180	86
1182	860.0	125.7		121.2		900	152	0	0	840	126	0	0	540	103	300	87
1183	720.0	118.1		114.5		660	144	0	0	780	119	0	0	480	96	240	88
1184	780.0	116.2		113.1		360	153	0	0	1080	121	0	0	360	100	540	93
1185	720.0	120.9		116.8		420	160	0	0	960	123	0	0	480	103	300	88
1186	960.0	116.6		112.7		1080	141	0	0	1080	110	0	0	240	102	480	84
1187	1140.0	120.1		117.1		960	147	0	0	1500	117	0	0	600	104	360	88
1188	1040.0	121.3		118.0		780	146	0	0	1320	125	60	99	480	106	480	89
1189	1120.0	124.1		121.1		1200	146	0	0	1380	120	60	102	420	103	300	89
1190	600.0	122.1		119.3		240	157	0	0	960	125	0	0	360	114	240	88
1191	820.0	114.0		110.0		600	143	0	0	960	119	120	86	180	99	600	87
1192	660.0	117.5		113.8		480	147	0	0	780	120	60	112	480	97	180	84
1193	660.0	122.6		118.4		360	156	0	0	720	130	0	0	600	113	300	84
1194	800.0	117.9		113.4		480	154	0	0	1080	123	0	0	300	92	540	90
1195	740.0	122.3		120.7		360	148	0	0	1140	122	0	0	540	116	180	92
1196	860.0	120.4		117.2		420	147	0	0	1200	128	0	0	540	109	420	87
1197	1060.0	121.7		118.9		1200	140	0	0	1140	118	60	87	420	114	360	87
1198	720.0	117.1		114.1		300	147	0	0	1020	123	0	0	480	109	360	86
1199	640.0	131.8		128.3		480	160	0	0	900	131	0	0	300	122	240	91
1200	700.0	121.9		118.4		540	144	0	0	960	126	60	90	180	112	360	88
1201	800.0	134.3		130.0		660	160	0	0	1140	136	0	0	360	114	240	86
1202	660.0	140.0		136.1		600	171	0	0	900	133	0	0	360	123	120	89
1203	820.0	129.2		125.4		720	154	0	0	1020	128	0	0	360	123	360	89
1204	720.0	120.0		115.8		360	136	0	0	900	138	0	0	480	103	420	87
1205	900.0	131.3		127.4		840	149	0	0	1080	137	120	109	360	120	300	84
1206	740.0	127.1		122.6		480	155	0	0	960	134	60	100	360	116	360	87
1207	500.0	121.5		117.1		300	154	0	0	600	129	0	0	120	121	480	92
1208	580.0	127.9		122.3		360	166	0	0	840	128	0	0	240	125	300	84
1209	560.0	122.2		118.0		420	147	0	0	600	131	60	92	240	114	360	89
1210	580.0	132.0		127.2		420	163	0	0	840	133	0	0	240	120	240	86
1211	480.0	126.1		122.9		180	165	0	0	720	128	0	0	360	122	180	88
1212	940.0	122.1		118.7		960	145	0	0	900	124	120	90	540	102	300	92
1213	560.0	125.2		123.0		180	152	0	0	1020	130	0	0	300	114	180	90
1214	720.0	130.5		126.6		300	167	0	0	1020	139	0	0	540	115	300	93
1215	740.0	131.1		128.6		540	155	0	0	1080	132	0	0	420	114	180	94
1216	660.0	124.1		120.1		420	153	0	0	900	130	0	0	120	118	540	93
1217	760.0	127.0		124.2		600	141	0	0	960	135	0	0	420	115	300	90
1218	920.0	132.8		130.6		780	153	0	0	1260	131	0	0	480	124	240	94
1219	740.0	133.8		128.6		720	164	0	0	780	134	0	0	420	112	300	91
1220	660.0	138.8		134.3		540	159	0	0	780	147	120	87	480	123	60	79
1221	560.0	117.5		112.5		60	180	0	0	900	134	0	0	120	105	600	89
1222	680.0	128.4		122.7		420	163	0	0	960	135	0	0	120	127	540	90
1223	800.0	125.1		121.0		840	149	0	0	900	123	0	0	120	127	540	91
1224	740.0	113.6		111.0		480	137	0	0	900	119	0	0	180	107	660	91
1225	600.0	124.3		121.6		300	157	0	0	780	128	0	0	540	112	180	91
1226	540.0	130.7		123.4		360	171	0	0	720	137	0	0	180	114	360	86
1227	460.0	120.7		117.5		60	184	0	0	540	132	0	0	480	118	300	92
1228	520.0	123.7		122.3		60	177	0	0	780	128	0	0	660	117	60	88
1229	560.0	123.3		119.7		300	157	0	0	600	129	0	0	420	118	360	92
1230	780.0	130.7		128.2		540	159	0	0	1140	129	0	0	540	115	120	91
1231	620.0	126.8		121.4		480	159	0	0	720	133	0	0	240	108	420	90
1232	640.0	127.5		124.1		480	150	0	0	780	134	60	110	360	112	240	89
1233	860.0	135.0		131.0		600	175	0	0	1020	130	0	0	780	121	180	91
1234	580.0	121.1		116.9		300	147	0	0	660	131	0	0	360	121	420	87
1235	840.0	132.7		128.5		720	163	0	0	1080	130	0	0	420	118	300	90
1236	540.0	113.7		111.2		60	141	0	0	840	127	0	0	420	101	300	89
1237	720.0	131.0		127.6		540	162	0	0	900	127	0	0	540	121	180	88
1238	680.0	118.3		115.3		300	151	0	0	1020	123	0	0	480	104	240	86
1239	800.0	120.5		117.2		540	142	0	0	960	125	0	0	420	121	480	87
1240	460.0	137.6		131.8		420	174	0	0	720	129	0	0	120	115	120	84
1241	680.0	121.4		117.7		360	152	0	0	900	127	0	0	360	116	420	88
1242	640.0	127.1		121.3		420	157	0	0	840	135	60	87	240	120	360	85
1243	620.0	126.1		120.7		480	157	0	0	840	131	60	92	180	94	300	89
1244	680.0	128.0		122.2		540	164	0	0	900	129	0	0	240	105	360	87
1245	480.0	120.7		118.9		240	147	0	0	660	123	60	90	360	111	120	100
1246	540.0	116.4		112.8		180	151	0	0	720	126	0	0	300	114	420	87
1247	520.0	117.0		112.3		240	162	0	0	660	124	0	0	180	106	480	89
1248	420.0	135.3		131.2		300	167	0	0	360	146	0	0	540	116	60	87
1249	560.0	120.5		117.5		180	156	0	0	720	127	0	0	480	117	300	89
1250	660.0	122.4		119.0		240	146	0	0	960	133	0	0	420	114	360	88
1251	700.0	115.9		112.4		480	139	0	0	840	123	120	96	120	119	540	88
1252	580.0	119.8		116.2		240	152	0	0	840	129	0	0	420	101	240	88
1253	660.0	117.0		114.3		480	140	0	0	780	120	60	116	360	104	300	88
1254	460.0	126.9		122.1		120	162	0	0	840	138	0	0	120	109	300	89
1255	660.0	139.6		135.2		600	174	0	0	720	135	0	0	540	118	120	93
1256	560.0	135.3		129.6		300	178	0	0	660	146	0	0	540	114	180	89
1257	560.0	119.6		116.3		300	139	0	0	780	125	0	0	180	135	420	89
1258	620.0	130.8		127.6		660	148	0	0	660	133	60	92	300	121	180	89
1259	780.0	133.8		128.5		660	162	0	0	1140	135	0	0	120	124	420	89
1260	560.0	131.5		123.5		300	188	0	0	720	138	0	0	300	113	360	87
1261	620.0	123.7		120.8		480	145	0	0	840	127	0	0	300	108	240	89
1262	460.0	122.8		119.8		240	151	0	0	720	128	0	0	120	105	300	95
1263	680.0	118.9		114.7		360	155	0	0	1080	123	0	0	180	94	420	88
1264	680.0	125.3		117.6		420	170	0	0	780	137	0	0	360	100	480	86
1265	640.0	127.4		122.2		360	160	0	0	840	138	0	0	420	107	300	87
1266	580.0	129.9		122.7		420	176	0	0	720	132	0	0	300	101	300	89
1267	520.0	129.4		123.3		360	167	0	0	720	133	60	105	120	113	300	87
1268	460.0	120.7		114.4		360	156	0	0	540	127	0	0	120	91	360	86
1269	800.0	125.4		121.5		600	155	0	0	1080	127	0	0	480	104	240	87
1270	420.0	128.6		125.4		120	166	0	0	480	142	0	0	480	118	180	96
1271	480.0	120.4		116.3		180	157	0	0	720	130	0	0	120	111	420	91
1272	500.0	138.6		133.9		360	176	0	0	660	136	0	0	360	123	120	87
1273	540.0	126.8		125.0		180	151	0	0	900	129	0	0	360	126	180	93
1274	460.0	117.1		113.3		240	150	0	0	660	124	0	0	60	93	420	91
1275	580.0	128.5		124.6		420	162	0	0	660	131	0	0	480	109	180	93
1276	460.0	125.0		119.4		120	178	0	0	540	139	0	0	300	126	420	91
1277	460.0	100.5		97.5		60	177	0	0	420	115	0	0	180	91	720	88
1278	520.0	123.3		119.6		360	154	0	0	660	124	0	0	240	117	300	90
1279	500.0	120.2		116.9		240	142	0	0	660	131	0	0	300	110	300	89
1280	600.0	131.5		125.0		300	182	0	0	840	137	0	0	240	120	420	91
1281	560.0	119.0		115.2		240	161	0	0	780	120	0	0	300	120	360	88
1282	780.0	133.5		129.2		780	161	0	0	1020	130	0	0	240	111	300	92
1283	600.0	126.4		120.5		300	167	0	0	720	140	0	0	300	110	480	91
1284	700.0	136.0		130.2		480	172	0	0	900	140	0	0	300	128	420	92
1285	740.0	123.8		119.8		540	153	0	0	900	126	120	90	300	119	360	90
1286	660.0	124.9		120.0		420	158	0	0	780	134	0	0	300	109	480	91
1287	700.0	120.0		116.5		600	140	0	0	900	125	0	0	120	111	480	88
1288	540.0	126.5		121.5		300	153	0	0	660	136	0	0	240	133	420	89
1289	440.0	129.4		127.9		0	0	0	0	660	139	0	0	540	125	120	96
1290	460.0	134.5		131.9		180	168	0	0	720	137	0	0	360	127	120	92
1291	520.0	124.1		122.5		120	145	0	0	780	131	0	0	480	119	180	94
1292	540.0	138.6		133.0		300	153	0	0	840	155	0	0	240	111	240	91
1293	660.0	124.7		121.5		660	143	0	0	780	124	0	0	180	130	360	90
1294	600.0	113.2		109.2		360	146	60	103	660	121	60	82	120	102	540	89
1295	520.0	117.2		113.1		300	145	0	0	720	126	0	0	240	91	300	89
1296	660.0	119.5		116.3		300	154	0	0	780	128	0	0	660	104	240	91
1297	440.0	135.7		131.9		240	157	0	0	660	144	0	0	240	125	180	91
1298	520.0	125.5		120.9		180	153	0	0	900	137	0	0	120	108	360	89
1299	580.0	119.4		114.7		420	149	0	0	660	127	120	90	240	103	300	86
1300	280.0	122.0		120.1		0	0	0	0	480	134	0	0	300	109	60	91
1301	340.0	130.6		130.2		120	139	0	0	480	136	0	0	420	122	0	0
1302	500.0	124.2		120.5		300	143	0	0	600	135	60	109	240	123	300	88
1303	540.0	128.3		124.1		300	170	0	0	540	132	0	0	600	116	180	89
1304	440.0	126.3		122.3		240	155	0	0	480	138	0	0	360	115	240	91
1305	480.0	125.2		120.4		240	162	0	0	660	132	0	0	240	116	300	88
1306	340.0	118.7		115.7		60	158	0	0	480	127	60	109	180	125	240	90
1307	720.0	129.3		127.6		360	141	0	0	840	141	0	0	840	118	120	92
1308	700.0	123.9		118.0		360	166	0	0	840	136	120	99	240	107	540	90
1309	480.0	117.7		113.5		240	150	0	0	540	130	0	0	240	106	420	90
1310	480.0	120.2		116.0		300	153	0	0	660	125	0	0	120	106	360	89
1311	420.0	137.4		132.1		300	160	0	0	480	151	0	0	300	122	180	89
1312	400.0	118.1		114.5		120	164	0	0	540	127	0	0	180	111	360	93
1313	520.0	119.3		115.0		420	152	0	0	600	118	0	0	180	108	360	89
1314	300.0	119.9		116.2		60	163	0	0	540	129	0	0	60	115	240	90
1315	420.0	126.7		122.3		300	155	0	0	420	133	60	87	240	124	240	93
1316	620.0	119.8		116.8		600	145	0	0	660	116	0	0	240	106	360	94
1317	500.0	118.9		114.8		300	156	0	0	540	125	0	0	240	104	420	93
1318	440.0	125.4		121.1		240	157	0	0	600	134	0	0	180	110	300	92
1319	300.0	125.7		123.3		0	0	0	0	420	138	0	0	240	131	240	99
1320	480.0	123.9		120.1		120	174	0	0	780	130	60	111	180	123	300	91
1321	500.0	129.0		125.2		300	158	0	0	780	133	0	0	120	121	300	93
1322	640.0	122.6		118.3		480	151	0	0	780	126	0	0	240	115	420	88
1323	500.0	119.0		114.4		300	155	0	0	720	122	0	0	60	120	420	88
1324	240.0	123.8		122.5		60	142	0	0	300	132	0	0	300	118	60	94
1325	560.0	118.8		116.5		180	140	0	0	840	126	60	92	300	119	300	91
1326	600.0	123.9		117.7		300	162	0	0	840	135	0	0	60	127	600	89
1327	520.0	119.7		115.4		420	150	0	0	720	120	0	0	0	0	420	89
1328	640.0	117.5		114.0		360	151	0	0	900	118	0	0	240	117	420	88
1329	280.0	111.3		107.5		60	150	0	0	180	126	0	0	300	120	300	86
1330	620.0	124.4		121.7		240	143	0	0	900	129	60	118	360	131	300	89
1331	360.0	130.2		126.2		180	171	0	0	600	132	0	0	120	113	180	95
1332	700.0	124.2		122.0		420	149	0	0	1020	124	0	0	480	117	180	87
1333	400.0	116.0		112.3		180	150	0	0	300	120	0	0	420	120	300	86
1334	500.0	125.2		120.8		180	161	0	0	780	133	0	0	240	121	300	87
1335	620.0	124.7		120.1		540	150	0	0	900	127	0	0	60	90	360	87
1336	480.0	124.3		120.8		180	156	0	0	660	133	0	0	360	116	240	89
1337	540.0	126.3		120.3		360	153	0	0	660	136	0	0	180	131	420	86
1338	420.0	123.7		118.1		60	158	0	0	720	141	0	0	120	110	360	88
1339	340.0	124.4		122.5		60	145	0	0	480	136	0	0	360	115	120	96
1340	560.0	124.5		122.0		180	161	0	0	780	132	0	0	480	113	240	96
1341	560.0	121.2		116.7		240	166	0	0	720	130	0	0	420	103	300	90
1342	280.0	135.8		133.4		60	177	0	0	360	142	0	0	360	130	60	92
1343	500.0	123.6		120.7		180	163	0	0	840	125	60	89	300	117	120	88
1344	380.0	118.1		114.0		120	166	0	0	420	132	0	0	360	104	240	91
1345	360.0	122.7		118.3		180	152	0	0	420	132	0	0	180	126	300	90
1346	400.0	126.6		121.5		300	162	0	0	600	125	0	0	60	120	240	88
1347	360.0	118.5		114.7		120	157	0	0	360	135	60	105	300	108	240	91
1348	340.0	127.1		123.3		180	165	0	0	420	126	0	0	240	127	180	92
1349	480.0	119.1		115.9		240	151	0	0	600	126	0	0	300	108	300	91
1350	600.0	122.4		117.8		420	154	0	0	780	128	0	0	120	101	480	91
1351	280.0	136.9		135.9		120	166	0	0	360	135	0	0	360	129	0	0
1352	440.0	121.1		116.7		60	165	0	0	780	133	0	0	120	121	360	88
1353	400.0	118.5		114.3		180	141	0	0	420	131	0	0	180	133	420	90
1354	660.0	114.6		110.1		300	158	0	0	840	121	0	0	300	105	540	86
1355	380.0	119.9		113.9		180	155	0	0	540	133	60	84	60	102	300	86
1356	480.0	125.2		120.4		300	155	0	0	720	132	0	0	120	103	300	88
1357	400.0	120.5		117.7		60	153	0	0	480	131	60	105	300	128	300	93
1358	260.0	121.7		120.5		0	0	0	0	480	129	0	0	240	115	60	90
1359	460.0	119.5		115.4		240	142	0	0	600	132	120	88	360	102	60	72
1360	500.0	125.3		122.1		180	155	0	0	780	132	60	116	240	120	240	89
1361	320.0	120.2		117.8		60	158	0	0	480	126	0	0	240	121	180	91
1362	560.0	114.2		111.4		300	139	0	0	660	123	120	90	300	104	300	90
1363	480.0	115.4		113.3		180	145	0	0	600	123	0	0	540	103	120	89
1364	460.0	118.9		115.9		60	158	0	0	900	128	60	87	120	105	240	90
1365	440.0	119.8		116.4		60	167	0	0	660	132	0	0	240	116	360	92
1366	540.0	133.7		129.8		420	168	0	0	720	131	0	0	300	115	180	96
1367	620.0	128.3		124.3		600	151	0	0	660	132	60	86	240	116	300	93
1368	400.0	124.6		121.7		180	152	0	0	540	132	0	0	300	115	180	91
1369	360.0	128.9		125.8		120	154	0	0	600	138	0	0	240	113	120	90
1370	680.0	122.1		119.9		360	148	0	0	1140	124	0	0	120	118	420	96
1371	360.0	122.2		116.1		120	158	0	0	540	139	0	0	60	98	360	89
1372	540.0	125.8		120.2		360	163	0	0	720	131	0	0	180	104	360	89
1373	300.0	128.3		126.5		180	151	0	0	300	124	0	0	360	127	60	90
1374	320.0	120.6		116.6		60	200	0	0	360	128	0	0	300	117	240	94
1375	260.0	118.6		114.7		120	155	0	0	360	127	0	0	0	0	300	94
1376	480.0	122.5		118.0		360	150	0	0	540	129	60	86	180	116	300	89
1377	500.0	120.0		117.1		120	169	0	0	600	125	0	0	420	121	360	94
1378	600.0	118.7		112.6		540	152	0	0	420	127	60	86	120	119	660	89
1379	360.0	129.0		125.2		240	152	0	0	360	139	0	0	240	126	240	94
1380	460.0	132.4		128.5		300	165	0	0	720	134	0	0	180	110	180	94
1381	480.0	113.0		110.0		60	163	0	0	600	127	0	0	360	108	420	90
1382	540.0	122.8		121.8		120	138	0	0	840	127	0	0	540	120	120	91
1383	460.0	120.3		118.2		120	146	0	0	660	131	60	89	360	105	180	105
1384	340.0	119.2		113.9		120	165	0	0	420	134	60	90	180	104	240	89
1385	500.0	118.4		114.9		240	150	0	0	720	123	60	88	180	119	300	88
1386	420.0	120.4		117.5		180	141	0	0	600	130	60	87	240	112	180	90
1387	480.0	112.2		106.9		180	153	0	0	420	137	120	88	240	97	480	89
1388	380.0	125.2		121.9		120	158	0	0	600	131	0	0	240	122	180	88
1389	360.0	120.6		114.7		120	172	0	0	420	126	0	0	300	124	240	81
1390	280.0	124.0		121.0		120	149	0	0	420	131	0	0	180	115	120	88
1391	400.0	119.6		116.1		180	144	0	0	540	129	0	0	180	118	300	89
1392	340.0	131.9		125.2		60	218	0	0	600	144	0	0	120	102	240	95
1393	460.0	123.7		120.9		240	150	0	0	540	132	0	0	420	111	180	93
1394	500.0	119.2		114.8		240	150	0	0	600	132	0	0	180	113	480	90
1395	360.0	123.2		119.2		120	157	0	0	540	134	0	0	120	119	300	92
1396	280.0	119.6		117.5		0	0	0	0	360	134	0	0	360	115	120	90
1397	440.0	128.5		123.2		480	143	0	0	480	143	0	0	0	0	360	90
1398	220.0	133.3		126.4		180	178	0	0	300	129	0	0	120	98	60	91
1399	480.0	120.4		115.6		180	137	0	0	540	138	60	90	300	126	360	86
1400	460.0	110.9		106.2		120	155	0	0	480	132	0	0	120	103	660	89
1401	440.0	131.8		129.3		180	162	0	0	780	136	0	0	300	111	60	91
1402	420.0	112.4		110.9		180	123	0	0	540	120	0	0	180	118	360	93
1403	440.0	116.0		113.3		240	149	0	0	480	116	60	90	300	113	240	93
1404	440.0	117.2		116.1		240	132	0	0	720	118	0	0	240	114	120	89
1405	460.0	119.1		114.1		180	160	0	0	420	137	60	116	180	119	540	92
1406	480.0	121.8		116.6		420	157	0	0	420	123	60	92	300	104	240	88
1407	300.0	123.5		120.5		60	154	0	0	360	133	0	0	240	130	240	95
1408	380.0	120.9		115.2		180	153	0	0	420	135	60	89	120	135	360	89
1409	380.0	116.8		111.7		120	179	0	0	420	126	120	110	180	108	300	87
1410	540.0	116.2		112.6		120	148	0	0	720	131	60	92	300	111	420	89
1411	260.0	125.0		121.7		120	160	0	0	420	127	0	0	120	118	120	90
1412	220.0	115.5		112.9		60	150	0	0	300	125	0	0	240	103	60	84
1413	280.0	127.4		123.8		60	156	0	0	240	156	0	0	480	114	60	92
1414	380.0	115.3		112.1		180	142	0	0	420	128	60	105	240	102	240	89
1415	260.0	108.7		106.4		120	135	0	0	240	114	0	0	240	108	180	85
1416	380.0	117.2		111.6		120	143	0	0	480	139	0	0	120	110	420	87
1417	440.0	117.3		112.4		300	158	0	0	420	121	0	0	360	98	240	89
1418	360.0	118.4		115.1		120	148	0	0	420	127	0	0	240	124	300	90
1419	260.0	116.3		113.3		0	0	0	0	360	127	60	87	180	130	180	91
1420	280.0	114.9		108.9		120	167	0	0	240	125	120	91	60	142	300	90
1421	400.0	114.8		111.5		120	144	0	0	480	129	0	0	300	107	300	88
1422	260.0	119.6		115.1		60	156	0	0	420	134	0	0	180	95	120	88
1423	280.0	133.9		129.4		180	168	0	0	300	141	0	0	240	120	120	93
1424	180.0	130.3		130.1		0	0	0	0	240	137	0	0	300	125	0	0
1425	320.0	126.3		123.3		180	162	0	0	360	127	0	0	300	117	120	94
1426	440.0	116.3		112.3		360	148	0	0	420	118	0	0	120	100	420	92
1427	380.0	120.8		114.6		240	169	0	0	600	119	0	0	60	86	240	86
1428	340.0	126.9		121.0		240	171	0	0	420	125	0	0	240	108	120	83
1429	300.0	100.0		97.4		120	126	0	0	180	123	60	91	60	92	480	87
1430	480.0	122.3		118.7		360	147	0	0	600	122	0	0	120	141	360	92
1431	500.0	119.0		115.8		240	153	0	0	600	124	0	0	360	112	300	90
1432	280.0	116.4		112.4		120	123	0	0	120	122	60	87	360	133	180	85
1433	300.0	110.4		106.7		60	156	0	0	240	126	0	0	240	117	360	88
1434	320.0	108.1		103.8		180	142	0	0	300	121	0	0	60	89	420	87
1435	460.0	107.6		103.9		240	137	0	0	300	131	120	91	120	90	600	91
1436	400.0	120.8		118.4		120	163	0	0	540	126	0	0	420	111	120	90
1437	260.0	124.3		120.3		0	0	0	0	360	134	0	0	240	137	180	88
1438	320.0	113.7		109.8		60	158	0	0	360	129	0	0	120	125	420	91
1439	320.0	125.1		119.8		120	176	0	0	540	129	0	0	60	133	240	89
1440	320.0	122.3		117.7		180	163	0	0	480	122	0	0	120	117	180	86
1441	360.0	126.7		122.1		120	157	0	0	540	139	0	0	120	128	300	92
1442	320.0	121.1		116.5		60	167	0	0	600	132	0	0	0	0	300	90
1443	340.0	126.5		121.3		120	167	0	0	540	138	0	0	120	105	240	91
1444	300.0	111.2		106.1		180	148	0	0	300	123	0	0	0	0	420	87
1445	440.0	121.4		119.1		300	139	0	0	780	124	0	0	0	0	240	91
1446	220.0	115.4		112.4		0	0	0	0	300	131	0	0	120	123	240	92
1447	220.0	123.5		122.1		120	143	0	0	240	127	0	0	240	117	60	96
1448	300.0	114.1		109.5		120	155	0	0	300	127	60	91	120	118	300	88
1449	160.0	138.5		137.7		0	0	0	0	240	149	0	0	240	128	0	0
1450	300.0	109.6		107.3		240	122	0	0	180	122	60	86	180	116	240	89
1451	360.0	122.8		115.1		180	178	0	0	360	135	0	0	180	115	360	87
1452	220.0	138.8		134.1		60	175	0	0	240	156	0	0	240	134	120	96
1453	380.0	124.7		116.1		180	177	0	0	420	143	60	102	60	120	420	88
1454	260.0	127.9		122.4		180	165	0	0	300	132	0	0	120	119	180	90
1455	320.0	126.6		120.3		180	175	0	0	360	133	0	0	180	114	240	90
1456	220.0	110.7		106.6		60	141	0	0	240	132	0	0	60	104	300	89
1457	160.0	128.0		121.4		0	0	0	0	240	156	0	0	120	108	120	92
1458	120.0	141.5		129.5		60	167	0	0	180	168	0	0	0	0	120	89
1459	240.0	122.1		117.0		120	167	0	0	120	138	0	0	300	117	180	90
1460	280.0	114.0		109.6		120	142	0	0	420	126	0	0	0	0	300	86
1461	360.0	112.9		107.8		120	160	0	0	480	126	0	0	0	0	480	88
1462	200.0	116.9		113.6		120	130	0	0	240	129	0	0	60	126	180	89
1463	380.0	126.0		117.6		300	158	0	0	300	150	120	88	60	138	360	90
1464	200.0	127.5		117.4		0	0	0	0	180	169	0	0	180	140	240	87
1465	280.0	129.8		125.4		240	148	0	0	240	148	0	0	180	117	180	94
1466	320.0	123.8		116.2		60	187	0	0	480	143	0	0	60	121	360	88
1467	300.0	109.0		104.3		60	133	0	0	300	139	0	0	120	92	420	89
1468	320.0	120.1		113.5		60	208	0	0	360	128	0	0	180	137	360	89
1469	180.0	108.2		105.0		0	0	0	0	240	126	60	118	0	0	240	88
1470	180.0	127.1		119.1		0	0	0	0	240	152	60	88	120	139	120	85
1471	300.0	116.8		113.0		60	122	0	0	420	133	0	0	120	127	300	89
1472	140.0	103.6		101.0		60	122	0	0	60	122	0	0	60	125	240	89
1473	320.0	122.8		119.4		360	131	0	0	360	131	0	0	60	134	180	86
1474	300.0	117.2		114.1		120	141	0	0	360	130	60	92	120	116	240	93
1475	240.0	117.2		112.6		60	128	0	0	240	139	0	0	180	125	240	87
1476	260.0	108.3		103.8		0	0	0	0	180	145	60	91	180	118	360	88
1477	280.0	114.0		110.1		60	160	0	0	360	128	60	85	60	118	300	93
1478	340.0	99.8		96.9		120	144	0	0	120	123	120	88	120	93	540	89
1479	180.0	120.1		113.9		60	167	0	0	180	144	0	0	120	106	180	90
1480	220.0	120.3		116.0		0	0	0	0	240	136	0	0	180	137	240	92
1481	280.0	108.6		106.5		180	124	0	0	180	124	0	0	120	112	360	92
1482	360.0	105.4		102.7		60	151	0	0	420	120	60	97	0	0	540	90
1483	180.0	113.9		111.8		60	126	0	0	180	124	0	0	120	124	180	93
1484	180.0	110.8		106.7		0	0	0	0	180	139	0	0	120	112	240	89
1485	380.0	114.5		105.8		180	175	0	0	300	136	60	88	60	118	540	85
1486	240.0	107.4		103.1		60	175	0	0	240	107	60	88	120	125	240	87
1487	220.0	113.7		110.9		0	0	0	0	300	126	0	0	180	120	180	87
1488	400.0	117.4		111.4		120	146	0	0	480	142	0	0	60	119	540	89
1489	160.0	102.4		98.3		0	0	0	0	120	141	60	85	60	100	240	88
1490	240.0	111.5		106.7		60	173	0	0	300	125	0	0	0	0	360	90
1491	240.0	124.2		118.7		0	0	0	0	420	140	0	0	60	151	240	90
1492	120.0	110.0		105.9		60	141	0	0	60	141	0	0	60	105	180	91
1493	300.0	115.5		110.7		60	157	0	0	360	137	0	0	120	107	360	90
1494	160.0	116.2		107.0		60	173	0	0	120	156	0	0	0	0	300	89
1495	120.0	99.2		97.1		0	0	0	0	60	130	0	0	60	109	240	89
1496	140.0	118.6		114.8		0	0	0	0	240	133	0	0	60	122	120	88
1497	80.0	99.0		97.8		0	0	0	0	60	119	0	0	60	91	120	93
1498	260.0	111.8		107.0		0	0	0	0	300	139	0	0	60	129	420	90
1499	260.0	112.0		107.6		60	148	0	0	240	137	0	0	120	110	360	90
