#File created from auswertNew
# Temporary input file:
# tmp08.dat
# Created from repository file
# /home/vwitme/data/workdata/trafficData/Invent_A5/intermediatedata/A5frankfurt_06_01/daten/F08_1106.dat.gz
# Infrastructure description file:
# /home/vwitme/data/workdata/trafficData/Invent_A5/intermediatedata/A5frankfurt_06_01/daten/A5frankfurt_06_01.dsc
#
# Date: 11.06.2001
# Direction: Frankfurt
# Detector cross section 8
# Position (m)= 474.000000
# Number of main lanes=3
# Number of ramp lanes=0
# The lane indices are ordered from left to right
# NOTICE: The time has been increased by 1 hour 
# since summertime was not taken care of  in the original data!
# Velocity averages: Over veh types and lanes, weighted with flow
# vAvg=arithmetic average; vHarm=harmonic average
#===========================================
#t(min)	Qav(/h)	vAvg(km/h)	vHarm(km/h)	Q1car	v1car	Q1truck	v1truck	Q2car	v2car	Q2truck	v2truck	Q3car	v3car	Q3truck	v3truck
60	560.0	114.9		101.6		360	185	0	0	360	135	60	112	0	0	900	79
61	300.0	115.9		106.5		60	146	0	0	240	162	0	0	120	132	480	85
62	540.0	106.3		95.9		300	167	0	0	480	123	0	0	0	0	840	75
63	460.0	122.8		116.8		120	172	0	0	540	139	0	0	360	120	360	85
64	480.0	131.3		122.2		300	176	0	0	600	144	0	0	120	111	420	87
65	200.0	142.2		131.4		120	189	0	0	180	169	0	0	180	121	120	87
66	560.0	111.2		102.7		180	174	0	0	540	138	0	0	60	105	900	83
67	700.0	107.3		99.9		300	168	0	0	480	131	60	105	0	0	1260	84
68	400.0	142.1		126.6		300	199	0	0	360	160	60	94	120	141	360	85
69	340.0	133.4		125.2		120	189	0	0	360	153	0	0	240	129	300	91
70	400.0	126.9		119.6		300	165	0	0	540	132	0	0	60	94	300	86
71	600.0	125.3		112.3		480	183	0	0	480	138	60	112	0	0	780	83
72	480.0	116.7		104.0		360	177	0	0	180	154	60	115	0	0	840	83
73	360.0	119.4		113.7		60	185	0	0	540	132	60	116	60	139	360	87
74	280.0	126.7		116.8		60	193	0	0	420	149	0	0	60	113	300	85
75	340.0	106.9		101.5		0	0	0	0	300	141	60	100	120	124	540	85
76	360.0	129.3		121.8		300	164	0	0	360	139	0	0	60	133	360	90
77	300.0	135.4		129.5		120	163	0	0	360	151	0	0	240	133	180	89
78	240.0	101.0		96.6		60	172	0	0	120	124	60	88	0	0	480	88
79	300.0	101.7		98.0		0	0	0	0	300	131	0	0	0	0	600	87
80	400.0	119.3		110.8		120	178	0	0	360	150	60	92	60	138	600	90
81	340.0	118.6		111.1		120	173	0	0	420	137	60	90	60	105	360	86
82	500.0	110.3		102.5		120	187	0	0	480	137	60	98	0	0	840	85
83	340.0	112.6		105.2		180	164	0	0	240	132	0	0	60	120	540	86
84	360.0	103.9		99.4		120	143	0	0	240	129	0	0	60	123	660	86
85	320.0	125.6		116.8		240	174	0	0	360	130	60	103	0	0	300	86
86	320.0	121.4		111.2		180	161	0	0	240	164	60	100	0	0	480	88
87	540.0	118.1		110.8		360	165	0	0	540	127	0	0	0	0	720	88
88	340.0	110.8		101.7		180	189	0	0	240	114	0	0	0	0	600	86
89	420.0	118.7		112.8		60	150	0	0	660	136	0	0	60	151	480	87
90	440.0	103.8		97.8		240	152	0	0	240	125	0	0	0	0	840	84
91	200.0	112.8		105.8		60	154	0	0	180	139	0	0	60	132	300	85
92	360.0	111.4		105.2		120	147	0	0	240	146	60	93	120	126	540	87
93	240.0	125.7		114.9		120	170	0	0	300	149	0	0	120	87	180	83
94	480.0	105.4		99.1		180	156	0	0	300	138	60	97	0	0	900	85
95	400.0	106.7		101.5		180	148	0	0	300	129	0	0	0	0	720	87
96	420.0	114.2		107.4		120	182	0	0	420	131	0	0	120	124	600	87
97	620.0	102.5		95.4		240	171	0	0	240	137	120	90	0	0	1260	84
98	240.0	114.4		104.6		180	177	0	0	60	128	0	0	120	99	360	86
99	360.0	95.0		90.2		120	175	0	0	0	0	0	0	0	0	960	85
100	480.0	126.0		112.9		300	187	0	0	420	151	0	0	0	0	720	86
101	320.0	132.7		119.8		240	185	0	0	300	149	0	0	60	128	360	85
102	260.0	97.5		94.2		0	0	0	0	120	143	60	102	60	105	540	86
103	280.0	108.6		98.5		120	204	0	0	180	119	0	0	0	0	540	84
104	500.0	118.2		108.4		180	180	0	0	540	141	0	0	60	139	720	84
105	400.0	94.6		89.8		60	151	0	0	180	143	0	0	0	0	960	82
106	280.0	97.4		94.8		0	0	0	0	180	132	0	0	0	0	660	88
107	260.0	126.1		119.2		60	175	0	0	360	141	0	0	120	135	240	87
108	200.0	100.8		96.0		60	167	0	0	60	123	60	116	0	0	420	86
109	200.0	110.0		101.5		0	0	0	0	240	146	0	0	60	116	300	80
110	240.0	120.3		112.4		180	158	0	0	180	134	0	0	60	138	300	86
111	240.0	115.9		106.9		60	189	0	0	180	148	0	0	120	124	360	85
112	120.0	108.2		102.5		0	0	0	0	120	140	0	0	60	117	180	84
113	440.0	109.8		106.1		360	128	0	0	360	128	0	0	0	0	600	88
114	340.0	117.5		109.9		180	164	0	0	360	135	0	0	0	0	480	87
115	320.0	114.7		106.8		180	168	0	0	180	137	0	0	60	128	540	88
116	360.0	104.6		100.5		0	0	0	0	300	138	60	88	60	126	660	89
117	280.0	133.4		123.6		120	170	0	0	300	164	0	0	180	120	240	87
118	320.0	108.8		103.7		60	146	0	0	360	134	120	94	0	0	420	86
119	420.0	114.0		105.1		420	157	0	0	60	163	120	88	0	0	660	87
120	360.0	129.4		120.7		180	179	0	0	480	143	0	0	60	121	360	88
121	220.0	102.8		97.6		60	177	0	0	60	110	0	0	120	121	420	86
122	240.0	148.2		135.2		180	195	0	0	360	156	0	0	0	0	180	86
123	240.0	117.1		106.0		0	0	0	0	300	162	0	0	0	0	420	85
124	260.0	122.3		112.2		120	182	0	0	240	148	60	112	0	0	360	87
125	360.0	97.9		94.5		60	154	0	0	180	130	120	89	60	84	660	87
126	300.0	110.5		103.5		120	148	0	0	300	138	0	0	0	0	480	84
127	300.0	112.8		108.6		60	159	0	0	360	125	120	110	60	133	300	86
128	320.0	99.6		94.8		60	155	0	0	120	154	0	0	0	0	780	87
129	140.0	111.4		104.7		60	170	0	0	120	129	0	0	0	0	240	88
130	360.0	110.0		101.3		180	167	0	0	180	149	0	0	0	0	720	86
131	440.0	97.3		93.8		60	158	0	0	240	129	0	0	120	88	900	86
132	380.0	104.1		97.3		120	168	0	0	300	129	0	0	0	0	720	83
133	300.0	114.9		103.6		60	202	0	0	300	153	0	0	0	0	540	84
134	360.0	107.9		103.4		0	0	0	0	480	132	0	0	60	113	540	86
135	260.0	115.0		107.9		60	207	0	0	180	137	120	106	120	115	300	87
136	200.0	138.5		127.3		120	177	0	0	180	155	0	0	120	154	180	86
137	360.0	110.8		102.8		120	174	0	0	300	140	0	0	0	0	660	86
138	400.0	131.1		125.6		180	167	0	0	420	151	0	0	420	113	180	91
139	360.0	112.5		105.9		180	146	0	0	420	130	0	0	60	110	420	81
140	360.0	99.5		94.3		60	190	0	0	120	140	0	0	60	117	840	86
141	200.0	112.2		104.6		0	0	0	0	240	150	0	0	0	0	360	87
142	320.0	101.2		97.2		120	164	0	0	120	105	60	93	60	98	600	89
143	380.0	130.4		122.1		360	159	0	0	360	146	60	89	60	124	300	87
144	80.0	132.5		123.9		0	0	0	0	60	200	0	0	180	110	0	0
145	400.0	101.6		94.9		120	150	0	0	240	136	0	0	60	135	780	81
146	360.0	107.3		100.8		60	151	0	0	360	141	0	0	0	0	660	85
147	420.0	106.6		101.5		120	159	0	0	420	124	0	0	60	118	660	85
148	240.0	119.4		111.7		60	182	0	0	300	141	0	0	60	111	300	87
149	260.0	107.6		103.6		120	141	0	0	60	115	60	88	240	121	300	86
150	320.0	107.5		100.7		60	169	0	0	300	138	60	105	0	0	540	84
151	220.0	116.8		108.8		60	194	0	0	240	137	0	0	60	108	300	87
152	200.0	110.8		103.3		0	0	0	0	240	148	0	0	0	0	360	86
153	320.0	115.2		107.7		120	172	0	0	300	137	0	0	60	118	480	87
154	300.0	111.9		100.7		60	187	0	0	240	163	0	0	0	0	600	84
155	180.0	133.0		122.4		60	195	0	0	180	139	0	0	120	162	180	87
156	300.0	99.5		96.3		120	148	0	0	120	112	180	87	0	0	480	89
157	280.0	95.5		93.2		0	0	0	0	120	136	180	97	0	0	540	86
158	200.0	107.7		103.1		60	144	0	0	180	129	60	116	0	0	300	86
159	280.0	114.1		106.8		0	0	0	0	240	151	60	90	180	131	360	85
160	180.0	132.8		125.5		60	197	0	0	240	147	0	0	120	113	120	92
161	80.0	113.0		106.7		0	0	0	0	60	162	0	0	60	110	120	90
162	60.0	112.3		108.5		60	126	0	0	60	126	0	0	0	0	60	85
163	280.0	100.6		95.8		60	182	0	0	180	121	60	89	0	0	540	86
164	400.0	97.5		94.3		180	140	0	0	120	117	180	88	0	0	720	86
165	140.0	126.6		120.8		0	0	0	0	300	142	0	0	0	0	120	88
166	240.0	111.0		104.1		60	172	0	0	180	138	60	87	60	137	360	87
167	200.0	125.5		114.3		180	171	0	0	120	149	120	96	0	0	180	84
168	320.0	112.1		105.5		60	150	0	0	300	146	60	118	60	108	480	86
169	220.0	112.3		105.9		120	153	0	0	120	142	0	0	60	117	360	88
170	280.0	98.8		88.0		180	161	0	0	0	0	180	90	60	42	420	84
171	180.0	123.6		120.0		0	0	0	0	300	136	0	0	120	127	120	89
172	360.0	119.5		113.4		120	165	0	0	420	136	60	88	180	117	300	86
173	240.0	102.8		100.2		0	0	0	0	240	126	0	0	60	107	420	89
174	260.0	100.7		96.7		120	143	0	0	120	123	60	89	0	0	480	86
175	220.0	100.7		98.0		60	156	0	0	120	110	120	99	0	0	360	89
176	240.0	94.7		91.6		60	168	0	0	0	0	120	88	0	0	540	88
177	300.0	143.5		134.1		240	187	0	0	480	143	0	0	0	0	180	87
178	220.0	109.2		104.3		60	181	0	0	240	119	60	99	0	0	300	89
179	380.0	105.3		50.9		180	176	60	112	180	124	120	87	60	5	540	90
180	420.0	115.1		105.4		240	138	0	0	300	168	180	90	0	0	540	84
181	280.0	118.6		111.4		0	0	0	0	480	143	0	0	0	0	360	86
182	280.0	115.1		109.1		60	177	0	0	300	138	60	115	0	0	420	90
183	280.0	123.4		116.7		180	155	0	0	360	137	0	0	0	0	300	88
184	280.0	101.1		98.3		60	148	0	0	300	114	60	87	60	88	360	87
185	340.0	119.4		110.3		240	159	0	0	240	149	60	87	60	109	420	86
186	240.0	101.9		100.1		60	121	0	0	240	115	60	90	60	112	300	88
187	220.0	132.7		118.3		120	184	0	0	240	165	0	0	60	88	240	86
188	380.0	113.1		105.3		120	172	0	0	360	141	60	88	0	0	600	87
189	200.0	104.1		98.7		0	0	0	0	180	144	0	0	0	0	420	87
190	300.0	122.3		116.0		300	143	0	0	240	143	60	113	0	0	300	87
191	280.0	127.6		116.5		120	188	0	0	360	148	0	0	0	0	360	87
192	360.0	126.6		118.7		60	184	0	0	480	147	60	103	120	144	360	88
193	240.0	111.2		104.2		0	0	0	0	240	151	60	95	60	119	360	86
194	280.0	117.4		111.9		60	144	0	0	420	138	0	0	0	0	360	89
195	480.0	112.6		105.5		360	157	0	0	240	129	60	89	60	111	720	87
196	260.0	103.5		98.7		120	155	0	0	60	132	60	112	0	0	540	88
197	260.0	121.0		116.1		60	129	0	0	360	143	120	101	60	120	180	88
198	220.0	91.3		88.7		0	0	0	0	120	128	120	87	0	0	420	82
199	320.0	123.1		114.1		180	172	0	0	300	144	0	0	60	117	420	88
200	240.0	124.5		114.5		60	200	0	0	360	144	0	0	0	0	300	86
201	200.0	133.5		127.1		60	200	0	0	360	136	0	0	60	141	120	89
202	260.0	97.8		94.6		0	0	0	0	180	134	180	89	0	0	420	86
203	200.0	126.3		121.1		120	153	0	0	180	136	0	0	120	138	180	91
204	160.0	139.9		125.3		60	230	0	0	180	166	0	0	60	118	180	91
205	300.0	101.1		95.3		60	187	0	0	180	131	60	87	0	0	600	85
206	140.0	113.6		110.8		0	0	0	0	240	126	0	0	60	115	120	88
207	280.0	126.7		119.1		120	162	0	0	420	144	60	90	120	91	120	85
208	200.0	119.2		109.4		60	190	0	0	240	143	0	0	0	0	300	86
209	240.0	104.3		99.8		60	121	0	0	60	124	60	91	120	150	420	88
210	140.0	104.6		98.5		0	0	0	0	60	174	0	0	60	118	300	88
211	420.0	127.7		117.9		360	160	0	0	300	160	180	104	0	0	420	87
212	200.0	109.1		104.6		0	0	0	0	240	132	0	0	60	128	300	87
213	320.0	112.1		103.9		120	162	0	0	240	150	120	87	0	0	480	87
214	240.0	111.6		104.4		0	0	60	114	180	151	0	0	120	134	360	84
215	300.0	117.3		107.2		120	190	0	0	180	155	120	96	60	114	420	87
216	280.0	129.5		123.9		60	160	0	0	360	151	0	0	240	120	180	89
217	360.0	112.9		106.8		60	146	0	0	300	148	60	105	180	118	480	86
218	440.0	127.0		118.0		240	175	0	0	480	146	60	97	60	116	480	89
219	600.0	112.9		103.9		300	161	0	0	480	144	60	86	0	0	960	84
220	300.0	118.6		109.8		120	165	0	0	300	149	0	0	0	0	480	88
221	220.0	124.3		120.8		60	139	0	0	420	133	0	0	60	125	120	86
222	400.0	106.4		102.1		0	0	0	0	420	134	0	0	120	116	660	87
223	320.0	107.6		96.8		120	176	0	0	120	161	60	88	60	150	600	81
224	440.0	118.0		110.0		240	164	0	0	420	134	0	0	120	123	540	84
225	240.0	104.3		99.3		60	157	0	0	180	133	0	0	0	0	480	87
226	360.0	128.1		121.6		240	167	0	0	420	139	0	0	0	0	420	95
227	380.0	106.2		99.6		60	182	0	0	360	136	0	0	0	0	720	85
228	520.0	107.4		100.4		180	156	0	0	360	144	60	88	60	82	900	86
229	400.0	100.9		96.3		60	140	0	0	240	130	0	0	120	133	780	84
230	440.0	116.5		108.8		300	158	0	0	480	128	0	0	60	78	480	84
231	300.0	111.6		106.0		0	0	0	0	300	142	0	0	120	130	480	88
232	340.0	104.7		99.2		60	158	0	0	300	135	0	0	60	97	600	85
233	220.0	130.2		121.1		60	188	0	0	360	148	0	0	0	0	240	89
234	340.0	128.0		119.5		180	182	0	0	420	136	0	0	120	124	300	86
235	120.0	134.3		129.7		0	0	0	0	240	148	0	0	60	125	60	89
236	260.0	110.3		106.1		0	0	0	0	360	133	0	0	60	108	360	88
237	200.0	108.2		103.0		0	0	0	0	240	138	0	0	60	100	300	86
238	220.0	124.1		119.5		0	0	0	0	420	137	0	0	120	121	120	82
239	300.0	137.4		133.0		240	173	0	0	480	132	60	119	0	0	120	97
240	300.0	123.1		115.2		60	164	0	0	480	145	0	0	0	0	360	87
241	280.0	124.1		117.4		120	152	0	0	300	148	0	0	120	124	300	89
242	380.0	129.6		120.7		240	174	0	0	420	142	60	89	120	127	300	86
243	260.0	138.4		134.5		60	160	0	0	540	147	0	0	60	130	120	93
244	280.0	117.8		110.6		120	158	0	0	300	139	0	0	60	122	360	86
245	260.0	116.7		110.4		0	0	0	0	240	146	0	0	180	135	360	88
246	260.0	116.2		111.3		120	147	0	0	240	134	0	0	180	112	240	86
247	280.0	121.3		115.4		120	165	0	0	240	135	0	0	240	121	240	86
248	300.0	108.3		103.7		60	139	0	0	300	135	60	91	120	102	360	86
249	200.0	137.9		131.8		60	174	0	0	360	151	0	0	120	106	60	87
250	220.0	106.9		102.3		60	134	0	0	240	131	60	93	0	0	300	85
251	340.0	136.0		132.2		180	166	0	0	600	136	0	0	120	138	120	89
252	420.0	108.5		103.6		180	152	0	0	420	123	0	0	60	102	600	86
253	200.0	142.3		137.2		60	208	0	0	300	140	0	0	180	142	60	89
254	260.0	118.4		109.3		240	166	0	0	120	127	0	0	60	99	360	87
255	480.0	122.8		112.7		420	168	0	0	360	137	60	89	0	0	600	86
256	380.0	120.6		112.5		120	163	0	0	480	144	0	0	60	125	480	86
257	380.0	110.6		103.1		180	175	0	0	240	127	60	95	60	113	600	86
258	320.0	124.9		117.4		180	154	0	0	420	144	60	91	60	89	240	87
259	520.0	128.5		121.4		420	158	0	0	600	141	60	113	60	104	420	87
260	280.0	133.4		129.3		120	146	0	0	420	144	0	0	180	132	120	86
261	440.0	130.4		121.5		240	172	0	0	480	150	60	103	120	131	420	88
262	240.0	121.2		115.3		0	0	0	0	360	143	0	0	120	124	240	87
263	680.0	120.7		113.5		720	153	0	0	480	130	120	88	120	91	600	87
264	480.0	123.8		117.1		360	164	0	0	600	127	120	101	0	0	360	86
265	520.0	138.3		128.4		420	177	0	0	480	155	60	92	240	124	360	88
266	300.0	135.9		125.9		180	186	0	0	360	146	0	0	120	130	240	86
267	340.0	117.5		110.8		0	0	0	0	360	148	0	0	240	127	420	86
268	280.0	121.9		110.3		180	188	0	0	180	140	60	90	60	116	360	86
269	300.0	123.9		120.1		60	168	0	0	540	134	60	108	0	0	240	94
270	340.0	118.8		111.0		0	0	0	0	540	147	0	0	0	0	480	87
271	400.0	129.9		123.0		180	170	0	0	480	146	0	0	240	120	300	88
272	540.0	131.6		121.5		480	177	0	0	360	146	120	101	120	124	540	90
273	380.0	121.6		112.5		120	163	0	0	480	150	60	88	0	0	480	87
274	480.0	124.0		116.2		360	168	0	0	420	132	120	97	120	120	420	87
275	540.0	119.4		112.2		360	160	0	0	600	131	60	90	60	81	540	87
276	480.0	117.5		113.1		300	149	0	0	600	125	0	0	60	113	480	89
277	460.0	121.5		114.6		300	151	0	0	600	136	0	0	0	0	480	85
278	500.0	124.7		116.4		240	170	0	0	600	143	60	111	60	113	540	87
279	380.0	131.1		125.3		180	181	0	0	600	136	0	0	60	113	300	95
280	320.0	131.2		127.4		120	160	0	0	540	140	0	0	180	113	120	90
281	340.0	139.3		134.6		120	145	0	0	540	154	0	0	240	130	120	86
282	520.0	129.4		121.8		480	158	0	0	420	140	120	88	240	131	300	84
283	640.0	122.4		113.6		660	157	0	0	420	139	0	0	60	99	780	86
284	540.0	122.8		113.6		360	161	0	0	480	149	60	113	60	88	660	87
285	240.0	152.5		145.9		180	188	0	0	240	164	0	0	240	130	60	90
286	780.0	109.5		100.2		300	174	0	0	780	132	0	0	180	81	1080	80
287	780.0	121.0		114.0		780	155	0	0	480	128	60	101	180	120	840	87
288	300.0	121.3		116.8		60	130	0	0	420	140	0	0	120	127	300	91
289	440.0	129.8		119.8		300	179	0	0	420	145	0	0	300	106	300	83
290	540.0	123.6		114.5		240	176	0	0	660	142	0	0	120	111	600	85
291	560.0	118.9		112.9		240	158	0	0	660	133	120	94	120	132	540	87
292	540.0	122.4		116.6		420	159	0	0	600	125	0	0	180	111	420	87
293	500.0	124.0		119.7		180	140	0	0	840	137	0	0	120	117	360	88
294	560.0	132.9		127.1		360	167	0	0	720	139	0	0	360	119	240	84
295	700.0	115.6		107.4		360	154	0	0	720	139	0	0	60	127	960	83
296	480.0	118.5		109.7		240	181	0	0	540	130	0	0	60	90	600	86
297	360.0	129.7		122.8		120	163	0	0	540	147	0	0	120	123	300	88
298	440.0	145.8		136.3		240	190	0	0	660	155	0	0	180	134	240	85
299	640.0	134.3		124.8		480	178	0	0	780	144	0	0	180	99	480	88
300	940.0	124.2		120.5		780	155	0	0	1380	119	240	105	120	112	300	88
301	460.0	117.3		112.6		300	150	0	0	540	124	0	0	180	105	360	86
302	800.0	119.9		113.3		660	153	0	0	900	127	0	0	120	99	720	84
303	440.0	115.6		107.8		120	180	0	0	360	147	180	104	60	119	600	87
304	560.0	118.7		110.9		480	159	0	0	420	130	120	90	180	91	480	86
305	760.0	124.1		118.0		720	156	0	0	720	129	0	0	420	99	420	86
306	840.0	126.5		121.4		900	152	0	0	960	126	0	0	120	118	540	87
307	680.0	137.1		131.3		600	164	0	0	900	143	0	0	300	105	240	88
308	680.0	120.1		114.0		600	153	0	0	720	123	0	0	120	113	600	85
309	860.0	124.6		116.6		600	171	0	0	1020	128	0	0	240	116	720	84
310	740.0	136.4		130.0		600	169	0	0	1080	140	0	0	120	100	420	91
311	700.0	127.4		122.4		660	153	0	0	960	128	0	0	120	109	360	85
312	860.0	133.7		128.0		960	157	0	0	1020	137	0	0	300	94	300	88
313	520.0	124.3		118.1		360	162	0	0	720	129	0	0	60	103	420	87
314	620.0	126.5		118.8		660	159	0	0	480	134	60	96	180	105	480	86
315	860.0	111.6		107.3		540	144	0	0	960	119	0	0	60	121	1020	87
316	660.0	120.5		113.6		600	158	0	0	660	122	60	109	0	0	660	86
317	680.0	134.3		128.8		660	158	0	0	900	137	60	103	120	123	300	85
318	1040.0	123.4		118.4		1140	151	0	0	1020	120	0	0	360	108	600	86
319	700.0	128.7		118.1		600	176	0	0	660	136	0	0	120	114	720	85
320	680.0	143.6		140.2		600	169	0	0	720	146	0	0	540	127	180	99
321	720.0	133.6		125.7		540	170	0	0	840	143	60	119	300	114	420	84
322	800.0	123.7		117.8		480	153	0	0	1080	136	0	0	300	102	540	85
323	980.0	127.0		119.4		960	154	0	0	960	137	60	109	300	116	660	80
324	1020.0	116.6		106.7		1020	153	0	0	960	124	0	0	180	79	900	75
325	980.0	115.2		109.8		840	147	0	0	1020	120	0	0	60	87	1020	86
326	1200.0	119.3		116.2		1560	136	0	0	1260	117	60	111	120	87	600	88
327	1480.0	111.6		110.0		1980	120	60	119	1620	113	0	0	60	112	720	85
328	1320.0	118.2		111.3		1440	149	0	0	1200	120	60	99	180	84	1080	82
329	640.0	134.2		129.9		480	162	0	0	960	135	0	0	240	123	240	87
330	1400.0	109.6		105.8		1740	128	0	0	1140	111	0	0	120	117	1200	81
331	1140.0	112.6		107.8		1260	134	0	0	1080	117	0	0	120	109	960	80
332	1440.0	117.1		113.4		2040	134	0	0	1140	117	60	97	180	94	900	85
333	1180.0	120.7		117.7		1260	138	0	0	1320	122	0	0	420	109	540	86
334	1220.0	119.5		116.3		1680	136	0	0	1140	116	60	117	300	94	480	86
335	1340.0	115.3		110.5		1440	136	0	0	1380	122	0	0	120	91	1080	82
336	1080.0	114.9		111.2		1080	138	0	0	1080	115	120	114	300	97	660	85
337	1020.0	111.6		106.6		1020	134	0	0	960	120	60	112	60	86	960	81
338	1320.0	120.5		115.7		1920	139	0	0	1200	117	60	114	0	0	780	81
339	1600.0	113.4		110.5		2100	129	0	0	1680	111	120	102	0	0	900	83
340	780.0	116.5		113.6		780	136	0	0	960	117	0	0	120	95	480	89
341	780.0	118.6		115.4		840	136	60	115	900	119	0	0	240	104	300	81
342	1500.0	107.7		104.4		1920	125	60	102	1020	109	180	106	0	0	1320	82
343	1560.0	98.6		96.2		1920	112	0	0	1440	101	60	88	0	0	1260	76
344	1480.0	114.5		111.5		1740	132	0	0	1560	114	180	100	180	96	780	84
345	1520.0	116.5		114.1		2220	130	0	0	1440	111	60	95	180	112	660	86
346	1420.0	110.1		107.6		1560	126	0	0	1380	112	240	108	60	90	1020	85
347	1400.0	113.1		111.0		1620	124	60	119	1500	116	120	109	120	114	780	85
348	1200.0	111.7		109.3		1380	127	0	0	1440	111	60	96	120	90	600	84
349	1240.0	122.3		119.7		1740	134	0	0	1260	124	60	104	240	99	420	85
350	1160.0	122.5		119.8		1380	139	0	0	1380	119	60	119	240	113	420	86
351	1760.0	107.0		104.1		2340	122	60	117	1560	106	0	0	0	0	1320	81
352	1440.0	112.5		111.5		2100	120	0	0	1440	110	180	113	240	99	360	87
353	1380.0	119.4		117.1		1860	132	0	0	1560	118	60	95	120	105	540	86
354	1340.0	115.7		114.0		1500	128	0	0	1560	116	60	107	540	103	360	84
355	1440.0	115.3		112.7		1740	130	0	0	1800	114	0	0	60	102	720	84
356	1240.0	119.1		117.0		1500	131	0	0	1380	121	60	115	180	103	600	90
357	1620.0	106.2		104.5		1740	118	60	116	1860	108	60	111	120	99	1020	83
358	1440.0	118.7		116.4		1860	133	60	112	1440	117	60	111	540	98	360	85
359	1460.0	118.7		116.0		1920	133	0	0	1320	120	120	113	360	100	660	86
360	1400.0	113.0		110.7		1800	126	0	0	1500	113	60	105	60	97	780	85
361	1220.0	121.1		119.6		1620	133	0	0	1500	116	60	118	240	109	240	86
362	1620.0	111.9		110.8		2280	119	60	101	1680	111	0	0	300	112	540	86
363	1540.0	121.8		120.4		2220	132	0	0	1680	117	0	0	480	109	240	86
364	1300.0	118.0		115.2		1080	133	0	0	1800	124	0	0	240	106	780	87
365	1340.0	120.4		117.9		1980	133	0	0	960	120	120	117	540	104	420	84
366	1840.0	106.5		105.4		2520	114	120	114	1800	107	60	113	0	0	1020	86
367	1720.0	108.3		107.3		2580	115	0	0	1740	107	60	113	240	96	540	85
368	1440.0	115.1		112.3		2040	129	0	0	1440	113	0	0	120	97	720	83
369	1260.0	122.0		119.7		1560	138	0	0	1380	118	60	119	360	106	420	90
370	1400.0	115.8		113.5		1800	130	60	118	1320	113	120	101	480	103	420	82
371	1900.0	108.0		106.1		2460	122	0	0	1620	106	300	97	180	93	1140	86
372	1780.0	108.9		107.8		2340	118	60	102	1800	108	120	102	540	96	480	85
373	1980.0	106.6		105.4		2880	115	0	0	1800	105	240	103	300	92	720	84
374	1720.0	105.8		105.6		2400	108	180	99	2040	107	0	0	360	97	180	88
375	1340.0	117.2		116.2		1800	125	60	118	1320	118	60	110	660	100	120	88
376	1860.0	105.7		104.0		2400	118	0	0	1860	103	240	99	180	97	900	82
377	2000.0	99.6		98.8		2700	107	60	116	2340	97	0	0	60	83	840	83
378	2060.0	100.6		99.8		2820	106	60	110	2160	102	0	0	120	83	1020	84
379	1900.0	102.3		100.8		2460	113	0	0	1860	102	120	103	0	0	1260	82
380	1740.0	109.7		108.3		2520	120	0	0	1620	106	60	115	180	104	840	87
381	2000.0	103.5		102.5		2340	113	60	96	2340	103	120	99	180	90	960	85
382	1700.0	110.7		109.3		2340	117	120	66	1860	113	0	0	480	98	300	86
383	1820.0	105.1		104.3		2460	112	60	109	1980	104	60	108	240	91	660	87
384	1780.0	100.2		98.9		2160	110	60	102	1860	100	180	100	360	89	720	77
385	2100.0	98.3		97.9		2940	101	0	0	2100	100	120	102	360	96	780	84
386	1980.0	98.5		98.3		2700	102	60	93	2160	97	60	94	540	99	420	85
387	2020.0	94.1		94.0		2640	97	0	0	2220	94	240	94	360	89	600	85
388	2040.0	99.9		99.4		2940	104	0	0	2160	100	60	105	420	94	540	81
389	1720.0	102.3		101.6		2280	110	0	0	2100	100	0	0	360	90	420	83
390	2020.0	97.6		97.2		2460	103	60	110	2400	96	120	101	600	92	420	81
391	1840.0	101.4		101.0		2520	106	0	0	1980	101	120	98	540	94	360	84
392	1900.0	97.8		97.6		2520	102	0	0	2100	96	0	0	840	92	240	89
393	2000.0	101.6		101.2		2700	108	120	103	1680	98	180	89	1080	96	240	89
394	1660.0	112.1		111.3		2040	122	0	0	2220	108	0	0	480	101	240	88
395	1780.0	107.5		106.7		2100	117	60	109	1860	106	120	106	900	95	300	88
396	1620.0	107.6		107.0		2100	114	120	108	1920	106	60	111	240	96	420	89
397	1720.0	104.7		104.1		2400	111	0	0	1440	106	60	92	960	93	300	88
398	1880.0	101.3		101.0		2280	106	60	93	2400	101	60	95	540	94	300	84
399	1700.0	107.0		106.2		2460	113	0	0	1680	106	180	97	360	103	420	83
400	1960.0	100.3		100.1		2640	102	60	116	2460	101	0	0	300	97	420	86
401	1800.0	102.8		102.7		2220	106	60	100	2040	103	60	102	780	95	240	98
402	1700.0	102.1		101.4		2340	108	120	107	1680	102	60	96	300	94	600	83
403	1700.0	100.9		99.8		2220	110	0	0	1740	100	180	95	120	88	840	82
404	1960.0	98.3		97.7		2700	105	60	113	2040	96	120	98	240	86	720	83
405	1820.0	94.3		94.0		2400	99	60	96	2160	93	60	97	240	81	540	84
406	1720.0	103.4		102.6		2400	111	60	106	1800	101	60	102	180	89	660	86
407	1740.0	96.5		96.2		2100	99	0	0	2040	99	60	109	180	94	840	84
408	1760.0	102.7		102.2		2400	107	0	0	1980	103	60	90	420	97	420	84
409	2140.0	98.2		97.7		2580	104	60	113	2520	98	0	0	780	87	480	84
410	1540.0	106.0		105.8		1680	109	60	94	1920	108	0	0	780	99	180	91
411	1620.0	107.9		107.0		2160	115	0	0	1680	109	120	102	360	94	540	87
412	1780.0	109.1		108.6		2460	116	0	0	2040	106	0	0	420	102	420	91
413	1900.0	101.2		101.0		2520	105	0	0	1980	99	120	106	840	97	240	91
414	1780.0	101.2		100.8		2280	106	60	106	1920	100	120	105	420	94	540	89
415	1860.0	103.0		102.2		2220	110	240	110	2100	103	0	0	180	92	840	85
416	2140.0	101.7		101.7		2820	104	120	101	2340	101	0	0	960	98	180	96
417	1660.0	100.9		100.6		2220	106	0	0	2040	98	180	104	120	100	420	87
418	1980.0	95.4		95.1		2640	100	60	96	1980	95	240	92	540	86	480	84
419	1880.0	96.5		96.4		2640	98	0	0	1920	97	60	92	720	94	300	87
420	1760.0	103.6		103.1		2520	109	0	0	2040	102	0	0	300	95	420	85
421	1660.0	104.4		103.7		1860	113	60	110	2100	101	120	100	420	104	420	84
422	1960.0	103.0		102.8		2400	108	60	106	2160	102	60	101	840	97	360	90
423	1660.0	102.9		102.4		2040	109	60	114	1920	102	0	0	360	98	600	87
424	1540.0	103.7		102.8		1980	111	60	109	1440	105	180	97	420	87	540	88
425	1860.0	100.1		99.7		2400	107	0	0	2100	96	60	112	480	96	540	88
426	1780.0	98.9		98.5		2700	104	0	0	1740	96	60	95	180	91	660	88
427	1820.0	103.5		103.0		2580	109	0	0	1800	102	120	98	480	97	480	87
428	1620.0	104.0		103.4		1980	111	180	104	1680	104	60	97	480	91	480	89
429	1820.0	100.2		99.7		2400	107	120	102	1980	97	120	102	600	88	240	88
430	1320.0	112.7		110.3		1500	125	0	0	1680	113	0	0	300	107	480	77
431	2080.0	99.1		98.6		2580	106	0	0	2640	97	60	96	420	88	540	85
432	1700.0	111.0		110.4		2460	117	0	0	1920	109	60	105	300	104	360	88
433	1540.0	104.8		104.2		2040	111	60	115	1680	102	120	114	300	96	420	88
434	1940.0	98.2		97.9		2340	105	0	0	2100	96	300	95	480	90	600	88
435	2140.0	95.1		95.0		2640	97	60	88	2280	96	120	94	1080	92	240	82
436	1860.0	103.0		102.3		2400	110	60	105	2100	101	120	106	480	91	420	85
437	1860.0	102.1		101.5		2160	109	180	106	2040	102	0	0	840	90	360	87
438	2000.0	102.1		101.9		2760	105	60	109	2100	102	0	0	900	96	180	87
439	1540.0	108.0		106.9		2220	116	0	0	1500	106	60	101	300	103	540	84
440	1980.0	103.2		102.7		2340	111	60	113	2100	101	120	97	1020	95	300	86
441	1780.0	102.1		101.8		2280	106	0	0	1860	103	60	105	720	96	420	87
442	1940.0	101.3		101.0		2580	107	60	100	2280	98	0	0	600	96	300	89
443	1700.0	105.8		105.0		2340	112	60	104	1560	106	300	106	120	102	720	86
444	1940.0	101.4		101.0		2580	106	0	0	2160	101	60	93	600	93	420	88
445	1760.0	103.7		103.0		2400	110	0	0	1860	103	180	102	480	91	360	83
446	1640.0	101.2		100.3		1860	110	0	0	1980	101	120	101	540	85	420	84
447	1900.0	92.2		92.0		2280	96	60	95	2280	90	120	90	480	93	480	84
448	1740.0	98.2		98.1		2520	101	0	0	1800	98	60	95	360	94	480	88
449	1880.0	96.3		96.0		2520	102	0	0	2100	94	0	0	540	87	480	87
450	1640.0	94.0		93.8		2100	97	0	0	1980	94	0	0	540	87	300	85
451	1700.0	100.4		100.0		2040	106	0	0	1800	100	180	102	900	91	180	85
452	1460.0	99.6		99.1		1800	106	120	111	1440	97	60	100	600	95	360	82
453	1760.0	98.3		98.2		2160	102	60	99	1980	98	60	98	660	93	360	88
454	1660.0	93.5		93.3		2040	97	0	0	1920	92	60	95	660	91	300	84
455	1580.0	98.9		98.6		1980	104	0	0	1800	97	120	99	420	95	420	87
456	1640.0	101.2		100.7		2220	107	0	0	1560	101	240	96	540	90	360	86
457	1600.0	93.5		93.3		2100	97	0	0	1800	93	0	0	600	88	300	83
458	1660.0	95.6		95.3		1980	98	180	103	1860	96	0	0	480	95	480	82
459	1620.0	97.9		97.3		2100	105	60	100	1620	96	120	98	360	86	600	85
460	1760.0	96.2		96.1		2220	100	0	0	1920	95	120	92	600	93	420	88
461	1640.0	100.4		99.9		2100	106	0	0	1680	100	240	96	600	92	300	83
462	1580.0	102.5		101.3		1920	112	0	0	1500	104	120	102	600	86	600	85
463	1600.0	97.8		97.7		2280	101	0	0	1620	97	60	93	360	94	480	89
464	1600.0	95.3		94.9		1920	103	0	0	1860	92	60	96	360	89	600	85
465	1680.0	95.5		95.3		1980	99	0	0	1860	96	120	94	720	91	360	83
466	1700.0	93.4		93.1		2220	97	60	83	1620	94	120	90	780	87	300	83
467	1680.0	88.4		88.1		2040	93	0	0	1620	88	120	93	720	83	540	78
468	1620.0	96.5		96.2		2100	100	0	0	1740	97	0	0	420	90	600	87
469	1620.0	91.7		91.5		1980	95	60	88	1860	92	60	93	360	87	540	82
470	1540.0	100.6		100.0		1980	108	0	0	1560	98	120	107	600	91	360	85
471	1780.0	94.5		94.3		2220	98	60	98	1860	94	180	93	720	89	300	85
472	1640.0	98.8		98.4		2220	104	0	0	1740	98	60	93	540	90	360	85
473	1540.0	95.4		95.1		1860	100	0	0	1920	94	60	90	480	90	300	85
474	1760.0	91.1		91.1		2400	91	0	0	1980	92	60	84	540	91	300	88
475	1760.0	96.3		96.0		2460	101	0	0	1920	94	120	91	360	91	420	85
476	1620.0	101.6		101.0		2160	107	60	109	1680	103	60	98	420	86	480	86
477	1760.0	95.3		94.8		2280	99	0	0	2160	96	120	96	120	64	600	85
478	1820.0	95.1		94.8		2340	98	0	0	1980	96	120	95	600	89	420	83
479	1560.0	95.0		94.8		2160	98	0	0	1500	93	300	97	240	96	480	86
480	1700.0	93.8		93.6		2160	95	120	98	1800	95	120	94	420	92	480	84
481	1760.0	89.9		89.8		2280	91	180	95	1620	90	300	90	600	86	300	85
482	1700.0	98.5		98.2		2160	103	60	94	1620	98	180	99	600	94	480	86
483	1620.0	96.8		96.4		2160	101	0	0	1560	98	120	106	600	86	420	84
484	1600.0	91.6		91.4		1980	97	0	0	1860	89	120	87	420	85	420	86
485	1800.0	92.9		92.7		2160	96	180	100	1920	92	60	95	720	89	360	83
486	1680.0	91.9		91.7		2280	95	60	97	1500	91	360	92	420	86	420	83
487	1560.0	90.3		90.1		1980	95	60	89	1680	87	120	90	240	90	600	84
488	1820.0	88.5		88.2		2040	94	120	94	1920	88	180	85	720	80	480	80
489	1500.0	93.8		93.2		1860	101	60	107	1740	92	0	0	300	82	540	80
490	1680.0	91.6		91.5		2100	93	0	0	1920	92	120	92	300	92	600	85
491	1680.0	92.4		91.9		2040	98	60	105	1800	92	240	91	360	82	540	79
492	1940.0	86.6		86.4		2280	89	180	92	2160	85	60	73	720	89	420	77
493	1740.0	84.9		84.7		1860	89	180	92	1980	84	60	83	720	79	420	78
494	1720.0	87.9		87.8		2040	92	60	86	1920	86	120	89	480	84	540	83
495	1660.0	82.3		82.0		1980	88	0	0	1920	79	180	79	420	79	480	76
496	1600.0	95.5		95.1		2220	101	60	98	1380	93	120	86	600	89	420	86
497	1820.0	95.9		95.6		2280	101	0	0	1560	97	240	95	660	87	720	86
498	1780.0	91.4		91.3		2220	94	120	96	2100	91	0	0	420	87	480	84
499	2000.0	87.3		87.2		2700	89	0	0	2160	88	60	91	660	84	420	78
500	1920.0	96.3		96.2		2460	99	120	102	2040	95	120	96	600	94	420	88
501	1560.0	100.1		99.7		2100	103	0	0	1740	102	60	97	240	96	540	85
502	1740.0	96.5		96.0		2340	104	60	96	1860	92	180	95	240	93	540	82
503	1660.0	93.0		92.6		2160	100	0	0	1680	90	180	89	660	84	300	82
504	1900.0	93.1		92.8		2520	98	0	0	2040	93	0	0	420	82	720	83
505	1620.0	91.3		91.1		2280	94	60	96	1560	92	120	87	240	85	600	82
506	1800.0	88.5		88.3		2280	92	0	0	1980	88	60	94	540	82	540	81
507	1460.0	99.3		98.9		1800	105	60	96	1620	99	60	93	420	92	420	85
508	1440.0	102.6		101.3		1800	113	60	104	1140	103	240	101	660	87	420	82
509	1760.0	93.2		93.0		2040	97	180	97	2040	92	60	90	240	90	720	86
510	1760.0	90.7		90.3		2400	94	0	0	1440	94	360	92	360	80	720	78
511	1560.0	95.1		94.9		1980	99	60	106	1740	93	120	98	540	89	240	87
512	1480.0	99.1		98.4		1920	106	0	0	1320	98	300	102	480	87	420	83
513	1620.0	98.1		97.5		2040	104	60	103	1680	97	120	92	360	100	600	81
514	1780.0	97.2		96.6		2340	103	60	106	1920	97	60	97	600	86	360	78
515	1560.0	96.5		96.0		1800	103	180	103	1620	95	120	98	360	88	600	84
516	1880.0	95.8		95.5		2460	101	0	0	2040	94	120	92	540	88	480	86
517	1660.0	97.0		96.8		2220	99	120	100	1740	98	180	99	180	91	540	86
518	1880.0	88.1		88.0		2400	90	0	0	2040	88	120	85	600	86	480	82
519	1440.0	92.3		91.9		1560	99	120	91	1560	91	0	0	540	88	540	81
520	1500.0	91.5		91.4		1980	94	120	92	1500	91	240	88	360	87	300	85
521	1700.0	91.2		90.2		2400	99	0	0	1560	90	180	67	240	82	720	77
522	1500.0	94.1		93.6		1800	100	60	93	1560	94	60	103	480	85	540	82
523	1520.0	80.9		80.5		1500	85	180	90	1440	82	360	78	540	73	540	73
524	1360.0	63.2		63.1		1440	62	60	58	1560	63	120	62	360	70	540	63
525	1040.0	37.4		36.3		1140	35	180	26	600	41	120	21	420	44	660	40
526	180.0	6.1		5.6		0	0	0	0	60	5	0	0	360	5	120	10
527	1360.0	41.6		41.3		1620	40	0	0	1140	40	240	44	840	48	240	35
528	1320.0	58.0		57.8		1440	61	60	60	1320	58	120	55	420	58	600	51
529	1200.0	49.8		49.5		1440	46	120	55	1200	52	120	59	180	55	540	50
530	1000.0	38.1		37.6		1020	39	180	31	840	41	180	31	360	31	420	42
531	720.0	18.1		15.8		540	19	180	16	420	9	180	12	540	23	300	25
532	1080.0	24.2		24.1		1080	24	60	23	1140	25	60	33	180	22	720	23
533	1400.0	36.7		36.6		1440	37	180	43	1320	36	240	38	360	32	660	38
534	1400.0	59.9		59.5		1380	67	60	63	1380	58	240	57	420	56	720	53
535	1620.0	66.1		65.8		1800	72	60	68	1440	64	300	63	600	63	660	59
536	1600.0	70.9		70.7		1980	74	60	73	1680	71	120	71	360	64	600	64
537	1680.0	69.7		69.4		1620	74	60	62	1620	71	240	71	840	66	660	61
538	1540.0	63.5		63.3		1680	68	120	63	1620	62	60	63	600	61	540	57
539	1540.0	55.0		55.0		1440	58	60	60	1980	53	0	0	660	55	480	54
540	1260.0	36.6		35.8		1080	38	120	17	1020	35	420	35	480	37	660	41
541	900.0	17.7		16.1		840	12	0	0	720	15	120	16	600	24	420	25
542	720.0	15.5		14.6		1200	17	0	0	480	10	60	10	240	20	180	16
543	780.0	13.5		11.4		1020	15	60	17	600	15	240	16	360	5	60	10
544	1260.0	38.2		37.6		1500	43	0	0	1200	37	240	40	360	31	480	31
545	1320.0	55.2		54.8		1560	60	120	58	1140	54	300	53	240	46	600	49
546	1460.0	60.3		60.0		1620	66	0	0	1440	58	120	54	540	56	660	56
547	1180.0	45.9		45.0		1140	49	60	26	1140	40	180	37	660	51	360	53
548	1140.0	36.5		35.9		1260	36	60	24	1020	32	180	34	300	41	600	45
549	1440.0	52.2		51.8		1560	57	120	59	1260	51	240	51	720	46	420	47
550	1420.0	49.8		49.6		1680	53	0	0	1260	49	300	50	600	45	420	46
551	1080.0	35.6		32.5		660	21	60	13	1320	44	0	0	660	37	540	34
552	1360.0	49.7		49.3		1320	52	60	52	1560	52	120	55	540	43	480	42
553	1020.0	33.8		33.7		1200	36	120	32	1020	33	60	37	120	27	540	32
554	1000.0	22.7		22.1		1080	28	60	21	1140	19	60	19	300	21	360	21
555	1080.0	24.0		23.1		1260	29	0	0	1080	19	60	15	240	28	600	22
556	1400.0	36.0		35.4		1560	42	0	0	1500	34	120	30	420	31	600	30
557	920.0	20.8		19.5		1080	26	60	22	900	19	60	19	360	12	300	18
558	880.0	31.0		29.0		900	37	180	24	720	27	180	30	480	35	180	14
559	1280.0	54.0		52.3		1560	64	0	0	1200	52	120	41	420	44	540	40
560	1240.0	46.3		46.2		1200	48	60	47	1500	45	60	43	600	48	300	43
561	1040.0	32.0		30.2		900	30	180	33	960	30	180	14	480	38	420	41
562	720.0	16.6		14.6		660	11	0	0	720	13	60	16	420	27	300	23
563	880.0	18.1		17.9		1020	20	0	0	660	17	240	16	420	17	300	17
564	1420.0	38.8		38.3		1500	44	0	0	1500	37	180	38	660	36	420	31
565	1260.0	57.2		56.6		1380	63	0	0	1380	57	120	61	300	48	600	48
566	1220.0	61.7		61.5		1200	65	120	71	1260	62	60	62	480	58	540	55
567	1320.0	61.3		61.2		1500	63	60	64	1440	62	60	64	480	58	420	56
568	1240.0	58.8		58.5		1260	63	60	59	1140	59	180	57	660	55	420	52
569	1200.0	38.7		36.9		1320	46	120	46	1380	38	120	35	180	28	480	24
570	1020.0	34.7		29.3		1440	43	0	0	840	32	240	33	60	5	480	19
571	1120.0	31.6		30.0		1320	38	60	35	1140	31	120	31	300	19	420	22
572	1180.0	39.8		38.8		1440	44	60	38	1080	42	180	40	180	30	600	29
573	1500.0	46.4		45.5		1500	55	120	51	1440	44	120	40	480	40	840	39
574	1380.0	41.6		41.3		1200	46	120	49	1560	41	120	38	780	38	360	36
575	1080.0	23.6		22.7		1260	28	60	37	900	18	180	18	600	24	240	22
576	660.0	18.7		15.8		780	28	60	16	540	13	120	17	420	11	60	9
577	1000.0	26.4		25.1		1140	34	60	20	960	22	120	19	180	19	540	23
578	1020.0	17.7		17.5		1080	17	0	0	1020	16	120	18	480	22	360	19
579	1040.0	18.1		17.9		840	17	180	14	1020	18	120	17	660	20	300	20
580	1180.0	21.3		20.7		1080	17	60	16	960	23	120	16	1140	24	180	27
581	1200.0	31.4		31.1		1260	32	60	32	780	28	360	27	720	34	420	35
582	1240.0	28.8		28.7		1380	28	120	24	1200	28	0	0	480	32	540	31
583	1060.0	21.9		20.9		1020	22	0	0	960	16	180	20	660	28	360	27
584	1200.0	28.9		28.5		1260	32	60	39	960	24	300	28	660	30	360	28
585	1220.0	40.8		40.7		1200	42	120	43	960	42	240	41	840	39	300	36
586	1320.0	43.1		43.0		1440	42	60	54	1140	45	240	44	600	43	480	40
587	1160.0	43.5		43.4		960	46	240	42	1260	44	60	40	600	42	360	39
588	1100.0	29.4		27.9		1260	35	0	0	1140	28	120	33	360	16	420	27
589	580.0	12.5		12.2		480	11	60	18	600	13	60	16	240	10	300	14
590	560.0	8.9		7.6		660	12	120	11	480	5	0	0	300	6	120	12
591	700.0	14.0		12.2		660	20	240	20	600	9	120	10	240	10	240	10
592	1060.0	30.4		30.1		1140	32	60	35	1260	27	0	0	240	34	480	33
593	1100.0	41.2		41.1		1260	42	60	46	1080	38	240	45	240	42	420	44
594	1160.0	47.4		47.1		1140	49	180	52	1140	49	180	45	360	46	480	40
595	1300.0	54.8		54.7		1500	58	60	55	1320	55	0	0	480	50	540	50
596	1400.0	60.5		60.5		1800	62	0	0	1500	60	60	64	300	58	540	58
597	1340.0	52.0		51.3		1380	51	180	32	1260	57	180	49	420	49	600	53
598	1120.0	36.2		34.3		1020	25	0	0	1320	41	60	42	480	39	480	43
599	1360.0	39.0		38.8		1260	41	60	40	1320	35	120	37	780	42	540	40
600	1360.0	46.8		46.6		1500	49	0	0	1440	47	120	49	660	44	360	41
601	1320.0	53.3		53.2		1440	55	60	62	1260	53	180	51	540	51	480	51
602	1460.0	49.2		49.0		1380	46	180	43	1320	50	180	50	840	54	480	50
603	760.0	22.1		20.0		600	14	60	19	600	20	240	20	240	37	540	28
604	940.0	20.2		19.6		1020	23	60	27	900	21	240	17	420	15	180	15
605	1220.0	29.6		29.1		1320	31	120	30	1080	32	180	34	600	24	360	24
606	1060.0	27.1		26.2		1140	31	0	0	1260	26	0	0	180	14	600	26
607	1140.0	50.1		48.2		1380	59	0	0	960	49	300	50	120	29	660	37
608	1400.0	58.5		57.6		1680	66	60	64	1200	57	240	57	240	51	780	47
609	1440.0	66.0		65.9		1560	69	180	64	1320	66	300	65	300	64	660	61
610	1520.0	64.3		64.0		1860	68	0	0	1200	65	300	60	780	61	420	55
611	1440.0	66.6		66.4		1860	70	0	0	1680	65	0	0	300	63	480	61
612	1320.0	64.7		64.2		1680	71	0	0	1260	62	180	63	120	61	720	56
613	1340.0	43.6		43.6		1620	44	0	0	1260	44	240	42	180	46	720	42
614	820.0	19.3		18.9		720	16	120	19	720	22	240	23	240	15	420	21
615	200.0	11.5		10.4		360	14	60	10	180	7	0	0	0	0	0	0
616	1000.0	34.4		33.4		1140	41	0	0	960	33	120	30	540	28	240	25
617	1220.0	57.2		56.2		1200	64	120	67	1320	58	180	57	420	44	420	46
618	1280.0	63.3		62.1		1380	71	60	94	1380	63	120	63	480	52	420	48
619	1260.0	76.8		75.4		1440	87	0	0	1200	78	60	77	540	62	540	62
620	1200.0	80.4		80.1		1620	85	60	83	1200	79	60	81	360	70	300	73
621	1340.0	77.4		76.4		1500	87	120	82	1380	72	120	95	300	66	600	67
622	1620.0	74.7		73.4		1920	86	60	81	1320	70	360	70	480	64	720	62
623	1580.0	78.1		77.6		1680	85	120	81	1500	78	240	77	600	68	600	69
624	1320.0	91.6		90.9		1680	99	60	97	1260	90	120	89	300	79	540	79
625	1600.0	78.1		77.5		1800	86	60	92	1560	75	240	78	240	74	900	68
626	1360.0	90.8		90.7		1800	93	120	89	1380	90	0	0	480	89	300	85
627	1340.0	97.7		96.6		1680	106	120	109	1320	97	0	0	360	84	540	80
628	1300.0	96.6		96.0		1380	105	0	0	1560	96	120	96	180	84	660	84
629	1020.0	103.3		102.2		1080	116	0	0	1080	102	60	100	420	88	420	90
630	1160.0	99.2		98.0		1440	109	0	0	780	98	420	100	420	80	420	86
631	1180.0	102.0		101.5		1740	109	0	0	1260	95	120	98	420	95	0	0
632	1220.0	96.4		94.7		1380	107	0	0	1260	100	0	0	180	76	840	78
633	1200.0	93.1		92.3		1500	102	0	0	1260	91	60	82	60	85	720	80
634	1400.0	95.9		95.1		1680	104	120	104	1560	94	120	93	300	82	420	79
635	1120.0	97.0		96.4		1380	105	120	101	1260	92	0	0	120	102	480	85
636	1240.0	94.2		93.0		1680	105	0	0	1020	89	180	90	300	85	540	77
637	1340.0	90.2		89.7		1440	99	60	95	1500	88	0	0	300	83	720	80
638	1460.0	89.1		88.9		1740	93	0	0	1680	89	60	88	420	82	480	82
639	1440.0	91.5		91.2		1920	96	60	84	1380	91	180	92	120	86	660	81
640	1580.0	88.5		88.0		1920	95	0	0	1740	87	240	80	360	82	480	77
641	1500.0	93.2		92.7		1800	99	120	95	1500	94	60	92	180	84	840	81
642	1400.0	95.4		94.9		1380	101	60	117	1560	96	180	96	600	85	420	86
643	1480.0	94.9		94.0		1860	103	60	92	1680	94	60	88	240	81	540	77
644	1740.0	93.5		92.6		2160	101	60	104	1920	93	120	86	360	79	600	77
645	1520.0	93.0		92.6		1800	100	0	0	1440	92	240	85	540	86	540	83
646	1560.0	91.5		91.3		2100	93	0	0	1260	94	360	83	480	92	480	84
647	1400.0	100.1		98.3		1440	116	60	117	1440	98	120	96	240	83	900	82
648	1420.0	101.9		100.6		1620	114	60	115	1260	100	120	100	420	95	780	83
649	1460.0	101.7		100.9		1680	110	0	0	1620	102	60	93	300	95	720	85
650	1340.0	99.6		99.3		1920	103	0	0	1260	100	120	98	180	96	540	88
651	1600.0	103.0		101.5		2160	115	0	0	1680	97	120	107	120	92	720	82
652	1500.0	106.2		105.0		1800	116	0	0	1440	107	120	106	600	93	540	86
653	1420.0	101.2		99.7		1620	111	120	107	1440	102	180	97	120	64	780	85
654	1580.0	96.7		96.3		1980	102	60	102	1500	96	240	101	180	87	780	85
655	1560.0	102.5		101.7		1980	110	60	107	1620	102	0	0	480	92	540	85
656	1480.0	97.9		96.9		1860	104	0	0	1380	101	60	91	240	102	900	80
657	1640.0	98.1		97.7		2340	103	0	0	1620	97	180	92	240	89	540	86
658	1500.0	86.5		86.4		2040	87	0	0	1260	87	120	92	300	96	780	80
659	1640.0	96.0		95.6		1980	102	120	101	2040	93	120	83	180	98	480	85
660	1460.0	99.9		98.7		1860	109	60	110	1320	99	120	101	120	105	900	81
661	1500.0	102.3		101.6		1920	109	60	92	1560	102	0	0	180	102	780	87
662	1500.0	104.7		103.3		1740	116	60	118	1680	103	120	106	120	83	780	85
663	1440.0	96.9		96.5		1800	103	0	0	1800	95	0	0	180	87	540	86
664	1520.0	107.9		106.7		2160	117	0	0	1440	106	60	119	120	98	780	87
665	1340.0	109.6		108.7		1740	118	0	0	1380	109	60	104	420	99	420	88
666	1220.0	107.7		105.4		1200	127	60	115	1260	106	120	92	360	95	660	85
667	1540.0	94.1		93.5		1800	100	240	101	1560	94	0	0	180	87	840	81
668	1200.0	106.6		105.0		1200	120	60	117	1500	106	60	101	60	108	720	85
669	1520.0	106.1		105.3		2160	112	0	0	1200	107	180	106	540	98	480	86
670	1340.0	101.8		101.1		1620	110	60	112	1440	100	0	0	360	96	540	85
671	1580.0	104.9		104.1		2220	110	60	112	1380	107	120	108	300	99	660	85
672	1420.0	105.3		104.4		1740	113	0	0	1320	107	180	106	240	99	780	87
673	1660.0	101.0		100.1		2220	110	0	0	1560	98	300	100	120	87	780	84
674	1340.0	107.7		106.2		1620	119	60	115	1140	108	120	108	540	95	540	85
675	1560.0	99.7		98.3		1440	112	0	0	1800	102	60	99	300	90	1080	82
676	1580.0	96.3		95.8		2160	101	60	97	1200	99	180	97	360	85	780	84
677	1640.0	97.5		97.2		2340	101	0	0	1560	97	180	100	360	89	480	87
678	1480.0	105.5		103.6		1560	121	120	114	1680	103	180	99	360	86	540	82
679	1340.0	107.9		105.5		1680	121	0	0	1200	111	60	84	120	95	960	84
680	1640.0	99.3		99.0		2280	103	60	90	1500	100	180	95	540	96	360	82
681	1680.0	95.1		94.2		2160	104	0	0	1500	94	60	93	360	84	960	81
682	1540.0	98.7		97.9		2040	105	60	111	1620	97	60	84	420	97	420	77
683	1360.0	104.2		102.3		1380	118	0	0	1320	107	180	104	240	94	960	83
684	1560.0	100.0		99.1		1920	107	60	98	1560	101	240	95	300	94	600	80
685	1620.0	107.4		105.5		2040	121	0	0	1440	106	240	106	480	87	660	84
686	1580.0	97.6		97.2		1920	102	0	0	1620	99	60	107	540	92	600	84
687	1420.0	100.9		100.2		1620	108	60	100	1560	100	300	103	60	95	660	85
688	1100.0	104.8		103.3		1080	116	0	0	1200	109	60	97	240	95	720	85
689	1840.0	100.9		100.1		2280	110	180	107	2040	97	60	92	60	98	900	86
690	1720.0	100.2		99.1		2280	110	0	0	1620	97	180	99	360	85	720	84
691	1240.0	105.9		105.3		1440	113	60	100	1380	105	60	103	420	102	360	87
692	1520.0	108.2		107.1		1920	117	60	114	1560	107	240	106	240	98	540	85
693	1260.0	106.6		105.0		1620	115	0	0	1320	109	120	104	60	101	660	82
694	1600.0	96.6		95.0		1920	107	60	102	1320	98	240	96	300	89	960	76
695	1640.0	107.6		105.6		1920	121	60	115	1560	109	180	103	300	87	900	84
696	1400.0	113.2		110.8		1320	132	60	118	1800	112	60	109	360	99	600	84
697	1260.0	110.5		106.8		1440	132	0	0	1200	109	120	103	120	89	900	82
698	1260.0	109.1		106.7		1140	126	0	0	1620	111	60	113	240	93	720	83
699	1300.0	116.3		114.9		1320	131	60	115	1320	114	180	116	660	106	360	90
700	1300.0	107.8		105.3		1260	127	0	0	1260	109	180	108	360	87	840	86
701	1020.0	115.6		113.8		1140	130	0	0	1020	115	60	112	420	104	420	90
702	1100.0	113.8		112.0		900	130	0	0	1380	116	0	0	540	103	480	89
703	1100.0	115.5		113.1		1020	135	0	0	1320	116	0	0	480	100	480	88
704	1040.0	108.4		105.7		780	129	0	0	1380	111	120	102	360	95	480	79
705	1380.0	109.6		106.7		1500	126	0	0	1620	111	60	103	0	0	960	82
706	1100.0	125.9		124.1		1380	139	0	0	1320	124	0	0	300	106	300	94
707	1460.0	123.4		119.4		1800	144	0	0	1560	121	0	0	60	117	960	89
708	1200.0	129.8		124.5		1500	153	0	0	1140	127	60	119	480	108	420	81
709	1260.0	126.9		121.4		1380	153	0	0	1200	131	60	112	180	96	960	91
710	740.0	147.5		138.4		660	191	0	0	900	149	0	0	420	110	240	88
711	740.0	138.4		133.8		780	162	0	0	960	138	60	114	180	111	240	90
712	1060.0	122.2		115.6		1200	148	0	0	960	128	60	111	120	97	840	83
713	1440.0	123.2		120.6		2100	135	0	0	1440	123	0	0	300	103	480	85
714	960.0	126.6		117.3		1020	160	0	0	960	131	0	0	180	104	720	79
715	1280.0	126.2		122.7		1380	149	0	0	1560	123	0	0	600	103	300	85
716	1300.0	127.4		123.0		1680	148	0	0	1500	123	0	0	120	102	600	86
717	1040.0	122.9		117.9		840	151	0	0	1440	127	0	0	60	85	780	88
718	880.0	121.4		119.8		480	135	0	0	1260	128	60	116	480	111	360	95
719	1060.0	115.2		111.8		1200	131	60	116	1020	121	60	109	120	92	720	85
720	1020.0	124.8		121.9		660	152	0	0	1260	128	120	104	660	113	360	92
721	1040.0	119.2		113.3		960	149	0	0	1020	125	120	111	60	109	960	85
722	1020.0	134.7		128.5		1080	161	0	0	1380	134	0	0	120	104	480	85
723	680.0	127.9		123.5		540	155	0	0	780	133	0	0	420	113	300	87
724	900.0	128.6		125.9		780	147	0	0	1320	130	60	117	120	125	420	93
725	1400.0	127.5		122.8		1800	149	0	0	1440	125	0	0	180	103	780	88
726	700.0	132.2		129.2		660	157	0	0	900	128	0	0	300	119	240	96
727	1180.0	125.2		121.4		1380	143	0	0	1440	124	0	0	180	122	540	84
728	1340.0	117.6		112.9		1320	138	0	0	1560	124	60	119	120	86	960	83
729	860.0	125.9		119.3		540	160	0	0	1140	135	0	0	240	118	660	85
730	1080.0	122.8		116.4		960	154	0	0	1020	131	120	100	300	110	840	85
731	1440.0	118.7		115.8		1740	133	0	0	1560	121	60	109	360	101	600	83
732	900.0	124.7		120.9		900	146	0	0	1200	124	120	108	120	110	360	84
733	1380.0	124.1		120.3		1740	143	0	0	1500	123	60	98	180	89	660	89
734	1420.0	124.7		121.3		1800	139	0	0	1320	128	240	107	240	123	660	86
735	1600.0	118.1		115.0		2220	134	0	0	1440	113	300	112	60	129	780	84
736	1020.0	128.1		124.4		1080	148	0	0	1380	127	0	0	180	116	420	86
737	1220.0	129.2		123.9		1380	154	0	0	1440	128	60	98	180	99	600	87
738	1240.0	126.9		121.8		1440	151	0	0	1380	125	60	112	180	108	660	85
739	1100.0	119.3		115.6		1200	139	0	0	1020	124	300	99	60	125	720	88
740	840.0	130.0		124.8		540	163	0	0	1200	136	180	112	180	104	420	89
741	1240.0	125.4		120.5		1560	147	0	0	1320	123	60	105	120	108	660	84
742	600.0	135.1		128.6		420	170	0	0	600	149	0	0	540	114	240	87
743	740.0	125.7		119.7		720	156	0	0	600	134	180	104	120	114	600	90
744	880.0	125.7		121.5		600	146	0	0	1200	133	0	0	360	122	480	85
745	1020.0	126.0		122.6		960	149	0	0	1500	124	60	101	180	104	360	88
746	1140.0	128.6		122.7		1500	154	0	0	1080	122	60	119	60	122	720	87
747	900.0	129.4		124.5		720	161	0	0	1080	133	60	107	480	106	360	90
748	880.0	136.8		131.0		840	161	0	0	1140	142	0	0	360	108	300	84
749	1100.0	131.6		125.6		1320	158	0	0	1080	131	0	0	180	108	720	90
750	820.0	137.8		134.2		900	156	0	0	1020	139	0	0	240	122	300	92
751	940.0	145.7		141.7		1140	169	0	0	1020	140	0	0	300	130	360	101
752	1120.0	127.0		121.9		1200	153	0	0	1020	130	120	90	360	112	660	90
753	1080.0	131.5		125.9		960	160	0	0	1440	133	0	0	300	117	540	85
754	1180.0	141.4		138.2		1320	163	0	0	1440	139	0	0	540	113	240	101
755	980.0	129.3		121.5		1140	160	0	0	720	136	180	92	360	104	540	85
756	1180.0	134.9		132.0		1440	154	0	0	1500	129	0	0	300	115	300	93
757	1260.0	137.7		133.4		1740	156	0	0	1200	134	60	96	360	125	420	89
758	1260.0	125.4		120.4		1500	146	0	0	1080	132	120	106	420	104	660	85
759	1000.0	127.7		122.6		1080	150	0	0	1260	129	60	116	0	0	600	86
760	900.0	135.9		130.0		900	159	0	0	1140	141	60	119	60	132	540	89
761	1040.0	116.4		111.4		1200	138	0	0	660	126	180	106	180	109	900	84
762	1020.0	128.6		124.2		1200	147	0	0	1200	129	0	0	120	133	540	86
763	1000.0	139.6		133.7		1200	169	0	0	1080	133	0	0	300	111	420	93
764	900.0	136.1		129.1		900	171	0	0	1080	132	0	0	360	113	360	84
765	1100.0	134.5		129.6		1200	159	0	0	1200	134	60	116	420	116	420	87
766	920.0	135.3		131.5		1020	157	0	0	1020	133	0	0	300	127	420	94
767	920.0	137.1		128.6		960	164	0	0	1080	143	0	0	180	123	540	82
768	1280.0	123.5		116.6		1140	158	0	0	1320	126	120	100	360	117	900	82
769	1320.0	123.1		120.3		1440	137	0	0	1380	128	180	104	420	114	540	87
770	1300.0	122.8		119.2		1740	141	0	0	1320	119	120	108	180	99	540	85
771	600.0	120.6		114.2		360	157	0	0	720	132	0	0	120	116	600	86
772	920.0	132.0		125.9		720	164	0	0	1140	136	0	0	420	120	480	85
773	1260.0	126.0		119.0		1260	154	0	0	1320	131	0	0	300	119	900	82
774	1340.0	126.5		121.3		1620	148	0	0	1260	128	120	104	240	119	780	85
775	1360.0	134.0		129.6		1680	154	0	0	1740	130	60	113	60	135	540	87
776	920.0	136.3		129.3		1080	160	0	0	1080	138	0	0	120	121	480	83
777	1080.0	128.3		117.9		960	160	0	0	1200	138	60	112	360	117	660	72
778	1140.0	123.4		115.6		1200	156	0	0	1200	125	0	0	120	91	900	82
779	1060.0	129.9		123.8		960	158	0	0	1440	133	0	0	60	119	720	87
780	1100.0	128.5		123.7		960	159	0	0	1500	127	0	0	360	109	480	87
781	920.0	126.3		120.5		660	152	0	0	1020	134	0	0	600	123	480	79
782	840.0	126.6		122.8		840	147	0	0	900	129	60	103	300	121	420	88
783	1200.0	129.2		124.8		1140	153	0	0	1620	130	0	0	120	127	720	90
784	940.0	126.1		122.1		1140	147	0	0	960	124	60	118	120	111	540	90
785	860.0	135.4		130.4		960	160	0	0	1020	133	60	111	300	112	240	83
786	960.0	132.4		126.2		1020	161	0	0	1140	132	0	0	240	103	480	87
787	900.0	129.1		121.9		900	162	0	0	960	131	60	89	180	111	600	86
788	800.0	142.0		134.4		540	170	0	0	1260	153	60	111	180	99	360	88
789	720.0	133.9		128.9		660	169	0	0	780	130	0	0	600	110	120	86
790	820.0	127.1		123.3		780	145	0	0	780	136	120	102	420	119	360	87
791	940.0	127.5		120.9		1080	158	0	0	1140	121	0	0	0	0	600	85
792	900.0	129.8		125.9		780	159	0	0	1200	127	0	0	420	112	300	90
793	1060.0	131.5		126.3		1080	156	0	0	1140	132	0	0	420	126	540	86
794	800.0	139.5		134.7		720	170	0	0	960	138	0	0	480	122	240	89
795	980.0	136.0		131.2		840	171	0	0	1560	130	0	0	300	106	240	90
796	1100.0	121.1		114.6		1020	152	0	0	1260	125	0	0	60	106	960	84
797	1380.0	130.7		127.4		1680	147	0	0	1680	131	0	0	360	102	420	89
798	700.0	131.1		123.4		480	174	0	0	900	137	0	0	180	116	540	88
799	920.0	140.7		136.9		1080	161	0	0	1080	140	0	0	420	111	180	92
800	920.0	131.0		124.7		780	164	0	0	1200	135	0	0	240	94	540	91
801	780.0	136.6		130.6		540	171	0	0	1200	141	0	0	240	107	360	90
802	960.0	129.5		122.5		900	166	0	0	1020	130	60	96	240	113	660	88
803	1140.0	124.0		119.9		1320	142	0	0	1380	126	0	0	120	82	600	88
804	840.0	131.8		124.8		840	162	0	0	960	136	0	0	60	111	660	89
805	1080.0	136.9		130.2		1320	163	0	0	1080	137	0	0	300	111	540	87
806	900.0	132.8		128.1		780	163	0	0	1380	131	0	0	120	100	420	92
807	980.0	139.4		132.7		960	172	0	0	1260	138	0	0	240	117	480	89
808	700.0	144.5		137.6		540	189	0	0	1020	137	0	0	300	136	240	87
809	900.0	128.2		124.5		900	147	0	0	780	137	180	109	420	118	420	90
810	1100.0	131.2		125.8		1080	160	0	0	1140	131	120	111	420	120	540	87
811	940.0	132.8		125.6		900	166	0	0	1200	132	0	0	300	109	420	81
812	840.0	132.3		127.6		480	159	0	0	1200	141	0	0	420	120	420	89
813	820.0	138.7		134.1		720	164	0	0	900	146	60	112	480	119	300	93
814	740.0	140.5		133.6		720	171	0	0	900	142	120	112	180	123	300	85
815	1040.0	134.0		127.0		840	173	0	0	1380	135	60	105	240	114	600	88
816	880.0	132.5		124.6		840	164	0	0	1140	136	0	0	60	112	600	84
817	980.0	140.8		132.9		1200	169	0	0	1140	138	0	0	60	124	540	86
818	900.0	119.1		114.1		840	143	60	114	840	128	180	96	120	114	660	85
819	720.0	129.2		125.2		420	164	0	0	840	136	0	0	480	116	420	96
820	660.0	145.5		139.9		540	176	0	0	840	148	0	0	360	130	240	91
821	920.0	124.6		119.6		840	155	0	0	1080	125	120	109	0	0	720	91
822	1220.0	128.1		123.8		1440	148	0	0	1320	128	60	104	180	124	660	88
823	1440.0	126.9		121.7		1560	155	0	0	1620	124	60	112	300	101	780	88
824	700.0	147.9		142.0		540	186	0	0	960	149	0	0	480	118	120	87
825	980.0	132.6		126.5		720	169	0	0	1380	135	0	0	360	113	480	86
826	660.0	133.7		127.3		420	156	0	0	900	148	60	87	240	123	360	87
827	600.0	135.5		126.6		480	176	0	0	720	139	0	0	180	131	420	85
828	840.0	149.2		142.4		780	189	0	0	1080	145	0	0	420	117	240	95
829	760.0	140.2		134.4		660	170	0	0	1020	144	0	0	240	113	360	93
830	1280.0	119.0		111.3		1440	151	0	0	1080	121	0	0	60	90	1260	82
831	680.0	132.5		125.3		420	169	0	0	900	143	0	0	360	112	360	84
832	660.0	128.2		121.1		540	170	0	0	660	129	0	0	420	110	360	85
833	660.0	123.4		116.6		420	158	0	0	840	134	0	0	180	111	540	84
834	1300.0	123.8		120.1		1500	142	0	0	1560	124	120	113	60	88	660	87
835	880.0	124.6		118.9		720	154	0	0	1080	130	0	0	360	105	480	83
836	1040.0	129.4		126.0		900	153	0	0	1380	128	60	113	300	128	480	92
837	1200.0	126.8		121.0		1140	157	0	0	1320	129	0	0	360	109	780	87
838	640.0	123.7		119.0		480	156	0	0	600	129	60	119	360	113	420	89
839	740.0	132.1		125.8		660	160	0	0	1080	135	0	0	0	0	480	87
840	800.0	120.7		109.9		840	155	0	0	540	141	60	89	60	116	900	79
841	1240.0	124.1		117.0		1200	159	0	0	1440	123	60	112	60	105	960	84
842	760.0	132.4		128.8		540	160	0	0	1140	135	120	110	180	110	300	95
843	920.0	137.4		130.4		1080	167	0	0	960	136	60	98	180	110	480	89
844	1100.0	138.7		134.5		1320	157	0	0	1380	139	0	0	60	132	540	94
845	840.0	134.9		130.3		720	164	0	0	1380	131	0	0	120	124	300	87
846	920.0	124.1		117.8		660	164	0	0	1140	127	60	118	360	103	540	84
847	860.0	126.9		122.0		840	152	0	0	1020	130	60	102	180	104	480	88
848	1040.0	120.5		115.8		1140	139	0	0	960	131	180	99	60	113	780	86
849	920.0	136.5		130.0		1140	166	0	0	960	129	0	0	240	109	420	89
850	940.0	133.8		128.2		840	163	0	0	1320	135	60	119	60	108	540	90
851	1020.0	138.2		132.7		960	168	0	0	1560	134	0	0	180	122	360	85
852	680.0	138.2		130.0		600	170	0	0	840	142	60	119	180	133	360	82
853	920.0	131.3		124.9		960	161	0	0	1080	132	0	0	60	97	660	90
854	1080.0	123.5		119.2		1020	148	0	0	1200	125	120	98	300	117	600	87
855	860.0	136.0		126.4		840	177	0	0	960	137	60	118	120	96	600	87
856	680.0	144.9		138.7		420	183	0	0	1020	149	60	117	240	134	300	92
857	920.0	125.2		119.2		780	158	0	0	1080	129	60	96	180	110	660	87
858	920.0	137.9		132.6		960	164	0	0	1200	136	0	0	180	123	420	90
859	840.0	131.6		124.6		840	167	0	0	960	129	60	119	60	118	600	89
860	1340.0	129.1		123.1		1560	156	0	0	1380	128	60	116	180	106	840	87
861	820.0	133.4		127.7		600	167	0	0	1260	135	0	0	120	127	480	89
862	820.0	129.8		126.5		780	150	0	0	1200	130	0	0	120	109	360	92
863	860.0	132.8		124.5		780	169	0	0	900	140	60	112	180	115	660	87
864	1140.0	128.0		122.9		1380	149	0	0	1140	131	60	100	180	108	660	87
865	1120.0	128.3		122.6		1140	153	0	0	1440	130	120	108	60	110	600	83
866	980.0	134.4		127.4		1140	164	0	0	1140	131	0	0	120	98	540	87
867	960.0	132.5		127.4		780	163	0	0	1260	133	0	0	420	121	420	86
868	780.0	151.1		147.4		840	174	0	0	960	148	0	0	420	130	120	90
869	840.0	120.9		112.8		660	155	0	0	900	135	180	88	120	91	660	82
870	940.0	136.9		130.3		1080	168	0	0	1020	132	120	102	180	113	420	89
871	960.0	125.9		119.8		840	155	0	0	1080	133	180	100	120	117	660	86
872	600.0	139.8		132.9		480	173	0	0	780	148	0	0	240	104	300	94
873	1060.0	129.6		123.4		1080	154	0	0	1080	138	60	105	300	112	660	86
874	1060.0	144.6		137.3		1260	173	0	0	1320	140	0	0	120	128	480	87
875	980.0	138.8		131.6		960	175	0	0	1140	135	0	0	360	122	480	88
876	780.0	124.8		120.1		600	151	0	0	1020	130	60	102	180	116	480	87
877	1160.0	122.3		118.3		1380	140	60	103	1260	125	120	92	240	93	420	84
878	820.0	129.5		124.8		540	165	0	0	1020	132	0	0	540	117	360	88
879	1100.0	131.8		125.0		1200	163	0	0	1260	128	60	108	180	114	600	85
880	960.0	131.1		125.7		1260	151	0	0	1020	132	0	0	120	91	480	87
881	1040.0	121.9		116.2		960	156	0	0	1020	123	120	108	360	95	660	88
882	620.0	139.0		130.8		480	189	0	0	660	138	0	0	420	119	300	89
883	700.0	138.0		134.0		420	174	0	0	1140	135	0	0	360	131	180	87
884	820.0	137.6		131.9		600	164	0	0	1200	145	0	0	240	120	420	89
885	880.0	132.9		124.1		720	173	0	0	1080	137	60	78	180	122	600	86
886	1220.0	125.6		120.0		1380	154	0	0	1440	120	0	0	240	100	600	84
887	760.0	137.9		129.5		540	177	0	0	1020	147	0	0	420	104	300	84
888	780.0	137.7		130.2		600	175	0	0	1020	143	0	0	120	135	600	92
889	580.0	143.3		134.7		360	188	0	0	900	149	0	0	180	119	300	87
890	1300.0	123.4		118.8		1440	145	0	0	1320	128	180	98	300	95	660	87
891	940.0	141.1		135.0		900	167	0	0	1140	148	0	0	360	113	420	91
892	1020.0	134.1		128.3		1020	168	0	0	1260	129	60	116	300	104	420	91
893	760.0	146.9		141.9		720	179	0	0	1140	141	0	0	240	121	180	91
894	1060.0	135.6		129.2		960	165	0	0	1380	140	0	0	300	107	540	88
895	880.0	129.1		123.1		480	166	0	0	1440	136	0	0	60	110	660	89
896	700.0	145.3		137.2		540	183	0	0	960	149	60	101	240	131	300	86
897	740.0	125.8		121.0		660	147	0	0	780	136	120	102	180	121	480	88
898	1040.0	130.2		125.0		1320	148	0	0	1080	135	120	105	60	98	540	86
899	860.0	133.7		126.2		840	163	0	0	1020	140	60	119	0	0	660	88
900	700.0	138.2		129.5		660	176	0	0	840	140	60	90	120	117	420	88
901	940.0	129.7		122.8		1080	155	0	0	960	134	60	112	60	113	660	85
902	940.0	137.8		132.9		840	162	0	0	1320	141	0	0	360	113	300	86
903	800.0	139.6		132.9		780	175	0	0	960	136	0	0	300	120	360	89
904	740.0	136.6		127.9		720	173	0	0	720	142	0	0	240	121	540	88
905	620.0	139.4		134.0		540	161	0	0	780	150	0	0	360	109	180	89
906	980.0	133.1		127.4		1020	158	0	0	1260	134	60	105	180	109	420	84
907	1240.0	128.2		121.5		1560	154	0	0	1260	127	60	89	180	85	660	85
908	740.0	145.6		140.3		780	176	0	0	720	144	0	0	600	120	120	86
909	720.0	121.5		114.7		540	164	0	0	660	127	60	102	120	121	780	89
910	960.0	127.6		121.5		840	153	0	0	1260	135	60	117	0	0	720	86
911	920.0	136.5		130.3		960	166	0	0	1260	133	0	0	120	110	420	87
912	1140.0	121.5		113.7		1020	154	0	0	1260	130	60	102	0	0	1080	82
913	980.0	130.3		123.8		840	162	0	0	1140	138	0	0	420	99	540	89
914	860.0	141.4		133.4		900	178	0	0	1020	138	0	0	180	115	480	90
915	940.0	137.6		131.3		780	171	0	0	1320	140	0	0	240	111	480	90
916	880.0	139.2		134.4		1080	162	0	0	1020	135	0	0	240	119	300	88
917	920.0	136.5		132.0		900	163	0	0	1080	136	60	103	480	117	240	87
918	1020.0	145.5		138.9		1320	174	0	0	1080	138	0	0	300	111	360	92
919	1040.0	128.3		122.9		960	153	0	0	1500	131	0	0	180	84	480	87
920	800.0	118.4		113.3		300	155	0	0	1200	131	0	0	180	99	720	87
921	720.0	138.6		132.9		540	177	0	0	900	139	0	0	480	120	240	88
922	780.0	136.3		131.2		720	159	0	0	900	145	60	102	420	112	240	87
923	1040.0	134.7		129.5		1020	158	0	0	1380	137	60	114	240	114	420	85
924	480.0	147.7		145.1		300	173	0	0	540	156	0	0	540	130	60	105
925	960.0	134.1		127.5		960	162	0	0	1260	136	60	119	0	0	600	87
926	960.0	131.0		126.4		660	170	0	0	1140	133	60	107	780	109	240	92
927	680.0	135.7		130.9		420	172	0	0	780	141	120	111	420	127	300	93
928	660.0	135.7		128.1		720	172	0	0	720	129	60	103	120	118	360	88
929	620.0	137.4		128.5		420	180	0	0	720	146	120	103	240	133	360	85
930	900.0	149.8		144.1		780	180	0	0	1080	153	0	0	600	129	240	89
931	1060.0	134.1		129.0		1020	160	0	0	1020	139	240	95	600	121	300	87
932	640.0	129.9		124.8		600	156	0	0	840	131	0	0	180	113	300	85
933	860.0	133.8		125.7		780	169	0	0	960	140	60	113	120	117	660	88
934	660.0	117.5		111.6		420	160	0	0	720	124	0	0	300	99	540	86
935	820.0	157.7		154.3		1020	178	0	0	1020	153	0	0	360	125	60	90
936	1080.0	127.0		121.7		1140	150	0	0	1140	131	60	90	360	114	540	83
937	780.0	147.3		141.6		660	183	0	0	900	151	0	0	600	118	180	96
938	780.0	145.3		141.8		720	169	0	0	1140	144	0	0	420	117	60	82
939	940.0	135.9		129.1		960	166	0	0	1320	134	0	0	0	0	540	87
940	800.0	138.2		131.9		840	164	0	0	900	138	60	93	300	131	300	83
941	720.0	138.5		129.8		720	177	0	0	780	133	0	0	180	143	480	88
942	800.0	131.5		125.5		900	161	0	0	840	129	120	104	180	101	360	88
943	720.0	145.8		142.9		420	175	0	0	900	151	60	108	720	130	60	91
944	900.0	125.9		120.9		840	154	0	0	1140	127	60	103	120	96	540	89
945	820.0	138.6		134.9		840	164	0	0	1200	133	0	0	300	110	120	88
946	560.0	135.6		130.9		180	173	0	0	1140	140	0	0	120	135	240	87
947	760.0	131.2		127.2		660	153	0	0	960	134	0	0	300	125	360	89
948	900.0	127.9		122.5		660	162	0	0	1320	129	0	0	180	118	540	87
949	540.0	124.3		118.9		360	159	0	0	720	130	0	0	60	123	480	90
950	600.0	129.6		126.4		360	154	0	0	840	131	0	0	360	129	240	89
951	1000.0	131.9		128.5		960	151	0	0	1260	134	0	0	600	112	180	81
952	740.0	142.4		139.2		900	158	0	0	840	143	60	104	300	124	120	87
953	820.0	122.6		118.2		840	147	0	0	960	122	60	119	120	105	480	86
954	840.0	130.8		127.0		840	152	0	0	1020	133	60	98	120	123	480	95
955	900.0	126.8		122.5		780	150	0	0	1200	131	0	0	360	103	360	86
956	740.0	128.9		122.5		480	175	0	0	900	133	60	119	300	104	480	92
957	920.0	132.0		129.1		660	154	0	0	1380	135	0	0	480	114	240	90
958	820.0	129.7		125.8		780	156	0	0	900	129	0	0	540	112	240	87
959	820.0	129.4		125.6		660	156	0	0	1080	131	60	114	300	114	360	91
960	1020.0	134.4		130.7		1020	155	0	0	1320	136	0	0	480	110	240	87
961	1100.0	126.6		122.6		1260	142	0	0	1200	132	60	118	180	117	600	87
962	660.0	130.1		125.4		420	163	0	0	1080	132	0	0	180	114	300	87
963	1180.0	135.3		130.0		1080	168	0	0	1560	132	120	114	420	111	360	87
964	800.0	133.8		129.1		780	149	0	0	960	145	0	0	360	111	300	86
965	920.0	123.5		117.9		1020	152	0	0	840	124	120	97	120	89	660	90
966	900.0	128.6		124.5		840	152	0	0	840	135	0	0	660	113	360	88
967	720.0	130.1		123.5		600	160	0	0	840	139	60	96	120	120	540	89
968	680.0	145.8		139.9		540	178	0	0	900	150	0	0	420	120	180	88
969	920.0	132.1		127.5		780	163	0	0	1140	132	0	0	600	111	240	85
970	1040.0	130.5		124.8		1080	157	0	0	1260	132	60	94	240	97	480	88
971	1080.0	128.5		124.4		1380	144	0	0	1200	131	120	100	120	109	420	84
972	1360.0	126.2		121.9		1560	148	0	0	1380	126	180	113	360	108	600	85
973	1020.0	131.9		127.2		960	156	0	0	1140	134	0	0	540	121	420	85
974	820.0	142.0		134.1		660	183	0	0	1140	142	0	0	300	119	360	86
975	880.0	127.6		122.0		1080	146	0	0	780	139	60	102	120	98	600	88
976	1040.0	131.7		126.3		1020	160	0	0	1200	133	0	0	360	111	540	89
977	900.0	126.5		125.2		660	130	0	0	1200	134	60	94	660	119	120	89
978	820.0	116.2		111.5		660	143	0	0	900	124	120	85	240	99	540	85
979	500.0	106.9		104.6		120	118	0	0	660	121	180	100	60	110	480	87
980	900.0	119.5		117.0		660	139	0	0	1320	120	0	0	300	120	420	87
981	900.0	126.8		122.2		720	151	0	0	1080	133	60	95	360	118	480	87
982	1280.0	121.9		117.0		1320	146	60	112	1320	126	180	108	120	90	840	86
983	760.0	136.5		130.8		900	163	0	0	900	131	0	0	180	116	300	86
984	900.0	128.7		125.6		720	150	0	0	1380	130	0	0	240	115	360	90
985	1080.0	134.4		129.0		1320	160	0	0	1320	128	0	0	240	101	360	86
986	780.0	129.4		123.1		600	170	0	0	900	132	0	0	480	104	360	89
987	780.0	143.3		135.7		720	177	0	0	1080	145	60	103	120	109	360	89
988	1140.0	138.1		130.8		1440	168	0	0	1080	132	0	0	420	112	480	85
989	1120.0	142.2		138.4		1380	161	0	0	1440	139	0	0	240	117	300	91
990	840.0	136.0		129.2		900	165	0	0	1020	136	0	0	60	126	540	89
991	900.0	133.4		126.4		840	166	0	0	1200	135	0	0	120	99	540	87
992	380.0	149.7		143.4		120	199	0	0	600	164	0	0	300	123	120	96
993	1020.0	127.8		122.4		960	155	0	0	1380	129	0	0	60	115	660	87
994	960.0	130.2		124.6		900	163	0	0	1080	130	180	101	360	107	360	87
995	880.0	130.4		125.9		1140	154	0	0	900	123	60	118	180	103	360	90
996	1100.0	132.5		125.2		1500	155	0	0	900	139	120	97	120	87	660	87
997	900.0	129.0		124.0		900	157	0	0	1020	129	0	0	360	107	420	88
998	720.0	141.8		132.1		480	193	0	0	1020	148	0	0	120	109	540	92
999	1000.0	129.8		125.8		1140	151	0	0	1080	129	60	113	360	112	360	86
1000	980.0	130.8		123.9		1020	164	0	0	1080	129	0	0	240	107	600	87
1001	860.0	133.8		125.8		840	173	0	0	960	132	0	0	300	105	480	87
1002	700.0	138.1		133.4		600	168	0	0	840	139	0	0	360	124	300	93
1003	880.0	131.0		125.3		600	169	0	0	1320	130	0	0	420	116	300	80
1004	1160.0	135.6		133.1		1440	151	0	0	1500	131	0	0	300	123	240	88
1005	640.0	126.7		121.6		420	160	0	0	840	134	0	0	300	105	360	89
1006	800.0	139.7		132.6		720	177	0	0	900	143	60	97	420	109	300	92
1007	700.0	137.3		129.1		720	173	0	0	960	133	0	0	0	0	420	86
1008	780.0	135.2		131.6		360	168	0	0	1260	139	0	0	480	123	240	90
1009	1080.0	136.2		132.7		1320	155	0	0	900	138	120	106	480	124	420	96
1010	760.0	133.8		128.7		600	168	0	0	1080	132	0	0	240	122	360	90
1011	820.0	128.2		119.6		900	162	0	0	720	133	240	96	60	90	540	84
1012	1140.0	127.0		123.6		1020	149	0	0	1680	127	0	0	180	117	540	89
1013	1140.0	140.2		135.9		1440	159	0	0	1080	141	120	110	480	123	300	87
1014	800.0	132.7		126.9		660	156	0	0	1140	139	60	90	120	130	420	86
1015	800.0	140.1		133.2		660	168	0	0	1200	146	0	0	180	104	360	87
1016	1000.0	133.5		129.4		1260	152	60	108	960	134	60	83	360	118	300	88
1017	920.0	142.9		137.1		840	173	0	0	1260	144	0	0	480	109	180	85
1018	700.0	126.4		122.0		480	155	0	0	1140	129	0	0	60	117	420	88
1019	1000.0	125.5		120.1		1200	149	0	0	960	127	60	94	120	106	660	87
1020	1060.0	128.7		123.2		1020	160	0	0	1200	128	60	115	360	106	540	88
1021	600.0	145.1		138.1		540	175	0	0	600	155	60	93	420	125	180	87
1022	960.0	129.6		122.2		1140	157	0	0	900	133	60	118	180	88	600	86
1023	580.0	133.8		128.9		300	156	0	0	780	147	0	0	360	124	300	89
1024	1140.0	144.0		139.9		1200	169	0	0	1500	141	0	0	480	117	240	92
1025	920.0	137.7		134.3		1020	160	0	0	1140	134	0	0	420	112	180	94
1026	960.0	127.5		121.6		1020	158	0	0	900	128	60	90	420	103	480	88
1027	980.0	135.6		130.4		1140	161	0	0	1320	130	0	0	120	102	360	87
1028	1020.0	132.3		127.1		780	158	0	0	1440	139	0	0	420	108	420	86
1029	600.0	144.1		137.2		660	171	0	0	660	143	0	0	180	141	300	89
1030	820.0	139.2		133.8		780	165	0	0	840	146	60	89	480	122	300	91
1031	1040.0	131.8		123.4		1080	160	0	0	1140	137	60	48	240	108	600	89
1032	820.0	135.4		132.3		540	170	0	0	1140	134	0	0	540	119	240	101
1033	1020.0	138.9		132.5		1020	171	0	0	1320	137	60	107	180	112	480	90
1034	960.0	133.6		128.0		1080	162	0	0	1200	128	0	0	120	113	480	89
1035	1100.0	133.8		129.1		1200	157	0	0	1320	132	0	0	240	129	540	89
1036	1080.0	148.7		143.3		1260	172	0	0	1440	147	0	0	300	104	240	92
1037	940.0	142.7		137.1		1020	169	0	0	1140	142	0	0	300	118	360	91
1038	1000.0	146.7		143.8		1020	170	0	0	1020	144	60	112	780	130	120	97
1039	900.0	136.9		131.6		1140	162	0	0	900	133	60	91	180	110	420	95
1040	700.0	129.9		123.4		360	172	0	0	1020	138	0	0	300	113	420	86
1041	1140.0	135.4		131.8		1260	154	0	0	1560	135	120	95	120	116	360	92
1042	1000.0	146.5		142.1		960	175	0	0	1260	144	0	0	540	125	240	94
1043	800.0	146.3		139.7		960	177	0	0	960	138	0	0	240	114	240	89
1044	1060.0	126.5		122.2		1080	142	0	0	1020	140	120	111	300	114	660	89
1045	980.0	142.1		133.5		1140	176	0	0	1020	140	0	0	300	107	480	88
1046	660.0	144.2		136.6		780	175	0	0	840	137	0	0	60	130	300	87
1047	720.0	135.7		130.7		600	166	0	0	960	138	60	106	300	110	240	90
1048	980.0	139.7		134.3		1080	163	0	0	1020	140	60	100	360	135	420	89
1049	940.0	141.0		132.6		900	179	0	0	1140	140	0	0	240	122	540	88
1050	940.0	151.1		146.0		1080	170	0	0	1140	154	0	0	360	127	240	88
1051	720.0	136.1		129.2		420	176	0	0	1080	143	120	116	180	115	360	86
1052	800.0	144.0		139.9		840	160	0	0	1140	146	0	0	180	131	240	88
1053	920.0	137.3		129.9		1020	168	0	0	960	136	60	89	240	125	480	87
1054	940.0	148.7		143.3		840	184	0	0	1140	146	0	0	540	128	300	97
1055	1140.0	149.8		145.8		1440	168	0	0	1140	152	0	0	660	123	180	89
1056	820.0	140.9		136.9		720	166	0	0	960	146	60	89	480	119	240	102
1057	860.0	134.4		128.1		780	168	0	0	1140	132	0	0	180	128	480	88
1058	800.0	135.9		128.6		780	171	0	0	1020	134	120	103	120	106	360	86
1059	940.0	139.8		132.1		960	171	0	0	1140	143	0	0	180	102	540	90
1060	980.0	131.7		127.5		1080	155	0	0	1200	129	0	0	360	108	300	87
1061	800.0	144.5		136.7		780	174	0	0	960	151	60	102	120	132	480	92
1062	1160.0	126.6		120.0		1560	155	0	0	900	119	240	94	120	104	660	86
1063	900.0	128.6		122.6		720	162	0	0	1080	135	60	113	360	97	480	90
1064	880.0	144.7		137.2		900	174	0	0	1200	146	60	116	0	0	480	90
1065	1080.0	132.9		130.6		1080	152	0	0	1260	133	60	109	660	114	180	95
1066	1080.0	136.3		131.3		1320	158	0	0	1140	135	0	0	360	118	420	87
1067	1180.0	143.3		141.2		1560	157	0	0	1260	142	60	119	600	118	60	89
1068	920.0	125.6		119.1		780	159	0	0	1080	129	0	0	120	129	780	87
1069	1380.0	131.5		127.3		1920	150	0	0	1560	125	60	99	60	139	540	87
1070	780.0	138.5		131.4		780	172	0	0	960	136	60	94	120	132	420	90
1071	1000.0	130.4		123.5		960	160	0	0	1080	134	0	0	240	129	720	86
1072	980.0	147.0		143.5		1140	171	0	0	1140	142	0	0	660	114	0	0
1073	960.0	130.6		123.4		1080	156	0	0	900	138	0	0	180	119	720	86
1074	980.0	138.5		134.3		1080	160	0	0	1200	137	0	0	300	124	360	91
1075	760.0	136.7		128.7		300	193	0	0	1320	145	0	0	120	114	540	90
1076	1020.0	130.2		124.3		1140	154	0	0	1140	133	120	97	120	113	540	85
1077	860.0	140.0		134.7		780	169	0	0	1140	141	0	0	300	118	360	92
1078	920.0	153.2		147.7		900	187	0	0	1080	150	0	0	660	124	120	89
1079	1020.0	141.6		138.0		1200	158	0	0	1200	142	0	0	360	129	300	90
1080	1140.0	135.9		132.3		1020	155	0	0	1620	140	0	0	420	111	360	92
1081	840.0	152.5		146.7		900	184	0	0	1080	147	0	0	420	118	120	87
1082	700.0	136.7		129.7		420	176	0	0	840	147	60	116	360	126	420	89
1083	840.0	141.8		135.6		840	178	0	0	960	136	0	0	540	114	180	87
1084	960.0	128.2		122.0		1080	154	0	0	1020	131	120	99	0	0	660	87
1085	1120.0	138.6		133.3		1380	159	0	0	1200	142	60	111	240	109	480	90
1086	700.0	126.5		123.1		660	145	0	0	900	130	0	0	240	112	300	87
1087	640.0	144.8		140.8		240	185	0	0	900	152	0	0	660	131	120	87
1088	980.0	128.3		123.9		1260	142	0	0	780	141	180	97	240	119	480	88
1089	1080.0	132.5		129.0		1500	149	0	0	1200	129	0	0	240	101	300	89
1090	740.0	126.6		122.3		480	158	0	0	1140	129	0	0	180	115	420	89
1091	1000.0	143.3		136.6		1080	172	0	0	1200	144	0	0	300	112	420	90
1092	740.0	131.9		129.2		300	160	0	0	1020	142	0	0	720	113	180	103
1093	920.0	158.2		152.5		1140	180	0	0	1140	157	0	0	300	123	180	87
1094	700.0	138.2		131.8		360	161	0	0	1080	149	0	0	240	143	420	88
1095	900.0	142.8		134.8		840	182	0	0	1200	140	0	0	240	116	420	88
1096	960.0	131.1		126.5		1140	153	0	0	1200	128	0	0	180	106	360	85
1097	1040.0	140.7		133.0		1080	173	0	0	1140	144	0	0	420	109	480	88
1098	760.0	144.1		135.6		540	173	0	0	1080	157	0	0	180	127	480	89
1099	1160.0	126.2		121.4		1260	150	0	0	1260	127	0	0	300	109	660	87
1100	840.0	139.8		133.5		840	172	0	0	960	137	60	103	300	127	360	89
1101	720.0	124.4		119.9		660	147	0	0	720	132	180	93	180	123	420	90
1102	820.0	139.5		133.6		900	163	0	0	1020	142	0	0	240	108	300	86
1103	680.0	137.1		132.2		540	162	0	0	1080	140	0	0	180	115	240	85
1104	1040.0	130.4		126.8		1380	148	0	0	960	130	0	0	480	107	300	88
1105	1000.0	125.7		118.7		960	160	0	0	1020	128	120	114	120	102	780	86
1106	1140.0	112.6		109.9		1500	129	0	0	1140	109	60	89	120	86	600	86
1107	1060.0	127.5		124.4		1320	146	0	0	1200	123	60	106	300	109	300	87
1108	700.0	131.3		128.3		360	167	0	0	960	135	0	0	660	113	120	95
1109	920.0	140.5		137.0		780	161	0	0	1200	147	0	0	720	112	60	85
1110	1240.0	129.7		125.6		1800	146	0	0	1080	127	120	88	360	117	360	83
1111	1400.0	104.0		96.2		1440	132	0	0	1320	112	60	67	240	73	1140	68
1112	800.0	134.2		132.0		660	155	0	0	1080	135	0	0	480	118	180	97
1113	600.0	131.9		128.6		300	165	0	0	660	142	0	0	660	116	180	98
1114	1060.0	127.2		122.5		780	159	0	0	1440	129	0	0	540	109	420	85
1115	1060.0	139.3		133.9		1200	164	0	0	1140	139	60	109	300	125	480	91
1116	900.0	131.1		124.3		1140	159	0	0	900	126	0	0	120	107	540	86
1117	800.0	132.1		126.4		480	176	0	0	1200	133	0	0	420	112	300	86
1118	760.0	135.7		130.0		720	166	0	0	840	139	0	0	540	107	180	85
1119	1240.0	130.5		122.2		1440	164	0	0	1200	126	60	112	240	115	780	82
1120	760.0	133.7		127.9		660	163	0	0	1020	137	0	0	120	120	480	90
1121	740.0	139.0		130.7		600	182	0	0	840	142	0	0	360	120	420	88
1122	560.0	136.6		127.1		480	170	0	0	660	149	60	92	60	124	420	87
1123	1040.0	136.2		131.3		1320	162	0	0	1200	125	60	97	240	119	300	89
1124	780.0	139.4		133.8		720	175	0	0	960	135	0	0	420	116	240	91
1125	880.0	141.8		137.0		900	166	0	0	1200	142	0	0	300	111	240	89
1126	960.0	129.3		122.6		960	161	0	0	1140	130	60	88	180	96	540	87
1127	960.0	136.2		129.6		1080	159	0	0	1020	145	60	87	180	102	540	91
1128	1240.0	133.3		127.9		1680	156	0	0	1320	128	0	0	120	95	600	89
1129	920.0	130.8		124.7		840	161	60	115	1080	133	0	0	180	124	600	88
1130	1100.0	138.0		132.7		1260	165	0	0	1320	131	0	0	360	121	360	86
1131	900.0	134.9		127.9		780	167	0	0	1080	140	60	111	240	121	540	87
1132	1060.0	139.1		134.0		1320	164	0	0	1080	134	0	0	360	118	420	92
1133	900.0	128.3		121.7		1020	151	0	0	1020	134	60	89	0	0	600	84
1134	1020.0	133.4		128.4		1260	151	0	0	1200	136	0	0	120	111	480	86
1135	740.0	133.8		126.9		660	171	0	0	780	136	120	97	360	112	300	87
1136	900.0	142.1		133.8		1020	170	0	0	840	151	120	102	240	121	480	88
1137	1100.0	134.8		129.0		1140	160	0	0	960	143	60	112	660	116	480	87
1138	880.0	145.2		140.5		780	176	0	0	1200	144	60	107	480	117	120	88
1139	620.0	149.5		141.2		540	181	0	0	840	155	0	0	180	132	300	88
1140	780.0	152.5		148.3		720	178	0	0	960	157	0	0	480	123	180	105
1141	720.0	137.1		131.8		600	166	0	0	900	141	60	72	300	120	300	98
1142	660.0	145.7		135.3		660	189	0	0	720	142	0	0	300	122	300	83
1143	980.0	129.7		121.9		1140	161	0	0	1020	128	0	0	0	0	780	86
1144	820.0	131.7		125.2		660	165	0	0	720	142	180	104	480	121	420	86
1145	500.0	119.7		110.1		180	190	0	0	480	137	60	104	120	144	660	85
1146	460.0	147.2		140.9		300	188	0	0	480	149	0	0	480	136	120	83
1147	720.0	129.2		123.7		360	153	0	0	1020	145	0	0	360	109	420	88
1148	780.0	134.9		128.5		720	172	0	0	780	136	60	112	360	111	420	93
1149	540.0	119.3		114.8		480	146	0	0	540	126	60	89	60	85	480	93
1150	880.0	138.5		129.5		900	173	0	0	960	142	0	0	360	109	420	82
1151	740.0	144.4		140.3		660	173	0	0	660	147	0	0	720	128	180	95
1152	780.0	146.2		142.2		720	176	0	0	1080	139	0	0	420	130	120	88
1153	840.0	136.0		131.7		900	154	0	0	840	145	60	98	420	116	300	92
1154	720.0	148.6		142.0		660	185	0	0	900	146	0	0	420	124	180	86
1155	440.0	153.4		147.6		240	198	0	0	660	161	0	0	360	118	60	103
1156	820.0	143.3		135.1		900	177	0	0	840	142	60	92	300	124	360	87
1157	600.0	135.8		127.6		480	181	0	0	660	139	0	0	240	115	420	91
1158	640.0	140.2		132.9		360	171	0	0	1020	152	60	101	180	113	300	87
1159	800.0	142.1		133.3		960	172	0	0	900	142	60	92	60	109	420	86
1160	840.0	132.8		128.0		840	153	0	0	1080	137	120	99	240	112	240	81
1161	1260.0	136.2		130.2		1320	164	0	0	1380	138	0	0	480	115	600	88
1162	700.0	151.6		145.4		540	187	0	0	900	157	0	0	480	124	180	92
1163	500.0	155.3		150.7		240	195	0	0	780	161	0	0	420	132	60	86
1164	1220.0	135.2		130.0		1440	156	0	0	1380	137	60	87	240	118	540	88
1165	620.0	138.5		136.6		180	168	0	0	840	147	0	0	720	127	120	103
1166	480.0	152.2		149.7		240	170	0	0	720	157	0	0	420	143	60	88
1167	740.0	139.5		131.6		600	177	0	0	1080	142	60	102	60	116	420	88
1168	700.0	144.0		137.5		660	171	0	0	900	150	60	105	300	109	180	86
1169	880.0	138.2		133.0		840	165	0	0	1260	137	0	0	240	116	300	86
1170	600.0	136.9		127.8		540	184	0	0	660	131	0	0	180	129	420	89
1171	640.0	137.6		125.7		840	176	0	0	360	136	120	92	60	147	540	88
1172	700.0	129.7		121.2		600	165	0	0	540	148	60	117	300	114	600	87
1173	640.0	149.6		140.2		660	183	0	0	720	156	60	102	240	113	240	87
1174	960.0	134.1		131.3		1320	149	0	0	1140	130	0	0	120	118	300	91
1175	860.0	139.5		133.5		660	176	0	0	1200	141	60	97	420	114	240	87
1176	520.0	136.3		128.4		300	166	0	0	720	150	0	0	180	133	360	86
1177	720.0	139.2		132.0		780	166	0	0	780	145	120	103	60	133	420	90
1178	700.0	128.0		119.6		540	173	0	0	840	131	0	0	180	108	540	85
1179	580.0	144.0		136.3		420	175	0	0	900	152	0	0	120	116	300	88
1180	560.0	126.4		119.2		240	164	0	0	900	140	0	0	0	0	540	87
1181	520.0	137.7		128.3		360	188	0	0	720	143	0	0	60	93	420	92
1182	980.0	140.0		131.7		900	177	0	0	1320	141	60	98	120	106	540	88
1183	880.0	136.6		128.6		1020	168	0	0	960	135	0	0	120	105	540	87
1184	760.0	143.5		137.7		780	170	0	0	900	144	0	0	360	123	240	86
1185	400.0	133.8		127.9		120	191	0	0	540	147	0	0	360	117	180	90
1186	460.0	136.7		123.6		480	185	0	0	300	145	0	0	60	139	540	89
1187	620.0	145.0		134.9		660	179	0	0	660	148	60	95	180	129	300	83
1188	680.0	140.7		133.1		780	165	0	0	660	151	120	99	180	115	300	87
1189	780.0	134.8		128.3		540	171	0	0	1260	138	0	0	60	108	480	89
1190	720.0	142.8		136.8		420	189	0	0	1020	144	0	0	420	129	300	93
1191	700.0	143.5		134.9		720	177	0	0	720	143	0	0	240	142	420	88
1192	660.0	143.2		134.8		960	168	0	0	540	142	60	92	60	139	360	88
1193	440.0	148.7		137.4		300	198	0	0	540	162	0	0	180	123	300	91
1194	720.0	142.3		135.4		480	187	0	0	1020	142	0	0	360	129	300	88
1195	460.0	149.0		140.8		240	182	0	0	780	161	60	109	120	118	180	87
1196	800.0	138.8		129.4		780	173	0	0	900	146	0	0	120	122	600	87
1197	700.0	135.5		126.4		720	175	0	0	720	133	0	0	180	120	480	86
1198	620.0	157.8		144.7		660	198	0	0	480	181	0	0	300	116	420	98
1199	860.0	132.7		124.3		960	168	0	0	840	131	180	94	60	118	540	87
1200	520.0	140.0		130.6		360	186	0	0	660	149	0	0	120	124	420	91
1201	720.0	139.3		129.1		660	179	0	0	840	144	60	89	120	126	480	86
1202	580.0	145.2		139.0		540	171	0	0	720	149	60	112	240	130	180	84
1203	400.0	142.2		137.4		120	182	0	0	600	153	0	0	360	129	120	88
1204	720.0	134.7		127.4		420	172	0	0	1140	143	0	0	60	128	540	89
1205	400.0	126.7		120.7		180	175	0	0	660	132	0	0	120	104	240	87
1206	560.0	138.4		135.9		420	157	0	0	720	143	0	0	420	125	120	93
1207	640.0	145.3		137.1		540	191	0	0	840	141	0	0	300	122	240	87
1208	740.0	138.4		127.7		780	179	0	0	780	139	0	0	60	116	600	87
1209	720.0	143.7		137.4		600	175	0	0	1020	146	0	0	240	124	300	89
1210	460.0	132.6		126.0		300	158	0	0	540	149	0	0	180	126	360	90
1211	480.0	146.7		137.6		300	191	0	0	660	154	0	0	240	132	240	86
1212	920.0	144.1		137.2		1020	174	0	0	1200	140	0	0	180	116	360	87
1213	720.0	131.5		121.2		780	173	0	0	660	131	0	0	0	0	720	87
1214	460.0	134.1		122.9		300	188	0	0	360	153	0	0	300	125	420	86
1215	860.0	129.7		118.4		720	175	0	0	900	141	0	0	0	0	960	85
1216	660.0	131.0		123.2		480	175	0	0	660	138	0	0	300	121	540	89
1217	400.0	136.2		125.4		120	182	0	0	540	162	0	0	120	140	420	89
1218	760.0	142.4		132.1		480	189	0	0	1020	156	0	0	240	107	540	91
1219	420.0	142.3		136.9		60	240	0	0	660	155	0	0	480	119	60	91
1220	480.0	149.7		145.1		360	193	0	0	480	139	0	0	540	137	60	90
1221	600.0	141.5		130.5		540	189	0	0	600	143	60	114	180	130	420	87
1222	620.0	146.0		141.8		420	181	0	0	840	148	0	0	420	127	180	99
1223	600.0	123.0		117.3		360	161	0	0	840	129	0	0	120	111	480	87
1224	480.0	142.8		137.4		420	178	0	0	600	139	0	0	300	123	120	88
1225	480.0	149.0		141.4		300	182	0	0	660	158	0	0	240	142	240	90
1226	660.0	129.0		121.5		540	160	0	0	720	137	240	96	60	180	420	87
1227	520.0	142.6		132.6		240	205	0	0	600	151	0	0	420	136	300	85
1228	740.0	152.7		145.2		840	184	0	0	1020	144	0	0	120	141	240	86
1229	600.0	143.2		135.7		360	189	0	0	840	151	0	0	360	114	240	91
1230	480.0	145.8		136.2		420	190	0	0	600	144	0	0	180	128	240	86
1231	940.0	131.0		123.9		840	171	0	0	1080	128	60	97	300	116	540	87
1232	500.0	147.2		143.3		360	176	0	0	660	150	0	0	420	127	60	84
1233	600.0	134.5		125.9		540	174	0	0	660	136	60	90	120	133	420	88
1234	780.0	128.3		121.2		960	156	0	0	660	131	180	98	0	0	540	86
1235	340.0	141.4		133.2		300	179	0	0	240	148	0	0	300	131	180	87
1236	640.0	133.5		126.8		480	161	0	0	840	146	0	0	120	106	480	91
1237	360.0	150.8		144.4		180	195	0	0	600	154	0	0	180	137	120	89
1238	540.0	120.9		113.1		240	177	0	0	660	133	0	0	120	117	600	86
1239	660.0	146.1		135.5		540	190	0	0	780	155	60	111	240	114	360	88
1240	460.0	150.2		139.9		480	190	0	0	360	157	0	0	360	123	180	85
1241	440.0	124.8		117.9		120	186	0	0	480	139	0	0	300	129	420	88
1242	340.0	128.9		122.1		120	158	0	0	540	145	0	0	60	130	300	88
1243	780.0	134.1		126.0		480	175	0	0	1020	145	0	0	300	116	540	87
1244	620.0	127.0		119.5		540	155	0	0	660	142	120	98	0	0	540	87
1245	540.0	143.3		135.0		420	182	0	0	660	150	0	0	300	120	240	86
1246	480.0	137.4		129.7		600	164	0	0	480	138	60	89	60	120	240	86
1247	580.0	147.0		138.3		600	174	0	0	660	158	60	95	180	113	240	88
1248	600.0	129.0		122.9		360	169	0	0	780	137	0	0	180	116	480	91
1249	340.0	129.8		118.8		180	200	0	0	420	136	0	0	120	117	300	84
1250	500.0	162.0		154.1		360	185	0	0	720	172	0	0	240	152	180	89
1251	660.0	132.7		123.9		780	170	0	0	540	129	120	89	180	99	360	89
1252	460.0	143.9		130.7		420	202	0	0	540	135	0	0	60	153	360	88
1253	460.0	139.8		128.5		300	185	0	0	420	158	0	0	300	135	360	85
1254	680.0	154.2		147.9		600	189	0	0	840	154	0	0	480	129	120	83
1255	540.0	134.1		125.8		420	181	0	0	660	136	0	0	60	123	480	92
1256	600.0	128.2		117.7		360	179	0	0	720	144	60	87	0	0	660	87
1257	400.0	145.2		138.2		120	200	0	0	720	156	0	0	240	114	120	88
1258	340.0	155.1		137.3		360	205	0	0	360	162	0	0	0	0	300	87
1259	640.0	120.6		69.3		660	151	0	0	600	130	60	84	60	5	540	90
1260	460.0	146.0		131.1		420	200	0	0	540	150	0	0	0	0	420	87
1261	320.0	152.4		141.6		360	193	0	0	360	149	0	0	180	100	60	86
1262	420.0	142.2		134.5		360	180	0	0	420	150	0	0	300	118	180	89
1263	600.0	143.0		133.0		660	181	0	0	660	141	0	0	60	124	420	89
1264	420.0	149.6		141.0		300	197	0	0	600	149	0	0	180	134	180	88
1265	540.0	140.7		133.0		300	190	0	0	840	146	0	0	240	113	240	88
1266	300.0	122.3		115.3		180	169	0	0	240	139	0	0	240	105	240	88
1267	620.0	136.4		130.8		540	167	0	0	840	136	0	0	180	125	300	89
1268	580.0	125.8		114.9		360	171	0	0	540	152	120	89	60	129	660	86
1269	460.0	119.3		113.3		120	158	0	0	480	145	0	0	180	119	600	91
1270	580.0	131.6		123.8		480	170	0	0	660	138	60	104	180	104	360	87
1271	400.0	130.1		118.7		120	187	0	0	600	153	0	0	60	109	420	84
1272	420.0	121.4		115.4		240	161	0	0	480	131	0	0	180	114	360	86
1273	320.0	120.5		114.9		180	159	0	0	360	132	60	89	180	104	180	86
1274	580.0	138.3		126.7		420	193	0	0	600	150	0	0	240	114	480	88
1275	660.0	141.2		124.6		660	193	0	0	420	162	0	0	180	128	720	85
1276	520.0	143.0		133.4		420	188	0	0	720	141	60	103	120	137	240	83
1277	660.0	137.8		128.6		420	166	0	0	840	152	60	100	180	156	480	86
1278	860.0	139.9		131.6		960	172	0	0	1020	139	0	0	120	98	480	88
1279	600.0	149.9		142.4		600	182	0	0	720	151	0	0	240	126	240	90
1280	780.0	136.9		128.5		600	181	0	0	960	137	60	90	240	136	480	88
1281	440.0	152.2		146.2		300	202	0	0	600	149	0	0	300	130	120	99
1282	360.0	143.3		133.4		120	227	0	0	420	153	0	0	300	139	240	90
1283	420.0	151.0		147.1		360	182	0	0	420	152	0	0	420	131	60	97
1284	340.0	136.5		128.3		180	186	0	0	480	145	0	0	120	123	240	89
1285	660.0	130.5		121.9		600	166	0	0	780	137	120	85	0	0	480	87
1286	720.0	123.1		115.2		540	155	0	0	660	146	180	97	240	85	540	89
1287	600.0	142.8		133.6		600	180	0	0	660	146	60	99	120	119	360	90
1288	460.0	142.3		132.1		420	176	0	0	480	157	0	0	120	125	360	89
1289	440.0	135.4		128.8		180	181	0	0	480	154	0	0	420	120	240	91
1290	600.0	126.1		119.3		540	158	0	0	540	136	60	85	120	121	540	90
1291	480.0	130.6		124.6		540	155	0	0	540	134	60	94	0	0	300	88
1292	200.0	148.9		141.0		120	173	0	0	240	177	0	0	180	109	60	108
1293	420.0	159.2		152.1		240	206	0	0	600	166	0	0	300	134	120	95
1294	440.0	138.0		126.1		360	180	0	0	420	156	0	0	120	127	420	87
1295	340.0	158.9		150.2		240	205	0	0	420	164	0	0	240	138	120	91
1296	440.0	137.1		127.6		240	184	0	0	360	156	60	89	360	136	300	88
1297	420.0	125.0		115.2		120	205	0	0	360	152	60	89	300	121	420	87
1298	480.0	156.2		153.3		300	186	0	0	600	164	0	0	540	131	0	0
1299	360.0	129.4		122.5		180	174	0	0	480	143	0	0	180	96	240	94
1300	540.0	119.7		110.5		300	161	0	0	480	150	120	97	60	87	660	86
1301	520.0	137.7		130.2		360	182	0	0	720	141	0	0	240	112	240	87
1302	600.0	140.4		129.8		480	177	0	0	780	153	180	99	0	0	360	85
1303	460.0	141.0		132.4		420	171	0	0	480	151	60	87	180	134	240	87
1304	640.0	141.0		133.5		600	167	0	0	780	150	60	102	180	122	300	85
1305	260.0	126.2		114.8		120	205	0	0	240	143	0	0	60	124	360	89
1306	360.0	145.8		135.3		60	208	0	0	660	164	0	0	120	132	240	87
1307	480.0	140.9		129.0		420	179	0	0	480	161	60	89	120	112	360	88
1308	520.0	136.6		128.2		540	168	0	0	480	146	60	89	120	121	360	90
1309	540.0	118.5		112.8		240	175	0	0	660	124	60	107	240	103	420	88
1310	400.0	146.4		132.1		420	198	0	0	300	155	0	0	240	103	240	89
1311	220.0	136.6		126.7		60	183	0	0	300	149	0	0	120	160	180	85
1312	620.0	137.4		129.7		540	180	0	0	780	136	60	113	120	103	360	92
1313	460.0	129.2		120.3		180	191	0	0	600	143	0	0	120	128	480	89
1314	460.0	140.8		129.6		360	198	0	0	480	142	0	0	240	120	300	87
1315	480.0	136.9		126.9		540	166	0	0	420	152	60	88	60	118	360	87
1316	440.0	135.4		131.5		60	170	0	0	780	148	0	0	300	121	180	93
1317	680.0	124.7		119.0		540	151	0	0	720	138	0	0	180	112	600	89
1318	480.0	116.0		108.9		180	159	0	0	600	136	0	0	60	86	600	86
1319	320.0	135.8		126.3		240	180	0	0	300	145	0	0	180	128	240	86
1320	440.0	134.6		120.7		420	191	0	0	300	143	60	106	60	108	480	87
1321	440.0	129.0		120.4		480	164	0	0	360	132	60	102	60	123	360	85
1322	480.0	139.6		132.8		240	186	0	0	780	145	0	0	180	122	240	89
1323	280.0	134.6		122.4		240	193	0	0	120	134	0	0	180	133	300	89
1324	480.0	139.3		135.3		360	172	0	0	600	139	0	0	300	126	180	97
1325	380.0	128.0		119.6		180	166	0	0	540	146	0	0	60	98	360	87
1326	580.0	131.0		123.5		600	156	0	0	840	132	0	0	120	68	180	85
1327	640.0	129.7		122.3		600	164	0	0	720	134	120	89	180	98	300	86
1328	540.0	128.3		119.1		420	166	0	0	600	140	0	0	60	137	540	85
1329	360.0	120.6		113.0		240	159	0	0	300	136	60	104	120	123	360	84
1330	580.0	131.0		124.7		600	162	0	0	600	131	0	0	240	110	300	86
1331	400.0	136.0		131.7		180	166	0	0	540	151	0	0	420	109	60	100
1332	500.0	144.0		136.3		360	172	0	0	720	156	0	0	120	120	300	91
1333	360.0	136.2		127.1		300	175	0	0	300	152	0	0	240	117	240	87
1334	400.0	136.0		125.6		240	185	0	0	540	149	0	0	60	111	360	88
1335	360.0	141.4		134.6		180	201	0	0	540	141	0	0	240	125	120	87
1336	580.0	136.3		129.2		360	178	0	0	840	144	0	0	180	106	360	92
1337	420.0	126.1		116.0		180	193	0	0	480	145	0	0	120	103	480	88
1338	240.0	145.1		135.8		240	180	0	0	300	148	0	0	60	107	120	87
1339	460.0	119.0		111.2		300	161	0	0	420	135	60	90	60	122	540	86
1340	320.0	139.1		132.6		300	174	0	0	360	139	0	0	120	121	180	93
1341	280.0	134.6		122.4		180	193	0	0	360	145	0	0	0	0	300	87
1342	280.0	110.7		106.8		120	140	0	0	300	128	0	0	0	0	420	90
1343	240.0	129.6		120.9		120	172	0	0	300	148	0	0	120	108	180	85
1344	200.0	130.8		122.7		60	205	0	0	300	143	0	0	120	107	120	87
1345	580.0	119.9		112.2		360	163	0	0	660	133	60	91	0	0	660	86
1346	360.0	115.2		107.4		240	168	0	0	240	125	120	98	60	110	420	85
1347	520.0	138.4		131.3		540	171	0	0	480	143	0	0	240	114	300	92
1348	280.0	127.7		119.7		0	0	0	0	480	153	0	0	120	110	240	86
1349	320.0	119.9		109.1		180	168	0	0	360	141	0	0	120	84	300	80
1350	380.0	147.9		142.6		300	185	0	0	300	151	60	112	420	133	60	87
1351	360.0	132.2		126.2		240	161	0	0	420	142	0	0	180	130	240	88
1352	340.0	131.4		122.9		120	188	0	0	540	145	0	0	60	113	300	88
1353	340.0	127.4		119.5		300	171	0	0	300	128	120	103	60	116	240	87
1354	360.0	121.5		112.7		240	141	0	0	300	160	120	88	60	131	360	86
1355	400.0	140.3		133.5		420	172	0	0	480	138	0	0	120	117	180	88
1356	340.0	126.2		120.3		120	162	0	0	540	139	0	0	120	113	240	86
1357	300.0	131.6		122.0		120	176	0	0	420	153	0	0	60	111	300	88
1358	240.0	144.8		137.7		120	194	0	0	480	146	0	0	60	95	60	87
1359	500.0	133.7		124.1		600	161	0	0	360	153	60	91	60	115	420	87
1360	500.0	136.9		132.3		300	173	0	0	540	139	0	0	480	130	180	89
1361	540.0	129.9		123.1		360	176	0	0	660	133	60	90	300	110	240	87
1362	300.0	127.4		121.2		120	152	0	0	480	140	0	0	60	143	240	86
1363	460.0	139.2		133.0		300	167	0	0	720	149	0	0	120	103	240	93
1364	640.0	132.6		125.7		540	169	0	0	840	134	0	0	60	127	480	90
1365	240.0	139.2		133.0		60	200	0	0	420	146	0	0	120	135	120	89
1366	360.0	135.6		126.1		180	182	0	0	420	151	0	0	180	134	300	87
1367	460.0	121.1		114.8		540	146	0	0	360	129	120	98	60	77	300	85
1368	240.0	155.9		136.8		180	203	0	0	300	182	0	0	0	0	240	88
1369	420.0	116.8		107.7		120	181	0	0	480	143	0	0	60	97	600	85
1370	340.0	118.2		110.9		60	202	0	0	360	143	60	107	60	123	480	90
1371	380.0	136.1		127.1		240	174	0	0	480	152	0	0	120	117	300	88
1372	380.0	124.8		116.9		120	173	0	0	540	145	0	0	0	0	480	90
1373	300.0	137.9		129.5		240	168	0	0	420	148	0	0	60	102	180	86
1374	300.0	151.8		143.9		240	192	0	0	360	159	0	0	240	117	60	87
1375	520.0	140.6		135.9		480	161	0	0	660	148	0	0	300	113	120	87
1376	540.0	116.4		109.6		360	150	0	0	420	140	180	103	60	104	600	85
1377	520.0	145.5		136.5		600	176	0	0	480	144	0	0	180	145	300	87
1378	340.0	113.4		105.9		60	146	0	0	360	149	0	0	60	114	540	86
1379	400.0	116.7		110.2		120	173	0	0	600	130	0	0	0	0	480	86
1380	260.0	130.5		117.5		60	204	0	0	420	154	0	0	0	0	300	83
1381	300.0	145.0		140.0		180	166	0	0	540	153	0	0	120	106	60	88
1382	260.0	132.5		125.6		120	169	0	0	360	146	0	0	120	124	180	87
1383	380.0	138.2		131.2		240	177	0	0	600	144	0	0	120	105	180	89
1384	340.0	120.9		113.6		60	150	0	0	540	144	0	0	0	0	420	87
1385	280.0	142.9		133.8		180	183	0	0	360	154	0	0	120	132	180	88
1386	340.0	118.9		107.3		180	175	0	0	120	181	240	88	120	133	360	86
1387	280.0	151.7		144.1		240	180	0	0	360	159	0	0	120	136	120	89
1388	160.0	128.5		122.2		0	0	0	0	240	149	0	0	120	130	120	86
1389	420.0	121.9		112.0		180	182	0	0	420	146	0	0	120	109	540	86
1390	340.0	152.4		141.0		180	221	0	0	420	162	0	0	300	125	120	84
1391	420.0	86.0		83.6		0	0	0	0	240	120	0	0	0	0	1020	78
1392	200.0	123.5		112.4		60	192	0	0	240	152	0	0	0	0	300	87
1393	360.0	119.6		113.9		120	154	0	0	480	138	0	0	120	106	360	88
1394	320.0	138.6		128.0		180	203	0	0	540	140	0	0	0	0	240	87
1395	400.0	126.4		119.9		240	168	0	0	540	133	0	0	120	112	300	87
1396	240.0	112.2		106.6		120	143	0	0	300	128	0	0	0	0	300	84
1397	400.0	122.5		117.9		300	144	0	0	480	132	0	0	120	119	300	87
1398	240.0	129.9		119.9		120	204	0	0	180	135	0	0	180	130	240	89
1399	340.0	108.7		104.3		60	132	0	0	420	132	0	0	60	96	480	87
1400	300.0	117.7		107.1		120	190	0	0	300	141	0	0	0	0	480	85
1401	340.0	127.8		118.6		300	170	0	0	300	129	60	90	60	152	300	87
1402	280.0	106.7		104.1		0	0	0	0	300	130	0	0	120	93	420	94
1403	420.0	133.2		126.3		300	169	0	0	600	140	0	0	0	0	360	92
1404	300.0	133.3		123.7		120	208	0	0	480	141	0	0	0	0	300	91
1405	260.0	130.7		124.6		180	154	0	0	60	174	60	87	360	133	120	89
1406	260.0	112.8		106.2		120	179	0	0	180	123	60	92	180	100	240	87
1407	220.0	120.0		112.2		120	183	0	0	180	128	0	0	120	107	240	89
1408	300.0	111.7		104.7		60	183	0	0	360	134	0	0	0	0	480	86
1409	380.0	114.1		106.7		180	150	0	0	300	147	120	103	120	94	420	84
1410	340.0	118.2		112.3		180	154	0	0	300	137	60	87	120	121	360	89
1411	240.0	117.2		112.6		60	154	0	0	300	137	0	0	180	97	180	92
1412	420.0	123.4		114.5		360	165	0	0	300	139	60	89	60	113	480	88
1413	380.0	127.4		119.2		180	183	0	0	360	142	60	102	240	122	300	86
1414	260.0	137.2		126.8		120	187	0	0	360	156	0	0	120	108	180	86
1415	320.0	140.6		132.5		120	184	0	0	480	158	60	111	120	118	180	90
1416	220.0	135.2		132.3		0	0	0	0	300	148	0	0	300	132	60	87
1417	280.0	133.3		123.4		120	194	0	0	420	146	0	0	60	108	240	87
1418	340.0	118.6		111.8		180	168	0	0	420	127	60	107	0	0	360	86
1419	440.0	117.7		111.8		240	159	0	0	420	131	60	111	180	108	420	86
1420	300.0	128.0		123.8		180	156	0	0	420	136	0	0	180	108	120	88
1421	360.0	108.3		102.6		60	181	0	0	360	133	0	0	60	90	600	88
1422	220.0	102.7		99.3		60	124	0	0	180	129	0	0	120	97	300	85
1423	320.0	115.3		110.0		60	165	0	0	420	136	0	0	0	0	480	91
1424	240.0	110.5		103.2		120	170	0	0	120	132	60	113	0	0	420	87
1425	380.0	129.8		121.5		240	165	0	0	420	146	0	0	120	131	360	87
1426	420.0	115.4		108.7		180	162	0	0	420	134	120	89	60	126	480	87
1427	280.0	110.2		104.2		0	0	0	0	300	147	60	96	0	0	480	89
1428	320.0	135.6		129.8		360	149	0	0	360	149	0	0	60	121	180	87
1429	260.0	123.8		120.6		240	138	0	0	240	138	0	0	60	117	240	97
1430	400.0	123.0		114.2		420	166	0	0	300	119	0	0	0	0	480	88
1431	200.0	117.3		109.0		120	176	0	0	120	133	60	106	60	101	240	87
1432	280.0	126.4		119.6		120	154	0	0	420	144	0	0	60	105	240	87
1433	300.0	123.9		110.7		180	200	0	0	180	151	0	0	60	85	480	90
1434	300.0	123.0		115.7		180	164	0	0	300	135	0	0	120	124	300	86
1435	400.0	128.3		120.1		300	159	0	0	300	150	0	0	180	135	420	88
1436	280.0	121.2		109.6		60	169	0	0	300	166	120	88	0	0	360	87
1437	260.0	133.9		122.9		60	208	0	0	300	161	0	0	120	139	300	90
1438	360.0	137.9		130.5		180	162	0	0	420	158	60	114	180	140	240	89
1439	260.0	135.5		130.5		120	162	0	0	480	143	0	0	60	120	120	87
1440	400.0	131.6		126.1		300	162	0	0	480	135	0	0	180	130	240	88
1441	240.0	129.2		119.9		240	166	0	0	180	138	60	90	60	127	180	85
1442	320.0	100.9		96.7		60	154	0	0	180	130	0	0	120	110	600	85
1443	300.0	117.9		110.4		240	162	0	0	240	123	0	0	60	112	360	86
1444	140.0	119.0		112.0		0	0	0	0	120	137	0	0	120	149	180	87
1445	200.0	117.9		109.5		60	172	0	0	180	153	60	103	0	0	300	89
1446	200.0	137.1		125.5		120	197	0	0	180	150	0	0	120	133	180	87
1447	220.0	136.0		129.3		120	170	0	0	300	148	60	118	60	124	120	87
1448	260.0	108.2		102.0		60	130	0	0	180	157	120	89	60	100	360	88
1449	220.0	127.7		124.2		0	0	0	0	360	139	0	0	180	131	120	89
1450	160.0	128.4		118.3		60	152	0	0	120	181	0	0	120	123	180	89
1451	240.0	119.2		101.0		60	232	0	0	180	182	180	81	0	0	300	82
1452	200.0	98.8		95.8		0	0	0	0	120	131	60	93	60	117	360	86
1453	200.0	118.0		103.9		60	188	0	0	120	187	0	0	60	114	360	84
1454	220.0	119.8		113.9		0	0	0	0	360	141	0	0	60	124	240	87
1455	460.0	120.2		109.0		360	166	0	0	300	146	0	0	60	125	660	83
1456	140.0	121.9		114.3		0	0	0	0	120	160	0	0	120	133	180	89
1457	160.0	145.0		134.9		180	164	0	0	180	164	0	0	0	0	120	88
1458	380.0	126.2		113.4		300	180	0	0	240	155	180	92	0	0	420	86
1459	220.0	135.0		122.5		180	187	0	0	240	144	0	0	0	0	240	87
1460	360.0	117.3		109.5		300	158	0	0	180	133	60	94	60	132	480	87
1461	220.0	130.4		118.2		300	171	0	0	60	129	60	86	60	109	180	85
1462	160.0	138.9		129.7		60	193	0	0	180	151	60	88	120	145	60	87
1463	200.0	121.6		110.1		60	190	0	0	180	156	0	0	60	133	300	85
1464	280.0	137.6		118.1		60	246	0	0	300	191	0	0	60	88	420	91
1465	160.0	114.5		105.3		0	0	0	0	240	147	0	0	0	0	240	82
1466	260.0	110.8		104.2		180	166	0	0	120	101	60	110	0	0	420	90
1467	160.0	117.0		112.6		0	0	0	0	180	147	0	0	120	105	180	95
1468	340.0	101.1		94.2		120	165	0	0	120	148	0	0	0	0	780	84
1469	320.0	112.5		107.5		60	150	0	0	360	131	0	0	180	120	360	84
1470	260.0	90.8		89.3		0	0	0	0	120	118	60	101	60	78	540	85
1471	180.0	117.6		110.4		60	178	0	0	180	137	0	0	60	117	240	88
1472	240.0	128.8		118.4		120	178	0	0	300	150	0	0	0	0	300	88
1473	240.0	114.9		103.2		180	178	0	0	60	157	0	0	0	0	480	86
1474	260.0	105.3		99.3		0	0	0	0	180	159	60	91	0	0	540	89
1475	180.0	124.2		116.2		60	188	0	0	180	150	0	0	120	93	180	98
1476	300.0	108.3		104.6		60	154	0	0	360	123	60	117	0	0	420	88
1477	300.0	113.7		106.4		180	164	0	0	180	131	60	90	60	121	420	87
1478	200.0	98.2		96.0		0	0	0	0	120	131	0	0	0	0	480	90
1479	320.0	110.6		102.9		120	160	0	0	300	134	0	0	60	124	480	82
1480	200.0	118.6		110.5		60	172	0	0	180	154	0	0	0	0	360	92
1481	160.0	122.8		114.1		0	0	0	0	180	163	0	0	60	129	240	91
1482	280.0	132.1		120.0		60	238	0	0	420	151	0	0	60	125	300	86
1483	140.0	115.9		108.7		120	151	0	0	60	149	0	0	0	0	240	90
1484	200.0	119.6		110.2		0	0	0	0	180	170	0	0	120	123	300	88
1485	200.0	119.5		111.2		60	154	0	0	240	150	120	93	0	0	180	85
1486	280.0	114.6		108.7		120	154	0	0	240	141	0	0	60	103	420	90
1487	40.0	118.0		111.4		0	0	0	0	0	0	0	0	60	146	60	90
1488	160.0	120.4		113.4		120	154	0	0	60	154	60	91	120	119	120	86
1489	160.0	118.1		112.7		120	145	0	0	120	136	0	0	60	119	180	88
1490	240.0	119.8		107.2		60	126	0	0	180	186	60	87	60	151	360	86
1491	220.0	122.5		111.2		60	226	0	0	240	146	0	0	60	97	300	88
1492	140.0	123.6		115.8		60	163	0	0	240	135	0	0	0	0	120	81
1493	400.0	111.2		103.3		240	141	0	0	180	172	180	88	0	0	600	88
1494	120.0	116.8		111.1		0	0	0	0	180	142	0	0	60	101	120	87
1495	120.0	113.2		104.9		60	177	0	0	60	107	0	0	60	137	180	86
1496	260.0	139.5		124.3		180	204	0	0	300	153	60	89	0	0	240	87
1497	200.0	124.5		119.3		60	178	0	0	180	137	0	0	240	121	120	86
1498	180.0	92.9		90.9		0	0	0	0	60	122	60	92	60	118	360	84
1499	280.0	110.1		104.2		60	162	0	0	300	136	60	91	0	0	420	87
