#File created from auswertNew
# Temporary input file:
# tmp02.dat
# Created from repository file
# /home/vwitme/data/workdata/trafficData/Invent_A5/intermediatedata/A5frankfurt_06_01/daten/F02_1106.dat.gz
# Infrastructure description file:
# /home/vwitme/data/workdata/trafficData/Invent_A5/intermediatedata/A5frankfurt_06_01/daten/A5frankfurt_06_01.dsc
#
# Date: 11.06.2001
# Direction: Frankfurt
# Detector cross section 2
# Position (m)= 466.650000
# Number of main lanes=3
# Number of ramp lanes=0
# The lane indices are ordered from left to right
# NOTICE: The time has been increased by 1 hour 
# since summertime was not taken care of  in the original data!
# Velocity averages: Over veh types and lanes, weighted with flow
# vAvg=arithmetic average; vHarm=harmonic average
#===========================================
#t(min)	Qav(/h)	vAvg(km/h)	vHarm(km/h)	Q1car	v1car	Q1truck	v1truck	Q2car	v2car	Q2truck	v2truck	Q3car	v3car	Q3truck	v3truck
60	440.0	119.7		110.6		180	154	0	0	540	144	0	0	120	118	480	80
61	500.0	108.6		100.2		240	158	0	0	300	148	0	0	0	0	960	84
62	560.0	113.9		104.6		300	181	0	0	360	134	0	0	0	0	1020	87
63	420.0	124.5		116.0		180	190	0	0	600	131	0	0	60	132	420	86
64	340.0	124.6		114.8		60	189	0	0	480	151	0	0	60	119	420	86
65	320.0	133.8		127.3		180	186	0	0	240	140	0	0	360	125	180	91
66	700.0	109.9		103.0		720	145	0	0	240	120	300	85	60	122	780	83
67	480.0	120.8		112.8		120	168	0	0	600	146	0	0	60	135	660	88
68	340.0	113.4		106.1		180	157	0	0	240	142	60	105	0	0	540	87
69	440.0	139.0		127.7		300	174	0	0	420	164	0	0	180	141	420	88
70	360.0	124.4		117.6		60	189	0	0	600	140	0	0	60	123	360	88
71	260.0	124.9		118.1		0	0	0	0	360	149	0	0	120	140	300	90
72	260.0	118.1		113.7		120	167	0	0	300	113	0	0	180	123	180	89
73	460.0	112.0		106.9		360	139	0	0	360	130	60	92	0	0	600	87
74	380.0	121.6		113.3		60	155	0	0	480	150	0	0	120	134	480	86
75	320.0	109.4		102.0		120	169	0	0	180	144	60	93	60	113	540	86
76	240.0	103.1		98.8		120	129	0	0	60	169	180	92	0	0	360	89
77	460.0	115.0		106.5		240	144	0	0	420	150	120	89	0	0	600	84
78	480.0	115.7		108.9		300	153	0	0	480	133	60	89	0	0	600	86
79	360.0	115.7		107.2		120	166	0	0	240	158	120	91	60	135	540	89
80	240.0	117.7		112.9		0	0	0	0	300	142	60	93	180	116	180	87
81	280.0	113.7		107.1		120	154	0	0	240	142	60	100	0	0	420	88
82	360.0	117.1		110.0		180	153	0	0	360	142	120	90	0	0	420	88
83	460.0	107.4		101.2		180	141	0	0	300	148	180	92	0	0	720	86
84	540.0	118.3		110.1		420	167	0	0	360	127	240	97	60	111	540	85
85	300.0	102.1		99.7		60	130	0	0	180	119	60	90	120	121	480	89
86	420.0	133.0		126.9		180	162	0	0	540	146	0	0	240	137	300	89
87	340.0	103.5		98.6		60	144	0	0	300	134	120	90	0	0	540	85
88	160.0	115.4		112.7		60	153	0	0	120	128	0	0	180	108	120	95
89	460.0	103.0		98.4		60	140	0	0	420	134	0	0	0	0	900	86
90	400.0	104.3		98.3		120	161	0	0	240	139	60	90	0	0	780	86
91	500.0	104.5		98.1		240	149	0	0	180	154	300	90	0	0	780	85
92	540.0	105.1		100.0		180	146	0	0	420	133	180	87	60	89	780	86
93	300.0	124.3		118.0		180	165	0	0	300	130	0	0	180	125	240	86
94	360.0	90.7		88.6		60	149	0	0	60	123	0	0	0	0	960	85
95	440.0	113.7		102.9		240	171	0	0	180	166	0	0	60	130	840	85
96	200.0	111.2		104.2		120	162	0	0	180	121	0	0	0	0	300	85
97	340.0	123.5		111.6		240	177	0	0	240	152	0	0	0	0	540	87
98	440.0	119.5		108.8		240	182	0	0	420	138	0	0	0	0	660	85
99	340.0	102.2		96.0		60	176	0	0	180	148	0	0	0	0	780	86
100	400.0	108.2		102.2		180	148	0	0	300	132	60	94	60	126	600	84
101	460.0	116.3		105.7		180	196	0	0	360	145	0	0	0	0	840	87
102	140.0	125.7		118.3		0	0	0	0	180	156	0	0	120	120	120	86
103	260.0	103.7		100.3		120	129	0	0	180	125	60	90	60	109	360	86
104	320.0	120.9		112.9		60	164	0	0	300	153	60	117	180	126	360	85
105	160.0	108.5		104.6		0	0	0	0	180	130	0	0	60	126	240	88
106	180.0	102.2		97.2		0	0	0	0	120	141	0	0	60	128	360	85
107	200.0	118.8		111.0		60	146	0	0	180	150	0	0	120	128	240	84
108	240.0	116.8		108.0		0	0	0	0	300	156	60	99	0	0	360	87
109	360.0	113.4		106.0		240	146	0	0	240	146	0	0	60	109	540	85
110	260.0	99.4		96.8		60	131	0	0	180	117	120	88	60	118	360	86
111	360.0	101.9		96.1		120	153	0	0	120	156	300	92	0	0	540	84
112	280.0	135.3		128.6		0	0	0	0	600	151	0	0	60	123	180	87
113	440.0	111.5		106.6		420	135	0	0	240	135	180	91	0	0	480	87
114	500.0	114.0		106.9		360	143	0	0	360	143	0	0	60	113	720	85
115	280.0	126.4		115.5		60	173	0	0	300	163	0	0	120	133	360	86
116	280.0	127.5		118.5		120	151	0	0	360	154	0	0	60	129	300	86
117	340.0	120.1		115.6		120	133	0	0	360	143	0	0	240	118	300	89
118	220.0	115.3		105.2		120	175	0	0	180	138	0	0	0	0	360	84
119	280.0	112.0		103.3		120	175	0	0	180	145	0	0	0	0	540	87
120	400.0	118.8		107.1		180	192	0	0	240	161	0	0	60	87	720	89
121	220.0	108.7		101.4		60	167	0	0	120	147	0	0	60	133	420	86
122	220.0	124.8		114.1		60	156	0	0	240	153	0	0	60	175	300	86
123	480.0	103.1		99.9		240	129	0	0	180	129	240	89	120	124	660	88
124	180.0	119.3		111.9		120	150	0	0	180	142	0	0	0	0	240	87
125	380.0	102.6		97.6		120	157	0	0	120	149	240	95	0	0	660	87
126	380.0	93.7		91.6		120	139	0	0	60	113	120	93	0	0	840	86
127	380.0	111.1		104.2		120	152	0	0	420	137	60	92	0	0	540	84
128	300.0	110.8		104.0		120	169	0	0	240	133	0	0	0	0	540	88
129	320.0	105.8		101.7		0	0	0	0	420	130	0	0	0	0	540	87
130	260.0	127.8		121.4		60	141	0	0	420	149	0	0	120	108	180	87
131	360.0	117.6		108.3		120	179	0	0	360	141	0	0	120	124	480	83
132	240.0	109.0		104.1		120	140	0	0	240	128	0	0	0	0	360	86
133	280.0	123.3		111.2		180	169	0	0	180	168	0	0	180	100	300	83
134	480.0	123.5		115.7		240	159	0	0	600	144	0	0	60	106	540	87
135	420.0	119.7		112.1		240	170	0	0	420	134	180	91	0	0	420	89
136	260.0	113.4		107.2		180	150	0	0	240	127	0	0	0	0	360	86
137	360.0	100.7		96.7		60	170	0	0	300	118	60	118	0	0	660	85
138	180.0	119.3		110.8		0	0	0	0	240	156	0	0	0	0	300	90
139	80.0	138.8		138.7		60	136	0	0	120	142	0	0	60	135	0	0
140	700.0	109.8		103.6		720	142	0	0	300	123	120	90	0	0	960	84
141	220.0	105.3		98.6		120	164	0	0	60	134	0	0	0	0	480	87
142	260.0	106.2		99.8		120	157	0	0	120	142	0	0	0	0	540	87
143	300.0	117.9		114.4		60	155	0	0	480	127	0	0	120	123	240	88
144	360.0	111.1		104.7		60	170	0	0	420	137	0	0	0	0	600	87
145	260.0	110.5		106.0		0	0	0	0	240	141	0	0	120	121	420	90
146	340.0	115.8		106.0		300	139	0	0	300	139	0	0	60	135	360	74
147	200.0	120.4		110.0		60	194	0	0	180	147	0	0	60	139	300	86
148	320.0	96.5		93.2		0	0	0	0	240	131	0	0	0	0	720	85
149	240.0	107.8		101.4		60	146	0	0	180	143	0	0	60	123	420	85
150	180.0	116.1		105.3		0	0	0	0	60	197	60	90	180	142	240	83
151	340.0	119.1		110.1		180	166	0	0	300	147	0	0	0	0	540	88
152	320.0	109.8		104.0		120	142	0	0	240	145	60	101	0	0	540	88
153	240.0	119.5		108.8		60	184	0	0	180	170	60	117	0	0	420	89
154	200.0	96.8		93.5		0	0	0	0	0	0	120	90	60	165	420	89
155	220.0	130.9		128.9		240	140	0	0	240	140	0	0	120	110	60	100
156	120.0	126.0		117.9		60	152	0	0	60	152	0	0	120	141	120	85
157	160.0	139.6		133.9		120	165	0	0	180	150	0	0	120	126	60	85
158	280.0	108.3		99.6		120	171	0	0	120	156	120	87	0	0	480	86
159	300.0	88.5		88.2		0	0	0	0	60	109	180	91	0	0	660	86
160	120.0	124.7		119.7		60	172	0	0	180	126	0	0	60	111	60	87
161	240.0	103.6		99.6		0	0	0	0	240	131	0	0	60	117	420	86
162	220.0	114.2		108.5		60	148	0	0	240	134	0	0	60	137	300	87
163	240.0	93.0		91.3		0	0	0	0	60	139	0	0	60	107	600	87
164	300.0	113.3		106.8		120	151	0	0	240	147	0	0	0	0	540	90
165	260.0	134.2		126.6		60	176	0	0	300	154	0	0	240	135	180	86
166	120.0	105.2		100.6		0	0	0	0	120	138	60	94	0	0	180	87
167	260.0	120.8		111.9		120	147	0	0	240	157	60	96	60	128	300	85
168	300.0	113.9		109.1		120	138	0	0	360	133	0	0	60	112	360	87
169	400.0	106.7		100.9		120	165	0	0	360	128	60	89	0	0	660	86
170	240.0	117.8		112.4		0	0	0	0	300	146	0	0	60	125	360	93
171	380.0	103.8		100.3		240	127	0	0	240	127	0	0	0	0	660	87
172	100.0	112.0		106.6		60	123	0	0	60	123	0	0	60	146	120	84
173	240.0	109.0		104.6		180	131	0	0	180	131	0	0	0	0	360	87
174	480.0	116.4		109.2		420	156	0	0	300	129	60	89	0	0	660	88
175	320.0	113.8		104.4		120	164	0	0	240	157	60	91	0	0	540	86
176	160.0	98.9		94.1		0	0	0	0	60	172	60	91	0	0	360	88
177	320.0	119.6		112.8		180	148	0	0	360	142	60	90	0	0	360	88
178	360.0	127.3		120.1		120	186	0	0	540	141	0	0	0	0	420	93
179	300.0	111.3		104.7		120	152	0	0	180	144	120	105	60	128	420	85
180	400.0	111.7		106.4		180	150	0	0	480	126	60	87	0	0	480	86
181	160.0	107.4		103.2		60	141	0	0	60	153	60	88	60	105	240	93
182	260.0	112.9		109.3		120	145	0	0	300	122	0	0	120	110	240	87
183	300.0	110.5		100.3		60	204	0	0	120	173	0	0	60	150	660	87
184	280.0	126.6		116.3		120	175	0	0	360	150	0	0	0	0	360	87
185	280.0	113.6		105.7		60	134	0	0	240	154	60	93	60	145	420	86
186	180.0	107.0		100.0		60	152	0	0	60	174	60	115	0	0	360	87
187	260.0	120.3		115.8		60	155	0	0	240	138	60	92	180	131	240	93
188	240.0	111.1		104.1		120	171	0	0	180	125	0	0	0	0	420	88
189	300.0	125.0		117.5		120	167	0	0	360	144	0	0	120	121	300	87
190	520.0	106.1		100.5		300	156	0	0	180	126	420	86	120	99	540	89
191	380.0	111.5		106.1		180	141	0	0	360	136	0	0	0	0	600	88
192	260.0	108.7		102.7		60	156	0	0	180	149	0	0	0	0	540	90
193	220.0	120.5		112.5		60	181	0	0	300	141	0	0	0	0	300	88
194	320.0	110.6		106.4		0	0	0	0	420	131	60	114	60	130	420	87
195	180.0	115.2		110.3		120	140	0	0	120	140	0	0	60	117	240	90
196	280.0	119.9		113.4		240	141	0	0	240	141	0	0	60	126	300	85
197	300.0	115.1		107.7		60	130	0	0	240	155	120	90	120	137	360	87
198	220.0	129.8		121.5		60	153	0	0	240	162	0	0	180	123	180	86
199	180.0	116.2		111.1		60	151	0	0	240	129	0	0	60	124	180	85
200	300.0	109.7		103.4		120	142	0	0	240	144	60	89	0	0	480	87
201	180.0	124.6		113.8		60	197	0	0	180	136	0	0	60	168	240	87
202	220.0	135.6		122.1		120	197	0	0	180	171	0	0	180	109	180	86
203	180.0	106.8		102.8		0	0	0	0	180	130	0	0	60	131	300	88
204	260.0	109.7		104.9		120	145	0	0	60	135	60	92	180	127	360	88
205	280.0	118.3		111.0		60	158	0	0	300	141	60	91	60	168	360	89
206	200.0	102.7		97.3		60	180	0	0	120	119	0	0	0	0	420	87
207	200.0	109.2		101.1		0	0	0	0	120	178	120	107	0	0	360	87
208	380.0	116.8		107.1		240	156	0	0	300	150	60	89	0	0	540	84
209	240.0	129.8		116.6		60	195	0	0	300	166	120	90	0	0	240	88
210	240.0	105.0		99.3		120	138	0	0	120	147	60	88	0	0	420	86
211	220.0	121.2		115.1		60	168	0	0	120	135	60	116	180	141	240	89
212	260.0	102.5		96.8		60	163	0	0	120	145	60	89	60	111	480	85
213	580.0	112.6		106.8		420	136	60	101	360	143	180	87	60	137	660	87
214	420.0	107.6		102.0		120	151	0	0	360	134	0	0	60	121	720	86
215	280.0	126.6		119.0		240	162	0	0	300	136	0	0	0	0	300	89
216	300.0	139.3		132.4		240	154	0	0	360	152	0	0	120	150	180	87
217	340.0	109.7		102.2		60	181	0	0	360	139	0	0	0	0	600	85
218	460.0	112.1		105.2		240	161	0	0	420	129	0	0	0	0	720	86
219	260.0	109.0		103.5		180	142	0	0	120	127	60	108	60	125	360	84
220	320.0	114.9		106.0		60	176	0	0	360	148	0	0	0	0	540	86
221	320.0	118.7		110.6		120	158	0	0	420	141	60	92	0	0	360	84
222	300.0	110.1		102.5		60	181	0	0	120	146	120	89	180	135	420	85
223	480.0	110.2		103.8		240	151	0	0	360	137	120	93	60	87	660	86
224	440.0	101.1		52.9		240	154	0	0	60	218	300	90	60	5	660	85
225	460.0	122.5		115.8		480	148	0	0	240	143	120	91	180	121	360	86
226	280.0	107.1		104.5		60	139	0	0	300	120	0	0	60	123	420	91
227	380.0	117.7		108.6		60	167	0	0	480	151	0	0	60	88	540	86
228	240.0	125.1		113.9		60	195	0	0	120	180	0	0	240	129	300	86
229	160.0	119.0		110.0		0	0	0	0	180	159	0	0	60	127	240	87
230	220.0	141.5		138.9		60	144	0	0	240	148	0	0	300	146	60	91
231	280.0	126.4		117.5		60	144	0	0	480	150	0	0	0	0	300	85
232	260.0	113.7		108.0		120	140	0	0	300	135	60	98	0	0	300	85
233	180.0	126.1		123.0		0	0	0	0	360	135	0	0	120	122	60	81
234	60.0	105.3		103.4		0	0	0	0	0	0	0	0	120	115	60	86
235	400.0	115.8		110.9		60	152	0	0	600	132	0	0	60	140	480	88
236	180.0	126.6		119.2		120	168	0	0	180	136	0	0	60	128	180	89
237	380.0	124.8		117.6		120	176	0	0	600	139	60	107	0	0	360	87
238	200.0	126.0		119.7		0	0	0	0	60	171	60	99	360	137	120	84
239	340.0	128.4		120.3		240	168	0	0	420	137	0	0	60	121	300	86
240	320.0	128.2		119.9		240	150	0	0	360	153	60	93	0	0	300	88
241	240.0	133.8		126.0		60	177	0	0	360	148	0	0	120	141	180	86
242	280.0	106.7		103.3		60	114	0	0	180	140	0	0	300	106	300	86
243	180.0	112.1		107.1		120	142	0	0	120	135	0	0	60	103	240	88
244	220.0	134.6		131.9		0	0	0	0	300	145	0	0	300	134	60	86
245	300.0	104.3		100.8		180	133	0	0	60	133	120	102	120	113	420	86
246	280.0	131.6		128.8		300	142	0	0	300	142	0	0	180	112	60	87
247	420.0	100.4		97.5		120	134	0	0	360	119	180	89	0	0	600	86
248	260.0	138.0		133.0		120	175	0	0	300	153	0	0	300	118	60	89
249	320.0	118.2		111.4		180	156	0	0	300	138	120	90	120	109	240	84
250	320.0	99.8		97.2		0	0	0	0	240	129	120	91	60	107	540	88
251	360.0	119.7		110.1		120	169	0	0	420	149	0	0	0	0	540	86
252	360.0	119.9		111.8		0	0	0	0	600	147	0	0	0	0	480	86
253	400.0	124.0		117.1		120	193	0	0	600	131	60	94	120	130	300	86
254	180.0	110.8		104.2		0	0	0	0	180	143	0	0	60	138	300	86
255	400.0	138.4		133.7		300	160	0	0	600	144	0	0	60	148	240	95
256	480.0	121.6		114.5		300	152	0	0	480	142	60	93	120	121	480	86
257	340.0	136.2		131.5		60	165	0	0	540	145	0	0	240	144	180	90
258	400.0	111.4		104.5		60	156	0	0	420	144	60	119	0	0	660	86
259	400.0	117.4		111.0		240	162	0	0	420	125	60	99	60	124	420	86
260	460.0	119.8		115.2		180	157	0	0	540	135	60	108	120	113	480	92
261	400.0	142.2		133.9		300	179	0	0	540	149	0	0	120	128	240	88
262	460.0	121.3		113.2		360	148	0	0	420	146	0	0	60	114	540	85
263	380.0	146.7		135.1		300	189	0	0	420	161	0	0	180	124	240	86
264	220.0	135.4		127.3		60	165	0	0	300	152	0	0	120	150	180	88
265	400.0	120.5		114.4		240	162	0	0	300	131	60	91	180	129	420	90
266	300.0	118.9		112.8		60	182	0	0	300	138	0	0	180	126	360	89
267	360.0	115.9		111.1		60	156	0	0	540	131	0	0	60	136	420	88
268	520.0	121.2		114.6		360	142	0	0	300	153	180	94	240	137	480	88
269	460.0	119.0		112.1		360	154	0	0	420	133	120	97	0	0	480	86
270	520.0	134.4		125.9		540	166	0	0	480	143	60	94	120	120	360	87
271	300.0	107.3		101.0		60	122	0	0	300	144	120	90	0	0	420	84
272	640.0	127.7		121.4		420	160	0	0	840	136	120	95	180	123	360	84
273	420.0	118.4		110.2		240	147	0	0	420	148	60	88	0	0	540	86
274	360.0	127.0		123.4		120	176	0	0	420	133	0	0	300	123	240	97
275	420.0	133.8		129.0		300	160	0	0	480	142	0	0	180	133	300	95
276	260.0	142.8		138.1		120	168	0	0	300	160	0	0	300	127	60	86
277	460.0	119.1		110.9		240	169	0	0	420	134	0	0	180	123	540	84
278	520.0	111.3		93.5		300	145	0	0	480	138	60	21	0	0	720	87
279	460.0	122.8		116.1		120	165	0	0	600	144	60	98	180	116	420	87
280	440.0	125.6		118.3		360	145	0	0	240	151	120	89	240	146	360	88
281	460.0	119.8		109.0		540	158	0	0	120	156	240	88	60	96	420	82
282	740.0	113.5		109.1		780	138	0	0	480	122	180	94	60	91	720	88
283	420.0	122.0		116.1		240	157	0	0	420	138	60	88	300	108	240	85
284	580.0	133.8		125.5		360	166	0	0	780	149	60	98	120	124	420	86
285	440.0	117.7		111.9		240	153	0	0	600	129	0	0	0	0	480	86
286	480.0	115.4		109.3		180	162	0	0	540	134	0	0	60	98	660	89
287	440.0	135.7		129.8		60	193	0	0	660	156	0	0	360	116	240	95
288	500.0	125.7		120.7		240	152	0	0	720	138	0	0	180	117	360	88
289	580.0	120.9		112.2		600	158	0	0	540	123	0	0	0	0	600	82
290	460.0	110.4		104.6		60	150	0	0	540	137	0	0	60	125	720	86
291	580.0	127.1		120.5		540	153	0	0	720	135	0	0	0	0	480	86
292	440.0	130.2		125.9		120	133	0	0	600	148	0	0	360	127	240	89
293	320.0	127.5		118.5		120	169	0	0	360	147	0	0	120	149	360	87
294	440.0	130.6		123.0		240	176	0	0	540	143	0	0	240	112	300	87
295	440.0	137.5		128.4		180	166	0	0	660	160	60	98	120	114	300	88
296	840.0	127.1		121.3		660	164	0	0	960	131	120	100	180	106	600	92
297	640.0	127.2		121.7		720	149	0	0	660	133	60	90	60	122	420	87
298	540.0	116.0		109.9		420	152	0	0	540	124	120	89	0	0	540	86
299	620.0	128.5		122.4		480	152	0	0	600	150	180	109	0	0	600	94
300	360.0	125.4		118.3		180	175	0	0	360	140	0	0	240	113	300	88
301	440.0	115.6		108.9		240	151	0	0	420	134	0	0	60	141	600	86
302	720.0	131.0		124.7		660	158	0	0	840	136	60	90	180	127	420	86
303	780.0	133.1		128.1		720	158	0	0	1080	135	0	0	120	121	420	89
304	760.0	127.5		124.2		900	142	0	0	660	135	120	88	240	121	360	95
305	540.0	128.0		121.9		480	159	0	0	720	130	0	0	60	109	360	86
306	480.0	125.9		118.3		180	198	0	0	720	132	60	105	120	105	360	88
307	620.0	136.4		130.2		600	165	0	0	660	141	60	90	300	118	240	87
308	680.0	130.3		122.7		900	158	0	0	420	136	120	90	180	104	420	88
309	560.0	136.2		128.5		420	170	0	0	840	142	0	0	60	120	360	86
310	840.0	114.6		107.3		660	158	60	119	540	122	360	89	60	135	840	85
311	760.0	118.3		114.1		780	137	0	0	660	129	120	87	120	115	600	89
312	420.0	131.6		126.5		180	179	0	0	540	141	0	0	360	113	180	93
313	660.0	113.9		107.5		360	155	0	0	540	129	120	91	180	127	780	85
314	840.0	136.0		132.3		900	161	0	0	900	133	60	89	600	113	60	85
315	600.0	132.1		126.4		360	159	0	0	780	135	0	0	540	125	120	64
316	780.0	127.6		115.3		720	175	0	0	600	142	120	103	60	90	840	83
317	640.0	137.9		133.1		540	162	0	0	720	140	0	0	420	133	240	86
318	920.0	126.5		117.9		780	162	0	0	1020	135	0	0	240	112	720	81
319	800.0	125.7		120.3		600	147	0	0	1020	135	60	101	180	132	540	85
320	920.0	126.7		119.7		1140	153	0	0	780	131	60	92	120	85	660	87
321	800.0	134.6		129.2		720	163	0	0	1080	135	0	0	240	119	360	87
322	1040.0	112.8		107.6		1260	131	0	0	600	130	360	97	180	67	720	86
323	1280.0	121.9		117.7		1920	139	60	111	900	121	120	91	180	103	660	85
324	1140.0	129.3		124.1		1260	150	0	0	1200	136	120	103	180	113	660	87
325	1020.0	119.9		115.2		1080	142	0	0	1140	124	0	0	0	0	840	86
326	940.0	123.8		114.1		900	165	0	0	1020	125	0	0	120	89	780	80
327	920.0	126.8		121.1		1080	150	0	0	1020	128	0	0	60	106	600	85
328	700.0	131.5		126.3		600	155	0	0	900	139	60	114	180	108	360	88
329	1340.0	121.5		115.0		1560	146	0	0	1320	126	0	0	60	97	1080	82
330	1020.0	129.3		126.2		1080	145	60	110	1200	133	60	92	420	111	240	86
331	1300.0	120.1		116.7		1440	137	0	0	1620	122	60	92	60	86	720	87
332	1020.0	121.1		115.6		1140	142	0	0	1080	126	0	0	60	129	780	83
333	780.0	122.1		116.5		780	147	0	0	840	129	0	0	0	0	720	87
334	1140.0	125.0		120.2		1260	144	0	0	1260	128	60	97	300	117	540	81
335	1440.0	123.9		120.7		1920	140	0	0	1500	121	60	107	300	111	540	84
336	1040.0	116.9		111.4		1020	139	0	0	1080	126	0	0	120	108	900	82
337	820.0	109.0		104.1		600	135	0	0	840	121	60	113	0	0	960	82
338	1200.0	121.1		118.5		1440	133	0	0	1380	124	120	112	120	111	540	86
339	900.0	130.0		125.0		960	150	0	0	1020	136	60	90	180	114	480	88
340	1340.0	115.3		111.8		1560	134	0	0	1320	117	180	94	120	96	840	85
341	1340.0	125.3		121.8		1740	140	0	0	1440	127	0	0	120	115	720	88
342	1200.0	124.2		121.2		1380	139	0	0	1440	127	0	0	120	108	660	90
343	1200.0	118.1		116.2		1440	131	0	0	1440	115	120	109	240	115	360	84
344	940.0	128.8		125.4		840	150	0	0	1380	130	0	0	180	109	420	91
345	1240.0	114.9		110.3		1560	135	60	118	1020	117	240	89	60	96	780	81
346	1240.0	123.7		121.3		1440	139	0	0	1560	121	0	0	240	119	480	89
347	1320.0	117.8		116.4		1500	129	60	119	1560	117	60	87	420	110	360	89
348	1100.0	121.5		118.4		1440	136	0	0	960	124	180	116	240	100	480	86
349	1460.0	121.8		119.3		1980	134	0	0	1440	124	60	100	480	98	420	87
350	880.0	118.9		115.2		840	142	0	0	1020	119	60	118	180	110	540	86
351	1680.0	109.0		106.3		1980	122	0	0	1560	113	180	108	480	97	840	78
352	1140.0	125.8		122.7		1500	142	0	0	1080	124	120	117	180	115	540	90
353	1380.0	120.7		117.9		1800	134	0	0	1500	121	60	101	240	106	540	84
354	1380.0	123.1		120.9		1800	136	0	0	1440	124	0	0	360	102	540	92
355	1260.0	119.7		115.7		1620	137	0	0	1080	124	60	101	180	102	840	86
356	1020.0	123.0		120.4		1140	140	0	0	1080	122	60	111	420	112	360	87
357	960.0	124.0		121.5		1200	138	0	0	1080	123	0	0	360	107	240	84
358	1300.0	122.4		119.8		1740	134	0	0	1320	124	0	0	420	109	420	83
359	1600.0	121.0		118.1		1980	134	0	0	1920	122	60	116	240	105	600	82
360	1100.0	120.8		118.0		1380	135	0	0	1260	121	0	0	120	107	540	87
361	1840.0	103.3		102.1		2520	110	240	108	1440	106	120	105	60	98	1140	84
362	1540.0	118.0		116.7		2040	127	0	0	1920	116	0	0	180	118	480	88
363	1200.0	119.6		116.5		1680	134	0	0	1260	117	0	0	120	109	540	83
364	1220.0	114.6		112.6		1500	125	0	0	1440	116	120	117	0	0	600	85
365	1260.0	116.0		114.6		1680	126	0	0	1020	117	240	106	420	106	420	89
366	1660.0	103.8		102.8		2340	110	60	112	1500	106	180	96	0	0	900	85
367	1300.0	114.9		113.5		1560	123	60	113	1380	118	60	87	300	111	540	89
368	1780.0	110.3		109.7		2820	115	0	0	1680	108	300	109	60	119	480	90
369	1220.0	129.9		127.7		1380	147	0	0	1380	128	120	116	660	108	120	89
370	1260.0	117.3		114.0		1620	132	0	0	1200	120	60	107	300	100	600	82
371	1740.0	104.2		102.6		2400	114	60	105	1620	104	60	100	180	92	900	81
372	1620.0	103.9		101.2		2220	116	60	112	1320	105	180	104	0	0	1080	77
373	1760.0	105.4		104.0		2280	114	60	116	2100	105	0	0	60	83	780	82
374	1620.0	103.2		101.8		2040	112	60	115	1500	106	60	98	180	86	1020	84
375	1660.0	103.1		102.1		2280	110	0	0	1500	103	120	110	360	100	720	82
376	1680.0	101.2		100.4		2400	109	60	108	1620	98	60	98	360	86	540	86
377	1960.0	102.9		102.3		2400	108	120	108	2340	103	60	103	240	102	720	85
378	1420.0	102.2		101.2		1740	111	60	102	1620	102	60	92	240	84	540	84
379	1620.0	101.0		100.2		2160	108	60	114	1500	100	180	109	240	87	720	84
380	1780.0	102.6		102.3		2040	107	60	105	2280	103	60	93	480	95	420	89
381	1760.0	107.3		106.5		2340	114	60	115	1980	106	120	102	240	101	540	86
382	1560.0	104.5		103.6		2040	111	0	0	1740	105	60	108	360	96	480	81
383	1840.0	105.2		104.6		2580	111	0	0	1980	105	60	107	480	92	420	86
384	1680.0	101.8		101.1		2100	108	60	112	1860	101	60	86	420	99	540	83
385	1600.0	104.1		103.1		2100	114	60	108	1740	100	120	94	420	90	360	85
386	1580.0	107.5		106.4		1920	118	60	115	1740	104	120	115	720	93	180	81
387	1500.0	105.0		104.7		1620	111	120	109	1980	104	60	108	660	94	60	88
388	1400.0	111.1		110.1		2040	118	60	112	1140	112	180	112	240	97	540	89
389	1420.0	111.4		110.4		1920	121	0	0	1380	109	0	0	900	96	60	89
390	1780.0	103.0		102.6		2400	107	120	108	1860	103	60	99	540	97	360	84
391	1600.0	100.7		100.5		2040	104	120	107	1500	101	60	101	780	95	300	89
392	1340.0	107.1		106.2		1500	116	0	0	1680	107	0	0	540	93	300	88
393	1560.0	99.6		99.4		1920	104	0	0	1620	99	180	101	600	94	360	88
394	1360.0	101.3		101.0		1860	105	0	0	1260	101	180	90	600	99	180	84
395	1200.0	106.2		105.2		1800	115	0	0	1080	101	120	102	420	93	180	83
396	1040.0	105.6		104.4		1140	114	0	0	960	109	120	89	480	103	420	83
397	1500.0	88.3		87.7		1740	95	120	95	1680	87	120	82	180	80	660	76
398	1740.0	86.1		85.9		2520	89	0	0	1680	86	120	81	240	84	660	77
399	1520.0	91.4		91.2		1740	95	120	97	1860	91	60	87	360	90	420	79
400	1560.0	88.1		87.7		2220	92	0	0	1500	88	120	87	60	89	780	77
401	1620.0	94.3		93.8		1920	99	60	100	1980	95	0	0	360	81	540	83
402	1440.0	95.6		95.2		1800	102	60	96	1620	94	0	0	360	85	480	85
403	1660.0	99.7		99.6		2280	102	60	111	1740	100	0	0	720	93	180	92
404	1260.0	101.2		100.6		1500	108	0	0	1560	101	60	101	240	87	420	86
405	1780.0	97.7		97.4		2280	102	60	102	1740	96	120	106	960	91	180	87
406	1520.0	99.4		99.0		1920	105	0	0	1320	98	60	107	900	95	360	84
407	1180.0	108.6		107.8		1500	117	0	0	1140	108	0	0	600	99	300	88
408	1380.0	97.9		97.2		1620	105	180	110	1380	96	120	101	360	85	480	84
409	1780.0	97.3		97.1		1920	103	120	101	2100	96	60	94	1140	90	0	0
410	1380.0	91.9		91.7		1560	96	60	96	1740	91	60	93	420	86	300	83
411	1640.0	88.5		88.3		2100	91	120	85	1500	90	240	87	180	83	780	81
412	1540.0	98.6		97.8		2220	104	0	0	1680	97	180	97	300	92	240	69
413	1380.0	103.2		102.3		1980	110	0	0	1320	103	60	83	360	92	420	84
414	1480.0	96.8		96.2		1680	105	60	103	1800	95	0	0	360	87	540	83
415	1520.0	102.5		102.0		1980	109	0	0	1560	100	180	96	420	99	420	87
416	1280.0	97.1		96.7		1320	104	60	100	1440	97	180	89	420	90	420	86
417	1440.0	105.2		104.5		1680	113	60	96	1500	105	120	106	420	99	540	87
418	1160.0	98.8		97.8		1320	108	0	0	1140	101	180	91	360	86	480	81
419	1500.0	98.1		97.4		2220	105	60	109	1320	95	0	0	240	87	660	84
420	1220.0	101.8		101.0		1440	108	60	106	1080	105	300	101	540	88	240	81
421	1200.0	107.1		106.5		1680	114	0	0	1260	104	120	107	360	92	180	94
422	1360.0	100.3		99.7		1800	107	0	0	1560	99	0	0	300	93	420	82
423	1380.0	106.3		105.8		1680	112	60	111	1800	105	0	0	360	98	240	87
424	1340.0	108.3		107.4		1560	117	60	114	1620	106	60	103	480	101	240	81
425	1380.0	100.0		99.6		2220	104	0	0	1080	101	180	92	0	0	660	87
426	1120.0	99.4		99.3		1380	101	60	106	1320	100	60	102	240	97	300	90
427	1220.0	102.5		101.9		1500	108	0	0	1560	103	60	91	300	91	240	82
428	1540.0	100.0		99.1		1740	109	60	112	1800	99	0	0	480	91	540	81
429	1660.0	98.8		98.2		1980	104	120	104	1800	101	0	0	840	87	240	79
430	1120.0	108.3		106.9		1440	119	0	0	1080	107	60	104	360	97	420	85
431	1380.0	103.2		102.2		1740	112	60	113	1500	101	120	97	180	98	540	83
432	1220.0	103.7		102.7		1500	112	60	116	1320	103	60	106	360	89	360	84
433	1400.0	107.9		107.4		2040	111	0	0	1560	108	60	108	240	108	300	86
434	1160.0	102.2		101.1		1320	110	120	98	960	107	240	97	240	95	600	83
435	1660.0	99.7		99.3		2280	103	0	0	1740	101	180	99	360	94	420	82
436	1180.0	105.0		104.7		1380	111	60	107	1440	103	60	98	540	98	60	84
437	1340.0	106.3		105.6		1500	113	60	119	1680	107	120	100	240	92	420	88
438	1080.0	105.6		105.0		1200	113	0	0	1260	106	120	96	420	98	240	85
439	1380.0	103.7		103.1		1620	109	60	106	1680	105	180	103	240	89	360	84
440	1380.0	104.2		103.6		1860	110	0	0	1560	103	60	102	180	103	480	86
441	1080.0	100.5		100.2		1320	103	0	0	1380	102	0	0	240	99	300	84
442	1360.0	98.8		97.9		1620	109	120	107	1620	93	60	83	300	91	360	85
443	1280.0	104.8		104.1		1500	114	0	0	1560	103	120	102	360	88	300	90
444	1340.0	98.2		97.8		1740	103	0	0	1380	99	0	0	720	89	180	82
445	1280.0	90.4		89.7		1380	97	60	103	1560	91	60	97	120	77	660	76
446	1380.0	79.3		79.2		1620	81	180	79	1620	80	60	66	180	79	480	73
447	1160.0	88.1		87.7		1440	93	0	0	1080	88	180	88	300	81	480	78
448	1260.0	92.3		91.6		1500	101	60	99	1500	89	60	91	120	83	540	79
449	1260.0	88.5		87.8		1320	95	240	99	1200	88	240	85	240	78	540	75
450	1540.0	84.4		84.3		1800	88	60	90	1920	83	120	77	420	83	300	76
451	1600.0	83.4		83.1		2040	87	0	0	1320	84	360	84	540	77	540	74
452	1480.0	74.2		74.1		1920	75	60	85	1560	76	0	0	420	71	480	67
453	1300.0	46.1		44.9		1320	38	60	56	1440	45	60	43	600	59	420	56
454	920.0	32.6		28.1		600	26	120	10	1080	25	0	0	540	49	420	47
455	1440.0	51.6		51.4		1440	55	120	57	1200	51	180	50	1140	48	240	49
456	1280.0	60.7		60.6		1440	63	0	0	1260	60	180	61	660	59	300	56
457	1340.0	62.0		61.6		1440	67	60	72	1260	61	240	66	360	56	660	54
458	1420.0	64.7		64.2		1560	71	60	77	1500	62	120	61	480	56	540	61
459	1420.0	52.0		51.9		1620	51	60	45	1320	52	180	53	780	53	300	55
460	1280.0	39.5		39.3		1260	44	60	42	1380	36	60	35	600	39	480	39
461	1340.0	35.7		35.2		1500	34	0	0	1380	32	60	31	900	43	180	44
462	1380.0	38.0		37.7		1740	37	60	35	1440	38	60	20	180	44	660	41
463	1300.0	38.9		38.8		1500	37	120	35	1200	41	180	38	360	38	540	41
464	1360.0	44.4		44.1		1320	49	0	0	1620	43	60	43	660	42	420	39
465	1220.0	56.2		56.2		1380	57	60	55	1200	56	60	57	480	58	480	53
466	1320.0	49.0		48.9		1440	47	0	0	1500	49	120	48	180	50	720	53
467	1140.0	38.4		38.2		1200	35	60	45	1140	40	120	33	540	40	360	43
468	1360.0	36.4		35.6		1260	30	300	30	1260	39	180	40	540	43	540	41
469	1240.0	47.0		47.0		1380	48	0	0	1140	48	240	47	480	43	480	46
470	1280.0	45.3		45.2		1440	46	0	0	1500	43	120	42	240	49	540	49
471	1300.0	38.0		37.4		1440	33	60	28	1320	39	120	35	360	47	600	44
472	640.0	18.1		17.2		600	19	120	16	480	19	300	16	120	8	300	22
473	560.0	6.1		5.9		420	6	60	10	540	7	0	0	660	5	0	0
474	300.0	5.0		5.0		360	5	0	0	240	5	0	0	300	5	0	0
475	340.0	6.9		6.5		420	7	0	0	300	6	120	12	180	5	0	0
476	300.0	5.7		5.6		360	6	60	10	420	5	0	0	60	5	0	0
477	900.0	16.1		16.1		900	15	0	0	960	17	0	0	540	16	300	17
478	1120.0	44.8		44.5		1140	48	120	39	1140	45	60	47	600	43	300	37
479	1080.0	52.1		51.6		1200	55	60	71	1200	53	180	44	180	47	420	44
480	1400.0	65.7		65.2		1440	71	60	78	1500	65	300	68	660	59	240	51
481	1400.0	73.2		72.9		1560	75	240	76	1440	75	120	77	360	67	480	64
482	1280.0	70.3		70.1		1380	72	180	71	1440	72	60	69	240	66	540	63
483	1260.0	64.6		64.5		1320	67	120	65	1440	63	60	60	360	62	480	65
484	1280.0	58.5		58.4		1500	60	0	0	1380	55	120	56	480	63	360	61
485	1300.0	52.7		52.6		1260	55	60	50	1320	52	120	45	420	52	720	52
486	1000.0	34.4		32.1		1140	39	60	38	960	23	120	31	360	39	360	46
487	680.0	16.3		15.3		840	14	0	0	480	13	60	13	360	17	300	28
488	1080.0	28.3		28.2		1080	29	60	33	1260	29	0	0	480	25	360	27
489	1220.0	45.6		45.4		1200	48	60	51	1320	46	0	0	600	42	480	42
490	1400.0	55.3		55.1		1380	56	120	63	1680	56	60	64	420	56	540	48
491	1380.0	66.7		66.3		1320	72	60	77	1440	67	180	63	720	62	420	57
492	1500.0	63.7		63.5		1800	68	0	0	1560	61	0	0	660	61	480	60
493	1360.0	60.6		60.4		1440	63	0	0	1500	61	180	57	360	55	600	58
494	1280.0	46.0		45.7		1320	46	180	42	1440	43	60	38	240	57	600	51
495	1140.0	28.6		28.3		1380	31	60	30	780	25	180	22	600	30	420	28
496	1420.0	49.1		48.0		1320	59	0	0	1440	48	300	45	600	43	600	38
497	1480.0	62.6		62.3		1620	68	0	0	1320	62	300	58	360	55	840	58
498	1200.0	66.7		66.5		1380	69	60	65	1080	69	180	66	360	62	540	60
499	1380.0	56.0		56.0		1320	57	120	60	1560	56	60	58	720	55	360	53
500	1440.0	49.9		49.8		1500	49	120	49	1380	48	300	51	420	53	600	54
501	1240.0	40.5		40.1		1440	44	0	0	1140	35	240	38	420	42	480	43
502	1340.0	31.2		30.5		1260	33	180	36	1260	25	180	29	600	36	540	35
503	1140.0	31.7		31.6		1020	32	180	33	1440	30	60	34	240	33	480	35
504	1420.0	38.4		38.3		1440	37	180	35	1440	39	120	44	300	38	780	40
505	1360.0	42.3		42.1		1260	44	180	43	1380	44	180	40	780	38	300	39
506	1260.0	43.9		43.9		1380	44	60	50	1500	45	60	43	180	39	600	42
507	1160.0	39.5		39.5		1200	38	120	40	1380	41	0	0	360	38	420	40
508	1000.0	28.8		27.3		1020	25	0	0	900	28	240	16	600	38	240	38
509	680.0	14.9		10.5		600	6	60	10	300	11	360	11	540	27	180	24
510	580.0	13.1		12.5		600	16	0	0	660	13	0	0	360	9	120	11
511	1200.0	44.2		44.0		1260	46	120	41	1260	46	0	0	480	42	480	38
512	1280.0	56.5		56.5		1620	58	60	50	960	56	180	56	420	57	600	54
513	1400.0	63.1		63.0		1500	60	300	64	1140	64	120	64	780	65	360	68
514	1380.0	64.2		64.2		1500	63	120	61	1500	66	120	68	300	64	600	63
515	1400.0	54.9		54.7		1440	54	60	52	1380	56	240	67	720	53	360	50
516	1280.0	53.1		52.7		1440	48	60	53	1200	55	300	53	420	59	420	59
517	1440.0	56.8		56.5		1860	52	60	54	1260	62	180	65	180	63	780	57
518	1280.0	59.3		59.1		1560	55	0	0	1200	60	240	62	300	67	540	65
519	1360.0	47.9		47.2		1440	41	60	42	1380	50	120	48	360	52	720	56
520	960.0	27.2		26.0		780	27	180	21	900	22	300	23	300	36	420	38
521	900.0	22.7		21.7		960	18	60	17	900	25	120	15	180	29	480	28
522	720.0	13.0		10.8		720	19	120	16	780	10	120	18	420	6	0	0
523	780.0	18.1		17.9		780	20	60	12	600	18	300	17	300	16	300	18
524	1120.0	39.6		38.9		1140	43	60	46	1200	42	180	32	300	36	480	30
525	1480.0	58.4		58.1		1620	62	180	64	1380	59	120	60	660	52	480	51
526	1400.0	69.6		69.3		1680	74	60	77	1380	69	120	66	360	61	600	64
527	1400.0	73.8		73.6		1620	77	0	0	1440	74	180	77	360	72	600	65
528	1240.0	65.0		64.8		1440	66	60	63	1140	68	300	65	360	59	420	59
529	1320.0	55.1		54.8		1320	51	60	46	1680	56	60	65	420	61	420	58
530	1200.0	46.4		45.4		1200	42	120	25	1380	49	120	44	300	56	480	50
531	1100.0	36.6		34.9		1080	32	120	15	1080	37	240	39	240	45	540	45
532	1360.0	53.4		53.2		1440	56	60	60	1320	54	300	51	360	54	600	46
533	1340.0	55.1		55.1		1560	53	120	50	1260	57	180	58	360	57	540	56
534	1340.0	49.2		49.2		1500	48	180	48	1140	51	300	49	300	50	600	49
535	1240.0	32.0		31.3		1320	31	120	32	1080	30	360	23	420	42	420	38
536	1340.0	38.6		38.1		1380	39	0	0	1500	34	60	53	540	45	540	42
537	1400.0	56.0		55.9		1560	54	120	65	1320	56	120	63	780	57	300	57
538	1360.0	63.6		63.4		1680	67	60	56	1560	63	0	0	120	58	660	58
539	1500.0	72.8		72.6		1860	76	0	0	1860	72	60	71	180	68	540	66
540	1500.0	79.3		78.5		1560	86	120	90	1800	80	0	0	240	65	780	67
541	1420.0	76.4		76.2		1800	79	60	81	1380	75	300	79	120	81	600	69
542	1420.0	74.0		73.8		1560	77	60	68	1800	75	0	0	180	65	660	67
543	1340.0	72.3		71.8		1740	76	0	0	1380	73	120	80	360	61	420	62
544	1220.0	75.7		74.7		1500	85	0	0	1500	71	60	85	120	63	480	63
545	1460.0	78.5		78.3		1980	81	0	0	1320	79	120	77	360	72	600	73
546	1460.0	74.8		74.6		1680	79	120	78	1620	73	180	70	360	70	420	70
547	1000.0	77.1		77.0		1140	80	60	77	1200	76	60	68	120	75	420	74
548	1420.0	69.2		69.0		1620	72	120	69	1500	69	240	74	480	61	300	64
549	1120.0	43.1		42.5		1080	47	120	53	1020	39	300	33	300	44	540	46
550	780.0	18.1		17.2		960	22	120	17	660	13	120	13	60	19	420	19
551	560.0	13.6		13.0		540	12	60	12	660	12	120	12	120	18	180	23
552	360.0	8.6		7.0		480	5	0	0	240	10	0	0	60	5	300	14
553	160.0	6.0		5.8		120	5	0	0	240	7	0	0	120	5	0	0
554	200.0	5.0		5.0		420	5	0	0	180	5	0	0	0	0	0	0
555	420.0	6.3		6.2		480	6	0	0	600	7	0	0	180	5	0	0
556	220.0	5.0		5.0		480	5	0	0	120	5	0	0	60	5	0	0
557	780.0	25.3		24.4		840	28	60	10	660	23	120	25	300	30	360	22
558	1180.0	50.9		50.7		1380	53	0	0	1140	52	240	49	300	48	480	45
559	1420.0	69.3		68.5		1800	77	60	83	1200	64	120	74	540	64	540	58
560	1420.0	82.1		81.4		1680	89	60	83	1380	81	240	83	420	72	480	69
561	1340.0	94.3		94.0		1980	99	0	0	1500	91	60	85	180	96	300	81
562	1260.0	92.6		91.9		1740	98	60	94	1320	92	120	94	0	0	540	76
563	1320.0	90.5		89.7		1800	97	60	98	1140	91	240	86	60	70	660	75
564	1500.0	86.0		85.8		1860	87	120	86	1440	89	120	91	720	78	240	81
565	1080.0	94.7		94.3		1500	100	0	0	1080	94	60	94	0	0	600	83
566	1300.0	87.5		86.9		1740	93	60	87	1200	87	120	99	120	76	660	74
567	1340.0	80.9		80.8		1560	82	0	0	1200	83	300	83	420	77	540	75
568	1200.0	62.8		62.6		1140	63	120	65	1440	60	120	76	420	67	360	63
569	980.0	35.0		34.4		840	30	120	35	960	33	60	32	720	41	240	43
570	600.0	11.2		8.4		480	7	60	11	660	6	60	12	360	20	180	24
571	640.0	10.9		10.2		660	9	60	11	720	14	60	11	300	7	120	12
572	980.0	29.9		29.5		1140	33	60	20	900	29	300	32	120	25	420	25
573	1360.0	56.0		55.3		1440	63	120	52	1440	53	180	58	300	57	600	46
574	1340.0	72.8		72.5		1680	78	0	0	1200	71	360	67	240	67	540	67
575	1140.0	92.0		90.0		1260	102	120	91	1260	96	0	0	60	66	720	70
576	1460.0	90.0		89.3		1860	97	60	88	1440	89	240	85	120	94	660	74
577	1300.0	92.5		92.0		1500	99	60	105	1320	90	240	96	180	83	600	82
578	1320.0	91.8		91.3		1560	96	0	0	1440	93	120	95	300	92	540	76
579	1360.0	75.2		75.1		1920	74	0	0	1200	76	180	69	420	84	360	72
580	1380.0	80.4		80.3		1560	84	60	92	1500	78	240	84	360	77	420	75
581	1040.0	61.2		60.7		1320	63	0	0	1140	59	60	54	180	81	420	54
582	880.0	35.6		35.2		840	35	120	35	720	35	240	28	120	32	600	41
583	440.0	11.0		8.3		660	10	0	0	420	5	0	0	60	25	180	24
584	420.0	5.6		5.5		480	6	60	10	600	5	0	0	120	5	0	0
585	320.0	5.8		5.7		480	6	0	0	240	5	0	0	240	6	0	0
586	260.0	5.0		5.0		240	5	0	0	360	5	0	0	180	5	0	0
587	280.0	5.8		5.7		540	6	0	0	180	5	60	7	60	5	0	0
588	420.0	9.0		8.3		300	10	180	13	540	9	0	0	240	5	0	0
589	1120.0	37.4		36.4		1380	41	0	0	1080	40	120	30	240	35	540	26
590	1160.0	52.7		52.2		1320	58	0	0	1380	51	60	47	300	43	420	49
591	1100.0	60.2		59.8		1380	65	0	0	840	57	300	63	300	54	480	54
592	1220.0	52.7		52.6		1320	51	0	0	1380	53	120	53	300	56	540	54
593	1000.0	50.3		50.2		1380	49	60	62	780	50	240	51	60	56	480	52
594	1100.0	27.5		26.2		1080	24	120	16	1020	24	300	29	480	39	300	37
595	1080.0	32.5		31.8		1320	35	60	45	1260	27	60	30	120	38	420	38
596	1320.0	53.7		53.6		1560	56	0	0	1320	52	180	57	360	54	540	50
597	1140.0	60.8		60.6		1320	63	60	73	1200	61	240	60	120	58	480	54
598	1160.0	49.5		49.3		1680	47	0	0	960	53	180	50	60	46	600	51
599	1140.0	43.0		42.0		1020	35	0	0	1440	43	120	40	480	53	360	53
600	940.0	28.6		24.8		900	19	120	22	780	26	180	15	420	47	420	43
601	720.0	18.2		17.5		720	19	60	15	720	14	120	19	60	23	480	23
602	780.0	22.1		20.4		780	24	120	30	900	24	60	23	300	11	180	17
603	660.0	15.7		11.7		780	16	0	0	720	20	60	12	180	3	240	12
604	360.0	10.2		9.8		480	10	60	9	240	13	60	9	180	7	60	13
605	480.0	6.2		6.0		540	7	0	0	600	5	0	0	300	7	0	0
606	300.0	5.0		5.0		540	5	0	0	300	5	0	0	60	5	0	0
607	340.0	9.8		8.9		240	11	240	13	300	9	60	11	180	5	0	0
608	420.0	13.0		11.3		360	14	60	17	480	14	0	0	180	5	180	15
609	1200.0	47.0		46.0		1440	52	60	56	1260	46	120	61	300	33	420	38
610	1220.0	58.2		58.1		1440	61	120	58	1260	57	180	53	300	58	360	54
611	1220.0	67.2		66.9		1500	72	60	70	1320	65	120	67	240	63	420	59
612	1300.0	75.8		75.5		1560	80	60	81	1260	75	300	77	120	63	600	68
613	1260.0	72.1		72.0		1740	71	0	0	1380	74	180	77	180	74	300	66
614	1200.0	63.8		63.8		1500	63	180	64	1200	64	120	69	180	63	420	65
615	1320.0	55.4		55.4		1440	57	0	0	1500	55	120	55	300	55	600	53
616	1160.0	48.2		47.5		1380	49	0	0	1140	52	120	50	240	32	600	45
617	820.0	20.4		19.3		780	23	120	32	600	19	420	17	120	9	420	21
618	460.0	13.3		12.7		540	13	120	21	420	10	180	16	0	0	120	15
619	260.0	8.0		7.3		240	11	0	0	300	8	0	0	240	5	0	0
620	220.0	5.8		5.6		240	6	0	0	240	5	0	0	120	5	60	10
621	340.0	5.0		5.0		480	5	0	0	360	5	0	0	180	5	0	0
622	260.0	5.5		5.4		360	6	0	0	300	5	0	0	120	5	0	0
623	660.0	20.3		20.3		600	21	0	0	900	20	60	16	60	19	360	21
624	1060.0	47.3		46.5		1560	53	0	0	840	43	180	49	240	37	360	39
625	1060.0	65.2		64.3		1200	72	120	51	1260	65	120	66	120	58	360	50
626	1100.0	68.0		67.1		1260	74	120	77	1260	68	0	0	120	50	540	56
627	1380.0	65.0		64.4		1620	72	60	76	1380	63	180	61	300	55	600	56
628	1300.0	78.8		78.6		1500	82	60	80	1500	79	60	88	300	72	480	71
629	1300.0	87.2		86.8		1680	90	60	94	1380	89	60	96	240	76	480	76
630	1240.0	91.8		90.9		1680	100	60	91	960	89	240	88	300	83	480	76
631	1400.0	94.8		94.4		1860	100	120	105	1380	92	300	92	60	85	480	83
632	1260.0	96.7		96.2		1560	101	0	0	1200	100	60	93	480	90	480	82
633	1080.0	94.0		93.5		1440	96	180	107	960	95	120	98	180	87	360	79
634	1120.0	88.0		87.6		1380	92	60	93	1200	89	0	0	60	69	660	79
635	1280.0	83.1		82.7		1800	86	60	84	1140	84	240	86	60	83	540	70
636	1440.0	84.8		84.8		1740	85	180	87	1560	86	60	85	360	82	420	81
637	1180.0	91.1		90.0		1440	99	60	103	1020	91	240	93	0	0	780	75
638	1280.0	91.1		90.6		1560	97	0	0	1320	91	120	95	240	82	600	79
639	1480.0	79.2		79.2		1740	79	120	83	1680	80	240	82	300	76	360	76
640	1360.0	60.8		60.7		1500	62	0	0	1380	58	300	66	240	60	660	62
641	1040.0	44.8		44.2		1140	40	0	0	960	47	120	33	420	47	480	53
642	560.0	20.7		17.3		480	19	0	0	420	10	180	20	420	33	180	22
643	320.0	7.6		6.9		360	10	60	11	300	6	0	0	240	5	0	0
644	560.0	5.6		5.5		540	5	0	0	660	6	60	10	420	5	0	0
645	540.0	9.9		8.5		720	13	60	15	420	8	60	9	360	5	0	0
646	540.0	13.7		12.8		780	17	0	0	480	10	120	10	180	11	60	15
647	1120.0	43.2		42.3		1260	48	180	49	1140	42	240	42	60	49	480	31
648	1220.0	61.8		61.0		1500	69	60	80	1140	58	180	64	180	51	600	52
649	1240.0	73.5		72.3		1560	81	0	0	1020	75	300	70	360	63	480	56
650	1360.0	70.8		70.3		1620	75	120	75	1440	71	120	73	120	64	660	60
651	1380.0	78.8		78.6		1680	82	0	0	1740	78	60	69	300	73	360	74
652	1380.0	77.8		76.7		1740	85	60	76	1200	77	240	80	300	76	600	59
653	1320.0	79.3		79.1		1860	84	0	0	1260	75	240	78	120	77	480	74
654	1160.0	85.4		84.8		1620	92	0	0	1200	82	60	88	0	0	600	74
655	1300.0	90.9		90.3		1680	96	60	98	1380	91	120	91	60	87	600	76
656	1080.0	99.8		98.8		1620	106	0	0	1140	100	0	0	60	90	420	77
657	1060.0	94.1		92.3		1320	105	0	0	1080	94	60	91	240	81	480	71
658	1320.0	84.9		84.1		1500	91	60	94	1380	86	120	95	240	71	660	71
659	1320.0	89.7		89.2		1560	97	0	0	1500	88	0	0	300	78	600	81
660	1420.0	93.4		92.8		2040	100	0	0	1320	90	180	91	120	84	600	81
661	1240.0	88.8		88.3		1680	95	0	0	1140	88	120	84	300	80	480	76
662	1400.0	86.9		86.5		1680	94	0	0	1620	84	180	87	240	75	480	78
663	1180.0	93.5		93.0		1440	100	120	97	1200	92	120	89	0	0	660	82
664	1360.0	91.2		90.0		1560	101	120	109	1440	88	180	92	180	80	600	73
665	1480.0	82.3		81.9		1560	88	60	85	1500	82	240	86	240	75	840	73
666	1320.0	84.6		84.0		1560	91	0	0	1380	84	120	91	180	75	720	73
667	1400.0	87.2		86.7		1740	93	60	98	1500	86	180	80	60	81	660	76
668	1400.0	84.8		84.4		1920	90	0	0	1320	83	120	86	120	79	720	75
669	1320.0	83.5		83.3		1500	88	0	0	1380	82	180	83	300	81	600	77
670	1580.0	75.0		74.7		1500	81	120	79	2100	73	0	0	360	71	660	69
671	1500.0	75.5		75.3		1800	77	0	0	1620	77	120	75	480	71	480	69
672	1380.0	78.1		77.7		1920	83	0	0	1260	77	180	77	420	68	360	68
673	1420.0	81.0		80.2		1500	90	180	88	1440	79	240	78	120	67	780	69
674	1420.0	81.4		81.1		1680	86	120	87	1500	79	120	86	180	75	660	75
675	1500.0	83.0		82.6		1920	88	0	0	1500	83	180	80	120	74	780	73
676	1260.0	90.2		89.8		1740	96	60	99	1260	87	120	81	60	81	540	81
677	1320.0	93.2		92.5		1680	101	0	0	1320	92	60	88	360	85	540	78
678	1300.0	93.3		92.3		1620	103	120	96	1260	91	0	0	180	77	720	79
679	1480.0	87.6		87.4		1920	91	0	0	1380	88	240	88	60	75	840	80
680	1200.0	96.2		95.5		1260	107	0	0	1320	93	180	94	360	89	480	83
681	1720.0	88.4		88.0		2100	95	60	99	1860	86	120	86	0	0	1020	79
682	1240.0	95.0		94.6		1260	101	0	0	1380	96	120	95	300	89	660	84
683	1140.0	94.7		94.2		1200	101	60	99	1320	96	120	89	60	87	660	82
684	1640.0	95.9		95.1		2100	103	60	105	1380	97	180	94	360	84	840	81
685	1400.0	93.4		92.8		1500	101	0	0	1440	94	180	94	540	81	540	83
686	1460.0	94.3		93.7		1800	102	0	0	1680	93	120	81	180	87	600	80
687	1200.0	99.2		97.7		1260	113	60	116	1320	94	180	103	240	94	540	79
688	1320.0	97.4		96.3		1560	107	180	99	1320	97	120	87	0	0	780	80
689	1060.0	103.5		101.8		960	120	0	0	1320	103	60	96	120	98	720	84
690	1340.0	102.8		101.3		1380	118	0	0	1560	100	60	106	120	89	900	86
691	1200.0	102.3		101.1		1200	114	0	0	1320	102	180	101	240	99	660	83
692	1420.0	99.4		98.2		1860	110	60	108	1320	97	60	88	240	84	720	82
693	1240.0	107.5		106.2		1380	119	0	0	1680	106	0	0	240	97	420	82
694	860.0	108.2		106.7		660	123	0	0	1140	110	60	109	240	101	480	87
695	1060.0	109.5		106.5		780	129	0	0	1260	115	360	108	180	82	600	82
696	960.0	114.4		112.9		840	130	0	0	1080	115	120	115	360	106	480	92
697	920.0	121.2		120.1		720	138	0	0	1080	117	60	105	720	118	180	97
698	800.0	112.2		110.5		660	127	0	0	1020	114	0	0	360	106	360	86
699	1020.0	117.3		115.0		900	130	0	0	1140	125	60	114	360	107	600	90
700	920.0	113.7		110.8		840	133	0	0	1140	114	60	107	120	122	600	85
701	880.0	118.4		116.4		540	135	0	0	1200	124	0	0	540	109	360	89
702	1120.0	116.2		112.4		1020	135	0	0	1500	121	60	105	60	86	720	83
703	980.0	125.5		122.8		900	143	0	0	1440	127	60	92	180	106	360	91
704	1240.0	118.4		116.4		1140	130	0	0	1740	123	60	100	180	102	600	90
705	880.0	134.8		129.5		720	167	0	0	1140	138	0	0	360	109	420	93
706	1020.0	144.8		140.3		1140	168	0	0	1140	146	60	119	420	117	300	96
707	780.0	124.3		117.6		840	156	0	0	600	128	0	0	180	109	720	88
708	780.0	132.0		127.0		960	151	0	0	720	138	60	91	300	111	300	86
709	1100.0	127.5		122.6		1200	149	0	0	1260	130	60	112	180	114	600	85
710	1040.0	130.7		126.8		1560	145	0	0	900	133	180	96	240	101	240	85
711	1180.0	131.2		127.5		1620	150	0	0	1320	125	60	113	240	97	300	88
712	1120.0	132.4		126.1		1320	159	0	0	1140	133	180	107	60	100	660	88
713	1060.0	133.2		130.2		1260	146	0	0	1260	135	0	0	420	119	240	82
714	880.0	127.3		122.9		1140	147	0	0	660	129	180	115	240	111	420	86
715	760.0	137.5		133.4		660	162	0	0	1020	139	60	103	240	128	300	93
716	1340.0	117.0		113.2		1920	133	0	0	960	120	240	98	60	97	840	84
717	760.0	120.5		116.7		540	128	0	0	1080	134	60	88	120	120	480	86
718	560.0	128.9		127.3		240	144	0	0	840	137	0	0	540	114	60	90
719	820.0	128.7		125.8		660	143	0	0	1320	134	0	0	120	99	360	93
720	960.0	117.4		115.8		660	132	0	0	1200	124	180	111	240	103	600	96
721	900.0	112.8		108.7		540	139	0	0	1200	121	0	0	240	102	720	83
722	1140.0	115.8		111.0		960	134	0	0	1320	124	120	115	360	110	660	76
723	920.0	120.6		118.3		720	140	0	0	1260	123	60	113	420	104	300	89
724	1100.0	120.9		116.4		1080	143	0	0	1200	124	0	0	240	123	780	85
725	820.0	132.7		126.5		600	170	0	0	900	138	0	0	480	120	480	89
726	820.0	119.9		114.0		600	153	0	0	840	130	180	104	180	106	660	85
727	940.0	125.8		123.7		1080	139	0	0	1140	124	60	114	300	119	240	86
728	1360.0	108.3		105.9		1500	120	60	98	1140	115	360	86	300	114	720	83
729	920.0	121.7		117.5		840	144	0	0	1080	128	120	92	240	93	480	90
730	1320.0	114.2		112.5		1680	126	60	116	960	116	300	92	180	119	780	94
731	1080.0	117.1		113.6		1020	135	0	0	1260	121	0	0	480	107	480	79
732	980.0	138.3		133.0		1440	154	0	0	1020	139	0	0	120	106	360	84
733	1240.0	117.9		112.6		1200	142	0	0	1260	125	240	98	120	112	900	82
734	1120.0	123.4		119.7		1380	145	0	0	1020	120	240	101	300	105	420	87
735	880.0	139.4		133.5		900	171	0	0	1200	135	0	0	180	108	360	91
736	860.0	134.3		126.5		780	169	0	0	840	140	120	119	360	118	480	84
737	520.0	132.5		125.3		300	172	0	0	780	140	0	0	180	115	300	84
738	1080.0	134.1		128.8		1260	158	0	0	1200	133	0	0	180	121	600	90
739	760.0	125.0		119.5		600	154	0	0	660	135	60	101	420	120	540	87
740	540.0	134.6		127.5		300	172	0	0	780	146	0	0	120	120	420	91
741	980.0	126.3		119.5		780	158	0	0	1200	133	0	0	180	123	780	85
742	780.0	137.7		130.3		840	165	0	0	780	142	60	107	240	128	420	85
743	880.0	146.6		140.9		1080	170	0	0	960	146	0	0	360	117	240	88
744	900.0	132.1		127.3		660	160	0	0	1380	135	0	0	240	118	420	87
745	640.0	146.3		140.3		600	173	0	0	660	154	60	114	420	126	180	87
746	920.0	142.0		137.2		1140	156	0	0	960	148	60	86	240	140	360	92
747	1020.0	134.3		129.7		1140	155	0	0	1320	135	120	107	0	0	480	90
748	940.0	135.6		129.3		1260	155	0	0	720	143	120	89	300	124	420	86
749	920.0	136.2		133.5		900	152	0	0	1140	141	0	0	540	115	180	91
750	920.0	126.2		120.9		900	147	0	0	1080	134	180	91	120	118	480	85
751	1000.0	139.9		135.4		1140	158	0	0	1260	141	60	90	300	121	240	84
752	1040.0	135.7		131.9		1080	156	0	0	1200	138	120	103	420	119	300	90
753	1060.0	131.4		125.3		1380	150	0	0	1020	137	60	117	120	120	600	83
754	1200.0	129.8		124.2		1560	150	0	0	1200	133	0	0	180	95	660	86
755	940.0	140.7		136.8		1020	160	0	0	1140	140	0	0	420	127	240	86
756	840.0	120.0		114.3		660	147	0	0	840	134	120	114	0	0	900	88
757	840.0	139.4		131.5		1020	169	0	0	840	139	60	113	60	122	540	89
758	960.0	136.6		133.0		960	161	0	0	1380	131	0	0	300	122	240	89
759	780.0	140.8		135.9		540	171	0	0	1080	148	0	0	480	114	240	94
760	1000.0	134.6		122.6		900	178	0	0	960	145	0	0	300	118	840	82
761	740.0	156.5		151.3		660	196	0	0	960	152	0	0	480	123	120	110
762	1220.0	121.5		113.0		1020	158	0	0	1380	130	0	0	60	118	1200	81
763	820.0	139.6		132.6		840	169	0	0	960	143	60	112	180	112	420	89
764	1100.0	126.2		120.9		1080	150	0	0	1020	135	0	0	540	111	660	86
765	980.0	127.6		122.4		780	152	0	0	1260	134	0	0	300	120	600	86
766	1080.0	137.7		133.4		1260	159	0	0	1080	140	0	0	540	114	360	92
767	1160.0	129.4		124.5		1260	148	0	0	1260	138	180	99	180	108	600	88
768	900.0	117.4		111.0		840	151	0	0	780	124	120	91	0	0	960	86
769	860.0	138.8		134.9		660	162	0	0	1140	142	0	0	480	129	300	91
770	1020.0	125.5		122.2		960	142	0	0	1200	133	60	113	240	109	600	92
771	1140.0	134.7		129.9		1200	159	0	0	1260	134	60	113	480	121	420	86
772	1000.0	127.7		118.6		1080	151	0	0	900	135	60	104	300	143	660	75
773	900.0	123.6		118.1		900	151	0	0	900	125	60	106	300	114	540	83
774	980.0	130.1		120.9		900	169	0	0	1080	136	120	102	0	0	840	85
775	1000.0	133.0		128.3		1140	155	0	0	1200	132	0	0	180	121	480	88
776	1020.0	133.9		129.5		780	160	0	0	1380	138	0	0	480	119	420	89
777	840.0	136.6		132.8		600	153	0	0	1020	146	0	0	660	126	240	85
778	720.0	133.6		128.1		600	163	0	0	960	138	0	0	240	106	360	91
779	1020.0	120.4		116.4		1320	140	0	0	720	124	240	97	180	102	600	88
780	1000.0	137.1		131.4		900	171	0	0	1080	138	60	85	480	119	480	96
781	700.0	130.9		127.7		420	157	0	0	1080	135	0	0	240	121	360	95
782	920.0	137.8		130.2		1140	167	0	0	780	136	60	89	360	119	420	85
783	820.0	139.9		135.5		600	161	0	0	1080	147	0	0	540	126	240	86
784	740.0	144.8		139.5		420	181	0	0	1140	152	0	0	480	115	180	94
785	900.0	128.0		122.6		960	151	0	0	660	138	60	87	540	117	480	86
786	640.0	134.8		126.1		540	177	0	0	540	147	60	88	300	113	480	93
787	820.0	139.5		136.8		780	160	0	0	1080	138	0	0	360	128	240	97
788	1040.0	133.1		127.7		1200	158	0	0	1020	134	60	92	540	108	300	84
789	680.0	145.3		141.8		720	168	0	0	780	145	0	0	420	121	120	96
790	720.0	133.9		129.1		720	147	0	0	720	146	60	102	300	135	360	88
791	1080.0	126.7		123.7		1140	141	0	0	1380	131	120	103	120	111	480	90
792	840.0	129.8		123.8		840	160	0	0	720	136	60	95	540	107	360	87
793	1140.0	133.6		129.1		1200	155	0	0	1380	136	60	92	300	117	480	89
794	980.0	151.1		147.6		1140	173	0	0	1020	149	0	0	660	127	120	93
795	560.0	133.9		126.7		240	187	0	0	720	145	0	0	300	125	420	91
796	540.0	129.0		124.7		420	159	0	0	540	134	60	93	420	115	180	89
797	960.0	123.8		118.5		1140	147	0	0	840	126	60	85	300	109	540	84
798	760.0	132.2		126.8		600	162	0	0	1080	136	60	91	180	110	360	89
799	660.0	133.6		127.7		600	152	0	0	780	147	120	97	180	118	300	86
800	1020.0	142.3		136.1		1200	166	0	0	1080	145	0	0	300	121	480	90
801	580.0	137.1		128.9		360	175	0	0	600	153	120	89	300	133	360	92
802	960.0	136.7		130.5		840	162	0	0	1200	143	0	0	360	124	480	86
803	600.0	139.4		135.1		360	175	0	0	660	145	0	0	660	124	120	86
804	640.0	141.0		134.7		600	175	0	0	720	141	0	0	360	119	240	89
805	1100.0	133.3		128.6		1380	154	0	0	1200	133	60	87	240	103	420	90
806	740.0	134.0		127.0		540	177	0	0	720	139	120	107	420	123	420	89
807	800.0	132.2		127.7		600	158	0	0	1140	137	0	0	300	114	360	89
808	860.0	150.7		144.6		780	181	0	0	1140	151	0	0	480	126	180	83
809	780.0	132.3		127.0		840	154	0	0	780	137	120	107	120	145	480	90
810	900.0	131.7		126.1		900	159	0	0	1020	132	0	0	180	133	600	90
811	540.0	147.9		144.5		360	171	0	0	600	158	0	0	600	130	60	87
812	900.0	139.8		130.6		1020	173	0	0	960	139	0	0	120	133	600	86
813	740.0	138.2		130.8		660	172	0	0	720	142	60	92	420	130	360	86
814	980.0	143.7		139.4		1080	170	0	0	1080	140	60	93	480	122	240	98
815	520.0	143.3		137.5		300	157	0	0	660	163	60	110	300	133	240	93
816	880.0	128.1		121.8		840	154	0	0	900	136	180	88	240	122	480	86
817	900.0	139.6		132.5		960	174	0	0	1020	136	60	100	240	112	420	91
818	880.0	130.5		123.8		600	161	0	0	1200	142	0	0	240	103	600	88
819	980.0	144.2		140.4		840	174	0	0	1320	141	0	0	600	125	180	92
820	780.0	135.4		128.0		660	169	0	0	960	142	0	0	180	116	540	89
821	660.0	136.5		130.1		480	167	0	0	720	150	60	109	420	117	300	88
822	900.0	138.9		133.4		1020	161	0	0	1020	139	60	89	300	127	300	85
823	580.0	141.5		137.6		300	169	0	0	780	149	0	0	420	134	240	96
824	600.0	118.8		112.2		360	147	0	0	420	142	120	103	240	134	660	86
825	580.0	121.3		114.5		420	147	0	0	480	145	240	95	120	131	480	86
826	840.0	141.8		133.2		1140	169	0	0	780	141	120	87	120	111	360	86
827	940.0	140.6		129.3		840	181	0	0	1020	148	0	0	300	129	660	83
828	560.0	130.8		126.3		240	154	0	0	720	149	0	0	420	111	300	96
829	700.0	129.7		121.9		660	169	0	0	720	132	0	0	60	86	660	92
830	720.0	129.1		125.4		720	152	60	112	540	130	60	88	600	120	180	85
831	1040.0	128.8		124.0		840	162	0	0	1320	129	0	0	420	112	540	90
832	1020.0	127.3		120.1		900	161	0	0	1080	134	120	99	180	117	780	86
833	860.0	135.5		129.1		960	162	0	0	840	137	0	0	420	117	360	83
834	740.0	127.5		122.9		600	148	0	0	780	141	60	91	240	119	540	93
835	820.0	127.1		120.2		780	159	0	0	840	131	60	95	120	129	660	87
836	720.0	123.3		117.4		420	156	0	0	900	136	60	77	240	107	540	89
837	580.0	136.5		130.8		420	161	0	0	660	150	60	101	300	125	300	91
838	1120.0	124.9		118.7		1440	144	0	0	1080	131	120	66	60	80	660	88
839	700.0	144.5		139.9		600	176	0	0	900	143	0	0	360	128	240	96
840	960.0	129.7		127.0		960	147	0	0	1320	128	60	111	240	127	300	88
841	1120.0	135.7		130.1		1140	161	0	0	1260	141	60	119	360	107	540	91
842	760.0	121.9		116.7		540	153	0	0	840	132	180	91	180	108	540	90
843	700.0	136.7		131.4		660	164	0	0	720	142	60	101	360	120	300	91
844	640.0	137.1		131.8		600	159	0	0	900	143	60	96	60	97	300	92
845	900.0	139.3		131.7		960	171	0	0	1020	140	0	0	180	117	540	89
846	600.0	138.1		132.8		600	161	0	0	780	141	0	0	180	117	240	87
847	940.0	146.1		139.9		1080	173	0	0	1200	143	60	91	120	121	360	93
848	960.0	135.7		128.9		660	158	0	0	1260	147	0	0	420	133	540	84
849	900.0	131.5		124.8		900	163	0	0	1020	134	180	101	120	90	480	89
850	800.0	133.3		126.7		600	170	0	0	1020	140	60	90	360	104	360	90
851	660.0	143.2		140.1		300	173	0	0	1080	145	0	0	480	135	120	86
852	780.0	126.3		118.8		840	155	0	0	540	141	240	98	120	118	600	86
853	800.0	152.3		145.7		660	186	0	0	900	161	0	0	720	122	120	84
854	700.0	130.0		120.5		660	170	0	0	720	136	60	103	0	0	660	86
855	900.0	132.5		124.7		540	169	0	0	1020	145	120	116	360	133	660	86
856	800.0	138.7		131.5		660	176	0	0	1020	141	0	0	300	120	420	88
857	880.0	148.0		144.2		960	168	0	0	1140	144	0	0	300	143	240	93
858	1100.0	128.5		122.8		1140	154	0	0	1140	133	120	117	240	109	660	86
859	760.0	124.7		118.5		420	159	0	0	900	139	120	104	180	122	660	88
860	860.0	139.4		133.7		780	167	0	0	1200	141	0	0	180	124	420	90
861	840.0	133.6		129.3		720	162	0	0	1140	133	120	104	300	116	240	88
862	1040.0	133.1		128.4		1020	152	0	0	1140	143	120	88	480	114	360	89
863	680.0	138.0		132.6		540	156	0	0	900	145	60	88	300	138	240	84
864	900.0	137.6		128.7		840	171	0	0	1080	146	0	0	180	93	600	89
865	800.0	135.4		129.0		660	168	0	0	1140	134	0	0	180	140	420	86
866	940.0	120.9		117.2		840	135	0	0	960	128	180	91	420	127	420	83
867	700.0	134.1		130.4		360	162	0	0	1020	140	0	0	420	126	300	92
868	840.0	124.4		120.0		840	142	0	0	780	134	60	88	300	123	540	88
869	620.0	138.5		133.2		360	174	0	0	780	148	0	0	540	118	180	88
870	820.0	130.0		125.0		900	146	0	0	900	141	120	92	60	123	480	90
871	900.0	141.3		135.8		780	170	0	0	1260	142	0	0	360	123	300	86
872	880.0	140.3		130.6		720	175	0	0	1200	149	0	0	120	122	600	85
873	720.0	134.1		129.0		720	164	0	0	780	134	0	0	240	111	420	96
874	920.0	137.7		130.8		840	166	0	0	1080	145	0	0	420	115	420	85
875	880.0	126.6		120.1		660	161	0	0	1080	135	120	95	240	97	540	88
876	920.0	137.1		130.5		1020	164	0	0	960	142	60	90	180	106	540	93
877	880.0	150.2		144.5		780	171	0	0	1320	157	0	0	180	122	360	94
878	660.0	144.6		139.6		420	181	0	0	780	150	0	0	660	126	120	84
879	540.0	144.1		137.2		600	167	0	0	480	156	0	0	240	128	300	92
880	760.0	126.7		117.6		600	157	0	0	780	148	120	92	60	117	720	85
881	820.0	137.6		131.2		540	178	0	0	1140	141	0	0	420	120	360	87
882	940.0	130.9		127.1		960	155	0	0	1080	128	0	0	420	118	360	90
883	820.0	121.9		117.0		720	146	0	0	1020	128	60	98	60	111	600	86
884	600.0	130.5		123.3		360	173	0	0	720	140	60	116	360	111	300	83
885	940.0	142.9		132.2		780	181	0	0	1320	149	0	0	60	149	660	85
886	540.0	133.7		127.6		300	164	0	0	840	144	0	0	180	111	300	88
887	980.0	136.5		131.9		900	159	0	0	1320	138	0	0	360	125	360	86
888	940.0	138.6		132.4		780	174	0	0	1200	142	0	0	420	109	420	93
889	680.0	131.5		123.1		660	166	0	0	600	138	120	93	240	123	420	84
890	1060.0	129.4		123.2		1020	157	0	0	1140	135	120	101	240	119	660	86
891	640.0	143.0		136.7		600	168	0	0	780	149	0	0	300	124	240	85
892	680.0	135.0		128.5		540	158	0	0	1020	143	0	0	60	135	420	86
893	580.0	132.4		125.6		300	171	0	0	900	142	60	107	60	125	420	89
894	1020.0	124.9		119.0		1080	146	0	0	960	137	180	94	300	104	540	83
895	700.0	126.1		120.1		600	143	0	0	600	133	180	90	420	141	300	79
896	720.0	127.8		120.3		600	163	0	0	900	134	60	102	0	0	600	86
897	500.0	144.3		138.1		240	170	0	0	660	159	0	0	420	132	180	85
898	800.0	148.0		144.1		660	174	0	0	840	152	0	0	780	131	120	87
899	1000.0	125.8		120.2		1260	147	0	0	720	133	240	94	240	116	540	85
900	500.0	134.8		130.5		300	153	0	0	840	143	60	92	120	122	180	89
901	980.0	134.1		126.2		1140	163	0	0	1020	135	180	88	120	121	480	84
902	560.0	133.3		128.1		300	161	0	0	840	144	0	0	180	120	360	92
903	920.0	137.7		132.7		600	178	0	0	1260	139	0	0	660	116	240	90
904	1140.0	125.4		119.2		1500	149	0	0	900	128	60	105	60	109	900	86
905	680.0	132.2		125.1		660	154	0	0	660	150	60	90	120	125	540	90
906	540.0	130.0		122.4		180	193	0	0	900	138	0	0	120	126	420	87
907	800.0	116.6		109.1		600	155	0	0	660	133	180	100	60	91	900	84
908	880.0	137.7		132.9		1020	159	0	0	1080	136	0	0	240	119	300	86
909	840.0	139.8		133.2		840	168	0	0	960	144	60	90	300	118	360	89
910	800.0	133.6		128.1		720	162	0	0	960	136	60	104	180	130	480	91
911	660.0	149.5		144.7		660	173	0	0	720	151	0	0	480	132	120	82
912	660.0	137.9		133.9		480	164	0	0	780	143	60	116	480	125	180	88
913	920.0	132.5		128.6		960	152	0	0	1020	135	60	104	420	119	300	86
914	740.0	134.4		128.6		660	163	0	0	1080	136	0	0	120	102	360	88
915	1000.0	133.5		127.1		1260	158	0	0	840	138	120	93	240	110	540	89
916	800.0	139.5		134.1		660	161	0	0	1020	149	60	91	420	120	240	86
917	720.0	140.1		135.4		660	165	0	0	900	144	0	0	420	115	180	88
918	660.0	135.1		130.0		240	160	0	0	960	151	0	0	540	117	240	87
919	380.0	137.9		132.9		180	185	0	0	360	147	60	118	360	129	180	97
920	960.0	145.0		137.3		1260	171	0	0	960	144	120	88	180	118	360	89
921	580.0	140.2		135.3		300	180	0	0	900	143	0	0	360	126	180	88
922	860.0	140.6		136.7		720	176	0	0	1020	135	0	0	600	123	240	102
923	760.0	131.4		127.2		360	152	0	0	1080	142	60	88	360	131	420	93
924	760.0	138.9		130.7		600	173	0	0	780	150	60	102	360	132	480	88
925	600.0	143.7		138.1		240	188	0	0	960	151	0	0	420	126	180	87
926	600.0	143.5		138.0		120	196	0	0	1140	154	0	0	300	124	240	92
927	780.0	139.8		133.0		720	170	0	0	900	144	0	0	360	123	360	86
928	820.0	138.7		130.7		720	181	0	0	1020	135	0	0	300	122	420	87
929	680.0	134.3		126.2		540	179	0	0	660	140	0	0	240	121	600	93
930	540.0	133.3		129.4		180	173	0	0	780	143	0	0	420	120	240	95
931	560.0	132.6		121.9		480	173	0	0	600	144	0	0	60	124	540	85
932	780.0	140.7		136.4		720	160	0	0	1020	148	0	0	480	110	120	86
933	780.0	145.8		137.9		600	182	0	0	960	155	0	0	480	119	300	87
934	680.0	138.9		131.5		420	174	0	0	1020	146	0	0	240	128	360	85
935	900.0	140.3		131.6		840	179	0	0	1080	140	0	0	240	126	540	87
936	680.0	144.2		139.7		720	155	0	0	780	156	60	90	360	126	120	84
937	720.0	132.0		123.6		660	169	0	0	840	136	0	0	180	103	480	85
938	640.0	147.2		143.9		540	166	0	0	660	160	0	0	540	127	180	105
939	780.0	134.7		125.3		720	175	0	0	840	138	0	0	180	120	600	86
940	820.0	143.9		140.2		780	167	0	0	1080	143	0	0	360	129	240	95
941	460.0	129.7		126.0		180	150	0	0	780	137	0	0	240	125	180	84
942	860.0	135.3		130.7		780	160	0	0	1080	137	0	0	420	120	300	86
943	700.0	125.8		120.0		660	152	0	0	660	132	60	94	240	124	480	86
944	800.0	117.5		113.9		720	140	0	0	1080	118	60	102	60	112	480	85
945	580.0	124.4		121.3		240	156	0	0	900	130	0	0	360	113	240	89
946	580.0	120.6		117.7		240	142	0	0	900	129	60	107	360	107	180	82
947	800.0	103.7		102.4		780	109	0	0	900	111	60	84	360	96	300	81
948	860.0	113.3		111.1		960	128	0	0	1020	113	120	106	60	97	420	85
949	800.0	108.9		104.6		600	133	0	0	1080	115	0	0	180	85	540	78
950	660.0	106.5		105.2		480	119	0	0	900	110	0	0	180	101	420	87
951	700.0	103.6		102.9		300	117	0	0	1020	106	120	91	300	102	360	91
952	800.0	101.3		100.3		540	115	0	0	1080	104	60	96	360	89	360	86
953	680.0	103.5		102.6		300	116	0	0	840	108	60	105	600	99	240	83
954	600.0	104.1		103.8		360	106	0	0	780	109	0	0	600	98	60	91
955	740.0	99.9		99.5		480	109	60	96	780	101	180	94	600	97	120	82
956	800.0	104.2		102.5		480	121	0	0	1080	108	120	85	180	107	540	85
957	840.0	114.7		113.4		780	121	0	0	1020	123	0	0	420	97	300	95
958	800.0	121.2		117.3		1020	141	0	0	720	120	0	0	420	97	240	83
959	900.0	110.7		108.4		780	126	0	0	1080	115	120	91	300	102	420	83
960	760.0	122.9		117.1		840	149	0	0	600	126	60	91	240	117	540	85
961	760.0	118.2		114.9		600	139	0	0	900	123	60	100	360	110	360	83
962	920.0	109.7		108.2		1020	119	0	0	960	114	180	92	120	114	480	87
963	780.0	125.0		121.2		720	145	0	0	840	128	60	89	420	119	300	84
964	400.0	125.8		122.7		240	146	0	0	540	135	0	0	360	106	60	81
965	920.0	116.7		112.2		1020	143	0	0	1020	111	120	105	180	84	420	84
966	780.0	118.4		113.1		720	141	0	0	900	126	60	110	60	105	600	82
967	940.0	118.0		114.2		1020	136	60	112	960	123	120	103	120	95	540	84
968	1220.0	121.4		118.6		1380	137	60	119	1380	122	60	118	240	107	540	87
969	800.0	127.1		123.3		900	149	0	0	900	124	60	109	180	115	360	89
970	880.0	117.9		113.2		1140	137	0	0	660	125	180	90	60	80	600	86
971	700.0	117.4		114.3		780	130	0	0	600	130	180	96	300	98	240	85
972	700.0	133.1		128.6		780	159	0	0	780	129	0	0	360	109	180	87
973	1020.0	105.8		103.8		1140	111	0	0	1080	116	120	90	180	99	540	80
974	820.0	119.8		112.3		780	150	0	0	840	129	60	88	0	0	780	82
975	640.0	135.1		132.8		420	143	0	0	1020	144	0	0	300	118	180	95
976	820.0	114.1		110.0		1080	126	0	0	480	133	120	91	120	120	660	84
977	660.0	120.2		115.8		540	138	0	0	780	133	60	89	180	102	420	86
978	680.0	136.8		132.4		480	156	0	0	960	147	60	93	300	119	240	91
979	820.0	135.2		130.0		660	169	0	0	960	135	0	0	480	123	360	90
980	700.0	131.4		126.9		720	153	0	0	720	138	120	102	360	108	180	85
981	780.0	126.0		121.7		840	144	0	0	840	132	60	89	240	113	360	85
982	900.0	121.7		116.6		960	144	0	0	900	127	120	99	120	115	600	84
983	480.0	126.9		123.4		240	165	0	0	720	128	0	0	300	116	180	90
984	680.0	136.4		131.1		600	150	0	0	720	152	0	0	420	126	300	86
985	1100.0	126.0		120.0		1380	148	0	0	1020	129	60	92	300	102	540	81
986	860.0	128.8		123.1		720	159	0	0	1020	134	120	104	240	112	480	87
987	460.0	145.0		141.6		300	174	0	0	540	155	0	0	480	120	60	111
988	760.0	130.8		125.0		660	153	0	0	900	142	60	89	360	109	300	83
989	660.0	121.9		116.1		600	143	0	0	720	135	0	0	180	103	480	83
990	700.0	129.5		126.7		480	156	0	0	1080	130	60	90	240	117	240	97
991	1020.0	122.7		117.6		1200	149	0	0	1020	118	120	98	120	107	600	86
992	720.0	131.6		126.4		720	152	0	0	780	141	60	89	240	114	360	89
993	860.0	131.1		125.2		960	159	0	0	900	131	60	97	240	104	420	88
994	700.0	127.4		119.6		720	154	0	0	720	135	60	115	180	110	420	78
995	900.0	123.5		118.2		960	144	0	0	840	129	120	112	120	145	660	85
996	780.0	131.2		125.6		780	158	0	0	1080	128	60	115	120	122	300	80
997	840.0	123.9		119.4		780	146	0	0	1020	128	0	0	300	110	420	83
998	580.0	137.3		130.9		480	173	0	0	660	139	0	0	300	125	300	89
999	560.0	138.2		132.9		480	178	0	0	540	133	0	0	540	119	120	89
1000	760.0	127.6		123.5		420	160	0	0	1380	128	0	0	120	131	360	87
1001	740.0	125.8		121.6		720	150	0	0	840	126	0	0	360	112	300	84
1002	520.0	121.3		115.7		300	156	0	0	780	128	0	0	120	106	360	83
1003	580.0	138.6		133.1		660	163	0	0	480	143	0	0	360	121	240	89
1004	820.0	124.5		120.2		840	149	0	0	960	122	0	0	240	116	420	86
1005	800.0	122.6		118.4		660	147	0	0	1020	128	120	102	120	102	480	88
1006	880.0	123.1		118.6		1080	141	60	116	660	128	120	104	300	116	420	81
1007	640.0	122.1		116.8		420	150	0	0	840	132	120	97	120	110	420	85
1008	760.0	128.4		125.4		840	140	0	0	1020	132	0	0	180	113	240	84
1009	840.0	121.7		117.6		960	145	0	0	840	116	180	104	120	126	420	86
1010	900.0	129.0		123.9		1020	142	0	0	840	142	180	88	360	122	300	81
1011	540.0	133.8		125.2		300	181	0	0	600	149	60	88	420	114	240	83
1012	700.0	135.7		131.7		300	168	0	0	1320	141	0	0	240	111	240	91
1013	840.0	133.8		128.4		840	160	0	0	1260	132	0	0	0	0	420	87
1014	760.0	131.5		126.3		660	155	0	0	840	140	60	95	300	123	420	89
1015	800.0	119.9		116.4		600	150	0	0	1140	118	60	105	240	107	360	87
1016	760.0	122.0		117.3		960	139	0	0	600	129	180	91	180	119	360	82
1017	860.0	123.6		119.7		780	148	0	0	960	126	60	93	300	112	480	90
1018	680.0	133.5		129.3		420	173	0	0	720	136	0	0	660	120	240	94
1019	600.0	132.7		128.5		420	163	0	0	780	137	0	0	360	116	240	91
1020	620.0	130.5		126.0		480	152	0	0	960	136	0	0	240	101	180	83
1021	1040.0	130.8		127.0		1320	148	0	0	1080	131	120	106	240	115	360	86
1022	860.0	127.7		123.3		900	150	0	0	960	130	0	0	180	117	540	90
1023	760.0	123.6		116.7		540	164	0	0	1020	127	0	0	240	99	480	83
1024	820.0	122.1		117.9		840	144	0	0	780	126	120	92	360	111	360	84
1025	700.0	125.0		120.4		420	160	0	0	840	131	0	0	420	114	420	89
1026	720.0	136.1		128.1		780	168	0	0	720	139	60	110	120	116	480	88
1027	620.0	141.0		137.2		540	173	0	0	780	136	0	0	420	123	120	93
1028	800.0	121.4		116.8		720	136	0	0	840	137	240	92	240	110	360	83
1029	880.0	121.0		116.7		1080	139	0	0	720	126	180	94	180	119	480	84
1030	840.0	132.2		125.2		840	167	0	0	840	132	0	0	420	109	420	86
1031	800.0	130.5		127.6		720	154	0	0	1020	130	0	0	540	110	120	87
1032	860.0	131.8		127.8		900	150	0	0	840	138	60	91	420	122	360	90
1033	880.0	141.4		138.0		1140	155	60	105	720	147	120	102	480	129	120	85
1034	900.0	140.0		132.7		960	167	0	0	960	147	60	89	180	123	540	91
1035	1000.0	141.2		136.6		840	171	0	0	1380	141	60	119	480	119	240	88
1036	620.0	145.9		135.6		540	186	0	0	840	151	0	0	180	98	300	88
1037	800.0	143.9		139.1		480	179	0	0	1140	148	0	0	600	125	180	87
1038	880.0	133.1		128.9		960	154	0	0	1080	133	60	92	180	122	360	90
1039	1100.0	126.6		120.9		1320	148	0	0	1080	132	180	92	60	108	660	86
1040	940.0	135.1		129.7		1020	158	0	0	1020	139	60	89	360	115	360	87
1041	600.0	133.6		126.4		360	170	0	0	660	149	60	105	420	117	300	85
1042	680.0	145.8		138.7		600	183	0	0	900	145	0	0	300	119	240	89
1043	780.0	140.2		132.7		720	170	0	0	900	148	60	90	240	124	420	89
1044	600.0	134.9		127.4		300	161	0	0	780	155	0	0	300	122	420	88
1045	860.0	147.6		142.2		660	177	0	0	1260	151	0	0	360	128	300	92
1046	800.0	143.1		135.6		780	175	0	0	1080	141	0	0	180	134	360	85
1047	760.0	145.5		139.3		720	166	0	0	960	151	0	0	240	147	360	89
1048	500.0	146.8		136.5		300	190	0	0	720	157	0	0	180	135	300	86
1049	520.0	146.3		139.8		420	184	0	0	660	147	0	0	240	131	240	94
1050	800.0	148.3		142.6		660	183	0	0	1080	148	0	0	360	130	300	95
1051	720.0	148.4		145.0		480	172	0	0	900	158	0	0	660	127	120	99
1052	1000.0	131.4		125.4		1200	151	60	108	900	141	60	92	180	121	600	87
1053	740.0	129.5		123.5		660	151	60	102	660	146	120	88	360	122	360	86
1054	500.0	136.4		128.8		240	171	0	0	720	154	0	0	180	109	360	92
1055	980.0	124.9		118.9		900	153	0	0	1260	129	180	89	0	0	600	85
1056	1080.0	147.1		144.1		1380	164	0	0	1200	145	0	0	540	122	120	88
1057	760.0	123.3		118.7		780	144	0	0	720	132	60	103	120	119	600	89
1058	980.0	134.0		127.1		960	165	0	0	1200	137	60	99	300	96	420	87
1059	720.0	145.1		135.8		480	187	0	0	960	156	60	116	240	123	420	89
1060	540.0	141.6		134.1		360	184	0	0	660	153	0	0	300	108	300	99
1061	940.0	136.7		130.9		1140	163	0	0	960	135	60	90	180	112	480	93
1062	1020.0	149.3		145.7		1200	169	0	0	1140	150	0	0	540	121	180	98
1063	1240.0	124.1		119.5		1500	145	0	0	1320	124	60	89	120	110	720	86
1064	980.0	142.1		133.1		1200	172	0	0	1080	142	0	0	120	88	540	88
1065	820.0	138.4		132.5		660	170	0	0	1080	139	0	0	360	130	360	87
1066	960.0	129.4		124.0		1140	149	0	0	1020	135	60	88	60	116	600	88
1067	640.0	140.9		135.0		420	175	0	0	660	155	0	0	600	121	240	92
1068	840.0	132.3		124.9		840	162	0	0	780	143	60	92	240	112	600	89
1069	980.0	132.3		125.8		1140	156	0	0	900	140	120	104	180	113	600	87
1070	760.0	144.2		139.2		660	164	0	0	1080	151	0	0	240	126	300	91
1071	1040.0	133.4		126.2		1380	157	0	0	780	133	120	86	360	128	480	82
1072	580.0	132.8		125.4		240	183	0	0	720	147	0	0	420	119	360	87
1073	640.0	144.3		138.3		240	195	0	0	1020	152	0	0	420	127	240	91
1074	820.0	152.5		146.6		960	178	0	0	1020	150	0	0	300	119	180	87
1075	1040.0	141.9		136.3		1200	168	0	0	1140	139	0	0	360	125	420	90
1076	960.0	143.2		139.2		840	169	0	0	1200	146	60	105	660	119	120	87
1077	860.0	135.3		128.5		600	175	0	0	1020	141	60	90	420	123	480	90
1078	680.0	153.6		145.8		840	179	0	0	840	151	0	0	120	131	240	85
1079	760.0	122.1		116.3		720	146	0	0	840	132	120	90	0	0	600	86
1080	720.0	145.0		137.2		600	179	0	0	960	151	0	0	300	116	300	87
1081	720.0	133.5		128.0		660	162	0	0	780	135	120	105	240	131	360	89
1082	820.0	150.9		149.1		720	164	0	0	1320	153	0	0	360	126	60	96
1083	920.0	130.9		124.8		780	152	0	0	1020	146	180	91	300	117	480	88
1084	760.0	131.1		126.7		720	152	0	0	780	138	60	102	420	119	300	86
1085	860.0	139.5		133.1		900	170	0	0	1080	138	120	100	120	113	360	90
1086	920.0	144.4		138.3		1200	167	0	0	960	142	0	0	300	121	300	85
1087	560.0	140.3		134.8		240	192	0	0	600	155	0	0	720	118	120	97
1088	800.0	143.0		135.8		600	177	0	0	1140	150	0	0	360	110	300	88
1089	600.0	140.3		132.0		600	176	0	0	660	140	0	0	240	121	300	85
1090	860.0	142.1		135.6		960	164	0	0	900	149	0	0	240	133	480	90
1091	860.0	135.4		129.7		780	163	0	0	900	139	0	0	480	126	420	87
1092	840.0	138.4		130.7		840	175	0	0	960	137	60	92	240	114	420	89
1093	680.0	130.5		125.2		660	158	0	0	900	130	0	0	120	114	360	87
1094	860.0	139.5		128.7		900	175	0	0	900	145	60	94	60	157	660	86
1095	800.0	138.9		132.5		720	170	0	0	1020	142	0	0	240	118	420	90
1096	760.0	136.2		129.0		780	168	0	0	840	139	0	0	300	105	360	87
1097	580.0	132.1		125.9		360	167	0	0	840	140	60	106	120	114	360	89
1098	700.0	136.2		128.8		540	175	0	0	840	141	0	0	360	117	360	86
1099	600.0	127.9		124.1		360	142	0	0	660	144	60	92	360	124	360	94
1100	780.0	113.1		108.8		600	143	0	0	1020	115	120	88	60	92	540	84
1101	1020.0	128.8		123.3		1320	139	0	0	900	148	180	92	180	115	480	84
1102	720.0	119.2		116.3		540	140	0	0	1080	122	0	0	240	101	300	86
1103	820.0	122.8		121.4		540	141	0	0	1200	125	60	114	540	105	120	103
1104	900.0	120.9		119.4		780	138	0	0	1080	120	0	0	540	113	300	94
1105	1160.0	98.4		96.6		1020	113	0	0	1200	103	180	90	0	0	1080	81
1106	1000.0	114.1		112.2		1020	127	0	0	1260	116	0	0	300	103	420	85
1107	760.0	125.1		123.1		540	146	0	0	1020	128	0	0	660	107	60	87
1108	740.0	125.6		120.9		600	155	0	0	780	130	0	0	360	116	480	89
1109	680.0	136.4		130.9		300	164	0	0	1080	150	0	0	420	109	240	89
1110	720.0	126.8		120.4		480	159	0	0	900	135	0	0	180	133	600	87
1111	760.0	139.2		133.1		840	165	0	0	840	141	0	0	240	118	360	89
1112	760.0	138.8		132.2		660	168	0	0	960	145	0	0	240	121	420	89
1113	820.0	135.3		129.7		960	157	0	0	1080	132	0	0	60	157	360	84
1114	700.0	112.3		108.5		240	141	0	0	960	126	120	102	120	94	660	87
1115	620.0	143.1		138.0		300	167	0	0	1140	151	0	0	240	119	180	85
1116	980.0	134.8		129.7		1320	158	0	0	900	130	120	94	180	113	420	93
1117	760.0	136.6		128.4		900	156	0	0	540	158	120	90	300	131	420	85
1118	580.0	140.2		133.5		420	169	0	0	660	154	60	94	360	123	240	89
1119	320.0	141.8		131.3		180	222	0	0	180	152	0	0	480	121	120	89
1120	1020.0	137.6		133.3		1200	156	0	0	1380	137	60	89	120	112	300	87
1121	680.0	129.7		122.3		660	164	0	0	780	132	0	0	0	0	600	89
1122	800.0	134.6		129.0		660	155	0	0	1020	147	60	106	240	113	420	89
1123	820.0	128.7		121.5		780	162	0	0	900	131	180	102	60	133	540	85
1124	860.0	128.6		121.6		1020	154	0	0	660	140	120	90	300	99	480	87
1125	820.0	141.3		133.5		780	168	0	0	1020	150	0	0	180	118	480	88
1126	1020.0	139.2		132.9		1260	165	0	0	1080	137	60	88	300	112	360	87
1127	740.0	132.6		126.3		540	166	0	0	1080	138	0	0	120	109	480	89
1128	1080.0	133.4		125.1		1440	161	0	0	720	140	120	104	240	105	720	86
1129	660.0	143.4		137.9		540	169	0	0	840	148	0	0	360	132	240	87
1130	1040.0	128.5		124.2		900	150	0	0	1200	133	60	117	300	133	660	90
1131	580.0	137.9		129.9		420	177	0	0	660	149	60	97	300	117	300	88
1132	680.0	129.7		123.0		420	167	0	0	840	140	0	0	360	113	420	86
1133	740.0	147.4		141.3		660	183	0	0	780	150	60	100	480	126	240	96
1134	920.0	142.4		137.2		900	171	0	0	1200	141	0	0	420	117	240	87
1135	640.0	156.1		151.7		420	187	0	0	900	162	0	0	540	130	60	86
1136	660.0	137.9		127.1		840	174	0	0	240	150	240	100	300	122	360	84
1137	580.0	143.1		138.7		420	168	0	0	720	155	0	0	480	114	120	101
1138	1180.0	129.8		122.2		1200	160	0	0	1380	134	0	0	0	0	960	86
1139	580.0	134.9		129.6		540	156	0	0	540	149	60	90	240	125	360	96
1140	940.0	122.3		80.7		1320	141	0	0	720	131	60	103	60	5	660	88
1141	540.0	151.0		142.3		420	191	0	0	480	162	0	0	480	136	240	89
1142	420.0	130.0		122.8		180	168	0	0	600	144	0	0	120	129	360	88
1143	600.0	128.9		121.4		600	161	0	0	600	134	60	104	120	109	420	85
1144	660.0	125.9		117.6		360	156	0	0	720	148	60	114	420	112	420	78
1145	660.0	140.8		131.2		420	194	0	0	780	151	0	0	180	125	600	95
1146	460.0	140.8		134.1		300	179	0	0	540	147	0	0	300	132	240	90
1147	540.0	140.7		135.9		300	183	0	0	420	151	0	0	660	130	240	99
1148	740.0	138.1		133.1		720	160	0	0	900	143	0	0	300	121	300	88
1149	620.0	140.3		134.1		240	182	0	0	960	152	60	98	420	119	180	86
1150	420.0	146.3		138.9		120	200	0	0	360	172	60	112	600	136	120	84
1151	940.0	146.0		138.6		840	181	0	0	1380	146	0	0	300	107	300	87
1152	500.0	138.8		130.7		360	179	0	0	540	151	0	0	360	115	240	87
1153	800.0	146.8		139.9		840	172	0	0	960	152	0	0	240	123	360	90
1154	640.0	120.3		114.5		360	152	0	0	720	135	120	96	180	117	540	86
1155	520.0	143.3		136.6		300	182	0	0	660	151	0	0	360	133	240	89
1156	1120.0	138.4		133.4		1260	161	0	0	1260	138	120	99	360	125	360	87
1157	740.0	143.1		137.7		540	180	0	0	960	146	0	0	480	121	240	93
1158	660.0	140.5		134.3		360	186	0	0	960	148	0	0	600	107	60	84
1159	720.0	138.1		127.3		600	177	0	0	540	162	180	91	420	124	420	86
1160	560.0	159.9		155.3		300	195	0	0	840	168	0	0	420	135	120	103
1161	860.0	150.4		143.8		900	184	0	0	1020	146	0	0	480	121	180	86
1162	680.0	140.1		131.0		600	189	0	0	780	133	0	0	300	123	360	88
1163	560.0	147.9		142.5		360	181	0	0	780	152	0	0	360	135	180	90
1164	720.0	137.9		131.2		720	163	0	0	780	146	0	0	300	119	360	86
1165	540.0	139.4		132.7		360	182	0	0	720	144	0	0	360	114	180	87
1166	960.0	125.1		117.7		1260	153	0	0	540	133	240	91	0	0	840	88
1167	680.0	151.1		143.4		540	185	0	0	900	155	60	109	300	139	240	86
1168	440.0	143.0		137.1		300	173	0	0	600	152	0	0	180	127	240	95
1169	540.0	151.8		141.6		480	190	0	0	720	157	0	0	120	125	300	89
1170	360.0	133.1		125.8		180	166	0	0	420	155	0	0	240	113	240	90
1171	1020.0	140.8		134.7		1140	168	0	0	960	141	0	0	540	124	420	88
1172	700.0	131.5		121.1		660	173	0	0	780	135	0	0	60	116	600	83
1173	720.0	133.0		125.3		480	160	0	0	1080	146	60	106	0	0	540	86
1174	560.0	136.4		128.8		420	175	0	0	780	142	0	0	300	96	180	89
1175	520.0	137.0		126.4		420	181	0	0	540	150	60	88	60	128	480	91
1176	620.0	134.8		125.0		420	176	0	0	780	149	60	82	120	112	480	88
1177	520.0	132.6		123.0		300	170	0	0	540	153	60	101	180	141	480	87
1178	480.0	114.9		109.7		240	146	0	0	420	133	60	114	180	118	540	86
1179	760.0	150.8		142.3		840	180	0	0	900	152	0	0	240	126	300	85
1180	700.0	159.5		154.9		480	189	0	0	1080	164	0	0	420	133	120	94
1181	680.0	135.8		129.0		480	163	0	0	900	147	0	0	240	125	420	87
1182	540.0	142.2		134.1		240	186	0	0	780	152	0	0	300	138	300	86
1183	420.0	143.4		131.5		360	200	0	0	360	148	0	0	240	117	300	91
1184	800.0	143.5		133.8		720	184	0	0	1020	147	0	0	120	111	540	90
1185	480.0	140.0		131.2		360	177	0	0	660	146	60	106	120	129	240	82
1186	680.0	139.9		133.1		540	175	0	0	900	143	60	109	240	123	300	87
1187	780.0	138.6		132.1		780	169	0	0	780	139	60	111	360	128	360	87
1188	460.0	146.2		135.5		240	191	0	0	600	160	0	0	240	142	300	86
1189	380.0	130.5		120.8		300	171	0	0	180	162	60	88	300	123	300	87
1190	580.0	153.2		144.9		540	194	0	0	660	155	0	0	420	117	120	87
1191	660.0	123.1		114.6		540	172	0	0	660	121	60	88	120	117	600	86
1192	540.0	138.1		127.2		660	169	0	0	240	167	120	88	300	120	300	85
1193	800.0	143.6		132.5		780	183	0	0	960	149	60	104	240	86	360	89
1194	760.0	136.7		128.3		780	168	0	0	900	141	60	111	0	0	540	87
1195	580.0	145.3		134.3		480	185	0	0	660	158	0	0	240	120	360	86
1196	620.0	147.2		136.4		660	179	0	0	660	159	120	102	60	112	360	88
1197	480.0	152.0		142.7		300	201	0	0	660	161	0	0	240	125	240	93
1198	460.0	152.2		145.8		120	177	0	0	900	166	0	0	240	120	120	88
1199	680.0	142.4		133.2		540	180	0	0	960	149	0	0	180	107	360	86
1200	600.0	144.1		132.7		480	193	0	0	600	151	0	0	300	132	420	87
1201	540.0	144.4		139.6		240	183	0	0	840	153	0	0	420	120	120	92
1202	400.0	137.1		126.2		240	193	0	0	480	150	0	0	120	118	360	89
1203	560.0	130.2		122.0		300	177	0	0	780	142	0	0	120	106	480	88
1204	440.0	136.0		129.8		180	168	0	0	600	148	0	0	300	133	240	86
1205	660.0	146.5		140.4		720	162	0	0	840	157	0	0	180	112	240	89
1206	600.0	142.2		133.1		660	163	0	0	480	157	120	92	240	152	300	85
1207	520.0	146.7		136.3		420	197	0	0	600	146	0	0	240	134	300	88
1208	700.0	116.4		109.0		660	144	0	0	300	148	240	88	120	140	780	86
1209	940.0	132.0		126.1		900	156	0	0	1080	136	60	87	300	130	480	85
1210	740.0	127.5		113.1		840	171	0	0	360	154	120	85	0	0	900	82
1211	360.0	148.6		139.1		300	180	0	0	480	159	0	0	120	122	180	86
1212	520.0	129.6		119.5		480	170	0	0	420	144	180	97	60	116	420	85
1213	520.0	148.1		141.0		180	189	0	0	900	159	60	102	240	134	180	87
1214	360.0	137.1		131.3		180	170	0	0	480	151	0	0	180	123	240	95
1215	580.0	154.9		150.0		420	167	0	0	780	170	0	0	420	134	120	88
1216	540.0	132.0		122.8		240	193	0	0	540	147	0	0	420	124	420	86
1217	460.0	142.3		135.4		240	187	0	0	600	155	0	0	360	116	180	93
1218	540.0	134.7		122.6		360	187	0	0	480	154	0	0	240	127	540	86
1219	560.0	149.1		141.3		360	195	0	0	840	154	0	0	240	118	240	94
1220	380.0	143.8		135.8		60	194	0	0	480	173	0	0	420	126	180	91
1221	660.0	126.9		119.3		540	151	0	0	660	147	120	92	120	127	540	86
1222	520.0	141.0		131.9		360	186	0	0	540	152	60	88	300	129	300	90
1223	480.0	144.3		138.3		240	171	0	0	780	155	0	0	240	126	180	87
1224	280.0	132.6		127.9		0	0	0	0	420	155	0	0	240	121	180	96
1225	520.0	152.3		139.0		420	204	0	0	720	157	0	0	60	113	360	89
1226	780.0	141.2		131.2		780	180	0	0	900	144	0	0	180	104	480	87
1227	620.0	148.1		141.3		360	194	0	0	720	161	60	105	600	120	120	95
1228	680.0	134.1		127.4		600	154	0	0	720	151	180	89	180	132	360	91
1229	720.0	123.2		116.7		540	150	0	0	660	138	60	96	240	131	660	86
1230	420.0	148.0		140.0		300	176	0	0	600	161	0	0	120	125	240	92
1231	420.0	135.8		127.3		240	172	0	0	420	151	0	0	240	143	360	89
1232	520.0	128.1		122.5		480	157	0	0	360	137	60	91	300	123	360	91
1233	460.0	137.7		126.5		240	186	0	0	660	154	0	0	60	119	420	87
1234	580.0	134.3		127.0		420	165	0	0	600	144	60	90	240	145	420	90
1235	280.0	138.8		130.7		60	192	0	0	360	163	0	0	300	121	120	84
1236	440.0	141.9		128.0		420	191	0	0	420	148	120	88	60	142	300	86
1237	620.0	141.1		130.3		660	182	0	0	480	146	120	90	300	120	300	85
1238	400.0	137.7		125.3		300	178	0	0	360	160	0	0	120	147	420	87
1239	480.0	119.6		112.3		180	163	0	0	600	140	0	0	60	112	600	87
1240	620.0	141.4		134.5		480	178	0	0	900	142	0	0	240	122	240	85
1241	400.0	132.2		123.5		180	177	0	0	480	147	0	0	240	129	300	84
1242	480.0	135.4		127.3		240	178	0	0	720	146	0	0	180	120	300	85
1243	500.0	135.7		123.8		420	184	0	0	420	148	0	0	180	127	480	86
1244	500.0	152.0		143.7		360	183	0	0	600	161	60	102	300	147	180	85
1245	500.0	155.4		147.5		360	180	0	0	600	171	0	0	360	139	180	87
1246	440.0	129.6		117.7		300	181	0	0	360	156	60	89	120	113	480	87
1247	300.0	150.5		136.6		60	221	0	0	480	175	0	0	120	142	240	88
1248	660.0	147.1		133.0		480	190	0	0	780	165	60	92	180	142	480	84
1249	300.0	152.0		148.4		0	0	0	0	480	161	0	0	360	151	60	86
1250	480.0	133.3		125.0		300	167	0	0	540	149	0	0	180	136	420	88
1251	900.0	134.0		123.8		780	180	0	0	960	138	60	92	180	120	720	86
1252	480.0	170.4		164.0		480	200	0	0	720	168	0	0	180	129	60	86
1253	380.0	137.3		128.3		180	183	0	0	480	157	60	96	180	116	240	90
1254	480.0	139.9		126.4		360	166	0	0	540	169	120	88	60	160	360	84
1255	460.0	134.9		124.7		240	189	0	0	480	153	60	87	180	133	420	91
1256	340.0	148.2		141.4		120	224	0	0	420	154	0	0	360	134	120	95
1257	420.0	142.7		136.7		60	171	0	0	540	160	60	88	420	145	180	94
1258	380.0	140.2		126.4		300	194	0	0	360	159	120	92	60	105	300	90
1259	360.0	146.7		138.3		240	187	0	0	360	160	0	0	300	133	180	89
1260	520.0	133.8		125.5		360	161	0	0	540	158	180	90	180	122	300	91
1261	440.0	156.7		145.9		300	213	0	0	600	159	0	0	240	132	180	88
1262	440.0	142.0		133.0		360	178	0	0	540	146	0	0	120	151	300	88
1263	480.0	114.6		105.6		180	185	0	0	240	140	0	0	180	139	840	87
1264	560.0	132.8		123.4		420	171	0	0	540	149	60	119	120	135	540	88
1265	440.0	134.5		124.0		240	179	0	0	600	153	0	0	120	87	360	90
1266	400.0	123.0		114.0		180	187	0	0	300	138	0	0	240	128	480	87
1267	300.0	120.6		112.7		60	166	0	0	300	145	0	0	180	136	360	85
1268	360.0	130.8		122.3		240	162	0	0	300	157	0	0	180	129	360	89
1269	520.0	123.7		116.0		180	176	0	0	720	140	0	0	120	112	540	87
1270	340.0	114.1		107.2		60	161	0	0	420	141	0	0	60	103	480	86
1271	340.0	129.2		118.6		300	160	0	0	300	157	60	95	0	0	360	86
1272	460.0	141.8		130.6		240	174	0	0	660	165	0	0	60	128	420	89
1273	600.0	146.6		133.5		420	204	0	0	900	151	0	0	60	104	420	86
1274	620.0	138.9		130.7		720	174	0	0	600	133	60	93	180	118	300	88
1275	700.0	138.3		129.5		600	168	0	0	900	149	0	0	120	118	480	86
1276	640.0	153.4		149.8		540	179	0	0	780	155	0	0	540	133	60	85
1277	560.0	129.0		126.1		180	151	0	0	840	138	0	0	360	126	300	94
1278	380.0	165.6		161.8		360	195	0	0	240	179	0	0	540	140	0	0
1279	480.0	123.6		113.6		240	185	0	0	420	143	180	87	120	130	480	88
1280	280.0	145.7		136.0		60	171	0	0	420	156	0	0	180	173	180	86
1281	600.0	127.5		119.3		600	162	0	0	540	136	120	92	60	92	480	88
1282	420.0	137.6		129.4		300	167	0	0	600	151	60	100	0	0	300	89
1283	640.0	145.4		136.3		420	187	0	0	960	152	0	0	180	130	360	87
1284	520.0	135.0		124.0		540	173	0	0	540	141	120	90	120	78	240	87
1285	440.0	128.3		119.1		300	178	0	0	360	139	60	92	180	130	420	88
1286	420.0	143.0		130.9		240	202	0	0	480	159	60	119	180	123	300	87
1287	320.0	140.0		131.9		120	213	0	0	360	156	0	0	360	115	120	94
1288	260.0	153.4		151.8		120	180	0	0	360	156	0	0	240	145	60	118
1289	380.0	122.1		113.6		180	181	0	0	360	141	60	109	120	103	420	88
1290	400.0	158.8		150.8		300	191	0	0	540	170	0	0	240	128	120	90
1291	300.0	115.2		106.4		120	165	0	0	240	152	120	91	120	89	300	86
1292	460.0	137.6		123.5		300	198	0	0	480	157	0	0	120	111	480	87
1293	400.0	156.8		151.5		120	204	0	0	660	171	0	0	420	121	0	0
1294	300.0	127.9		120.1		120	193	0	0	300	136	60	90	240	126	180	86
1295	640.0	127.1		119.9		480	157	0	0	660	145	120	106	60	114	600	89
1296	200.0	118.2		111.9		120	153	0	0	180	131	60	90	60	135	180	86
1297	560.0	122.0		116.3		300	159	0	0	660	133	120	101	180	118	420	86
1298	480.0	142.2		132.0		420	181	0	0	540	150	60	88	120	134	300	88
1299	500.0	144.7		141.1		360	167	0	0	720	145	0	0	300	140	120	88
1300	520.0	151.3		142.2		420	191	0	0	480	157	60	91	360	147	240	92
1301	380.0	142.7		133.9		120	174	0	0	660	160	0	0	120	128	240	87
1302	380.0	123.8		112.2		60	228	0	0	420	161	60	89	60	98	540	90
1303	400.0	137.0		127.0		360	173	0	0	420	147	60	87	60	146	300	88
1304	500.0	131.0		123.4		420	164	0	0	480	145	120	89	180	115	300	89
1305	440.0	141.2		135.4		300	178	0	0	540	144	60	117	180	141	240	95
1306	380.0	129.1		119.2		120	191	0	0	360	160	0	0	240	122	420	89
1307	220.0	128.5		119.1		0	0	0	0	300	163	0	0	120	123	240	88
1308	360.0	129.7		119.4		240	168	0	0	300	162	0	0	120	115	420	89
1309	440.0	122.3		116.9		120	163	0	0	660	136	0	0	60	141	480	91
1310	500.0	135.7		126.1		360	174	0	0	480	157	0	0	300	114	360	87
1311	280.0	150.7		142.7		180	176	0	0	420	164	0	0	120	130	120	87
1312	660.0	131.1		121.5		480	166	0	0	420	162	300	90	360	133	420	88
1313	540.0	124.0		116.0		180	180	0	0	600	145	60	103	240	118	540	87
1314	360.0	133.3		126.1		120	158	0	0	540	151	0	0	180	128	240	85
1315	440.0	128.8		117.4		300	182	0	0	360	151	0	0	60	127	600	89
1316	320.0	130.9		121.4		180	169	0	0	420	150	60	91	60	107	240	85
1317	260.0	151.1		136.6		120	189	0	0	300	182	0	0	120	158	240	90
1318	440.0	130.5		122.1		240	167	0	0	480	152	60	92	180	122	360	88
1319	360.0	152.3		148.7		180	178	0	0	540	160	0	0	300	135	60	92
1320	400.0	126.7		117.9		240	185	0	0	420	127	0	0	120	141	420	89
1321	400.0	153.6		141.3		540	182	0	0	240	166	0	0	180	143	240	85
1322	400.0	122.5		116.8		180	147	0	0	540	141	60	95	60	111	360	89
1323	460.0	125.1		116.0		420	165	0	0	360	137	120	89	60	121	420	86
1324	580.0	139.2		131.5		420	176	0	0	840	141	0	0	180	137	300	84
1325	420.0	131.6		123.1		360	167	0	0	420	144	60	93	60	127	360	89
1326	300.0	135.4		135.1		0	0	0	0	480	141	0	0	420	129	0	0
1327	400.0	129.4		120.8		240	192	0	0	360	130	60	108	240	123	300	88
1328	400.0	142.0		132.7		240	202	0	0	540	144	0	0	180	125	240	90
1329	340.0	130.1		120.6		120	126	0	0	420	164	60	91	120	143	300	87
1330	380.0	147.0		140.4		420	176	0	0	420	143	0	0	180	130	120	85
1331	440.0	141.6		131.3		420	184	0	0	240	146	60	90	360	135	240	86
1332	340.0	124.2		115.1		60	210	0	0	360	146	60	117	120	146	420	88
1333	460.0	138.3		130.9		240	172	0	0	660	152	0	0	240	119	240	86
1334	340.0	124.2		110.2		180	176	0	0	180	176	60	88	60	185	540	87
1335	260.0	148.8		137.2		180	216	0	0	240	137	0	0	240	142	120	85
1336	340.0	131.0		122.3		240	177	0	0	240	152	0	0	240	114	300	91
1337	380.0	131.1		121.4		180	182	0	0	480	149	0	0	60	130	420	89
1338	300.0	134.0		125.4		180	186	0	0	360	142	0	0	180	114	180	86
1339	220.0	141.4		129.5		120	205	0	0	240	148	0	0	120	146	180	87
1340	320.0	108.5		100.3		0	0	0	0	300	158	0	0	0	0	660	86
1341	280.0	109.1		103.3		60	167	0	0	300	133	0	0	0	0	480	87
1342	380.0	124.2		113.9		180	177	0	0	480	143	180	87	120	93	180	79
1343	360.0	134.9		129.1		120	165	0	0	600	149	0	0	180	115	180	88
1344	440.0	135.0		129.5		240	163	0	0	660	146	0	0	120	123	300	93
1345	160.0	147.5		140.7		0	0	0	0	120	184	0	0	300	145	60	87
1346	280.0	119.6		113.6		60	146	0	0	300	148	60	111	120	119	300	88
1347	360.0	133.0		126.7		360	158	0	0	420	141	60	91	0	0	240	92
1348	360.0	124.8		113.8		240	174	0	0	300	150	60	88	60	110	420	86
1349	380.0	123.3		115.6		360	153	0	0	360	136	60	78	60	100	300	86
1350	240.0	114.7		108.6		180	153	0	0	60	133	120	101	120	121	240	85
1351	280.0	126.4		119.6		60	121	0	0	480	147	60	88	60	129	180	85
1352	400.0	131.1		125.7		240	160	0	0	540	140	0	0	180	123	240	88
1353	220.0	136.6		131.8		0	0	0	0	360	147	0	0	180	147	120	90
1354	300.0	119.8		111.2		120	182	0	0	300	141	60	89	60	111	360	88
1355	320.0	138.6		127.5		120	196	0	0	540	154	0	0	0	0	300	88
1356	360.0	140.5		129.5		120	186	0	0	660	157	0	0	60	86	240	86
1357	520.0	133.9		127.7		360	168	0	0	600	144	60	91	360	114	180	86
1358	220.0	149.8		141.0		60	184	0	0	360	162	0	0	120	159	120	87
1359	500.0	132.7		124.7		180	195	0	0	660	146	60	113	120	135	480	93
1360	520.0	138.7		134.5		240	165	0	0	720	148	0	0	420	129	180	89
1361	520.0	131.3		122.0		480	168	0	0	480	144	60	82	180	107	360	86
1362	380.0	138.7		120.9		240	207	0	0	360	166	0	0	60	132	480	85
1363	300.0	130.7		128.6		60	154	0	0	480	139	0	0	240	125	120	97
1364	540.0	115.0		107.3		300	164	0	0	300	139	240	88	240	118	540	85
1365	240.0	127.2		115.1		120	189	0	0	240	153	0	0	60	106	300	86
1366	320.0	139.6		127.1		180	179	0	0	300	173	0	0	60	173	420	94
1367	260.0	103.4		98.7		60	154	0	0	120	139	120	94	60	122	420	86
1368	320.0	130.4		125.5		60	175	0	0	600	138	0	0	120	135	180	87
1369	220.0	145.9		140.6		60	182	0	0	300	159	0	0	240	136	60	84
1370	360.0	131.1		123.2		120	168	0	0	360	162	60	91	360	117	180	86
1371	340.0	121.3		112.8		180	160	0	0	420	141	60	85	0	0	360	85
1372	580.0	145.7		136.0		420	192	0	0	660	157	0	0	240	124	420	94
1373	480.0	121.4		111.1		420	167	0	0	360	135	180	90	0	0	480	83
1374	540.0	131.5		121.8		600	167	0	0	420	139	60	90	120	111	420	85
1375	360.0	133.4		124.5		300	168	0	0	300	146	60	88	240	126	180	80
1376	160.0	137.8		132.3		0	0	0	0	240	157	0	0	180	130	60	84
1377	240.0	124.4		116.1		240	149	0	0	180	149	60	87	60	114	180	83
1378	360.0	140.8		136.6		180	158	0	0	600	150	0	0	180	128	120	88
1379	360.0	124.6		115.4		180	164	0	0	420	148	60	89	60	116	360	85
1380	260.0	135.1		127.7		60	195	0	0	300	154	0	0	240	131	180	89
1381	400.0	107.9		102.5		0	0	0	0	420	143	60	89	120	94	600	88
1382	240.0	146.9		139.0		60	172	0	0	300	171	0	0	240	140	120	88
1383	180.0	152.8		133.1		120	196	0	0	180	190	0	0	60	158	180	85
1384	320.0	128.4		116.6		120	189	0	0	360	157	0	0	120	112	360	85
1385	220.0	112.9		107.0		120	132	0	0	120	159	120	91	120	110	180	86
1386	480.0	103.6		97.7		240	157	0	0	180	131	60	90	0	0	960	86
1387	260.0	155.8		148.9		180	177	0	0	420	167	0	0	120	121	60	84
1388	240.0	129.3		115.9		60	176	0	0	240	180	0	0	60	122	360	89
1389	220.0	113.5		107.8		60	152	0	0	240	139	0	0	0	0	360	90
1390	260.0	118.1		111.2		120	178	0	0	300	126	60	109	0	0	300	88
1391	320.0	117.7		111.6		180	155	0	0	300	134	0	0	120	113	360	87
1392	320.0	131.5		121.7		300	178	0	0	360	129	0	0	0	0	300	88
1393	320.0	127.3		120.1		120	162	0	0	540	142	0	0	0	0	300	87
1394	280.0	109.4		101.8		60	187	0	0	180	144	0	0	120	116	480	85
1395	360.0	113.3		108.3		240	145	0	0	240	136	60	97	0	0	540	91
1396	220.0	135.4		123.4		60	202	0	0	300	162	0	0	120	111	180	85
1397	140.0	100.1		96.9		0	0	0	0	120	131	60	91	0	0	240	87
1398	420.0	122.9		116.1		120	176	0	0	540	138	60	108	180	123	360	85
1399	220.0	130.9		120.3		0	0	0	0	360	161	0	0	60	130	240	86
1400	420.0	130.8		127.0		480	141	0	0	480	141	0	0	60	126	240	91
1401	380.0	128.2		122.1		180	168	0	0	480	139	0	0	120	134	360	92
1402	240.0	127.8		117.3		60	238	0	0	300	140	0	0	120	126	240	86
1403	380.0	111.1		104.4		180	144	0	0	300	144	120	92	0	0	540	86
1404	360.0	122.5		114.3		120	186	0	0	420	143	120	90	60	112	360	90
1405	220.0	116.8		109.7		60	156	0	0	240	145	60	114	0	0	300	87
1406	300.0	124.0		116.0		180	178	0	0	360	128	60	97	60	121	240	85
1407	420.0	115.7		110.1		240	152	0	0	540	126	0	0	0	0	480	86
1408	260.0	128.5		122.1		60	195	0	0	360	141	0	0	120	131	240	92
1409	300.0	133.3		126.8		180	169	0	0	240	153	60	103	240	126	180	91
1410	380.0	144.6		134.8		180	175	0	0	540	166	0	0	180	127	240	87
1411	260.0	146.5		141.1		120	176	0	0	360	161	0	0	240	125	60	87
1412	380.0	119.0		111.6		240	153	0	0	240	147	120	91	180	123	360	85
1413	320.0	131.6		123.0		60	154	0	0	480	159	0	0	180	112	240	86
1414	400.0	115.5		108.9		360	149	0	0	240	133	120	97	60	88	420	86
1415	220.0	124.1		117.3		120	156	0	0	240	145	0	0	120	106	180	87
1416	420.0	115.0		109.2		180	153	0	0	420	132	60	93	120	126	480	86
1417	420.0	117.6		111.1		120	164	0	0	540	134	0	0	120	128	480	85
1418	260.0	119.2		112.9		60	146	0	0	300	148	0	0	120	109	300	89
1419	180.0	97.0		95.1		0	0	0	0	120	125	0	0	0	0	420	89
1420	260.0	109.2		101.6		120	143	0	0	180	148	60	100	60	68	360	87
1421	340.0	88.2		45.5		0	0	0	0	240	111	120	100	60	5	600	85
1422	520.0	130.6		122.3		360	165	0	0	600	147	60	94	60	129	480	89
1423	160.0	122.8		115.2		60	182	0	0	240	134	0	0	0	0	180	88
1424	100.0	143.0		141.5		0	0	0	0	240	135	0	0	60	175	0	0
1425	360.0	110.9		104.2		60	159	0	0	360	145	0	0	0	0	660	88
1426	280.0	120.2		115.8		60	153	0	0	300	139	0	0	180	125	300	92
1427	220.0	114.5		108.3		60	152	0	0	180	133	60	92	120	138	240	85
1428	340.0	124.3		113.4		120	160	0	0	360	165	0	0	120	97	420	87
1429	220.0	118.1		110.0		120	152	0	0	180	150	60	115	0	0	300	86
1430	240.0	116.2		106.6		60	189	0	0	240	149	0	0	0	0	420	87
1431	320.0	128.4		117.2		120	179	0	0	360	160	60	89	60	119	360	88
1432	320.0	131.6		122.4		180	166	0	0	300	152	0	0	180	139	300	86
1433	200.0	109.0		102.3		60	157	0	0	180	139	0	0	0	0	360	86
1434	220.0	135.8		123.2		60	193	0	0	300	159	0	0	60	162	240	86
1435	340.0	139.4		133.0		240	139	0	0	180	175	60	92	360	152	180	95
1436	320.0	136.3		124.5		0	0	0	0	540	167	60	90	120	126	240	84
1437	280.0	114.5		105.5		180	137	0	0	120	180	60	89	60	141	420	86
1438	320.0	123.1		114.0		180	169	0	0	360	142	60	92	60	94	300	85
1439	200.0	108.2		105.1		0	0	0	0	240	131	0	0	60	103	300	91
1440	200.0	109.5		99.8		60	149	0	0	120	172	120	90	120	76	180	90
1441	160.0	110.9		105.3		60	110	0	0	120	158	120	94	0	0	180	91
1442	160.0	144.9		131.3		60	174	0	0	180	187	0	0	120	126	120	86
1443	300.0	113.9		105.4		120	178	0	0	180	148	0	0	60	117	540	88
1444	220.0	137.3		130.9		120	180	0	0	300	140	0	0	120	136	120	89
1445	140.0	129.0		119.5		120	179	0	0	120	132	0	0	60	105	120	88
1446	180.0	102.7		97.3		0	0	0	0	120	141	60	89	60	133	300	84
1447	280.0	128.0		114.8		240	169	0	0	180	169	60	93	0	0	360	86
1448	240.0	128.5		113.1		180	173	0	0	180	173	0	0	0	0	360	84
1449	200.0	130.7		114.0		180	204	0	0	60	130	60	89	60	132	240	86
1450	300.0	109.5		103.6		240	154	0	0	60	123	60	94	0	0	540	90
1451	140.0	128.4		115.6		60	210	0	0	120	154	0	0	60	120	180	87
1452	260.0	137.4		135.1		0	0	0	0	420	146	0	0	300	135	60	89
1453	280.0	106.0		98.8		60	176	0	0	180	148	60	90	0	0	540	86
1454	160.0	112.2		108.4		0	0	0	0	120	141	60	89	120	124	180	93
1455	300.0	113.6		105.3		120	172	0	0	240	143	60	92	0	0	480	87
1456	220.0	136.5		120.9		120	190	0	0	180	182	0	0	120	118	240	85
1457	200.0	152.2		141.1		120	191	0	0	240	171	0	0	120	140	120	88
1458	160.0	110.1		103.0		0	0	0	0	120	143	0	0	60	160	300	87
1459	240.0	119.8		107.4		60	211	0	0	240	156	0	0	0	0	420	86
1460	160.0	106.4		100.0		60	165	0	0	60	142	60	114	0	0	300	86
1461	200.0	113.5		106.0		60	165	0	0	180	146	60	92	0	0	300	88
1462	220.0	158.1		145.1		180	222	0	0	180	159	60	106	180	135	60	85
1463	380.0	104.6		99.1		180	148	60	114	120	148	240	90	0	0	540	86
1464	160.0	107.8		102.1		0	0	0	0	60	122	0	0	120	150	300	88
1465	260.0	97.9		94.7		60	145	0	0	60	145	60	97	120	99	480	86
1466	140.0	108.3		104.0		0	0	0	0	60	160	0	0	120	117	240	91
1467	160.0	103.9		100.0		60	146	0	0	60	120	0	0	60	125	300	88
1468	240.0	93.8		90.8		0	0	0	0	120	138	0	0	0	0	600	85
1469	160.0	107.5		99.0		60	178	0	0	60	160	0	0	0	0	360	87
1470	260.0	115.0		108.9		60	141	0	0	240	152	0	0	120	100	360	91
1471	260.0	95.6		91.6		60	178	0	0	0	0	60	119	0	0	660	86
1472	220.0	131.7		124.1		60	177	0	0	240	150	0	0	120	150	240	93
1473	160.0	94.2		93.5		0	0	0	0	120	110	0	0	0	0	360	89
1474	300.0	102.5		96.6		180	149	0	0	60	105	60	88	60	142	540	84
1475	200.0	125.7		120.5		60	153	0	0	300	142	0	0	60	121	180	91
1476	180.0	113.9		105.7		60	160	0	0	120	149	0	0	60	137	300	86
1477	180.0	109.0		103.2		60	145	0	0	120	139	0	0	60	128	300	86
1478	120.0	116.0		106.5		0	0	0	0	120	168	60	90	0	0	180	90
1479	220.0	123.2		115.4		60	174	0	0	180	134	0	0	180	145	240	86
1480	200.0	116.8		106.4		60	230	0	0	120	143	120	92	60	112	240	89
1481	240.0	116.3		106.1		60	141	0	0	180	167	60	92	60	152	360	85
1482	180.0	132.3		127.9		60	170	0	0	180	149	60	114	120	132	120	98
1483	200.0	123.9		111.5		0	0	0	0	300	163	60	88	0	0	240	84
1484	100.0	117.4		111.7		60	149	0	0	60	149	0	0	60	107	120	91
1485	200.0	93.9		91.2		60	124	0	0	60	135	120	88	0	0	360	84
1486	140.0	111.3		106.6		60	133	0	0	120	140	60	92	60	100	120	87
1487	140.0	115.4		107.4		0	0	0	0	180	152	0	0	0	0	240	88
1488	320.0	102.6		98.0		60	159	0	0	180	127	180	90	60	144	480	86
1489	120.0	119.5		111.2		0	0	0	0	180	151	0	0	0	0	180	88
1490	220.0	127.3		119.0		120	170	0	0	240	143	0	0	120	118	180	84
1491	160.0	98.5		95.3		0	0	0	0	60	152	60	89	60	107	300	88
1492	140.0	124.6		116.7		120	151	0	0	180	136	0	0	0	0	120	81
1493	240.0	109.9		103.5		120	158	0	0	180	131	0	0	60	88	360	87
1494	260.0	124.0		109.0		120	185	0	0	180	182	0	0	0	0	480	87
1495	180.0	106.3		102.5		60	135	0	0	60	136	0	0	120	123	300	88
1496	300.0	113.4		103.8		120	191	0	0	180	145	180	94	0	0	420	86
1497	240.0	117.8		110.1		60	144	0	0	180	152	60	87	120	143	300	88
1498	240.0	102.5		96.7		120	150	0	0	120	128	60	93	0	0	420	83
1499	260.0	107.6		102.5		0	0	0	0	300	139	0	0	0	0	480	88
