#File created from auswertNew
# Temporary input file:
# tmp22.dat
# Created from repository file
# /home/vwitme/data/workdata/trafficData/Invent_A5/intermediatedata/A5frankfurt_06_01/daten/F22_1106.dat.gz
# Infrastructure description file:
# /home/vwitme/data/workdata/trafficData/Invent_A5/intermediatedata/A5frankfurt_06_01/daten/A5frankfurt_06_01.dsc
#
# Date: 11.06.2001
# Direction: Frankfurt
# Detector cross section 22
# Position (m)= 488.000000
# Number of main lanes=3
# Number of ramp lanes=0
# The lane indices are ordered from left to right
# NOTICE: The time has been increased by 1 hour 
# since summertime was not taken care of  in the original data!
# Velocity averages: Over veh types and lanes, weighted with flow
# vAvg=arithmetic average; vHarm=harmonic average
#===========================================
#t(min)	Qav(/h)	vAvg(km/h)	vHarm(km/h)	Q1car	v1car	Q1truck	v1truck	Q2car	v2car	Q2truck	v2truck	Q3car	v3car	Q3truck	v3truck
60	500.0	113.2		108.4		240	157	0	0	600	119	0	0	240	106	420	84
61	360.0	105.4		100.8		60	156	0	0	360	130	0	0	120	94	540	86
62	280.0	134.1		127.8		120	194	0	0	360	135	0	0	240	127	120	86
63	380.0	122.7		116.4		120	192	0	0	300	139	0	0	480	113	240	87
64	300.0	110.2		107.1		0	0	0	0	360	133	0	0	300	99	240	90
65	400.0	97.7		95.0		60	139	0	0	240	126	0	0	120	90	780	87
66	400.0	116.5		111.0		180	145	0	0	480	135	0	0	120	106	420	86
67	320.0	110.0		105.7		60	189	60	117	180	126	60	96	300	109	300	87
68	400.0	114.9		109.4		180	153	0	0	420	132	60	88	120	109	420	87
69	360.0	112.5		109.8		60	135	0	0	480	127	60	88	300	105	180	87
70	480.0	119.5		111.8		360	152	0	0	420	141	120	85	120	102	420	85
71	480.0	116.1		111.8		240	137	0	0	420	135	60	87	420	113	300	83
72	280.0	95.9		93.9		0	0	0	0	180	125	120	86	60	91	480	88
73	460.0	114.1		107.6		60	221	0	0	540	129	60	103	120	135	600	87
74	540.0	122.6		118.3		540	150	0	0	360	123	60	103	300	116	360	90
75	240.0	113.8		111.1		60	144	0	0	360	122	0	0	180	107	120	84
76	620.0	113.3		103.2		360	178	0	0	480	128	60	106	180	83	780	82
77	760.0	109.4		102.6		360	157	0	0	600	133	0	0	120	92	1200	85
78	380.0	103.8		100.1		0	0	0	0	300	138	0	0	360	99	480	86
79	200.0	98.5		94.5		0	0	0	0	120	142	0	0	60	106	420	85
80	300.0	103.3		99.8		60	145	0	0	180	126	0	0	180	113	480	86
81	260.0	106.1		101.3		60	180	0	0	300	118	0	0	0	0	420	87
82	560.0	111.6		103.0		240	156	0	0	480	145	0	0	120	82	840	84
83	400.0	109.0		102.3		120	174	0	0	240	134	0	0	240	114	600	84
84	180.0	111.2		103.9		60	205	0	0	60	121	60	87	120	114	240	90
85	300.0	101.1		95.5		60	161	0	0	180	140	0	0	0	0	660	85
86	200.0	127.0		115.7		120	198	0	0	180	139	0	0	180	93	120	89
87	240.0	117.9		111.9		120	159	0	0	120	140	0	0	180	124	300	89
88	300.0	103.3		100.5		0	0	0	0	360	124	0	0	120	98	420	87
89	400.0	97.8		93.2		60	156	0	0	360	123	0	0	60	77	720	82
90	200.0	101.8		98.5		0	0	0	0	180	126	0	0	120	110	300	84
91	420.0	110.1		105.1		180	165	0	0	420	117	60	115	60	92	540	88
92	600.0	119.8		112.9		480	156	0	0	540	132	60	84	180	97	540	87
93	380.0	110.2		102.7		60	189	0	0	360	143	60	85	120	94	540	86
94	260.0	102.4		98.2		120	145	0	0	180	118	60	85	0	0	420	86
95	440.0	112.8		107.9		360	144	0	0	420	119	60	88	0	0	480	87
96	420.0	103.5		99.5		120	159	0	0	360	119	0	0	60	98	720	87
97	200.0	101.3		98.2		0	0	0	0	180	129	0	0	120	98	300	86
98	340.0	105.6		101.6		60	150	0	0	360	127	0	0	120	98	480	86
99	380.0	103.2		98.6		120	150	0	0	300	125	60	86	60	100	600	85
100	320.0	107.9		98.4		60	240	0	0	240	138	0	0	0	0	660	85
101	200.0	104.2		100.4		0	0	0	0	240	129	0	0	60	96	300	86
102	340.0	108.5		103.7		60	180	0	0	360	127	0	0	180	98	420	87
103	380.0	112.5		108.3		60	156	0	0	420	131	0	0	240	114	420	87
104	380.0	98.3		94.5		60	144	0	0	240	131	120	86	60	81	660	86
105	360.0	115.6		102.3		180	224	0	0	120	128	120	90	60	103	600	87
106	340.0	104.5		98.4		60	189	0	0	180	141	0	0	60	121	720	87
107	460.0	104.8		97.6		180	167	0	0	180	146	0	0	60	112	960	85
108	220.0	111.7		104.8		60	197	0	0	240	126	0	0	0	0	360	88
109	340.0	99.5		94.3		120	174	0	0	120	113	0	0	0	0	780	86
110	380.0	94.3		91.6		60	169	0	0	240	107	0	0	60	90	780	85
111	340.0	101.5		99.2		120	128	0	0	360	112	0	0	60	109	480	86
112	160.0	110.1		103.6		60	169	0	0	120	129	60	114	0	0	240	85
113	240.0	100.8		97.0		0	0	0	0	240	127	0	0	60	113	420	84
114	300.0	91.9		90.4		0	0	0	0	120	125	0	0	60	96	720	86
115	380.0	102.1		96.4		60	161	0	0	240	143	0	0	60	101	780	85
116	340.0	110.5		105.5		60	161	0	0	240	139	0	0	180	120	540	89
117	180.0	110.8		105.8		0	0	0	0	240	137	0	0	60	101	240	87
118	140.0	102.9		99.7		0	0	0	0	120	121	0	0	60	130	240	87
119	140.0	117.1		113.7		0	0	0	0	120	138	0	0	180	122	120	89
120	220.0	109.6		104.3		0	0	0	0	180	124	0	0	180	138	300	84
121	240.0	107.4		103.1		0	0	0	0	300	131	0	0	60	118	360	86
122	280.0	112.9		106.9		120	149	0	0	240	139	60	85	120	106	300	86
123	180.0	100.3		95.3		0	0	0	0	120	149	60	89	0	0	360	86
124	380.0	118.0		111.9		120	150	0	0	360	142	0	0	240	122	420	86
125	320.0	119.8		109.9		120	187	0	0	240	142	60	89	180	129	360	83
126	420.0	122.3		110.5		180	215	0	0	420	135	0	0	60	108	600	87
127	260.0	124.1		119.1		120	169	0	0	240	132	0	0	240	120	180	89
128	240.0	97.1		93.9		0	0	0	0	120	142	60	98	0	0	540	87
129	280.0	111.7		104.6		120	169	0	0	180	138	60	93	60	110	420	87
130	220.0	116.6		111.0		60	142	0	0	120	145	120	88	180	135	180	90
131	200.0	99.8		94.1		60	175	0	0	60	137	60	84	0	0	420	86
132	180.0	113.4		109.4		0	0	0	0	180	135	0	0	120	128	240	90
133	360.0	106.0		102.1		180	140	0	0	240	126	120	93	60	94	480	88
134	280.0	101.3		97.9		0	0	0	0	300	127	120	92	60	89	360	85
135	380.0	101.6		97.5		60	182	0	0	240	126	60	88	120	94	660	88
136	260.0	100.1		97.4		0	0	0	0	120	137	60	97	180	107	420	87
137	160.0	110.1		104.6		60	178	0	0	60	130	0	0	60	113	300	92
138	380.0	108.2		100.6		180	178	0	0	120	126	60	88	120	118	660	86
139	320.0	105.6		100.7		60	167	0	0	180	126	0	0	240	118	480	84
140	340.0	101.3		96.2		60	187	0	0	240	125	60	100	0	0	660	85
141	320.0	97.6		94.9		0	0	0	0	300	123	0	0	60	97	600	85
142	460.0	104.3		98.1		180	165	0	0	240	132	0	0	0	0	960	86
143	240.0	118.4		113.7		60	180	0	0	300	131	0	0	60	116	300	94
144	420.0	104.7		101.4		180	104	0	0	420	130	0	0	120	101	540	86
145	260.0	129.6		120.1		60	214	0	0	360	143	60	86	120	136	180	85
146	260.0	101.5		99.0		60	122	0	0	180	123	60	88	120	109	360	87
147	280.0	99.4		97.0		0	0	0	0	240	124	0	0	180	98	420	86
148	240.0	138.4		132.6		60	173	0	0	360	150	0	0	180	138	120	87
149	360.0	113.9		107.4		120	162	0	0	360	131	120	98	60	150	420	85
150	420.0	92.4		91.3		0	0	0	0	180	116	60	114	0	0	1020	87
151	340.0	110.9		103.6		180	157	0	0	300	131	0	0	120	89	420	83
152	280.0	117.8		110.4		120	174	0	0	360	130	0	0	60	91	300	86
153	260.0	113.6		109.6		60	133	0	0	240	125	0	0	240	127	240	84
154	240.0	111.7		107.4		0	0	0	0	360	133	0	0	60	102	300	88
155	300.0	100.5		95.7		60	187	0	0	120	119	60	86	60	126	600	87
156	300.0	102.1		96.0		60	163	0	0	300	128	0	0	0	0	540	81
157	300.0	102.3		98.7		0	0	0	0	240	136	0	0	240	97	420	86
158	140.0	112.7		107.6		0	0	0	0	120	130	0	0	60	161	240	92
159	300.0	107.3		101.6		60	169	0	0	240	137	0	0	60	110	540	87
160	220.0	120.8		112.1		120	169	0	0	180	145	0	0	120	108	240	85
161	280.0	104.6		100.6		0	0	0	0	240	138	0	0	180	101	420	87
162	180.0	120.3		111.0		120	153	0	0	180	147	0	0	0	0	240	84
163	180.0	90.7		89.8		0	0	0	0	0	0	60	89	60	118	420	87
164	280.0	99.5		94.6		0	0	0	0	180	149	0	0	0	0	660	86
165	220.0	104.8		100.9		60	144	0	0	180	129	60	88	0	0	360	89
166	300.0	102.1		98.9		60	144	0	0	300	121	0	0	0	0	540	87
167	160.0	99.4		97.3		0	0	0	0	60	118	60	91	120	119	240	87
168	280.0	94.3		92.3		0	0	0	0	120	123	60	92	60	122	600	86
169	80.0	95.5		93.5		0	0	0	0	60	114	0	0	60	104	120	82
170	80.0	120.5		114.2		0	0	0	0	120	148	0	0	0	0	120	93
171	120.0	128.0		121.0		0	0	0	0	240	130	0	0	60	171	60	77
172	260.0	107.5		102.3		60	135	0	0	180	145	60	89	120	111	360	86
173	300.0	109.9		102.6		180	162	0	0	120	139	120	89	60	97	420	87
174	260.0	92.2		90.2		0	0	0	0	60	119	0	0	120	120	600	84
175	220.0	112.5		108.8		120	152	0	0	180	121	0	0	120	95	240	95
176	200.0	99.6		96.2		0	0	0	0	120	138	0	0	60	111	420	87
177	200.0	112.4		108.8		0	0	0	0	300	129	0	0	120	112	180	85
178	400.0	103.3		98.3		60	148	0	0	360	131	0	0	60	124	720	84
179	300.0	104.9		101.3		60	138	0	0	240	127	0	0	180	111	420	85
180	220.0	105.7		102.9		0	0	0	0	240	123	0	0	120	118	300	87
181	220.0	114.5		110.3		60	163	0	0	120	128	0	0	240	121	240	89
182	280.0	129.9		120.6		240	168	0	0	240	142	0	0	60	138	300	88
183	320.0	118.4		111.0		120	169	0	0	300	137	60	87	60	154	420	90
184	340.0	119.2		109.0		180	187	0	0	300	136	0	0	60	89	480	87
185	180.0	106.7		102.8		0	0	0	0	240	130	60	88	0	0	240	88
186	440.0	111.1		103.9		180	175	0	0	240	137	60	88	180	109	660	87
187	180.0	120.3		112.6		60	151	0	0	240	145	60	100	0	0	180	84
188	220.0	114.9		110.6		60	150	0	0	300	131	60	103	0	0	240	89
189	360.0	105.6		101.0		120	153	0	0	240	131	120	91	180	93	420	87
190	280.0	100.4		97.3		60	153	0	0	120	123	60	95	60	120	540	88
191	200.0	103.8		99.8		0	0	0	0	120	139	0	0	120	119	360	87
192	160.0	110.6		107.2		60	112	0	0	240	128	0	0	0	0	180	87
193	340.0	97.8		96.7		60	112	0	0	360	110	0	0	180	94	420	87
194	300.0	115.3		108.2		60	175	0	0	420	136	0	0	60	86	360	86
195	220.0	106.6		101.1		0	0	0	0	180	143	0	0	60	135	420	87
196	140.0	111.1		101.6		60	184	0	0	120	131	60	83	0	0	180	83
197	280.0	109.3		102.7		60	184	0	0	240	133	60	88	120	111	360	84
198	320.0	100.8		97.2		60	141	0	0	240	129	60	89	60	84	540	87
199	300.0	116.3		109.2		120	175	0	0	300	133	60	90	60	111	360	88
200	300.0	106.2		102.5		0	0	0	0	300	135	60	106	60	100	480	89
201	260.0	116.2		113.2		60	139	0	0	360	126	0	0	120	128	240	90
202	240.0	115.5		111.4		60	160	0	0	240	131	0	0	240	111	180	86
203	280.0	101.0		97.9		0	0	0	0	240	131	60	98	0	0	540	88
204	380.0	107.8		102.4		120	174	0	0	180	132	60	115	120	105	660	89
205	340.0	106.5		102.1		60	167	0	0	240	129	0	0	60	137	660	90
206	300.0	108.7		101.8		60	208	0	0	240	129	0	0	60	124	540	87
207	300.0	101.8		99.0		0	0	0	0	300	123	60	93	60	123	480	87
208	260.0	103.2		100.2		0	0	0	0	360	122	0	0	120	92	300	85
209	260.0	121.6		114.9		120	170	0	0	300	135	0	0	120	109	240	87
210	200.0	108.3		105.8		60	124	0	0	240	123	0	0	120	103	180	87
211	200.0	98.9		95.6		0	0	0	0	180	129	0	0	0	0	420	86
212	120.0	108.0		102.0		0	0	0	0	120	140	0	0	60	119	180	83
213	200.0	132.8		127.6		0	0	0	0	240	156	0	0	240	131	120	90
214	180.0	112.1		109.2		0	0	0	0	240	129	0	0	120	113	180	89
215	300.0	94.3		92.7		0	0	0	0	120	129	0	0	240	91	540	88
216	160.0	120.8		113.7		60	173	0	0	240	133	0	0	0	0	180	87
217	260.0	127.0		119.0		60	182	0	0	300	140	60	85	180	143	180	85
218	200.0	114.2		107.8		60	177	0	0	180	123	0	0	120	128	240	85
219	260.0	106.9		102.7		0	0	0	0	240	137	60	92	120	114	360	87
220	240.0	111.8		103.6		60	163	0	0	180	157	60	86	60	87	360	89
221	240.0	115.0		105.1		120	163	0	0	180	153	60	85	0	0	360	85
222	320.0	117.2		110.9		180	146	0	0	240	141	180	91	120	130	240	85
223	400.0	128.8		117.1		300	187	0	0	300	138	60	90	120	130	420	86
224	280.0	108.3		102.8		0	0	0	0	300	141	60	86	60	116	420	87
225	480.0	128.8		121.3		480	159	0	0	420	136	60	93	120	129	360	86
226	220.0	114.3		111.2		0	0	0	0	300	133	0	0	120	112	240	92
227	240.0	113.6		107.0		60	171	0	0	300	134	0	0	0	0	360	87
228	300.0	113.1		106.1		60	177	0	0	360	137	0	0	60	75	420	89
229	500.0	108.8		101.0		120	193	0	0	420	137	0	0	0	0	960	86
230	240.0	111.7		108.0		0	0	0	0	240	133	0	0	240	116	240	86
231	320.0	114.6		108.6		60	202	0	0	360	129	0	0	240	108	300	85
232	360.0	107.5		102.8		0	0	0	0	540	130	0	0	0	0	540	85
233	480.0	120.4		111.4		300	164	0	0	420	143	0	0	120	109	600	85
234	280.0	94.1		91.1		0	0	0	0	240	122	60	88	60	93	480	81
235	380.0	107.5		102.5		120	158	0	0	300	131	0	0	180	93	540	88
236	260.0	118.9		114.1		60	153	0	0	420	133	0	0	60	114	240	87
237	420.0	93.8		92.1		0	0	0	0	240	122	0	0	60	89	960	87
238	360.0	112.3		106.2		180	164	0	0	300	125	0	0	120	104	480	87
239	440.0	107.4		99.3		120	182	0	0	360	137	0	0	0	0	840	84
240	240.0	118.3		113.9		0	0	0	0	360	134	0	0	120	132	240	88
241	260.0	97.2		94.0		60	134	0	0	120	133	60	86	60	90	480	86
242	380.0	103.7		99.8		60	134	0	0	360	128	0	0	120	109	600	85
243	240.0	108.3		105.4		60	134	0	0	240	127	60	88	180	102	180	88
244	180.0	112.7		107.8		0	0	0	0	180	140	0	0	180	114	180	84
245	280.0	125.1		123.2		120	148	0	0	360	131	0	0	300	116	60	89
246	380.0	115.8		110.7		60	175	0	0	420	137	0	0	300	109	360	87
247	220.0	127.9		123.1		60	150	0	0	300	143	0	0	180	124	120	85
248	260.0	133.2		130.4		60	151	0	0	360	143	0	0	300	128	60	83
249	340.0	131.9		125.1		120	174	0	0	600	144	0	0	0	0	300	91
250	240.0	113.6		109.7		0	0	0	0	420	130	0	0	60	105	240	87
251	240.0	108.2		103.5		60	141	0	0	240	130	0	0	60	121	360	86
252	160.0	139.8		133.1		0	0	0	0	240	164	0	0	180	126	60	84
253	160.0	104.8		102.0		0	0	0	0	120	116	0	0	120	127	240	88
254	280.0	109.7		104.4		60	194	0	0	240	124	0	0	180	108	360	87
255	280.0	128.5		120.6		60	194	0	0	420	147	0	0	120	112	240	88
256	260.0	122.9		114.2		60	194	0	0	360	144	0	0	120	100	240	85
257	300.0	126.8		117.2		180	169	0	0	420	140	0	0	0	0	300	83
258	220.0	105.6		102.1		0	0	0	0	240	130	0	0	120	106	300	86
259	300.0	125.5		120.9		180	163	0	0	420	121	0	0	120	138	180	90
260	320.0	128.4		115.9		180	214	0	0	300	131	0	0	180	111	300	85
261	200.0	130.5		126.3		60	175	0	0	240	137	60	96	180	132	60	90
262	340.0	118.1		112.3		180	158	0	0	300	132	60	85	240	112	240	85
263	300.0	119.9		115.3		180	143	0	0	360	136	0	0	60	99	300	91
264	300.0	111.4		106.8		60	160	0	0	420	127	60	86	120	98	240	85
265	560.0	114.8		107.7		360	156	0	0	420	134	120	86	240	103	540	84
266	440.0	115.9		110.8		180	139	0	0	600	134	60	97	0	0	480	87
267	480.0	120.2		113.7		360	155	0	0	480	132	60	97	120	100	420	86
268	340.0	134.1		122.3		180	214	0	0	360	139	0	0	180	123	300	87
269	440.0	135.2		131.6		240	163	0	0	600	135	0	0	360	134	120	84
270	580.0	129.3		123.1		360	160	0	0	660	143	60	112	300	118	360	86
271	540.0	130.3		122.9		420	165	0	0	660	139	60	94	60	125	420	88
272	300.0	121.1		118.3		0	0	0	0	540	131	60	86	180	124	120	90
273	400.0	118.4		110.6		240	160	0	0	360	139	60	85	60	112	480	87
274	240.0	106.5		103.0		0	0	0	0	240	131	0	0	180	108	300	86
275	200.0	125.0		117.5		60	175	0	0	360	137	60	87	0	0	120	83
276	400.0	116.0		110.4		300	140	0	0	420	133	60	87	0	0	420	86
277	480.0	131.7		120.6		420	185	0	0	360	130	60	84	240	123	360	85
278	340.0	123.3		117.4		120	173	0	0	480	131	0	0	180	122	240	84
279	280.0	133.9		125.0		240	184	0	0	300	130	60	94	60	122	180	91
280	360.0	126.4		119.1		180	167	0	0	540	138	0	0	60	102	300	86
281	340.0	121.8		116.4		180	164	0	0	360	130	60	93	180	118	240	88
282	480.0	109.4		104.5		180	140	0	0	480	133	60	90	60	95	660	87
283	480.0	120.3		115.3		240	165	0	0	540	125	0	0	360	113	300	85
284	540.0	112.3		108.3		120	157	0	0	660	123	0	0	240	124	600	87
285	340.0	123.9		116.0		120	177	0	0	480	137	0	0	60	141	360	86
286	520.0	122.5		116.8		360	163	0	0	720	124	0	0	120	96	360	88
287	780.0	124.0		117.7		900	148	0	0	600	133	60	86	240	111	540	84
288	500.0	118.2		113.5		120	145	0	0	660	135	0	0	240	121	480	87
289	420.0	133.3		128.1		180	165	0	0	600	144	0	0	300	122	180	85
290	480.0	136.7		131.1		300	188	0	0	540	135	0	0	540	116	60	82
291	300.0	135.8		130.9		180	186	0	0	420	132	0	0	240	116	60	91
292	500.0	125.4		117.8		300	164	0	0	540	140	0	0	120	132	540	88
293	560.0	106.9		101.0		180	164	0	0	480	129	60	92	0	0	960	86
294	360.0	114.6		110.9		60	145	0	0	420	130	0	0	240	120	360	88
295	440.0	130.2		127.2		240	168	0	0	600	132	0	0	480	109	0	0
296	680.0	108.5		102.2		240	164	0	0	600	131	120	88	120	86	960	86
297	540.0	113.1		106.5		240	166	0	0	600	127	60	87	60	88	660	86
298	400.0	120.9		116.8		120	162	0	0	480	128	0	0	420	118	180	81
299	380.0	123.3		121.7		120	149	0	0	540	130	0	0	420	112	60	91
300	700.0	113.9		107.0		360	153	0	0	600	137	0	0	180	113	960	85
301	540.0	106.3		102.4		120	148	0	0	420	126	0	0	300	115	780	86
302	500.0	128.5		126.4		300	151	0	0	660	133	60	101	420	115	60	89
303	480.0	128.8		121.2		120	185	0	0	720	145	0	0	240	118	360	85
304	460.0	133.6		123.4		300	191	0	0	600	132	60	115	120	136	300	82
305	740.0	109.2		100.2		360	166	0	0	600	134	0	0	60	86	1200	81
306	500.0	125.4		119.5		240	167	0	0	600	135	0	0	360	116	300	84
307	440.0	120.9		116.7		60	221	0	0	660	126	0	0	420	114	180	85
308	780.0	113.4		110.4		480	136	0	0	1080	119	0	0	300	104	480	84
309	680.0	121.9		117.9		540	155	0	0	840	120	0	0	480	101	180	87
310	440.0	128.7		121.5		240	170	0	0	540	142	0	0	240	111	300	86
311	420.0	116.0		110.4		120	174	0	0	420	130	60	89	300	116	360	85
312	660.0	117.8		112.3		540	141	0	0	600	134	120	87	180	113	540	85
313	600.0	119.7		114.2		420	143	0	0	600	139	120	88	300	103	360	85
314	780.0	116.3		110.3		540	158	0	0	600	127	120	90	540	99	540	86
315	640.0	121.7		114.4		300	180	0	0	660	135	0	0	660	98	300	86
316	760.0	127.6		121.3		720	153	0	0	840	136	0	0	180	115	540	85
317	660.0	127.1		124.9		360	151	0	0	720	130	0	0	780	120	120	84
318	840.0	131.4		124.1		780	171	0	0	960	125	60	94	300	121	420	85
319	720.0	120.2		114.0		660	147	0	0	720	132	60	82	180	87	540	87
320	400.0	130.5		126.1		120	179	0	0	540	137	0	0	360	126	180	88
321	560.0	112.4		105.9		180	160	0	0	660	132	0	0	240	99	600	82
322	680.0	125.2		121.7		540	148	0	0	900	130	0	0	360	103	240	89
323	820.0	125.0		117.8		780	158	0	0	900	129	0	0	180	99	600	84
324	840.0	131.1		123.0		780	167	0	0	960	135	0	0	180	109	600	85
325	740.0	114.7		111.4		120	144	0	0	960	130	0	0	480	112	660	89
326	700.0	132.5		124.8		540	176	0	0	780	133	0	0	300	126	480	87
327	540.0	120.1		115.2		180	162	0	0	720	133	120	81	360	108	240	88
328	820.0	128.5		121.2		720	157	60	114	960	138	0	0	60	129	660	85
329	800.0	132.2		125.9		720	160	0	0	720	142	120	98	420	124	420	86
330	900.0	143.0		138.1		1020	173	0	0	900	135	0	0	660	118	120	86
331	820.0	126.3		121.8		540	162	0	0	1080	129	0	0	540	107	300	87
332	1080.0	127.0		119.8		840	170	0	0	1140	128	0	0	540	114	720	85
333	940.0	121.6		118.0		660	146	0	0	1200	127	0	0	480	109	480	87
334	1260.0	121.8		115.2		1320	152	0	0	1320	123	0	0	180	98	960	83
335	1200.0	120.4		114.9		1260	151	0	0	1140	118	60	115	420	97	720	85
336	1040.0	121.0		113.8		1080	155	0	0	840	124	0	0	480	96	720	83
337	900.0	130.9		127.7		780	161	0	0	900	128	0	0	960	112	60	86
338	1100.0	116.5		109.8		840	156	0	0	1140	123	0	0	180	90	1140	85
339	1260.0	119.5		114.8		1260	145	0	0	1320	123	0	0	600	93	600	85
340	940.0	120.3		113.6		720	158	0	0	1020	122	0	0	360	119	720	81
341	1440.0	117.1		113.1		1740	138	0	0	1200	118	0	0	600	98	780	84
342	1280.0	118.6		114.1		1080	150	0	0	1260	118	0	0	720	109	780	85
343	980.0	112.3		106.0		660	150	0	0	840	128	0	0	540	89	900	84
344	1060.0	131.2		128.5		720	165	0	0	1320	128	0	0	1020	115	120	100
345	1140.0	123.3		117.2		1320	144	0	0	1140	127	0	0	240	125	720	79
346	1220.0	115.2		109.3		1080	148	0	0	1200	120	0	0	300	90	1080	84
347	1100.0	111.2		107.8		1020	135	0	0	1080	113	60	107	240	97	900	86
348	1300.0	116.2		111.1		1560	139	0	0	960	121	0	0	420	96	960	83
349	1140.0	113.9		110.4		1320	131	0	0	1200	117	0	0	300	90	600	82
350	1140.0	116.4		113.2		1020	139	0	0	1140	121	0	0	840	98	420	86
351	1260.0	129.6		126.9		1200	153	0	0	1140	127	0	0	1320	115	120	81
352	1140.0	118.4		112.6		1020	153	0	0	1260	115	0	0	540	105	600	79
353	1360.0	103.3		97.2		1080	132	0	0	1320	116	0	0	540	77	1140	74
354	1620.0	112.2		107.6		1560	138	0	0	1380	115	60	111	600	104	1260	81
355	1420.0	113.2		109.7		1440	133	0	0	1440	118	60	105	720	89	600	84
356	1500.0	113.1		109.6		1680	132	0	0	1380	115	0	0	540	101	900	82
357	1180.0	118.6		114.2		1080	143	0	0	1320	122	0	0	480	105	660	82
358	1220.0	122.0		117.7		900	152	0	0	1380	127	0	0	900	104	480	85
359	1360.0	123.4		121.2		1500	141	0	0	1440	120	0	0	840	111	300	87
360	1160.0	118.5		115.8		840	146	0	0	1320	120	60	110	1080	101	180	87
361	1380.0	116.4		112.0		1140	146	0	0	1440	119	0	0	900	100	660	82
362	1360.0	102.3		97.0		900	136	60	102	960	119	60	104	1140	82	960	78
363	1180.0	115.9		113.3		1020	136	0	0	1380	119	0	0	840	98	300	84
364	1220.0	112.8		110.1		960	135	0	0	1380	117	0	0	840	96	480	86
365	1540.0	118.2		115.5		1620	139	0	0	1500	116	0	0	1080	103	420	85
366	1660.0	115.3		111.5		2040	134	0	0	1380	118	0	0	960	93	600	81
367	1400.0	112.4		107.3		1080	142	0	0	1440	122	0	0	900	88	780	82
368	920.0	115.0		112.9		600	130	0	0	1380	118	0	0	420	112	360	82
369	1680.0	110.1		108.4		1860	120	0	0	1620	115	0	0	960	101	600	81
370	1660.0	108.7		105.7		1800	126	0	0	1560	113	0	0	900	89	720	81
371	1660.0	111.7		108.2		1920	130	0	0	1320	117	60	119	1080	87	600	85
372	900.0	125.5		123.2		660	152	0	0	1080	122	0	0	840	115	120	85
373	1140.0	117.9		114.7		900	144	0	0	1260	121	60	112	960	98	240	85
374	1500.0	112.4		109.0		1380	134	0	0	1500	118	0	0	960	93	660	83
375	1640.0	113.5		111.7		1620	130	0	0	1500	116	180	88	1380	98	240	95
376	1280.0	114.2		110.4		1020	144	0	0	1140	116	60	90	1080	101	540	83
377	1300.0	113.7		110.6		1140	137	0	0	1320	117	120	94	780	97	540	85
378	1600.0	114.3		111.6		1860	131	0	0	1380	116	120	109	780	98	660	84
379	1240.0	116.2		113.5		960	143	0	0	1380	116	60	105	960	101	360	88
380	1600.0	115.7		112.5		1740	137	0	0	1200	117	60	101	1200	99	600	86
381	1800.0	109.6		107.0		1920	129	0	0	1740	109	60	86	1200	91	480	84
382	1980.0	103.8		102.3		2220	113	0	0	1620	112	0	0	1800	89	300	80
383	1540.0	111.4		107.5		1620	132	0	0	1320	118	0	0	900	90	780	82
384	1480.0	115.3		112.6		1440	135	0	0	1500	118	0	0	1260	96	240	82
385	1500.0	119.9		118.2		1500	139	0	0	1560	116	0	0	1380	105	60	86
386	1500.0	109.3		107.3		1680	124	0	0	1380	111	0	0	960	95	480	82
387	1880.0	104.7		101.1		1980	125	0	0	1740	108	60	103	1020	81	840	79
388	2260.0	100.7		98.5		2400	114	0	0	1980	107	180	94	1320	82	900	80
389	1880.0	103.6		100.3		1560	128	0	0	1800	108	60	94	1560	84	660	81
390	1660.0	103.5		101.7		1560	119	0	0	1680	106	60	85	900	91	780	83
391	1840.0	106.9		104.4		1980	124	0	0	1800	107	120	102	960	92	660	78
392	2080.0	101.0		98.9		2040	115	0	0	1800	108	60	101	1860	85	480	77
393	1900.0	107.6		105.9		2040	120	0	0	1740	112	0	0	1380	92	540	86
394	1580.0	108.0		105.8		1200	130	0	0	1680	110	120	91	1260	95	480	84
395	2020.0	102.5		100.4		2220	117	0	0	1680	106	60	92	1380	87	720	80
396	1700.0	114.2		113.1		1800	128	0	0	1680	112	0	0	1620	101	0	0
397	1940.0	107.8		104.7		1920	129	0	0	1980	109	0	0	1440	88	480	78
398	1940.0	98.4		96.5		1920	113	0	0	1620	104	60	84	1860	83	360	78
399	2100.0	99.6		97.7		2160	113	0	0	1920	104	120	92	1440	84	660	78
400	2140.0	98.1		97.1		2280	103	0	0	1680	108	120	103	1920	87	420	81
401	2080.0	104.2		103.0		2340	113	0	0	1920	109	60	106	1680	89	240	86
402	1860.0	105.4		103.9		2100	118	0	0	1380	109	60	113	1920	90	120	86
403	1660.0	106.8		105.4		1680	121	0	0	1620	108	0	0	1500	92	180	87
404	1940.0	107.7		106.2		2040	120	0	0	1680	112	60	107	1680	93	360	86
405	1720.0	112.9		111.6		1680	129	0	0	1680	110	0	0	1740	101	60	85
406	1740.0	111.2		109.8		1920	124	0	0	1680	111	0	0	1320	99	300	84
407	1980.0	107.6		106.1		2160	121	0	0	1800	110	0	0	1620	92	360	86
408	1700.0	111.2		109.9		1980	122	0	0	1320	115	0	0	1500	99	300	85
409	1620.0	113.0		111.5		1560	130	0	0	1740	108	0	0	1320	105	240	83
410	2000.0	107.1		104.2		2100	123	0	0	1800	115	0	0	1680	84	420	86
411	1800.0	110.9		108.4		1920	130	0	0	1500	112	0	0	1860	92	120	84
412	1600.0	106.2		102.7		1740	123	0	0	1500	113	0	0	1200	81	360	80
413	1900.0	109.7		106.8		2100	128	0	0	1860	111	0	0	1080	89	660	82
414	2060.0	108.4		105.1		2220	129	0	0	1680	112	0	0	1740	87	540	82
415	1480.0	108.8		106.4		1380	127	0	0	1560	112	60	107	960	90	480	84
416	1820.0	108.0		106.0		2100	121	0	0	1440	114	0	0	1560	91	360	82
417	1740.0	109.4		106.0		1560	132	0	0	1680	114	0	0	1320	92	660	79
418	1760.0	106.5		104.7		1740	121	0	0	1560	110	0	0	1680	93	300	79
419	1740.0	102.0		99.8		1620	113	0	0	1500	115	0	0	1500	84	600	85
420	1680.0	112.3		111.5		1440	125	0	0	1680	114	60	100	1740	102	120	92
421	1680.0	113.9		111.5		1920	130	0	0	1200	119	60	112	1440	96	420	87
422	1640.0	112.3		110.7		1620	130	0	0	1680	109	0	0	1440	100	180	83
423	1820.0	113.3		111.7		2040	128	0	0	1560	114	0	0	1620	98	240	88
424	1700.0	115.5		113.2		1800	135	0	0	1500	114	0	0	1560	99	240	86
425	1760.0	106.8		104.5		1440	130	0	0	1860	107	0	0	1500	92	480	83
426	1960.0	101.4		100.0		1740	113	0	0	1860	108	0	0	2040	87	240	88
427	2100.0	112.4		110.1		2400	126	0	0	1740	120	0	0	1920	92	240	85
428	1840.0	109.9		107.8		1500	133	0	0	1920	109	60	97	1800	95	240	87
429	1940.0	102.8		100.5		1920	118	60	116	1680	109	0	0	1680	86	480	78
430	2060.0	107.3		104.7		2100	124	0	0	1740	113	0	0	2040	90	300	75
431	1700.0	109.8		107.7		1860	123	0	0	1500	116	60	106	1140	92	540	85
432	1660.0	112.8		110.0		1560	135	0	0	1680	114	0	0	1380	93	360	87
433	1540.0	109.9		107.6		1560	127	0	0	1320	115	0	0	1320	92	420	87
434	1600.0	111.0		108.0		1560	133	0	0	1440	110	60	97	1320	98	420	76
435	2280.0	96.1		92.2		2700	109	0	0	1680	109	120	108	1860	71	480	72
436	1800.0	106.4		104.5		1500	126	60	119	1740	107	60	110	1620	93	420	83
437	2060.0	104.1		102.3		2160	117	0	0	1860	109	60	115	1500	87	600	84
438	2160.0	103.0		101.0		2280	118	0	0	1860	106	0	0	2100	87	240	76
439	2120.0	99.3		96.3		1920	117	0	0	1860	108	60	93	2160	80	360	76
440	2080.0	105.4		103.8		2160	118	0	0	1920	110	0	0	1800	90	360	83
441	1780.0	108.6		106.8		1800	125	0	0	1560	110	0	0	1560	95	420	84
442	2020.0	107.3		105.1		1980	124	0	0	1680	113	60	103	2100	90	240	82
443	1800.0	107.4		104.3		1680	130	0	0	1680	110	0	0	1560	88	480	82
444	2160.0	105.4		102.6		2520	124	0	0	1560	107	60	87	1920	85	420	84
445	1740.0	104.9		100.5		1860	123	0	0	1560	115	60	96	1620	77	120	76
446	1620.0	109.6		105.5		1440	136	0	0	1440	115	0	0	1680	88	300	78
447	1820.0	107.0		104.8		1920	123	0	0	1320	113	120	112	1800	89	300	85
448	1480.0	110.5		107.0		1380	134	0	0	1320	115	0	0	1560	90	180	76
449	1420.0	111.0		108.6		1080	133	0	0	1560	115	0	0	1380	94	240	84
450	1600.0	109.0		106.9		1320	129	0	0	1560	112	0	0	1500	95	420	85
451	1860.0	108.3		105.6		1980	126	0	0	1680	112	0	0	1620	87	300	85
452	1520.0	110.1		108.4		1320	125	0	0	1740	114	0	0	1320	93	180	88
453	1940.0	107.8		106.3		2100	120	0	0	1620	113	0	0	1920	92	180	87
454	1720.0	110.4		108.6		1860	123	0	0	1500	117	0	0	1620	93	180	83
455	1680.0	111.9		110.2		1440	129	0	0	1560	115	60	102	1560	100	420	87
456	1520.0	112.5		110.5		1680	128	0	0	1440	113	0	0	1080	98	360	82
457	1660.0	109.8		108.1		1920	121	0	0	1680	113	0	0	960	93	420	84
458	2000.0	108.9		107.0		1980	126	0	0	1860	110	0	0	1980	93	180	84
459	1740.0	107.2		103.6		1800	127	0	0	1500	114	0	0	1680	84	240	79
460	1720.0	107.6		105.0		1320	130	0	0	1500	114	60	112	1800	92	480	84
461	1800.0	105.8		103.7		1620	122	0	0	1620	112	60	115	1620	89	480	86
462	1800.0	107.3		105.3		1740	124	60	117	1500	112	60	100	1860	90	180	86
463	1880.0	103.4		101.2		2100	114	60	105	1500	114	0	0	1740	85	240	77
464	1920.0	106.5		104.3		1800	125	0	0	1680	110	0	0	1980	90	300	85
465	1520.0	105.5		103.4		1380	120	0	0	1440	113	0	0	1560	88	180	85
466	1760.0	105.4		103.5		1860	122	0	0	1620	105	0	0	1620	89	180	84
467	1860.0	98.9		96.0		1680	117	0	0	1620	107	60	93	1620	81	600	75
468	1920.0	103.1		102.0		1860	114	0	0	1620	108	60	102	2100	91	120	81
469	1640.0	106.2		104.2		1680	121	0	0	1620	109	0	0	1200	90	420	82
470	1820.0	104.2		101.9		2100	118	0	0	1560	109	0	0	1680	84	120	82
471	1780.0	101.0		98.1		1740	119	0	0	1620	107	60	85	1200	82	720	77
472	1820.0	96.8		92.3		1560	121	0	0	1680	105	60	92	1920	73	240	73
473	2080.0	94.7		92.3		2340	109	0	0	1440	101	60	101	2160	77	240	75
474	1840.0	98.1		95.7		1800	114	0	0	1560	104	60	92	1740	81	360	76
475	1940.0	101.9		100.9		1980	114	0	0	1800	103	0	0	1680	90	360	86
476	1960.0	97.1		94.4		2100	112	0	0	1440	106	0	0	1860	78	480	79
477	1840.0	101.6		99.5		1800	120	0	0	1560	102	60	106	1620	87	480	80
478	1740.0	95.2		93.5		1680	106	0	0	1320	105	60	100	1920	81	240	78
479	1980.0	97.0		95.2		2220	105	0	0	1680	108	0	0	1860	79	180	83
480	1800.0	101.9		98.7		1680	123	0	0	1380	109	60	87	1980	83	300	78
481	1700.0	102.7		101.1		1800	114	0	0	1740	107	60	87	1080	85	420	84
482	1880.0	99.5		96.8		1800	117	0	0	1560	107	0	0	1920	81	360	78
483	1760.0	100.2		98.0		1920	114	0	0	1440	107	60	88	1500	82	360	78
484	1720.0	103.0		101.4		1740	119	0	0	1620	103	0	0	1560	88	240	85
485	1840.0	98.4		95.4		1920	114	0	0	1620	106	0	0	1560	78	420	73
486	1700.0	103.8		101.6		1680	122	0	0	1440	106	0	0	1680	87	300	85
487	1860.0	105.3		103.3		2160	119	0	0	1440	109	60	97	1680	88	240	82
488	1820.0	98.7		95.8		1980	115	0	0	1380	106	0	0	1800	79	300	75
489	1500.0	103.6		101.7		1560	117	0	0	1560	107	0	0	1320	85	60	75
490	1700.0	99.3		97.3		1680	111	0	0	1440	109	0	0	1620	83	360	79
491	1680.0	94.2		91.7		1680	110	0	0	1380	100	60	97	1680	77	240	69
492	1740.0	94.1		92.7		1980	105	0	0	1260	98	60	89	1740	81	180	74
493	1620.0	94.0		92.7		1740	103	0	0	1560	99	60	91	900	80	600	76
494	1600.0	95.2		92.7		1560	113	60	115	1200	100	0	0	1740	78	240	76
495	1480.0	96.2		93.4		1320	120	0	0	1080	97	120	89	1740	80	180	78
496	1620.0	96.5		93.5		1740	116	0	0	1200	99	60	92	1440	78	420	73
497	1500.0	98.6		96.0		1440	119	0	0	1200	101	60	86	1560	81	240	82
498	1400.0	105.5		103.7		1440	124	0	0	1320	100	0	0	1320	93	120	80
499	1780.0	100.5		98.8		1800	117	0	0	1440	100	0	0	1980	87	120	81
500	1440.0	94.9		92.8		1020	115	60	119	1440	98	60	88	1500	80	240	79
501	1460.0	100.1		98.4		1620	115	0	0	1200	100	60	95	1020	86	480	81
502	1600.0	94.2		92.0		1500	116	0	0	1140	89	120	85	1740	83	300	74
503	1680.0	92.9		89.3		1800	114	0	0	1320	95	60	62	1440	73	420	69
504	1760.0	92.5		90.3		1800	106	0	0	1680	98	0	0	1440	75	360	70
505	1740.0	95.7		94.6		1680	108	0	0	1620	98	0	0	1680	84	240	77
506	1740.0	94.7		91.9		1620	112	0	0	1440	103	60	91	1740	76	360	75
507	1780.0	92.1		88.8		1800	108	0	0	1560	101	60	86	1560	70	360	71
508	1740.0	93.5		92.5		1740	103	0	0	1500	97	60	94	1620	83	300	77
509	1480.0	91.1		88.6		1320	109	60	107	1440	94	0	0	1380	75	240	64
510	1680.0	87.4		84.9		1800	100	0	0	1320	96	120	87	1380	69	420	67
511	1580.0	92.3		89.6		1140	114	0	0	1500	99	0	0	2040	76	60	68
512	1740.0	87.8		84.5		1680	108	0	0	1140	95	60	88	2040	70	300	68
513	1720.0	92.5		90.2		1680	111	0	0	1440	93	120	81	1500	77	420	75
514	1700.0	90.3		88.8		1560	101	0	0	1680	96	0	0	1680	77	180	68
515	1800.0	92.6		90.3		1740	109	0	0	1500	98	0	0	1620	77	540	72
516	1720.0	92.7		90.8		1620	105	0	0	1800	98	0	0	1440	76	300	74
517	1920.0	95.6		93.2		2280	107	0	0	1560	104	0	0	1680	76	240	71
518	1680.0	98.6		97.4		1320	114	0	0	1680	100	60	86	1680	89	300	79
519	1660.0	100.8		98.9		1620	117	0	0	1500	103	60	96	1560	86	240	75
520	1620.0	97.0		94.1		1560	117	0	0	1380	101	0	0	1440	79	480	75
521	1560.0	99.4		97.7		1680	113	0	0	1380	102	0	0	1260	84	360	80
522	1920.0	91.1		89.3		2220	101	0	0	1200	101	120	85	1800	77	420	72
523	1760.0	95.9		93.7		1980	111	0	0	1440	98	60	100	1560	78	240	74
524	1720.0	95.2		93.1		1680	111	0	0	1440	100	0	0	1860	79	180	77
525	1640.0	94.9		90.0		1680	116	0	0	1500	102	0	0	1200	69	540	67
526	1500.0	71.1		66.2		1740	96	0	0	1140	55	0	0	1140	55	480	57
527	1640.0	68.5		64.2		1620	95	0	0	1560	55	0	0	1560	55	180	64
528	1800.0	86.4		84.9		1740	92	0	0	1320	100	120	92	2100	74	120	67
529	1640.0	92.2		90.6		1680	105	0	0	1560	95	0	0	960	79	720	74
530	1580.0	95.8		94.0		1440	111	0	0	1500	100	0	0	1260	82	540	76
531	1540.0	99.9		97.7		1200	120	0	0	1560	104	0	0	1500	84	360	81
532	1540.0	101.3		100.2		1260	115	60	113	1440	104	120	95	1500	89	240	91
533	1600.0	103.4		101.8		1800	117	0	0	1500	104	0	0	1380	87	120	80
534	1620.0	95.2		92.2		1500	115	0	0	1440	100	60	90	1500	76	360	74
535	1820.0	96.0		94.3		2160	105	0	0	1500	104	0	0	1560	79	240	76
536	1420.0	97.7		96.0		1680	108	0	0	1380	102	0	0	600	79	600	78
537	1680.0	94.2		90.7		1800	112	0	0	1440	100	0	0	1380	73	420	68
538	1780.0	89.5		85.7		1560	108	0	0	1620	99	60	96	1740	69	360	64
539	1800.0	85.2		81.8		1980	100	0	0	1200	96	60	101	1740	66	420	62
540	1700.0	87.6		86.1		1800	94	0	0	1380	98	120	94	1560	73	240	71
541	1560.0	91.3		89.3		1380	103	0	0	1320	102	120	86	1740	76	120	67
542	1440.0	90.7		87.9		1380	106	0	0	1200	99	60	100	1440	73	240	65
543	1620.0	92.6		89.2		1560	112	0	0	1320	99	60	90	1380	75	540	66
544	1760.0	90.3		87.8		1860	103	0	0	1200	101	180	95	1560	73	480	69
545	1600.0	90.8		86.8		1320	109	0	0	1320	106	60	93	1740	70	360	69
546	1540.0	96.1		92.8		1620	114	0	0	1320	101	60	96	1320	75	300	70
547	1460.0	94.9		92.8		1200	115	0	0	1500	96	60	83	1380	81	240	71
548	1380.0	88.8		85.9		1500	102	0	0	1200	97	0	0	1260	69	180	63
549	1880.0	64.8		63.5		1620	80	0	0	1860	59	0	0	1860	59	300	55
550	1800.0	67.4		64.2		2100	87	0	0	1440	55	0	0	1440	55	420	55
551	1760.0	70.7		66.4		1800	97	0	0	1500	57	0	0	1500	57	480	58
552	1660.0	73.4		68.6		2040	97	0	0	1140	57	0	0	1140	57	660	57
553	1260.0	86.6		82.3		1080	104	0	0	1320	96	60	99	840	62	480	63
554	1540.0	93.4		91.4		1380	106	0	0	1440	101	60	90	1380	79	360	70
555	1600.0	82.8		79.2		1440	104	0	0	1020	91	180	87	1680	65	480	63
556	1560.0	79.6		75.3		1380	94	0	0	1380	94	0	0	1320	61	600	54
557	1680.0	67.0		63.1		1560	93	0	0	1560	56	0	0	1560	56	360	49
558	1600.0	88.9		85.9		1320	111	0	0	1500	93	0	0	1680	71	300	71
559	1720.0	88.8		85.4		1980	104	0	0	1140	98	60	94	1260	70	720	65
560	1620.0	92.6		90.2		1860	105	0	0	1440	98	0	0	1200	75	360	66
561	1480.0	96.0		94.3		1020	120	0	0	1320	93	120	93	1560	88	420	78
562	1560.0	90.0		87.3		1380	106	0	0	1560	97	0	0	1140	72	600	69
563	1760.0	89.9		88.2		1920	102	0	0	1500	93	0	0	1500	77	360	66
564	1540.0	84.4		82.7		1440	90	60	95	1140	98	60	92	1320	74	600	66
565	1640.0	97.0		95.8		2040	106	0	0	1200	102	0	0	1500	83	180	79
566	1200.0	98.0		96.1		1080	115	0	0	1080	101	120	93	960	84	360	77
567	1360.0	101.9		99.6		1440	116	0	0	1020	110	60	100	1500	84	60	75
568	1260.0	103.5		101.2		1080	125	0	0	1260	104	60	100	1140	87	240	83
569	1360.0	101.2		99.6		1320	116	0	0	1080	105	0	0	1320	88	360	84
570	1240.0	101.4		99.5		1440	114	0	0	1140	104	0	0	900	84	240	78
571	1240.0	103.6		101.5		1020	126	0	0	1200	103	60	104	1200	89	240	84
572	1360.0	102.1		100.9		1440	113	0	0	1260	105	0	0	840	90	540	85
573	1600.0	103.7		101.2		1860	122	0	0	1320	101	60	93	1200	86	360	80
574	1460.0	101.7		99.2		1320	123	0	0	1260	103	120	90	1140	87	540	80
575	1420.0	101.8		98.7		1620	121	60	107	1200	99	0	0	1020	85	360	71
576	1580.0	102.2		98.2		1560	129	0	0	1140	102	60	97	1680	82	300	77
577	1620.0	96.0		94.1		1800	110	0	0	1260	99	60	86	1440	80	300	78
578	1520.0	94.1		91.3		1320	116	0	0	1380	97	60	84	1620	76	180	78
579	1420.0	97.2		94.6		1620	112	0	0	1260	101	60	84	1080	77	240	72
580	1440.0	94.3		92.3		1620	108	0	0	1080	99	60	93	1380	77	180	77
581	1400.0	92.7		91.2		1620	103	0	0	1140	97	0	0	1260	78	180	75
582	1300.0	97.2		93.5		1140	121	0	0	1260	101	0	0	1200	77	300	71
583	1580.0	95.2		91.1		1800	114	0	0	1260	101	0	0	1320	70	360	73
584	1700.0	102.3		100.6		1920	117	0	0	1440	102	60	90	1200	87	480	84
585	1660.0	98.7		95.1		1500	125	0	0	1320	101	0	0	1680	80	480	76
586	1460.0	102.9		101.0		1500	120	0	0	1080	105	60	97	1380	88	360	84
587	1340.0	100.4		99.1		1560	112	0	0	1080	102	0	0	900	87	480	84
588	1460.0	96.7		93.6		1380	116	0	0	1320	102	0	0	1200	78	480	73
589	1620.0	103.4		101.5		1920	118	0	0	1440	103	0	0	1020	87	480	81
590	1580.0	91.4		87.7		1440	109	0	0	1260	103	60	100	1380	73	600	66
591	1540.0	97.8		95.5		1380	117	0	0	1440	100	0	0	1320	82	480	79
592	1380.0	105.9		103.9		1500	120	0	0	1260	110	0	0	960	88	420	84
593	1540.0	99.0		97.4		1200	115	0	0	1620	103	0	0	1320	86	480	81
594	1740.0	94.0		91.8		1800	108	0	0	1140	103	60	104	1800	78	420	77
595	1600.0	99.2		97.8		1980	109	0	0	1560	101	60	101	960	82	240	76
596	1540.0	90.6		85.6		1320	111	0	0	1260	106	60	99	1440	68	540	64
597	1580.0	91.1		87.3		1440	111	60	106	1080	103	60	78	1920	72	180	64
598	1320.0	103.0		101.2		960	125	0	0	1260	105	60	88	1380	90	300	87
599	1280.0	108.8		107.4		1200	125	0	0	1380	108	0	0	1140	94	120	96
600	1580.0	98.4		94.8		1560	117	0	0	1200	109	60	98	1740	77	180	74
601	1420.0	109.0		106.2		1320	129	0	0	1380	113	60	98	1200	90	300	81
602	1380.0	110.1		106.8		1500	128	0	0	1380	114	60	104	1020	84	180	81
603	1380.0	104.7		101.2		1140	128	0	0	1320	112	0	0	1320	84	360	80
604	1360.0	100.7		96.7		840	126	0	0	1200	116	60	111	1680	81	300	77
605	1100.0	101.4		97.8		720	133	0	0	1080	106	180	95	600	84	720	79
606	1260.0	100.2		96.9		900	123	0	0	1260	110	0	0	1080	80	540	80
607	1300.0	105.7		103.7		1140	126	0	0	1500	104	0	0	900	91	360	85
608	1760.0	102.9		100.2		1740	118	0	0	1680	107	60	43	1380	88	420	81
609	1540.0	105.7		102.5		1680	125	0	0	1080	111	120	102	1140	84	600	84
610	1100.0	103.7		99.7		840	125	0	0	1200	113	0	0	720	87	540	72
611	1360.0	109.2		107.0		1320	128	0	0	1500	108	0	0	960	94	300	81
612	1580.0	107.9		105.5		1680	125	0	0	1140	112	0	0	1440	94	480	80
613	1200.0	105.2		102.5		900	129	0	0	1200	109	0	0	1140	91	360	78
614	1280.0	106.1		103.4		1140	127	0	0	1080	112	60	98	1320	87	240	88
615	1480.0	109.6		106.2		1500	132	0	0	1260	113	60	87	1020	89	600	84
616	1260.0	111.1		107.5		1140	138	0	0	1140	113	0	0	1320	90	180	84
617	1360.0	112.3		109.3		1080	141	0	0	1260	111	60	81	1500	98	180	79
618	1260.0	107.9		105.0		1080	131	0	0	1080	111	180	108	960	92	480	81
619	1340.0	107.5		103.7		1020	134	0	0	1320	115	120	95	1080	86	480	82
620	1540.0	103.7		100.1		1380	124	60	118	1380	112	0	0	1200	84	600	76
621	1600.0	109.2		106.6		1620	130	0	0	1620	108	0	0	900	91	660	86
622	1560.0	103.0		100.6		1560	120	0	0	1500	106	60	102	1080	84	480	81
623	1540.0	97.9		94.9		1620	111	0	0	1020	113	180	101	1500	77	300	79
624	1400.0	104.5		100.9		1260	131	0	0	1440	104	0	0	1020	85	480	78
625	1720.0	97.4		93.9		1800	115	0	0	1320	106	60	100	1320	78	660	71
626	1520.0	87.6		83.2		1380	102	0	0	1380	102	120	93	1260	64	420	62
627	1400.0	91.2		87.4		1320	107	0	0	1140	104	120	99	1140	70	480	66
628	1460.0	86.6		80.9		1320	107	0	0	1140	104	0	0	1560	63	360	59
629	1300.0	104.3		102.8		1260	118	0	0	1320	105	60	99	900	94	360	80
630	1360.0	102.0		99.0		1020	123	0	0	1260	111	60	108	1080	84	660	81
631	1240.0	106.9		104.3		960	132	0	0	1440	107	0	0	960	89	360	87
632	1540.0	105.3		103.6		1320	124	60	113	1440	105	60	105	1320	93	420	85
633	1460.0	103.1		100.2		1440	123	0	0	1140	108	0	0	1440	85	360	80
634	1420.0	97.1		95.3		1440	109	0	0	1380	102	60	101	840	82	540	76
635	1720.0	91.4		85.6		1560	110	0	0	1440	109	60	104	1260	68	840	61
636	1420.0	98.9		91.9		1320	122	0	0	1260	110	0	0	1080	82	600	55
637	1180.0	112.1		109.8		900	137	0	0	1200	111	60	111	1140	99	240	86
638	1340.0	101.6		98.4		1020	125	0	0	1380	107	0	0	840	87	780	77
639	1660.0	103.8		100.9		1800	124	0	0	1200	104	120	98	1380	87	480	77
640	1120.0	110.1		107.7		780	136	0	0	960	114	60	108	1260	97	300	86
641	1060.0	109.8		109.0		540	131	0	0	1260	107	0	0	1380	104	0	0
642	1320.0	108.6		106.5		1260	127	0	0	1440	108	0	0	900	94	360	83
643	1480.0	104.8		101.5		1260	130	0	0	1320	108	0	0	1200	89	660	79
644	1060.0	95.8		92.3		420	128	0	0	1140	108	60	95	1080	80	480	74
645	1380.0	103.9		98.7		1140	134	0	0	1320	110	60	99	1080	81	540	72
646	1140.0	110.1		107.4		780	136	0	0	1440	111	60	107	600	99	540	83
647	1380.0	106.2		103.8		1380	125	0	0	1380	107	60	102	660	88	660	84
648	1620.0	103.1		100.0		1260	128	0	0	1620	107	120	107	1440	82	420	85
649	1740.0	106.2		103.9		2040	121	0	0	1500	109	60	86	1080	87	540	83
650	1080.0	113.6		111.1		1020	133	0	0	1080	116	0	0	840	97	300	85
651	1380.0	107.2		104.3		1140	137	0	0	1500	98	120	88	1080	97	300	84
652	1920.0	94.6		90.5		1980	115	0	0	1500	102	60	94	1680	73	540	67
653	1620.0	96.8		92.1		1620	115	0	0	1260	111	60	102	1800	72	120	70
654	1160.0	108.8		106.4		600	138	0	0	1260	110	0	0	1200	103	420	80
655	1400.0	107.4		103.6		1440	132	0	0	1140	108	180	92	660	88	780	81
656	1520.0	100.0		98.6		1620	115	0	0	1440	97	120	97	660	89	720	83
657	1840.0	96.9		94.8		1680	111	60	108	1380	107	0	0	2280	81	120	82
658	1460.0	101.4		96.6		1320	127	0	0	1200	109	60	107	960	83	840	71
659	1200.0	79.5		69.0		1620	112	0	0	600	56	0	0	600	56	780	48
660	1260.0	86.9		82.9		1320	95	0	0	1260	101	60	99	720	64	420	57
661	1380.0	84.8		81.8		1500	92	0	0	1080	101	120	92	960	66	480	62
662	1260.0	86.2		83.0		1200	92	0	0	1320	99	120	103	660	66	480	60
663	1560.0	85.3		81.1		1680	94	0	0	1260	104	60	105	1260	63	420	59
664	1240.0	64.0		58.7		1380	90	0	0	840	49	0	0	840	49	660	48
665	1560.0	79.6		77.1		1980	82	0	0	1320	96	0	0	600	61	780	60
666	1500.0	81.3		78.5		1560	84	0	0	1260	100	60	98	1320	64	300	61
667	1280.0	78.6		75.5		1080	80	120	81	1320	96	0	0	900	61	420	57
668	1300.0	77.7		76.0		1200	89	0	0	1260	82	60	79	840	67	540	59
669	1500.0	72.7		71.6		1680	83	0	0	1440	71	0	0	1080	63	300	58
670	1400.0	72.0		69.1		1620	89	0	0	1140	58	60	36	960	68	420	59
671	1240.0	64.5		62.5		1320	81	0	0	900	55	0	0	900	55	600	57
672	1480.0	73.8		73.3		1440	79	0	0	1380	78	0	0	1500	66	120	62
673	1260.0	68.4		66.5		1500	83	0	0	900	59	0	0	900	59	480	58
674	1100.0	65.6		63.5		1680	77	0	0	480	55	0	0	480	55	660	52
675	1360.0	74.1		73.0		1500	83	0	0	1140	74	120	50	1200	67	120	58
676	1440.0	65.4		63.7		1380	81	60	88	1200	58	0	0	1200	58	480	55
677	1240.0	66.0		63.8		1500	80	0	0	960	58	180	46	600	60	480	53
678	1100.0	55.7		53.0		1320	71	60	62	600	45	0	0	600	45	720	45
679	1520.0	64.6		63.6		1560	75	0	0	1200	57	60	88	1320	61	420	56
680	1300.0	70.0		68.8		1320	82	0	0	1140	67	60	47	1020	63	360	59
681	1560.0	68.0		66.7		1800	79	60	88	1260	61	60	81	840	61	660	57
682	1480.0	68.4		67.0		1560	81	0	0	1260	64	60	42	960	61	600	59
683	1380.0	71.0		69.8		1440	83	0	0	1200	63	0	0	1080	68	420	60
684	1520.0	69.4		67.6		1560	85	0	0	1440	61	60	43	1020	64	480	59
685	1420.0	70.7		68.7		1500	87	0	0	1260	62	60	45	840	64	600	60
686	1280.0	71.7		70.0		1200	85	0	0	1260	72	60	51	960	63	360	53
687	1360.0	72.3		70.6		1320	89	0	0	1200	65	60	69	960	65	540	61
688	1220.0	67.0		64.0		1200	87	60	97	960	57	0	0	960	57	480	53
689	1360.0	69.9		65.9		1440	85	60	72	780	56	120	25	1380	69	300	55
690	1200.0	64.0		62.4		1320	78	0	0	840	57	0	0	840	57	600	53
691	1340.0	69.5		68.2		1560	80	60	90	1200	64	60	48	660	63	480	58
692	1400.0	69.1		67.4		1440	82	0	0	1200	62	60	31	900	64	600	64
693	1400.0	73.0		70.7		1500	89	0	0	1140	67	60	35	1080	65	420	58
694	1420.0	70.0		67.6		1620	87	0	0	1140	58	120	68	900	62	480	57
695	1180.0	66.3		62.8		1440	85	0	0	780	55	0	0	780	55	540	49
696	1460.0	58.4		54.2		1440	82	60	87	1260	46	0	0	1260	46	360	46
697	1220.0	56.9		55.7		1560	66	0	0	720	52	0	0	720	52	660	46
698	1140.0	62.8		60.1		1620	76	60	72	480	51	0	0	480	51	780	49
699	1340.0	68.6		65.9		1800	83	60	86	780	58	0	0	780	58	600	51
700	1380.0	69.7		66.1		1620	90	0	0	960	58	0	0	960	58	600	52
701	1020.0	67.3		61.2		1200	94	0	0	540	50	0	0	540	50	780	50
702	1240.0	69.6		63.9		1620	93	0	0	660	53	0	0	660	53	780	49
703	1420.0	64.6		60.8		1680	84	60	94	840	52	0	0	840	52	840	49
704	1660.0	61.9		57.9		1680	86	0	0	1380	50	0	0	1380	50	540	48
705	1260.0	67.3		63.7		1680	84	60	96	600	54	0	0	600	54	840	51
706	1460.0	65.0		62.9		2100	77	0	0	720	55	0	0	720	55	840	52
707	1440.0	65.4		59.4		1680	92	0	0	1080	49	0	0	1080	49	480	46
708	1600.0	62.2		56.6		1800	88	0	0	1260	47	0	0	1260	47	480	45
709	1380.0	65.7		63.1		2160	78	0	0	600	53	0	0	600	53	780	51
710	1600.0	60.2		57.7		1680	78	0	0	1260	51	0	0	1260	51	600	49
711	1480.0	58.8		57.7		2040	67	60	69	780	52	0	0	780	52	780	50
712	1340.0	65.6		60.1		1680	89	0	0	840	49	0	0	840	49	660	48
713	820.0	72.7		67.1		900	101	0	0	360	59	0	0	360	59	840	54
714	1100.0	85.0		80.7		780	117	0	0	960	89	60	76	900	67	600	65
715	1120.0	101.1		99.0		960	124	0	0	1200	97	0	0	840	89	360	82
716	920.0	106.9		104.3		900	130	0	0	840	103	0	0	540	94	480	85
717	900.0	109.0		105.7		960	132	0	0	900	103	0	0	420	98	420	80
718	960.0	105.0		102.0		840	132	0	0	780	103	60	85	900	91	300	81
719	900.0	110.0		107.6		660	140	0	0	900	103	0	0	960	100	180	88
720	740.0	103.1		101.4		300	135	0	0	780	104	60	87	780	98	300	85
721	920.0	102.5		100.3		540	133	0	0	1020	101	0	0	780	94	420	83
722	920.0	99.5		98.2		420	122	0	0	1020	102	60	85	780	94	480	85
723	880.0	97.2		96.1		660	111	0	0	720	101	60	73	840	91	360	83
724	1080.0	114.9		111.7		1260	137	0	0	840	104	0	0	720	107	420	84
725	760.0	104.3		101.5		360	143	0	0	840	104	60	84	480	100	540	85
726	1000.0	104.1		99.4		600	152	0	0	780	103	60	95	1020	88	540	84
727	860.0	114.7		110.8		600	154	0	0	900	106	0	0	900	104	180	80
728	980.0	106.8		103.6		720	140	0	0	900	104	0	0	960	92	360	87
729	940.0	109.9		107.2		600	145	60	118	1020	99	0	0	900	104	240	89
730	1120.0	111.4		108.0		900	146	0	0	1260	100	0	0	960	100	240	87
731	940.0	109.4		106.9		780	136	0	0	900	103	0	0	780	101	360	86
732	820.0	113.0		109.9		720	142	0	0	960	103	60	83	540	104	180	87
733	880.0	111.0		106.8		720	146	0	0	960	105	60	82	540	96	360	84
734	900.0	107.7		105.3		540	141	0	0	1080	104	60	96	660	99	360	87
735	920.0	112.2		109.4		660	142	0	0	960	110	60	95	780	101	300	86
736	920.0	112.0		108.9		600	149	0	0	960	105	0	0	900	103	300	87
737	860.0	110.7		106.7		540	155	0	0	840	102	60	76	900	101	240	87
738	840.0	103.1		100.0		480	144	0	0	780	97	0	0	900	93	360	87
739	940.0	112.4		108.9		900	140	0	0	840	106	60	88	660	101	360	83
740	880.0	108.5		105.0		660	142	0	0	660	108	120	83	840	95	360	88
741	900.0	108.0		106.0		660	133	0	0	1020	106	0	0	780	96	240	87
742	820.0	108.2		106.1		420	139	0	0	960	102	0	0	840	107	240	83
743	780.0	111.1		108.4		420	149	0	0	900	106	0	0	780	105	240	84
744	960.0	107.4		104.4		600	143	0	0	960	105	0	0	1020	96	300	83
745	900.0	108.5		104.7		540	154	0	0	840	98	0	0	1080	99	240	86
746	960.0	113.5		109.8		600	157	0	0	1020	104	0	0	960	104	300	89
747	900.0	119.9		114.7		900	155	0	0	960	109	0	0	540	100	300	85
748	780.0	105.9		102.1		480	149	0	0	780	101	60	91	900	92	120	78
749	820.0	111.6		108.7		540	146	0	0	960	104	60	82	600	107	300	89
750	700.0	99.2		98.4		300	117	0	0	780	97	60	75	660	101	300	88
751	800.0	105.5		102.8		600	136	0	0	660	102	60	88	780	94	300	86
752	860.0	107.4		105.3		840	128	0	0	840	103	60	85	480	97	360	87
753	880.0	107.9		104.4		780	139	0	0	840	100	60	85	540	95	420	86
754	920.0	106.3		104.2		840	126	0	0	840	107	0	0	720	92	360	87
755	960.0	110.2		107.2		720	141	0	0	1020	104	60	70	780	101	300	89
756	960.0	116.8		112.4		1020	145	0	0	1080	110	0	0	360	97	420	83
757	940.0	112.4		110.0		780	134	0	0	1140	112	0	0	480	102	420	85
758	800.0	109.8		105.7		600	147	0	0	1140	103	60	83	240	96	360	83
759	1000.0	107.5		104.6		840	134	0	0	840	106	60	78	900	96	360	83
760	920.0	106.2		103.3		840	133	0	0	900	99	0	0	600	95	420	84
761	1020.0	104.4		101.8		900	130	0	0	1080	99	60	83	660	92	360	83
762	920.0	104.2		100.6		780	136	0	0	900	98	0	0	720	88	360	83
763	1020.0	101.8		99.6		840	126	0	0	900	99	60	96	840	90	420	84
764	960.0	106.5		103.7		780	130	0	0	1020	108	60	69	540	93	480	85
765	1140.0	103.5		100.5		1020	131	0	0	900	98	60	92	1200	89	240	82
766	1200.0	112.5		110.0		1200	136	0	0	1200	106	0	0	780	98	420	91
767	900.0	108.6		105.6		840	136	0	0	840	98	60	79	720	99	240	86
768	920.0	108.8		106.5		960	131	0	0	900	100	0	0	600	97	300	88
769	920.0	112.4		106.9		960	144	0	0	720	110	0	0	660	89	420	81
770	1020.0	110.0		107.6		1080	131	0	0	960	104	60	88	540	98	420	88
771	940.0	107.6		104.7		780	135	0	0	900	104	0	0	840	95	300	82
772	780.0	102.6		99.9		360	143	0	0	900	100	60	98	720	96	300	79
773	920.0	103.8		101.6		840	127	0	0	1020	96	0	0	660	93	240	85
774	960.0	113.1		109.6		900	142	0	0	960	106	0	0	600	101	420	85
775	960.0	110.7		107.8		780	140	0	0	960	106	60	90	660	100	420	87
776	920.0	108.7		105.0		660	146	0	0	840	99	60	81	900	100	300	85
777	1100.0	103.6		99.4		900	134	0	0	960	107	0	0	1080	83	360	80
778	1120.0	111.7		108.9		960	138	0	0	1080	108	60	97	960	99	300	84
779	1060.0	109.6		105.9		1080	138	0	0	1020	100	0	0	720	94	360	83
780	920.0	109.0		107.1		660	134	0	0	960	101	0	0	840	106	300	88
781	1140.0	108.9		106.2		1020	132	0	0	1140	107	0	0	660	100	600	83
782	1120.0	102.1		100.3		900	124	0	0	1020	101	0	0	1020	91	420	85
783	1040.0	107.4		104.4		1140	129	0	0	900	104	60	84	660	90	360	83
784	1040.0	107.0		103.9		900	136	0	0	1020	102	60	94	660	91	480	87
785	1260.0	111.2		107.4		1620	133	0	0	1020	105	0	0	840	86	300	85
786	1080.0	111.3		107.6		960	141	0	0	960	109	60	82	900	95	360	84
787	880.0	105.8		102.5		720	137	0	0	840	102	60	96	540	89	480	86
788	1060.0	103.9		102.5		900	121	0	0	1020	104	0	0	840	95	420	85
789	1020.0	111.5		109.0		1080	134	0	0	840	104	60	83	840	99	240	88
790	1100.0	108.2		105.3		960	135	0	0	960	107	0	0	1080	92	300	85
791	1120.0	113.6		110.1		1200	140	0	0	1020	106	60	101	660	95	420	88
792	960.0	113.5		110.6		900	140	0	0	960	106	60	100	660	101	300	88
793	1140.0	109.4		106.3		960	135	0	0	1140	110	120	92	660	96	540	83
794	980.0	108.3		105.1		840	137	0	0	960	103	60	89	720	96	360	83
795	1020.0	109.1		106.4		780	139	0	0	1200	102	60	105	720	99	300	85
796	980.0	113.9		109.4		960	144	0	0	960	109	60	78	540	98	420	82
797	1080.0	111.0		107.0		1020	142	0	0	1140	104	60	100	720	90	300	85
798	1060.0	108.5		105.5		660	144	0	0	1080	106	120	86	840	100	480	86
799	1020.0	110.5		106.9		960	139	0	0	960	106	0	0	780	93	360	84
800	980.0	109.3		106.8		660	139	0	0	1140	107	0	0	660	99	480	88
801	1020.0	107.4		103.9		780	142	0	0	960	99	60	86	1020	96	240	82
802	1160.0	109.5		104.9		1200	140	0	0	1080	102	0	0	780	89	420	80
803	1060.0	109.3		105.3		1020	140	0	0	900	101	60	98	900	93	300	81
804	1060.0	105.5		102.5		960	130	0	0	900	106	60	87	900	89	360	83
805	1200.0	109.7		106.1		1200	138	0	0	1140	101	0	0	780	94	480	85
806	1020.0	113.0		110.4		960	139	0	0	1260	105	0	0	600	97	240	91
807	980.0	112.3		109.6		840	140	0	0	1080	106	60	86	660	101	300	88
808	1120.0	101.7		99.4		780	127	0	0	1140	104	60	88	1080	87	300	83
809	920.0	103.0		101.7		660	122	0	0	1020	102	0	0	780	95	300	85
810	1140.0	107.0		104.2		1020	131	0	0	960	106	0	0	1140	94	300	78
811	880.0	107.8		105.5		480	137	0	0	960	108	0	0	720	104	480	84
812	960.0	105.1		101.4		660	143	0	0	1020	97	60	65	840	94	300	88
813	900.0	103.1		100.4		660	133	0	0	1020	99	0	0	780	90	240	81
814	980.0	103.2		100.4		900	129	0	0	900	97	60	76	540	93	540	84
815	1180.0	103.1		100.2		840	132	0	0	1020	103	60	119	1080	92	540	79
816	1060.0	107.7		105.1		900	133	0	0	1020	105	0	0	720	96	540	86
817	1080.0	104.7		102.4		720	132	0	0	1140	105	0	0	1080	91	300	87
818	1200.0	109.3		106.4		1080	137	0	0	1200	102	0	0	780	97	540	88
819	1240.0	103.9		101.0		1020	133	0	0	1080	99	60	94	960	91	600	85
820	1120.0	104.5		100.3		960	139	0	0	1020	99	120	84	900	85	360	84
821	1120.0	105.4		102.1		960	135	0	0	960	99	60	89	840	95	540	82
822	1240.0	104.3		102.3		840	128	0	0	1260	104	60	88	1080	97	480	82
823	1220.0	103.5		101.1		960	125	0	0	1260	106	120	85	780	93	540	79
824	1160.0	105.0		103.1		900	129	0	0	1080	100	0	0	1020	97	480	88
825	1200.0	103.6		101.2		900	131	0	0	1140	101	60	83	1080	92	420	85
826	1180.0	100.2		98.8		1140	114	0	0	1140	100	0	0	840	93	420	78
827	1320.0	103.9		100.5		1080	133	0	0	1200	104	60	99	1200	86	420	81
828	1180.0	106.3		103.3		960	131	0	0	1320	108	0	0	600	90	660	82
829	1220.0	104.5		101.5		1200	129	0	0	1200	99	60	104	540	90	660	82
830	1400.0	110.8		106.6		1500	138	0	0	1260	106	120	99	1020	86	300	84
831	920.0	107.5		105.1		540	137	0	0	1020	104	0	0	660	107	540	85
832	1100.0	100.9		98.5		840	128	0	0	1020	97	60	93	720	93	660	82
833	1060.0	107.7		105.4		660	140	0	0	960	106	0	0	1080	97	480	91
834	800.0	106.2		103.9		600	129	0	0	840	109	60	86	480	94	420	85
835	1220.0	103.2		99.4		1080	132	0	0	1200	101	60	87	780	87	540	76
836	1360.0	99.2		95.7		1200	123	0	0	1080	105	120	88	1020	80	660	78
837	1100.0	102.6		99.7		840	133	0	0	1080	97	60	98	660	92	660	84
838	980.0	103.6		101.4		600	133	0	0	1020	99	0	0	840	100	480	83
839	1080.0	105.6		102.3		960	134	0	0	960	102	60	107	840	88	420	84
840	1060.0	104.2		102.3		1020	122	0	0	1140	103	0	0	540	92	480	83
841	900.0	104.5		101.8		600	135	0	0	960	104	60	84	660	91	420	86
842	1180.0	103.3		100.1		1200	127	0	0	1020	101	60	91	540	86	720	81
843	980.0	105.7		102.3		720	138	0	0	1020	102	0	0	780	95	420	79
844	1120.0	100.5		97.5		720	129	0	0	1260	104	0	0	660	85	720	80
845	1080.0	107.7		104.1		900	140	0	0	1080	101	0	0	780	95	480	83
846	1060.0	112.4		109.5		1260	133	0	0	900	107	60	80	360	98	600	89
847	1120.0	108.1		104.1		1020	138	0	0	1080	104	60	78	600	95	600	81
848	1140.0	104.7		102.2		1020	128	0	0	1020	103	120	95	660	93	600	83
849	1160.0	106.6		103.2		1080	134	0	0	840	106	60	84	780	90	720	86
850	1060.0	108.6		106.3		900	133	0	0	960	103	60	107	720	101	540	88
851	980.0	99.0		96.1		480	138	0	0	900	101	0	0	1080	89	480	79
852	980.0	102.7		100.3		720	129	0	0	1260	98	0	0	540	97	420	79
853	1260.0	100.6		97.6		1020	127	0	0	1080	99	120	85	840	93	720	77
854	1180.0	103.7		101.6		1020	126	0	0	1260	99	60	92	660	96	540	83
855	1420.0	105.3		102.8		1500	125	0	0	1140	104	60	90	720	91	840	85
856	1140.0	110.0		107.6		1200	130	0	0	900	102	60	82	720	107	540	86
857	1320.0	100.7		98.7		1380	119	0	0	1020	98	60	90	780	88	720	84
858	1160.0	113.8		110.1		1320	138	0	0	1200	107	60	99	420	93	480	84
859	1040.0	105.8		102.1		900	137	0	0	900	98	180	77	600	96	540	87
860	1180.0	108.7		106.7		1380	124	0	0	1080	106	0	0	720	98	360	80
861	1060.0	95.8		93.1		780	116	0	0	960	102	60	84	780	88	600	71
862	1140.0	101.0		98.2		1140	120	0	0	840	107	60	80	720	86	660	79
863	1120.0	104.1		100.4		1260	127	0	0	900	101	120	89	540	86	540	77
864	1280.0	98.6		95.2		960	130	0	0	1200	97	60	91	960	83	660	79
865	1620.0	97.3		94.4		1620	120	0	0	1380	93	120	99	1260	81	480	75
866	1680.0	94.9		92.0		1500	118	0	0	1620	95	60	90	1080	76	780	77
867	1460.0	91.6		86.1		1260	115	60	101	960	111	0	0	1200	68	900	69
868	860.0	98.0		95.7		240	127	0	0	1020	106	180	97	300	101	840	79
869	1220.0	100.0		97.0		840	125	0	0	1320	105	60	86	420	87	1020	79
870	1460.0	106.7		104.4		1080	133	0	0	1680	105	60	103	900	93	660	87
871	1460.0	104.2		101.3		1320	124	0	0	1260	110	120	105	900	88	780	80
872	1460.0	99.3		93.5		1080	129	0	0	1260	112	60	106	780	82	1200	70
873	1160.0	109.6		105.2		900	142	0	0	1260	112	0	0	540	87	780	84
874	1280.0	108.5		104.7		1020	138	0	0	1260	112	60	100	720	87	780	85
875	1160.0	103.4		99.6		360	146	0	0	1500	114	0	0	840	90	780	78
876	1040.0	108.7		106.7		480	134	0	0	1380	113	0	0	780	100	480	85
877	1000.0	112.2		110.4		540	136	0	0	1140	116	60	113	1080	101	180	84
878	920.0	123.2		119.6		660	153	0	0	780	130	60	88	840	111	420	93
879	1080.0	122.9		117.2		1020	152	0	0	1140	128	60	97	420	93	600	87
880	880.0	120.0		114.6		540	165	0	0	1140	121	0	0	540	100	420	85
881	1100.0	122.1		117.7		900	153	0	0	1080	126	0	0	900	104	420	85
882	1000.0	115.0		112.0		480	144	0	0	1260	123	0	0	840	101	420	86
883	880.0	124.9		121.3		600	159	0	0	1020	127	0	0	840	105	180	92
884	1140.0	118.8		115.4		900	143	0	0	1200	120	60	103	780	113	480	82
885	1060.0	117.8		113.4		840	146	0	0	1320	122	0	0	360	93	660	87
886	1040.0	116.4		113.1		660	150	0	0	1140	119	60	99	840	102	420	88
887	940.0	130.2		125.6		840	163	0	0	1080	127	60	86	600	111	240	89
888	1240.0	121.0		115.9		1080	151	0	0	1140	128	60	98	1020	99	420	82
889	940.0	123.4		119.3		600	160	0	0	1020	128	60	112	1020	103	120	81
890	980.0	115.0		111.8		360	164	0	0	1140	119	120	108	1140	101	180	85
891	1160.0	107.7		104.1		420	141	0	0	1260	121	0	0	1080	97	720	81
892	1080.0	116.3		111.8		540	152	0	0	1200	126	0	0	1020	103	480	80
893	1040.0	124.2		119.5		540	167	0	0	1140	133	60	109	1140	104	240	86
894	1040.0	127.2		122.7		900	159	0	0	1260	125	60	117	660	105	240	83
895	900.0	122.7		117.8		720	158	0	0	960	121	60	114	480	111	480	86
896	1000.0	116.2		111.4		660	150	0	0	1320	121	60	108	540	89	420	84
897	1100.0	120.7		115.7		900	144	0	0	1260	128	0	0	420	115	720	82
898	1040.0	124.4		120.6		660	163	0	0	1200	123	60	102	960	111	240	85
899	900.0	118.1		113.4		600	156	0	0	900	124	60	111	780	96	360	89
900	1000.0	113.4		107.6		480	157	0	0	1080	127	0	0	660	94	780	84
901	1120.0	114.8		112.0		660	144	0	0	1260	119	0	0	1140	101	300	85
902	1040.0	118.3		114.6		660	156	0	0	960	122	0	0	1320	100	180	94
903	1040.0	112.7		109.4		600	140	0	0	1200	122	0	0	900	94	420	87
904	1060.0	122.7		118.5		900	149	0	0	1140	127	0	0	600	107	540	87
905	900.0	117.9		113.7		480	151	0	0	1140	127	60	111	660	96	360	86
906	980.0	122.5		118.8		480	167	0	0	1080	126	60	103	1080	108	240	88
907	900.0	114.9		110.2		300	157	0	0	960	133	60	100	900	98	480	86
908	1080.0	118.6		114.7		720	149	0	0	1260	124	0	0	660	104	600	87
909	1340.0	110.8		107.1		780	140	0	0	1380	121	0	0	1140	96	720	83
910	1040.0	119.6		116.1		1020	140	0	0	1140	123	60	107	420	102	480	85
911	1060.0	118.7		112.9		840	146	0	0	1320	127	0	0	420	93	600	80
912	840.0	129.1		125.8		600	154	0	0	1020	133	0	0	720	114	180	84
913	1040.0	126.9		123.9		660	157	0	0	1200	130	0	0	1020	113	240	88
914	1040.0	121.9		117.5		900	150	0	0	1080	125	0	0	720	105	420	83
915	1020.0	115.6		109.2		600	154	0	0	1020	131	0	0	840	95	600	80
916	900.0	127.9		124.7		540	162	0	0	1140	128	0	0	780	116	240	89
917	1200.0	117.0		110.2		840	152	0	0	1020	131	0	0	960	104	780	77
918	1020.0	126.0		123.7		600	159	0	0	1260	124	0	0	1140	113	60	83
919	1260.0	117.5		111.8		1020	150	0	0	1140	128	0	0	960	92	660	86
920	1160.0	124.2		118.4		1140	153	0	0	960	133	60	102	840	99	480	85
921	740.0	127.4		125.7		360	157	0	0	1080	126	60	108	660	119	60	86
922	1340.0	114.4		108.1		1080	138	0	0	1380	129	0	0	960	94	600	71
923	1180.0	115.3		110.8		1020	143	0	0	1320	115	0	0	960	98	240	68
924	1400.0	108.1		97.0		1140	151	0	0	1200	123	60	119	780	73	1020	69
925	1260.0	110.8		106.0		900	145	0	0	1200	117	0	0	1320	91	360	77
926	880.0	122.6		117.7		540	162	0	0	900	128	0	0	960	106	240	80
927	740.0	125.2		120.7		480	162	0	0	900	128	60	102	480	110	300	87
928	920.0	117.7		115.5		240	146	0	0	1080	130	0	0	1200	107	240	88
929	980.0	128.6		123.4		960	157	0	0	1020	131	0	0	540	105	420	88
930	1140.0	119.9		115.7		780	150	0	0	1320	126	0	0	900	102	420	83
931	1000.0	125.2		120.0		660	169	0	0	1020	128	0	0	1020	105	300	88
932	960.0	126.4		121.2		600	165	0	0	1200	131	60	117	660	107	360	84
933	1080.0	128.2		122.8		780	169	0	0	1080	133	60	109	1020	103	300	94
934	660.0	125.8		124.1		240	163	0	0	720	129	60	96	960	116	0	0
935	980.0	120.3		114.1		660	163	0	0	900	129	60	118	780	98	540	86
936	1000.0	130.8		122.5		960	171	0	0	1080	131	0	0	720	91	240	88
937	880.0	126.6		120.0		840	159	0	0	840	132	0	0	480	102	480	85
938	880.0	114.6		111.4		660	138	0	0	1140	118	60	96	360	101	420	83
939	1200.0	118.9		112.1		900	160	0	0	1200	126	60	88	1020	90	420	85
940	1240.0	121.0		116.8		900	154	0	0	1200	126	0	0	1260	103	360	85
941	1100.0	130.2		126.0		1080	152	0	0	1140	138	60	99	780	104	240	88
942	1060.0	125.4		120.5		780	156	0	0	1140	134	0	0	900	104	360	85
943	1100.0	123.3		118.0		1200	148	0	0	1200	122	60	87	600	101	240	71
944	1040.0	112.0		107.4		660	146	0	0	1020	121	60	100	840	95	540	81
945	1140.0	121.1		117.7		660	154	0	0	1200	128	0	0	1320	105	240	85
946	1240.0	122.5		116.8		1080	152	0	0	1260	131	0	0	960	96	420	82
947	720.0	128.9		124.5		480	165	0	0	720	136	0	0	900	107	60	82
948	840.0	113.3		111.4		300	144	0	0	1080	119	0	0	1080	101	60	77
949	1120.0	109.4		105.0		960	135	0	0	960	120	0	0	900	88	540	81
950	1080.0	113.6		111.3		840	134	0	0	1320	115	60	115	780	99	240	81
951	1180.0	106.4		103.8		780	125	0	0	1320	116	0	0	900	91	540	82
952	1080.0	113.4		110.2		900	134	0	0	1080	122	0	0	960	94	300	83
953	980.0	116.5		112.7		720	143	0	0	1020	125	0	0	960	96	240	83
954	1020.0	110.1		105.0		720	137	0	0	1020	124	60	112	600	86	660	81
955	800.0	109.2		105.9		300	146	0	0	900	120	0	0	960	94	240	83
956	880.0	110.4		107.7		420	138	0	0	1020	119	0	0	1020	96	180	79
957	1060.0	109.8		106.5		900	131	0	0	1260	114	0	0	480	94	540	79
958	1240.0	109.5		106.4		1140	130	0	0	1320	114	0	0	600	90	660	83
959	1000.0	114.9		112.3		780	141	0	0	1020	112	60	111	840	106	300	83
960	1060.0	103.5		100.9		600	128	0	0	1200	111	60	102	1080	86	240	84
961	1120.0	102.9		102.1		540	118	0	0	1200	108	0	0	1500	95	120	84
962	860.0	104.4		103.2		420	125	0	0	900	107	0	0	960	99	300	85
963	880.0	98.1		97.1		180	123	0	0	1260	103	0	0	780	92	420	84
964	1400.0	98.0		95.7		1200	115	0	0	1080	106	60	91	1140	86	720	77
965	1000.0	102.2		100.4		420	128	0	0	1080	110	0	0	1020	90	480	88
966	1100.0	102.9		100.6		540	136	0	0	1200	105	0	0	1440	91	120	76
967	1220.0	100.5		97.8		720	130	0	0	1320	104	0	0	1320	86	300	78
968	1360.0	105.0		102.7		1140	125	60	117	1200	109	0	0	1380	89	300	84
969	1140.0	104.2		101.8		600	133	0	0	1320	109	0	0	1020	90	480	85
970	1300.0	102.9		100.5		780	129	0	0	1380	108	60	106	1320	87	360	85
971	1280.0	105.1		103.0		720	135	0	0	1560	105	0	0	1320	92	240	88
972	1300.0	105.1		102.8		840	129	0	0	1200	112	0	0	1500	91	360	85
973	1200.0	110.3		107.4		780	136	0	0	1320	117	60	97	1080	91	360	90
974	1220.0	111.7		108.3		1020	137	0	0	1140	117	0	0	1200	92	300	84
975	1000.0	112.7		109.3		540	146	0	0	1260	117	0	0	720	100	480	83
976	1180.0	113.9		110.7		960	140	0	0	1140	118	0	0	1140	94	300	90
977	1080.0	114.9		110.2		840	148	0	0	1080	120	0	0	960	91	360	86
978	1180.0	116.6		112.5		1020	145	0	0	1140	121	60	101	1020	93	300	87
979	1160.0	114.9		111.9		660	149	0	0	1320	118	0	0	1020	100	480	91
980	1300.0	111.4		107.7		780	150	0	0	1440	112	180	81	1320	96	180	82
981	1540.0	105.7		101.7		1680	124	0	0	1320	113	120	91	960	85	540	71
982	1760.0	94.6		87.1		1740	119	0	0	1080	117	120	102	1800	66	540	65
983	1100.0	109.7		107.1		600	138	0	0	1380	114	0	0	1020	95	300	83
984	980.0	110.7		107.5		600	136	0	0	1140	119	0	0	480	98	720	85
985	1060.0	111.3		108.4		660	137	0	0	1200	118	0	0	1020	95	300	83
986	960.0	107.5		104.7		480	135	0	0	1020	117	0	0	900	94	480	85
987	960.0	111.5		109.6		420	137	0	0	1200	116	0	0	1020	103	240	81
988	1400.0	112.8		109.8		1320	129	0	0	1440	121	60	114	720	93	660	84
989	1360.0	113.6		110.3		960	142	0	0	1440	117	0	0	1260	99	420	81
990	1340.0	115.2		111.6		960	147	0	0	1500	117	120	101	900	97	540	87
991	1280.0	120.0		116.5		1380	143	0	0	1200	118	60	85	840	103	360	84
992	1260.0	114.0		109.1		1440	136	0	0	1080	120	0	0	480	85	780	83
993	1220.0	118.6		114.9		840	154	0	0	1320	120	120	90	1200	100	180	87
994	1140.0	120.9		117.0		900	150	0	0	1140	125	0	0	1080	103	300	83
995	1180.0	124.3		119.6		1080	156	0	0	1200	124	0	0	900	102	360	86
996	1320.0	117.0		113.9		1080	141	0	0	1440	120	0	0	1020	101	420	84
997	1200.0	118.7		115.5		1140	143	0	0	1020	122	0	0	1200	99	240	88
998	900.0	115.7		111.1		480	156	0	0	840	125	0	0	840	103	540	85
999	780.0	124.6		118.0		480	173	0	0	960	128	0	0	480	104	420	85
1000	1100.0	118.8		115.7		1020	136	0	0	1260	124	0	0	480	108	540	84
1001	1280.0	122.2		117.7		1200	150	0	0	1320	123	60	85	900	103	360	81
1002	1240.0	125.9		122.0		1260	152	0	0	1140	127	60	104	1080	102	180	87
1003	980.0	126.6		119.6		840	165	0	0	960	131	60	118	660	100	420	83
1004	1100.0	126.7		121.6		840	163	0	0	1140	130	60	74	1020	105	240	89
1005	1120.0	120.1		115.3		960	147	0	0	1080	129	60	112	660	98	600	86
1006	940.0	116.7		112.3		360	166	0	0	1320	123	0	0	720	99	420	85
1007	1420.0	113.3		110.4		1320	134	0	0	1560	116	0	0	840	94	540	85
1008	1380.0	114.3		111.5		1200	135	0	0	1560	118	0	0	1020	95	360	84
1009	1180.0	115.1		110.3		720	153	0	0	1260	121	0	0	1080	99	480	79
1010	920.0	114.4		110.7		480	152	0	0	960	121	0	0	840	101	480	87
1011	1000.0	130.1		125.5		1080	156	0	0	1020	130	0	0	660	104	240	86
1012	1260.0	119.1		113.9		1080	150	0	0	1140	127	0	0	1320	94	240	81
1013	920.0	128.9		123.8		720	167	0	0	1080	128	0	0	780	105	180	85
1014	1200.0	124.9		120.5		1080	153	0	0	1140	128	0	0	1020	106	360	84
1015	1200.0	126.3		121.2		1020	159	0	0	1320	129	0	0	900	101	360	87
1016	1020.0	129.0		125.2		720	161	0	0	1260	128	60	114	720	118	300	86
1017	1120.0	110.0		107.0		720	134	0	0	1080	121	60	86	1140	92	360	90
1018	1000.0	116.3		111.4		720	148	0	0	960	127	60	100	900	94	360	83
1019	1000.0	125.4		122.0		600	160	0	0	1320	126	0	0	840	111	240	86
1020	1140.0	123.7		121.3		840	151	0	0	1500	123	60	109	840	105	180	95
1021	1220.0	120.2		115.2		1320	142	0	0	1260	126	0	0	420	93	660	83
1022	1100.0	125.9		120.8		960	157	0	0	1140	129	0	0	780	105	420	85
1023	1100.0	127.5		123.6		780	163	0	0	1200	130	0	0	1080	106	240	96
1024	1160.0	113.4		110.9		540	147	0	0	1200	118	60	87	1260	104	420	89
1025	1220.0	98.7		92.0		660	129	0	0	1260	119	0	0	1080	76	660	67
1026	1020.0	116.5		113.2		900	141	0	0	1200	117	0	0	720	96	240	83
1027	1180.0	118.9		114.1		840	154	0	0	1200	126	60	110	1080	95	360	87
1028	1140.0	122.5		119.6		660	149	0	0	1320	129	60	108	960	111	420	89
1029	1060.0	121.3		117.1		720	156	0	0	1320	124	0	0	780	100	360	88
1030	1520.0	112.9		106.3		1320	142	0	0	1320	127	0	0	1320	88	600	73
1031	1080.0	127.4		123.3		720	159	0	0	1380	132	0	0	840	107	300	87
1032	1300.0	124.6		119.7		960	163	0	0	1260	126	60	95	1260	107	360	84
1033	1300.0	121.3		117.8		1440	142	0	0	1320	122	60	93	840	98	240	82
1034	1280.0	122.3		118.3		1080	149	0	0	1440	127	0	0	1080	97	240	88
1035	1220.0	127.3		123.5		1020	158	0	0	1440	126	0	0	960	107	240	86
1036	1200.0	119.5		115.5		960	145	0	0	1260	128	0	0	1080	96	300	87
1037	1140.0	121.8		118.3		780	155	0	0	1560	121	0	0	780	104	300	86
1038	1300.0	112.4		109.2		840	140	0	0	1440	119	60	99	960	95	600	87
1039	1340.0	118.7		115.2		1140	147	0	0	1500	119	0	0	900	96	480	93
1040	1080.0	118.0		115.5		720	142	0	0	1080	124	60	99	1080	105	300	89
1041	1220.0	120.4		116.1		900	147	0	0	1500	128	0	0	780	97	480	85
1042	1380.0	121.4		118.2		1320	145	0	0	1500	121	0	0	1020	102	300	85
1043	1420.0	119.8		115.3		1320	147	0	0	1380	124	60	89	840	99	660	86
1044	1500.0	119.0		115.3		1380	147	0	0	1440	119	60	104	1380	97	240	88
1045	1360.0	128.1		123.5		1260	158	0	0	1620	127	60	109	720	103	420	88
1046	1120.0	128.1		123.3		960	159	0	0	1260	130	60	91	720	107	360	87
1047	1200.0	130.0		124.6		780	175	0	0	1260	134	0	0	1260	108	300	89
1048	1440.0	127.5		124.0		1500	151	0	0	1440	127	0	0	960	108	420	90
1049	1100.0	121.1		116.3		600	161	0	0	1380	129	0	0	1080	96	240	89
1050	1320.0	129.2		124.3		1440	154	0	0	1380	131	0	0	780	99	360	88
1051	1220.0	132.2		129.3		1260	153	0	0	1200	134	0	0	1080	111	120	87
1052	1000.0	125.0		121.5		420	177	0	0	1200	126	0	0	1260	110	120	90
1053	1200.0	122.8		118.3		1080	150	0	0	1140	129	0	0	960	101	420	86
1054	1020.0	126.2		121.1		900	160	0	0	1140	125	60	90	540	106	420	88
1055	1280.0	128.0		122.5		1380	155	0	0	1320	130	60	101	720	96	360	86
1056	960.0	128.7		124.1		540	165	0	0	1320	135	0	0	780	106	240	86
1057	1200.0	118.1		112.9		840	155	0	0	1140	127	0	0	1380	94	240	85
1058	1160.0	120.4		116.1		840	156	0	0	1140	121	120	89	1020	107	360	84
1059	1100.0	116.6		113.6		720	144	0	0	1140	123	120	101	900	102	420	88
1060	1260.0	127.5		122.5		1020	163	0	0	1380	129	0	0	1140	103	240	85
1061	1180.0	120.2		116.4		1080	143	0	0	1200	126	0	0	900	100	360	83
1062	1080.0	125.9		122.0		1080	153	0	0	1140	121	0	0	600	113	420	88
1063	1260.0	120.7		115.3		1020	155	0	0	1260	126	0	0	1140	96	360	83
1064	1220.0	121.0		117.9		720	154	0	0	1500	124	0	0	1200	104	240	88
1065	1320.0	124.4		120.9		1140	151	0	0	1500	125	0	0	1080	105	240	82
1066	1440.0	119.8		113.5		1260	155	0	0	1200	128	60	88	1320	92	480	87
1067	1280.0	127.0		123.5		1140	155	0	0	1500	124	0	0	960	109	240	85
1068	1320.0	118.8		113.5		1140	154	0	0	1080	122	0	0	1260	98	480	83
1069	820.0	120.8		116.4		480	161	0	0	900	127	60	100	840	99	180	91
1070	1240.0	124.0		120.1		960	151	0	0	1500	129	60	84	900	102	300	87
1071	1420.0	117.2		114.2		1200	141	0	0	1440	121	60	109	1320	97	240	88
1072	1300.0	117.8		114.4		1260	137	0	0	1260	125	0	0	720	101	660	86
1073	1120.0	127.9		125.0		1020	154	0	0	1140	127	0	0	1080	108	120	94
1074	1120.0	116.2		110.7		720	149	0	0	1320	124	0	0	840	100	480	74
1075	1300.0	114.8		111.6		900	144	0	0	1560	118	0	0	1260	94	180	87
1076	1240.0	129.4		124.6		1380	157	0	0	1140	127	0	0	960	103	240	87
1077	1200.0	119.0		116.4		780	146	0	0	1560	122	0	0	1080	100	180	90
1078	1400.0	123.5		116.7		1320	160	0	0	1500	123	0	0	480	97	900	85
1079	1200.0	120.2		115.8		780	156	0	0	1380	125	0	0	1020	101	420	85
1080	1180.0	115.1		110.6		780	147	0	0	1140	126	60	86	960	97	600	85
1081	1080.0	119.3		113.0		780	157	0	0	1080	129	0	0	900	95	480	82
1082	980.0	120.1		116.4		600	152	0	0	1080	127	0	0	960	103	300	86
1083	1000.0	119.2		114.0		840	152	0	0	1200	120	60	102	420	95	480	83
1084	1080.0	116.5		112.3		720	144	0	0	1200	127	0	0	840	96	480	85
1085	1180.0	117.1		114.4		720	142	0	0	1440	123	60	116	1080	100	240	84
1086	1340.0	113.1		109.8		960	138	0	0	1260	123	60	88	1560	94	180	85
1087	1200.0	124.3		119.5		1200	152	0	0	1020	128	60	98	960	103	360	83
1088	860.0	134.5		128.7		540	184	0	0	1020	137	0	0	960	107	60	87
1089	860.0	127.8		122.0		480	175	0	0	960	133	0	0	840	111	300	83
1090	980.0	123.4		119.6		600	154	0	0	1200	131	0	0	900	103	240	86
1091	1380.0	127.0		123.1		960	163	0	0	1620	127	0	0	1320	108	240	87
1092	1220.0	121.4		116.2		900	155	0	0	1380	128	60	102	1020	95	300	84
1093	1080.0	131.2		125.9		960	164	0	0	1140	130	60	84	720	116	360	86
1094	920.0	125.8		119.5		840	159	0	0	900	129	60	86	420	111	540	85
1095	1160.0	120.4		113.6		900	167	0	0	900	124	60	99	1200	96	420	86
1096	1120.0	129.6		125.3		900	158	0	0	1380	133	60	115	840	105	180	81
1097	1220.0	129.3		124.5		780	172	0	0	1380	131	0	0	1260	109	240	87
1098	1000.0	128.1		123.2		720	164	0	0	1200	130	0	0	720	110	360	86
1099	1080.0	128.5		126.3		720	156	0	0	1440	126	0	0	960	117	120	86
1100	1320.0	124.9		119.6		1200	152	0	0	1380	133	0	0	1020	97	360	83
1101	1180.0	125.1		120.9		1080	150	0	0	1080	134	0	0	1140	101	240	88
1102	960.0	123.0		119.4		720	150	0	0	1260	127	0	0	780	97	120	89
1103	1160.0	124.0		119.5		840	159	0	0	1140	130	0	0	1380	101	120	86
1104	1040.0	128.7		124.0		1020	154	0	0	1200	130	0	0	480	110	420	85
1105	1040.0	130.0		123.1		660	182	0	0	1140	131	60	90	780	114	480	87
1106	1020.0	127.3		122.8		660	167	0	0	1140	129	0	0	1020	110	240	84
1107	900.0	115.0		109.3		780	146	0	0	720	126	60	95	540	92	600	84
1108	1200.0	121.3		115.7		1020	151	0	0	1200	130	120	107	840	94	420	83
1109	1000.0	122.1		117.0		660	159	0	0	1080	130	120	102	720	101	420	86
1110	1120.0	120.5		116.8		600	155	0	0	1140	130	60	88	1260	105	300	87
1111	1020.0	123.1		117.8		720	156	0	0	1200	131	0	0	780	98	360	85
1112	1060.0	131.8		126.0		1140	163	0	0	1080	129	0	0	780	101	180	84
1113	1060.0	125.5		121.4		840	156	0	0	1200	129	0	0	960	102	180	86
1114	1320.0	122.0		118.7		1440	141	0	0	1260	125	120	100	660	105	480	86
1115	1180.0	126.2		120.7		1320	157	0	0	1200	119	120	92	480	103	420	86
1116	1380.0	119.1		112.0		1320	155	0	0	1200	123	120	96	1080	90	420	77
1117	1220.0	133.1		127.2		1440	158	0	0	1080	136	0	0	840	106	300	79
1118	1060.0	133.2		131.1		600	165	0	0	1200	136	0	0	1380	117	0	0
1119	940.0	132.5		128.7		660	170	0	0	1140	130	0	0	900	114	120	88
1120	1080.0	127.6		122.4		900	161	0	0	960	134	0	0	1080	106	300	85
1121	980.0	135.4		130.9		780	176	0	0	1080	122	60	80	960	124	60	87
1122	1260.0	105.5		100.0		1200	123	0	0	1200	121	120	85	480	84	780	71
1123	1340.0	99.7		90.0		1080	132	0	0	1200	120	0	0	1200	67	540	63
1124	1160.0	125.3		121.5		900	158	0	0	1440	124	0	0	840	105	300	90
1125	1560.0	111.0		108.9		1440	127	0	0	1320	118	0	0	1320	98	600	86
1126	1100.0	126.1		122.4		720	161	0	0	1260	128	60	112	1020	109	240	87
1127	920.0	129.8		124.5		600	174	0	0	1020	129	0	0	780	116	360	88
1128	1160.0	123.0		118.4		780	165	0	0	1200	123	0	0	1260	104	240	86
1129	1260.0	115.3		109.2		840	156	0	0	1080	126	0	0	1020	98	840	82
1130	920.0	118.9		116.1		480	148	0	0	1200	124	60	99	780	105	240	85
1131	1320.0	119.7		115.6		1260	144	0	0	1320	123	0	0	960	100	420	81
1132	1100.0	124.3		119.7		600	166	0	0	1260	128	60	117	960	111	420	85
1133	1120.0	130.7		125.7		1200	161	0	0	960	128	0	0	900	107	300	89
1134	1000.0	125.1		120.5		780	155	0	0	1200	130	60	105	600	102	360	86
1135	1200.0	130.6		127.2		1200	157	0	0	1080	127	0	0	900	117	420	94
1136	960.0	132.3		124.2		900	174	0	0	1020	131	0	0	480	102	480	87
1137	1180.0	123.2		119.2		780	150	0	0	1380	130	60	88	720	114	600	87
1138	1280.0	126.9		123.2		1080	155	0	0	1380	128	0	0	1140	108	240	84
1139	1040.0	116.4		111.8		840	143	0	0	1020	127	0	0	720	94	540	85
1140	860.0	119.0		114.7		420	160	0	0	1140	125	60	109	360	104	600	89
1141	1020.0	117.1		111.3		540	163	0	0	1020	128	0	0	960	99	540	83
1142	1180.0	129.6		125.1		1380	153	0	0	1080	131	60	99	720	103	300	87
1143	960.0	127.7		122.1		780	155	0	0	1320	133	0	0	180	109	600	86
1144	1080.0	124.4		121.0		660	158	0	0	1200	125	0	0	1080	114	300	85
1145	1100.0	124.1		119.1		780	161	0	0	1260	127	60	103	540	109	660	89
1146	1200.0	125.0		119.0		1020	166	0	0	1260	122	120	103	900	99	300	85
1147	1280.0	129.0		122.4		1440	162	0	0	900	130	0	0	1080	100	420	88
1148	680.0	122.4		121.0		120	147	0	0	960	130	0	0	780	116	180	93
1149	940.0	129.3		125.4		720	163	0	0	900	131	0	0	960	112	240	91
1150	900.0	129.8		128.0		540	150	0	0	960	138	0	0	1140	115	60	96
1151	700.0	125.7		119.7		300	189	0	0	840	131	0	0	720	106	240	87
1152	740.0	133.3		126.8		480	184	0	0	660	136	60	98	720	118	300	90
1153	800.0	139.1		129.4		720	186	0	0	900	139	0	0	300	107	480	89
1154	920.0	122.8		115.1		600	169	0	0	840	135	0	0	660	104	660	84
1155	1000.0	126.1		119.2		660	171	0	0	960	136	60	102	900	104	420	84
1156	820.0	128.3		122.7		660	163	0	0	780	136	0	0	720	104	300	90
1157	1060.0	128.5		123.1		900	157	0	0	1200	136	0	0	600	103	480	88
1158	800.0	126.0		119.8		480	164	0	0	1020	135	60	97	420	107	420	84
1159	1000.0	128.0		123.3		960	152	0	0	1080	135	60	103	540	101	360	88
1160	680.0	143.2		137.4		360	201	0	0	840	143	0	0	720	124	120	87
1161	900.0	135.5		130.3		660	173	0	0	900	144	0	0	1080	108	60	92
1162	780.0	130.7		126.8		360	174	0	0	840	140	0	0	1020	112	120	94
1163	560.0	134.5		126.8		420	172	0	0	600	144	0	0	300	120	360	87
1164	660.0	134.1		126.1		600	176	0	0	600	138	0	0	600	103	180	85
1165	900.0	133.4		128.6		900	162	0	0	840	137	0	0	780	106	180	92
1166	840.0	133.3		127.6		660	172	0	0	1020	132	0	0	540	114	300	87
1167	920.0	131.5		126.1		780	165	0	0	1080	133	0	0	480	111	420	89
1168	1200.0	126.7		121.7		1020	156	0	0	1080	136	60	105	1080	104	360	87
1169	940.0	132.5		126.2		720	174	0	0	1080	133	60	85	660	112	300	86
1170	1020.0	120.3		115.7		780	146	0	0	1140	129	60	87	720	101	360	81
1171	860.0	123.8		117.8		540	162	0	0	720	140	0	0	780	108	540	87
1172	820.0	137.2		132.1		480	188	0	0	780	139	0	0	1080	119	120	87
1173	980.0	125.0		121.2		840	151	0	0	1080	129	0	0	660	105	360	89
1174	820.0	119.5		115.0		300	163	0	0	960	133	0	0	960	101	240	85
1175	680.0	133.8		129.7		360	176	0	0	960	135	0	0	540	118	180	90
1176	780.0	134.5		128.3		660	169	0	0	900	139	0	0	540	106	240	87
1177	700.0	119.9		114.8		360	164	0	0	780	129	0	0	720	100	240	84
1178	560.0	137.8		132.4		240	204	0	0	840	137	0	0	480	117	120	94
1179	820.0	125.7		119.1		540	167	0	0	840	137	60	105	600	102	420	87
1180	860.0	136.7		131.3		720	169	0	0	1020	136	60	85	480	126	300	89
1181	1020.0	117.8		111.0		780	153	0	0	900	132	120	87	600	95	660	83
1182	920.0	124.8		121.1		600	161	0	0	1020	126	0	0	840	110	300	90
1183	740.0	124.1		120.7		360	158	0	0	840	130	0	0	840	113	180	81
1184	700.0	120.2		116.8		360	148	0	0	780	132	0	0	780	104	180	84
1185	800.0	121.7		116.3		540	157	0	0	1020	127	0	0	540	99	300	81
1186	700.0	113.4		107.1		360	164	0	0	660	124	0	0	540	98	540	82
1187	920.0	118.0		114.3		540	157	0	0	1200	117	0	0	720	104	300	85
1188	1140.0	121.4		116.1		1140	150	0	0	960	125	0	0	900	100	420	81
1189	1020.0	124.5		118.1		840	160	0	0	1140	130	0	0	600	96	480	85
1190	1020.0	114.8		109.0		900	149	0	0	720	124	60	92	840	91	540	85
1191	540.0	117.3		113.5		180	166	0	0	660	127	60	88	660	100	60	85
1192	780.0	115.7		109.6		420	169	0	0	840	121	120	93	420	95	540	87
1193	780.0	117.0		111.6		480	158	0	0	780	125	60	86	600	100	420	84
1194	700.0	122.0		116.5		360	162	0	0	720	135	60	96	660	106	300	83
1195	840.0	120.9		115.7		300	169	0	0	900	138	0	0	1080	101	240	86
1196	600.0	119.8		116.5		300	152	0	0	780	122	0	0	420	117	300	86
1197	920.0	120.0		116.2		540	145	0	0	1020	132	0	0	720	107	480	86
1198	980.0	123.8		118.5		720	159	0	0	1080	127	60	113	720	106	360	81
1199	680.0	122.0		116.1		300	175	0	0	900	129	0	0	420	105	420	86
1200	700.0	125.0		119.9		420	170	0	0	600	132	0	0	840	108	240	88
1201	620.0	134.4		127.9		480	168	0	0	960	135	0	0	60	139	360	87
1202	840.0	141.4		134.9		780	177	0	0	900	139	0	0	540	124	300	87
1203	700.0	137.1		130.4		480	178	0	0	960	141	60	101	360	112	240	86
1204	620.0	141.3		134.9		420	181	0	0	720	148	0	0	480	122	240	90
1205	800.0	134.8		126.7		540	191	0	0	840	136	0	0	720	111	300	87
1206	1000.0	135.7		130.4		1020	159	0	0	900	142	60	101	600	124	420	87
1207	680.0	130.6		124.0		300	175	0	0	720	145	60	102	540	124	420	87
1208	500.0	120.1		116.6		60	141	0	0	600	137	60	98	420	122	360	90
1209	560.0	121.7		117.8		360	141	0	0	540	134	60	97	420	119	300	85
1210	700.0	139.7		133.2		540	179	0	0	840	142	60	89	480	118	180	86
1211	460.0	115.9		110.0		300	147	0	0	360	139	60	92	300	99	360	85
1212	520.0	130.8		128.8		180	164	0	0	720	131	60	99	540	128	60	86
1213	840.0	131.4		125.0		660	176	0	0	780	133	60	87	780	108	240	91
1214	800.0	132.2		124.2		660	171	0	0	660	147	0	0	720	106	360	86
1215	640.0	129.9		125.3		360	157	0	0	840	140	0	0	480	115	240	84
1216	720.0	143.9		137.9		480	191	0	0	900	144	0	0	660	120	120	86
1217	660.0	131.5		125.0		480	166	0	0	780	140	0	0	300	115	420	88
1218	680.0	135.1		127.3		600	177	0	0	720	137	60	87	420	106	240	88
1219	940.0	136.4		131.7		780	168	0	0	900	141	0	0	900	117	240	89
1220	860.0	143.3		133.4		840	180	0	0	840	155	0	0	480	107	420	88
1221	540.0	142.5		138.4		300	176	0	0	600	150	0	0	600	129	120	89
1222	580.0	131.8		119.8		420	192	0	0	540	140	60	86	300	110	420	83
1223	700.0	134.0		126.0		480	177	0	0	900	136	60	87	300	130	360	83
1224	820.0	124.2		117.7		480	165	0	0	1020	133	0	0	300	113	660	86
1225	740.0	115.9		109.3		300	161	0	0	660	139	0	0	420	107	840	86
1226	460.0	128.7		125.7		180	162	0	0	540	141	0	0	600	111	60	95
1227	460.0	128.8		124.5		60	200	0	0	540	141	0	0	540	126	240	90
1228	460.0	121.6		113.2		300	165	0	0	360	143	0	0	300	105	420	84
1229	560.0	133.0		129.7		120	214	0	0	720	136	0	0	780	121	60	92
1230	580.0	125.9		122.3		180	178	0	0	660	135	0	0	720	113	180	92
1231	820.0	129.0		123.6		780	159	0	0	780	132	0	0	540	110	360	86
1232	500.0	136.4		129.9		300	175	0	0	780	142	0	0	180	114	240	87
1233	900.0	135.6		128.3		780	165	0	0	900	151	60	108	480	109	480	89
1234	560.0	136.4		130.9		300	184	0	0	540	149	0	0	780	113	60	88
1235	680.0	133.0		128.1		300	171	0	0	840	144	60	118	600	119	240	86
1236	720.0	126.7		120.3		540	159	0	0	720	139	60	104	360	112	480	86
1237	440.0	120.4		116.9		0	0	0	0	720	138	0	0	360	104	240	92
1238	800.0	134.4		129.7		660	166	0	0	1080	134	0	0	420	113	240	87
1239	620.0	125.7		121.7		360	166	0	0	600	130	0	0	780	110	120	85
1240	660.0	120.5		115.3		420	159	0	0	480	136	60	94	780	103	240	86
1241	500.0	136.4		129.0		300	190	0	0	720	135	0	0	300	119	180	82
1242	620.0	134.5		128.8		360	175	0	0	840	142	0	0	480	109	180	87
1243	660.0	126.8		117.3		360	187	0	0	660	142	120	86	360	104	480	88
1244	600.0	134.6		124.0		660	177	0	0	540	131	60	86	180	107	360	84
1245	560.0	139.8		127.9		540	194	0	0	600	134	0	0	240	96	300	89
1246	480.0	124.9		121.7		120	153	0	0	660	139	0	0	420	113	240	93
1247	500.0	118.0		113.7		240	154	0	0	540	131	0	0	540	100	180	85
1248	620.0	120.8		113.6		300	178	0	0	720	130	60	95	240	104	540	87
1249	520.0	131.3		126.0		240	175	0	0	600	142	0	0	540	115	180	86
1250	460.0	124.9		122.5		60	158	0	0	540	137	0	0	660	119	120	86
1251	660.0	129.3		124.8		300	167	0	0	780	138	0	0	660	118	240	85
1252	700.0	127.2		118.6		540	172	0	0	780	134	120	92	60	97	600	88
1253	700.0	127.6		122.1		420	164	0	0	840	137	60	91	480	110	300	86
1254	600.0	112.8		106.3		240	140	0	0	600	143	0	0	660	88	300	85
1255	520.0	139.2		131.6		240	181	0	0	660	154	0	0	360	127	300	88
1256	560.0	141.8		135.1		360	192	0	0	600	144	60	99	540	123	120	86
1257	520.0	133.1		126.8		300	187	0	0	540	138	0	0	600	111	120	87
1258	660.0	130.2		122.7		300	184	0	0	600	142	0	0	600	126	480	87
1259	680.0	135.1		128.9		480	165	0	0	900	146	0	0	420	105	240	87
1260	680.0	139.0		130.5		360	195	0	0	780	146	0	0	540	127	360	86
1261	620.0	145.0		136.4		540	191	0	0	780	141	0	0	300	119	240	87
1262	540.0	123.8		119.9		420	146	0	0	600	133	0	0	360	107	240	87
1263	500.0	128.2		122.2		300	165	0	0	660	135	0	0	180	122	360	88
1264	580.0	129.9		124.7		600	155	0	0	600	135	0	0	300	104	240	87
1265	760.0	141.1		133.1		600	187	0	0	900	142	0	0	480	116	300	87
1266	720.0	128.2		118.9		420	172	0	0	660	151	0	0	480	114	600	84
1267	340.0	133.1		125.6		120	182	0	0	420	154	0	0	240	113	240	92
1268	560.0	144.3		132.9		480	196	0	0	540	152	0	0	360	110	300	89
1269	440.0	121.8		113.8		180	172	0	0	600	138	0	0	60	96	480	86
1270	720.0	131.2		124.0		600	167	0	0	720	142	0	0	600	100	240	87
1271	460.0	133.9		126.9		360	179	0	0	480	136	0	0	300	109	240	93
1272	460.0	131.8		124.5		240	183	0	0	540	143	0	0	360	110	240	88
1273	460.0	135.6		127.6		300	185	0	0	420	146	0	0	420	117	240	88
1274	540.0	131.1		127.5		240	172	0	0	780	133	0	0	480	119	120	85
1275	480.0	126.5		119.2		420	159	0	0	480	138	0	0	180	99	360	87
1276	540.0	141.7		137.0		300	194	0	0	780	140	0	0	480	117	60	99
1277	420.0	122.0		115.7		120	190	0	0	360	143	60	91	420	112	300	90
1278	480.0	108.1		102.7		180	154	0	0	420	127	60	88	60	123	720	86
1279	640.0	118.1		111.9		300	170	0	0	600	132	60	99	600	100	360	85
1280	680.0	139.1		129.8		480	190	0	0	720	150	0	0	540	106	300	91
1281	440.0	124.2		120.0		60	165	0	0	600	142	0	0	420	113	240	89
1282	780.0	131.6		124.8		720	166	0	0	840	134	60	88	360	110	360	86
1283	740.0	137.6		128.8		480	187	0	0	840	149	60	91	540	108	300	89
1284	620.0	134.9		124.7		540	182	0	0	600	141	60	97	240	107	420	87
1285	680.0	134.5		126.7		480	177	0	0	720	144	60	92	480	114	300	85
1286	760.0	135.6		128.5		480	190	0	0	840	135	0	0	660	119	300	87
1287	640.0	118.2		113.1		360	148	0	0	600	137	60	88	420	106	480	87
1288	640.0	131.2		123.1		420	177	0	0	840	138	0	0	180	111	480	87
1289	500.0	123.0		118.1		120	159	0	0	660	139	0	0	240	125	480	91
1290	400.0	131.2		126.3		60	232	0	0	480	142	0	0	540	120	120	88
1291	460.0	137.1		128.8		300	189	0	0	420	148	0	0	420	116	240	90
1292	660.0	137.6		132.9		360	174	0	0	660	151	0	0	780	120	180	92
1293	580.0	155.2		147.7		480	194	0	0	720	153	0	0	360	142	180	87
1294	540.0	130.4		123.9		420	165	0	0	660	135	60	84	240	114	240	85
1295	580.0	109.6		106.3		240	138	0	0	540	127	120	93	360	99	480	88
1296	580.0	122.7		115.6		360	162	0	0	660	137	0	0	240	96	480	87
1297	640.0	127.0		120.9		300	183	0	0	720	137	0	0	780	102	120	90
1298	460.0	138.8		129.4		240	205	0	0	540	139	0	0	360	131	240	84
1299	460.0	121.5		115.5		120	181	0	0	420	142	60	86	420	117	360	89
1300	460.0	131.8		120.2		360	186	0	0	300	147	60	113	240	118	420	85
1301	360.0	122.4		118.3		60	182	0	0	480	138	0	0	480	104	60	85
1302	380.0	132.8		128.6		120	178	0	0	360	148	0	0	600	120	60	79
1303	440.0	140.9		133.8		240	191	0	0	600	140	0	0	300	136	180	85
1304	460.0	126.7		119.8		60	205	0	0	660	146	0	0	360	112	300	86
1305	420.0	148.8		144.7		300	194	0	0	540	143	0	0	420	124	0	0
1306	500.0	121.2		113.5		180	179	0	0	540	143	60	105	420	96	300	86
1307	400.0	121.1		113.3		120	172	0	0	420	146	0	0	180	120	480	87
1308	760.0	139.7		133.3		420	189	0	0	840	151	0	0	900	113	120	89
1309	500.0	125.4		118.4		240	196	0	0	420	129	60	102	540	110	240	89
1310	560.0	122.4		114.8		360	165	0	0	540	137	60	103	240	105	480	85
1311	420.0	117.1		110.6		60	153	0	0	540	144	0	0	240	104	420	85
1312	360.0	142.9		132.5		240	199	0	0	480	140	0	0	120	152	240	88
1313	540.0	130.0		120.9		420	176	0	0	420	141	0	0	300	119	480	87
1314	360.0	113.1		108.0		120	160	0	0	360	131	60	88	240	103	300	86
1315	420.0	126.7		120.4		120	185	0	0	600	138	0	0	240	119	300	87
1316	400.0	135.6		127.3		240	197	0	0	540	135	0	0	240	112	180	87
1317	580.0	126.8		119.7		420	173	0	0	720	128	0	0	180	102	420	89
1318	440.0	128.7		120.6		420	167	0	0	360	137	60	98	180	99	300	89
1319	440.0	125.9		118.9		300	160	0	0	360	147	60	87	240	115	360	90
1320	280.0	123.5		116.6		60	232	0	0	420	129	0	0	180	111	180	87
1321	460.0	131.8		127.2		360	160	0	0	540	137	0	0	300	115	180	88
1322	460.0	126.0		119.4		180	176	0	0	600	139	0	0	240	113	360	88
1323	580.0	127.1		122.0		360	164	0	0	660	134	60	88	360	115	300	90
1324	480.0	115.2		110.9		240	149	0	0	480	127	60	88	240	112	420	88
1325	320.0	128.6		124.2		60	197	0	0	480	137	0	0	300	118	120	87
1326	420.0	130.0		126.5		60	184	0	0	300	152	60	88	780	124	60	87
1327	640.0	124.2		116.8		420	173	0	0	540	130	60	95	360	119	540	87
1328	640.0	118.3		111.3		360	171	0	0	600	127	0	0	420	105	540	84
1329	500.0	128.9		123.0		360	167	0	0	600	131	0	0	300	114	240	85
1330	420.0	115.7		111.5		60	160	0	0	600	128	0	0	240	120	360	85
1331	600.0	125.6		117.7		480	167	0	0	540	133	60	90	240	114	480	86
1332	500.0	121.6		116.7		120	182	0	0	600	137	0	0	480	107	300	90
1333	500.0	121.3		119.1		180	155	0	0	480	128	0	0	720	114	120	88
1334	480.0	120.6		115.2		180	186	0	0	480	129	0	0	720	102	60	80
1335	640.0	126.8		120.2		420	166	0	0	660	135	60	89	360	120	420	86
1336	600.0	128.6		123.8		480	155	0	0	660	137	0	0	360	112	300	88
1337	560.0	133.8		125.1		240	193	0	0	720	146	0	0	300	121	420	88
1338	420.0	132.4		126.5		180	161	0	0	480	150	0	0	360	125	240	87
1339	460.0	122.0		114.8		120	172	0	0	360	150	60	92	420	124	420	86
1340	360.0	133.6		123.2		180	211	0	0	360	141	60	88	300	116	180	86
1341	440.0	129.1		123.4		180	197	0	0	540	134	0	0	420	104	180	105
1342	500.0	123.2		116.1		300	171	0	0	480	136	0	0	480	99	240	86
1343	380.0	127.8		120.1		180	197	0	0	480	133	60	101	300	99	120	89
1344	460.0	129.9		124.4		300	168	0	0	540	136	0	0	360	111	180	86
1345	360.0	124.1		119.4		60	182	0	0	540	136	0	0	240	119	240	88
1346	320.0	125.4		121.0		60	187	0	0	480	135	0	0	240	118	180	89
1347	320.0	114.6		108.0		120	176	0	0	300	130	0	0	180	105	360	86
1348	380.0	122.8		118.6		180	161	0	0	360	135	0	0	420	111	180	88
1349	460.0	130.1		122.2		300	175	0	0	480	144	60	107	240	102	300	90
1350	420.0	122.4		119.8		60	158	0	0	660	131	0	0	360	118	180	88
1351	480.0	121.7		114.4		240	182	0	0	420	131	60	91	240	116	480	90
1352	400.0	139.0		130.2		180	208	0	0	480	147	60	87	360	120	120	86
1353	400.0	116.2		111.9		60	146	0	0	480	138	60	87	420	105	180	84
1354	460.0	123.2		119.7		300	139	0	0	540	133	0	0	240	124	300	89
1355	580.0	114.8		109.5		300	150	0	0	480	134	0	0	420	106	540	85
1356	500.0	114.0		108.4		120	141	0	0	600	140	0	0	420	94	360	85
1357	360.0	129.1		121.5		60	177	0	0	600	143	0	0	120	146	300	85
1358	340.0	124.6		119.5		120	170	0	0	360	140	0	0	360	113	180	87
1359	320.0	127.9		121.2		120	189	0	0	300	144	0	0	360	114	180	88
1360	420.0	123.0		120.3		240	150	0	0	540	124	0	0	360	116	120	85
1361	440.0	114.7		110.6		120	150	0	0	480	132	0	0	480	105	240	82
1362	340.0	117.1		112.8		60	156	0	0	420	135	0	0	300	109	240	86
1363	540.0	122.9		115.7		240	179	0	0	540	139	0	0	420	105	420	88
1364	540.0	122.0		118.2		300	160	0	0	480	132	0	0	780	104	60	86
1365	500.0	124.0		118.9		180	178	0	0	660	132	0	0	420	110	240	86
1366	540.0	124.3		119.3		240	160	0	0	780	132	0	0	240	121	360	86
1367	460.0	135.0		128.6		180	203	0	0	600	136	0	0	420	125	180	87
1368	600.0	137.7		130.2		600	166	0	0	660	147	60	86	240	103	240	89
1369	480.0	132.7		123.1		240	199	0	0	600	143	60	87	300	103	240	89
1370	440.0	128.3		123.7		120	188	0	0	660	136	0	0	360	114	180	89
1371	560.0	131.8		128.5		540	154	0	0	480	132	60	103	420	124	180	92
1372	380.0	118.4		111.2		60	192	0	0	480	143	0	0	120	101	480	89
1373	480.0	132.0		123.2		300	196	0	0	420	133	0	0	480	114	240	86
1374	340.0	116.8		113.3		120	145	0	0	240	128	60	88	420	120	180	85
1375	340.0	132.0		129.5		120	161	0	0	360	144	0	0	480	121	60	90
1376	260.0	116.9		110.5		60	141	0	0	240	143	60	91	180	128	240	83
1377	500.0	121.8		113.9		300	172	0	0	540	132	60	83	240	101	360	85
1378	620.0	122.4		117.7		420	158	0	0	600	129	0	0	480	108	360	89
1379	540.0	130.5		123.8		420	164	0	0	600	141	60	89	120	116	420	92
1380	420.0	130.4		123.4		240	163	0	0	420	140	60	86	240	144	300	89
1381	420.0	140.9		131.4		300	198	0	0	660	136	0	0	60	121	240	88
1382	460.0	122.6		116.2		300	166	0	0	420	131	0	0	360	108	300	85
1383	560.0	125.9		121.6		240	163	0	0	720	133	0	0	480	117	240	85
1384	380.0	126.2		123.9		0	0	0	0	420	147	0	0	600	117	120	99
1385	380.0	122.5		116.3		180	169	0	0	420	138	60	86	420	97	60	90
1386	500.0	113.8		108.1		180	163	0	0	420	132	0	0	360	111	540	85
1387	420.0	118.9		112.8		120	195	0	0	420	127	60	88	300	119	360	89
1388	480.0	127.9		123.0		180	152	0	0	480	136	60	90	480	137	240	85
1389	280.0	120.4		115.3		60	167	0	0	240	139	0	0	300	123	240	87
1390	380.0	139.9		133.1		240	190	0	0	420	146	0	0	420	113	60	85
1391	360.0	122.1		114.9		60	160	0	0	480	143	0	0	240	122	300	81
1392	260.0	126.4		123.0		60	145	0	0	480	137	0	0	120	113	120	88
1393	420.0	128.7		117.5		180	200	0	0	480	146	0	0	240	109	360	83
1394	480.0	124.5		120.3		120	189	0	0	540	132	0	0	600	116	180	87
1395	480.0	138.7		130.9		300	186	0	0	600	144	0	0	300	122	240	87
1396	460.0	112.6		107.4		60	180	0	0	540	134	0	0	180	108	600	88
1397	280.0	132.2		127.4		60	192	0	0	300	151	0	0	420	117	60	85
1398	300.0	130.3		118.6		240	180	0	0	240	148	0	0	60	121	360	87
1399	300.0	133.8		128.4		60	182	0	0	420	148	60	89	300	124	60	80
1400	360.0	137.1		133.8		180	179	0	0	420	140	0	0	420	122	60	96
1401	620.0	114.9		106.6		300	165	0	0	540	140	60	86	120	100	840	85
1402	360.0	115.6		114.1		0	0	0	0	480	123	0	0	480	116	120	84
1403	400.0	111.5		108.3		60	171	0	0	480	122	0	0	300	111	360	88
1404	420.0	122.0		116.8		120	190	0	0	660	128	60	87	240	104	180	90
1405	420.0	114.9		111.9		60	153	0	0	600	126	0	0	300	113	300	87
1406	640.0	115.5		110.4		420	149	0	0	480	129	60	110	480	106	480	83
1407	480.0	120.2		117.0		60	197	0	0	540	127	60	90	600	119	180	88
1408	280.0	109.5		105.9		0	0	0	0	300	136	0	0	240	102	300	89
1409	340.0	129.0		119.7		60	255	0	0	420	141	0	0	240	129	300	87
1410	440.0	112.9		108.2		180	150	0	0	360	126	120	86	360	115	300	83
1411	460.0	120.8		113.5		120	194	0	0	540	139	0	0	300	106	420	87
1412	240.0	114.8		112.1		0	0	0	0	360	131	0	0	180	106	180	91
1413	220.0	127.5		121.8		60	152	0	0	240	149	0	0	240	122	120	83
1414	340.0	121.2		118.6		60	152	0	0	300	145	60	103	600	108	0	0
1415	360.0	116.1		113.2		120	152	0	0	300	125	0	0	420	115	240	89
1416	240.0	120.2		113.8		60	167	0	0	360	138	0	0	120	95	180	86
1417	320.0	118.3		111.8		60	232	0	0	360	127	0	0	300	111	240	86
1418	360.0	108.4		104.4		60	145	0	0	360	134	0	0	240	95	420	89
1419	380.0	125.1		119.8		120	175	0	0	540	135	0	0	240	116	240	87
1420	260.0	123.1		117.6		0	0	0	0	360	134	0	0	180	148	240	88
1421	260.0	122.8		117.0		60	165	0	0	360	142	60	89	120	112	180	89
1422	380.0	121.2		114.2		120	165	0	0	420	145	60	91	180	115	360	87
1423	340.0	121.6		115.1		180	164	0	0	300	139	60	84	300	109	180	84
1424	180.0	137.7		125.4		180	181	0	0	180	145	0	0	60	83	120	89
1425	220.0	130.4		130.0		0	0	0	0	180	142	0	0	480	126	0	0
1426	360.0	126.8		124.3		60	154	0	0	420	137	60	101	420	127	120	90
1427	360.0	125.1		119.1		180	182	0	0	420	123	0	0	240	122	240	89
1428	320.0	112.9		107.1		60	192	0	0	360	130	0	0	180	106	360	86
1429	280.0	130.9		125.7		60	240	0	0	360	121	0	0	360	130	60	87
1430	420.0	117.3		107.7		180	193	0	0	420	133	0	0	240	88	420	86
1431	400.0	116.7		111.8		120	154	0	0	360	139	120	98	240	117	360	88
1432	360.0	114.7		111.6		0	0	0	0	480	134	0	0	240	110	360	92
1433	300.0	125.0		119.3		0	0	0	0	360	143	60	87	300	135	180	85
1434	280.0	108.3		104.6		60	148	0	0	180	130	0	0	240	114	360	87
1435	320.0	111.1		106.0		120	159	0	0	360	125	60	85	180	95	240	85
1436	540.0	115.5		107.7		300	172	0	0	420	131	120	90	180	97	600	87
1437	400.0	115.1		110.7		120	146	0	0	360	137	60	87	360	112	300	86
1438	280.0	129.7		125.1		60	175	0	0	420	143	0	0	240	116	120	88
1439	380.0	128.6		120.7		300	170	0	0	360	139	60	86	180	106	240	89
1440	280.0	108.2		103.6		60	110	0	0	180	134	60	88	180	133	360	86
1441	360.0	132.1		127.8		120	159	0	0	420	142	0	0	420	129	120	81
1442	340.0	128.9		122.2		60	225	0	0	420	137	0	0	300	131	240	88
1443	400.0	133.6		124.7		240	182	0	0	360	154	0	0	300	114	300	90
1444	320.0	123.6		116.9		60	218	0	0	420	135	60	88	240	117	180	86
1445	240.0	115.6		108.5		60	197	0	0	240	124	0	0	120	132	300	86
1446	460.0	126.8		122.0		420	153	0	0	420	131	60	88	300	117	180	85
1447	220.0	111.3		107.9		0	0	0	0	240	129	0	0	180	120	240	87
1448	320.0	118.3		115.9		0	0	0	0	420	132	0	0	360	117	180	89
1449	200.0	123.9		111.9		60	175	0	0	180	168	0	0	60	130	300	86
1450	240.0	119.1		116.4		0	0	0	0	300	137	60	89	300	113	60	90
1451	240.0	123.5		115.7		60	228	0	0	240	132	0	0	240	117	180	86
1452	400.0	123.2		112.8		240	181	0	0	240	152	60	96	180	113	480	87
1453	260.0	160.8		153.8		180	202	0	0	420	152	0	0	120	167	60	86
1454	340.0	122.5		114.4		180	157	0	0	240	156	0	0	120	134	480	90
1455	260.0	145.2		134.0		120	238	0	0	240	143	60	115	240	137	120	88
1456	300.0	118.8		112.2		60	197	0	0	240	145	0	0	300	113	300	88
1457	220.0	110.9		106.3		0	0	0	0	180	147	60	86	180	111	240	90
1458	160.0	124.9		116.1		60	156	0	0	120	171	0	0	120	117	180	89
1459	80.0	157.0		142.7		0	0	0	0	180	180	0	0	0	0	60	88
1460	240.0	130.1		122.0		60	182	0	0	240	163	60	87	300	111	60	85
1461	340.0	125.5		118.8		120	148	0	0	420	141	0	0	180	142	300	85
1462	280.0	114.8		107.8		0	0	0	0	420	143	0	0	60	84	360	87
1463	380.0	146.2		133.0		240	211	0	0	300	155	60	91	300	144	240	87
1464	240.0	122.3		112.0		120	193	0	0	120	154	60	90	120	117	300	90
1465	240.0	113.1		103.3		120	170	0	0	120	160	0	0	60	95	420	86
1466	180.0	120.8		116.6		0	0	0	0	300	139	0	0	120	108	120	88
1467	240.0	129.8		115.8		60	252	0	0	300	153	60	105	0	0	300	87
1468	320.0	120.0		109.9		120	198	0	0	360	138	60	87	0	0	420	87
1469	320.0	129.2		120.9		180	181	0	0	420	138	0	0	60	113	300	89
1470	240.0	111.4		106.3		0	0	0	0	120	157	60	104	240	121	300	87
1471	180.0	125.1		115.0		0	0	0	0	180	170	0	0	120	132	240	88
1472	180.0	119.2		112.0		60	189	0	0	180	127	0	0	120	124	180	85
1473	200.0	107.0		104.1		0	0	0	0	120	131	0	0	240	115	240	87
1474	220.0	126.4		117.6		60	192	0	0	300	144	60	88	60	129	180	87
1475	220.0	124.2		120.7		0	0	0	0	240	145	60	88	240	125	120	99
1476	300.0	114.3		108.4		120	148	0	0	240	142	0	0	120	117	420	88
1477	220.0	124.5		118.1		60	167	0	0	240	140	0	0	180	129	180	85
1478	320.0	114.1		105.7		120	195	0	0	300	128	60	85	60	102	420	87
1479	280.0	94.6		92.7		60	132	0	0	60	116	0	0	120	108	600	86
1480	240.0	123.0		114.2		60	194	0	0	240	153	0	0	180	106	240	88
1481	200.0	112.5		107.2		0	0	0	0	300	137	0	0	0	0	300	88
1482	120.0	114.7		114.1		0	0	0	0	180	122	0	0	120	110	60	102
1483	380.0	99.9		95.8		60	154	0	0	300	127	0	0	60	89	720	85
1484	220.0	108.3		103.7		60	154	0	0	180	128	0	0	60	125	360	88
1485	180.0	125.3		118.7		0	0	0	0	240	154	60	79	180	113	60	94
1486	340.0	114.6		103.3		120	213	0	0	240	141	60	88	60	105	540	85
1487	260.0	104.1		100.3		0	0	0	0	300	129	0	0	120	99	360	85
1488	260.0	117.8		114.3		0	0	0	0	300	137	0	0	300	117	180	87
1489	340.0	116.2		106.0		60	240	0	0	240	139	60	97	180	137	480	84
1490	120.0	103.0		98.9		0	0	0	0	120	134	60	86	0	0	180	88
1491	320.0	103.2		98.7		60	146	0	0	300	130	0	0	60	82	540	86
1492	240.0	113.0		106.1		60	146	0	0	240	146	0	0	60	110	360	86
1493	80.0	109.5		107.1		0	0	0	0	120	124	0	0	60	103	60	87
1494	240.0	117.4		112.1		120	152	0	0	240	135	0	0	60	115	300	90
1495	200.0	117.2		107.4		60	175	0	0	120	152	0	0	60	165	360	88
1496	140.0	102.1		97.6		0	0	0	0	120	140	0	0	0	0	300	87
1497	80.0	110.2		107.3		0	0	0	0	60	137	0	0	120	109	60	86
1498	140.0	104.9		99.1		0	0	0	0	120	148	0	0	60	90	240	87
1499	220.0	116.1		110.2		0	0	0	0	240	147	0	0	180	115	240	86
