#File created from auswertNew
# Temporary input file:
# tmp11.dat
# Created from repository file
# /home/vwitme/data/workdata/trafficData/Invent_A5/intermediatedata/A5frankfurt_06_01/daten/F11_1106.dat.gz
# Infrastructure description file:
# /home/vwitme/data/workdata/trafficData/Invent_A5/intermediatedata/A5frankfurt_06_01/daten/A5frankfurt_06_01.dsc
#
# Date: 11.06.2001
# Direction: Frankfurt
# Detector cross section 11
# Position (m)= 477.400000
# Number of main lanes=3
# Number of ramp lanes=0
# The lane indices are ordered from left to right
# NOTICE: The time has been increased by 1 hour 
# since summertime was not taken care of  in the original data!
# Velocity averages: Over veh types and lanes, weighted with flow
# vAvg=arithmetic average; vHarm=harmonic average
#===========================================
#t(min)	Qav(/h)	vAvg(km/h)	vHarm(km/h)	Q1car	v1car	Q1truck	v1truck	Q2car	v2car	Q2truck	v2truck	Q3car	v3car	Q3truck	v3truck
60	520.0	113.1		105.4		180	153	0	0	540	137	0	0	120	132	720	82
61	440.0	133.6		125.9		300	181	0	0	480	141	0	0	180	116	360	93
62	560.0	109.8		99.0		360	162	0	0	360	138	60	93	60	102	840	77
63	200.0	115.6		106.7		0	0	0	0	240	153	0	0	60	124	300	84
64	560.0	118.4		111.1		240	165	0	0	720	134	0	0	60	113	660	85
65	640.0	120.4		107.3		360	178	0	0	660	142	0	0	60	132	840	78
66	340.0	132.8		122.1		180	196	0	0	300	148	0	0	180	132	360	89
67	280.0	122.9		116.9		120	179	0	0	360	131	0	0	180	103	180	89
68	420.0	121.4		113.5		240	160	0	0	360	136	0	0	180	138	480	85
69	800.0	116.7		105.4		420	185	0	0	540	146	60	105	0	0	1380	85
70	300.0	120.5		109.2		60	236	0	0	300	148	0	0	60	136	480	87
71	480.0	122.8		113.5		480	166	0	0	360	123	60	117	60	85	480	85
72	500.0	127.2		121.8		420	160	0	0	660	128	0	0	180	103	240	86
73	420.0	139.7		126.6		300	183	0	0	480	162	60	114	0	0	420	87
74	560.0	107.9		101.0		120	166	0	0	540	138	60	104	0	0	960	84
75	380.0	111.7		103.7		120	169	0	0	360	138	60	88	60	122	540	83
76	220.0	111.5		105.3		60	141	0	0	240	141	0	0	0	0	360	87
77	400.0	120.9		112.8		240	161	0	0	480	135	0	0	60	113	420	83
78	380.0	119.3		110.6		240	168	0	0	300	141	60	97	0	0	540	88
79	220.0	131.7		126.0		60	137	0	0	240	163	0	0	180	124	180	96
80	180.0	98.1		95.1		0	0	0	0	60	154	60	88	60	107	360	89
81	340.0	115.4		105.3		180	184	0	0	180	144	0	0	60	107	600	87
82	400.0	110.9		103.5		120	169	0	0	300	144	120	107	0	0	660	86
83	300.0	131.0		124.3		180	170	0	0	420	139	60	96	60	122	180	88
84	300.0	113.5		107.9		60	149	0	0	420	135	0	0	0	0	420	87
85	420.0	104.1		98.7		60	149	0	0	360	139	0	0	0	0	840	86
86	460.0	114.5		104.7		300	169	0	0	360	132	0	0	0	0	720	83
87	300.0	122.5		112.7		120	195	0	0	300	140	0	0	60	132	420	88
88	380.0	131.0		118.3		360	176	0	0	300	149	0	0	0	0	480	86
89	460.0	112.9		107.2		120	166	0	0	480	136	60	96	0	0	720	90
90	420.0	110.2		104.9		120	154	0	0	480	130	0	0	60	106	600	86
91	380.0	112.9		104.6		240	162	0	0	240	137	60	99	0	0	600	85
92	380.0	105.5		100.7		120	144	0	0	300	133	180	92	60	96	480	85
93	300.0	108.7		104.2		180	123	0	0	180	134	120	89	60	153	360	88
94	400.0	117.3		109.8		300	149	0	0	300	145	120	90	0	0	480	87
95	220.0	125.6		117.6		60	202	0	0	300	142	0	0	180	98	120	88
96	340.0	106.7		100.3		60	170	0	0	240	147	120	93	0	0	600	87
97	520.0	112.0		104.7		240	167	0	0	480	130	0	0	0	0	840	86
98	320.0	124.4		115.2		180	170	0	0	360	144	0	0	0	0	420	88
99	580.0	106.2		99.5		300	162	0	0	180	142	120	95	0	0	1140	87
100	300.0	101.0		93.9		120	172	0	0	120	129	0	0	0	0	660	83
101	400.0	139.1		121.6		360	193	0	0	240	175	0	0	60	140	540	87
102	520.0	115.1		21.1		300	179	0	0	360	146	60	103	60	1	780	86
103	280.0	100.9		96.3		60	154	0	0	120	131	0	0	60	137	600	86
104	240.0	116.8		105.2		120	209	0	0	180	125	0	0	0	0	420	87
105	320.0	123.8		114.0		180	159	0	0	300	155	0	0	120	112	360	84
106	460.0	105.4		98.1		120	162	0	0	300	148	0	0	0	0	960	85
107	240.0	94.4		91.6		0	0	0	0	60	144	0	0	60	129	600	86
108	460.0	111.0		103.0		240	160	0	0	360	136	60	89	0	0	720	84
109	280.0	99.9		94.1		60	164	0	0	180	135	0	0	0	0	600	83
110	180.0	105.0		102.0		0	0	0	0	120	138	0	0	60	117	360	92
111	280.0	125.1		117.6		240	148	0	0	240	148	0	0	60	133	300	87
112	240.0	125.6		117.7		60	190	0	0	120	152	0	0	300	133	240	87
113	180.0	106.3		99.2		0	0	0	0	180	149	0	0	0	0	360	85
114	140.0	123.7		118.6		120	144	0	0	180	134	0	0	0	0	120	88
115	380.0	111.3		106.0		180	144	0	0	300	135	120	94	60	123	480	87
116	320.0	118.8		107.8		120	162	0	0	240	171	0	0	60	109	540	87
117	320.0	113.8		107.3		180	149	0	0	240	139	60	94	60	122	420	86
118	360.0	110.1		102.5		180	173	0	0	180	134	60	92	0	0	660	88
119	380.0	119.3		110.9		360	149	0	0	180	161	180	89	0	0	420	89
120	340.0	126.9		117.9		240	170	0	0	360	142	60	98	0	0	360	88
121	420.0	123.7		113.6		240	174	0	0	420	145	0	0	60	112	540	86
122	320.0	104.7		99.7		60	188	0	0	240	127	0	0	0	0	660	89
123	280.0	131.8		115.8		120	194	0	0	300	171	0	0	0	0	420	86
124	200.0	134.9		125.1		60	173	0	0	300	158	0	0	60	125	180	87
125	200.0	124.7		110.5		120	182	0	0	180	156	0	0	0	0	300	83
126	200.0	99.4		95.4		60	158	0	0	60	132	0	0	0	0	480	88
127	360.0	106.0		99.1		0	0	0	0	300	140	60	91	60	182	660	85
128	280.0	110.5		104.5		60	178	0	0	240	136	0	0	120	108	420	87
129	300.0	121.6		114.9		120	175	0	0	360	135	0	0	60	124	360	90
130	240.0	97.0		93.3		60	181	0	0	0	0	120	91	0	0	540	89
131	300.0	120.0		110.0		120	178	0	0	300	149	60	90	0	0	420	87
132	240.0	101.8		97.4		60	154	0	0	120	138	0	0	0	0	540	88
133	420.0	102.4		97.8		120	159	0	0	300	124	120	90	60	86	660	86
134	460.0	110.5		101.9		120	157	0	0	360	156	60	101	0	0	840	85
135	360.0	109.5		103.0		180	150	0	0	240	141	0	0	0	0	660	87
136	320.0	114.8		106.1		120	196	0	0	360	126	0	0	0	0	480	86
137	220.0	119.0		109.1		0	0	0	0	180	183	0	0	120	104	360	92
138	200.0	131.0		120.3		60	200	0	0	240	153	0	0	120	123	180	84
139	580.0	118.5		109.6		360	168	0	0	540	136	0	0	0	0	840	86
140	240.0	122.8		119.0		120	140	0	0	300	140	0	0	240	101	60	89
141	320.0	117.9		109.7		180	155	0	0	360	139	0	0	0	0	420	84
142	360.0	110.1		102.3		120	175	0	0	180	153	0	0	60	116	720	88
143	240.0	109.5		104.7		60	147	0	0	180	139	60	95	60	121	360	89
144	480.0	138.3		127.8		240	183	0	0	720	152	0	0	60	154	420	87
145	280.0	108.5		101.2		60	200	0	0	180	143	0	0	0	0	600	89
146	100.0	102.8		96.7		0	0	0	0	120	135	0	0	120	80	60	84
147	280.0	125.3		116.6		60	154	0	0	360	156	0	0	60	130	360	89
148	480.0	110.2		103.3		180	165	0	0	420	134	60	93	0	0	780	86
149	320.0	111.9		104.2		60	202	0	0	360	127	60	88	60	151	420	84
150	300.0	103.7		98.0		120	165	0	0	180	122	0	0	0	0	600	86
151	340.0	112.2		106.8		60	180	0	0	420	129	0	0	120	111	420	86
152	220.0	108.3		100.5		0	0	0	0	180	161	60	106	0	0	420	86
153	160.0	123.8		112.2		60	226	0	0	180	134	0	0	60	104	180	86
154	300.0	111.0		102.8		120	165	0	0	240	142	0	0	60	87	480	85
155	320.0	115.2		106.9		60	176	0	0	300	151	0	0	120	112	480	86
156	260.0	121.8		111.7		180	163	0	0	60	170	60	88	180	137	300	85
157	180.0	97.9		94.6		0	0	0	0	120	136	0	0	0	0	420	87
158	300.0	104.5		99.9		60	182	0	0	120	121	180	96	60	144	480	89
159	200.0	98.4		95.7		0	0	0	0	60	146	60	119	60	103	420	88
160	240.0	113.3		107.4		120	154	0	0	240	131	60	93	0	0	300	87
161	360.0	108.8		103.2		240	144	0	0	180	138	180	91	0	0	480	87
162	120.0	120.3		114.6		0	0	0	0	120	158	0	0	120	110	120	93
163	60.0	86.0		86.0		0	0	0	0	0	0	0	0	0	0	180	86
164	60.0	129.7		117.5		0	0	0	0	60	184	0	0	60	120	60	85
165	260.0	101.8		97.1		60	144	0	0	180	135	0	0	60	86	480	86
166	280.0	103.7		100.1		60	155	0	0	240	124	0	0	0	0	540	89
167	360.0	114.8		108.1		0	0	0	0	480	143	0	0	60	139	540	87
168	160.0	124.0		113.8		120	172	0	0	120	146	0	0	0	0	240	89
169	240.0	121.6		113.2		120	175	0	0	180	150	60	107	0	0	360	92
170	300.0	109.4		101.7		120	165	0	0	180	147	0	0	0	0	600	87
171	240.0	121.8		113.9		120	181	0	0	300	131	0	0	0	0	300	89
172	280.0	107.8		102.4		60	140	0	0	240	143	60	93	0	0	480	88
173	220.0	130.9		123.8		180	166	0	0	300	135	0	0	0	0	180	89
174	300.0	110.2		106.7		60	146	0	0	300	128	0	0	180	113	360	88
175	240.0	106.0		102.2		0	0	0	0	240	132	120	90	60	124	300	88
176	340.0	114.3		110.1		300	132	0	0	300	132	0	0	0	0	420	89
177	240.0	107.3		103.5		120	138	0	0	120	138	0	0	0	0	480	92
178	400.0	119.0		109.6		480	161	0	0	60	123	120	89	0	0	540	88
179	240.0	121.9		111.7		120	168	0	0	240	150	0	0	60	107	300	84
180	200.0	123.9		116.7		60	195	0	0	300	135	60	102	0	0	180	89
181	300.0	123.7		113.9		240	179	0	0	120	135	60	114	60	126	420	90
182	440.0	121.8		111.7		300	161	0	0	360	153	120	91	0	0	540	86
183	340.0	112.6		104.7		120	180	0	0	240	136	60	91	120	120	480	85
184	360.0	117.1		110.4		240	158	0	0	240	137	60	117	0	0	540	90
185	220.0	108.0		103.5		0	0	0	0	240	137	0	0	60	112	360	88
186	260.0	118.0		108.3		60	226	0	0	240	143	0	0	120	107	360	87
187	300.0	108.5		105.1		60	116	0	0	300	124	60	116	60	153	420	89
188	320.0	127.8		118.1		180	179	0	0	360	145	0	0	60	109	360	88
189	220.0	131.7		120.8		180	171	0	0	240	148	0	0	0	0	240	86
190	280.0	104.8		99.0		60	183	0	0	180	135	60	87	0	0	540	88
191	160.0	100.1		96.4		0	0	0	0	60	160	0	0	60	107	360	89
192	360.0	112.9		107.4		120	156	60	114	240	136	120	95	120	132	420	87
193	280.0	125.4		116.1		60	185	0	0	420	149	0	0	0	0	360	88
194	260.0	110.5		106.4		60	157	0	0	240	133	60	104	0	0	420	92
195	200.0	134.9		126.4		120	180	0	0	180	150	0	0	120	133	180	91
196	400.0	115.9		110.2		240	148	0	0	420	133	60	91	0	0	480	88
197	340.0	109.9		102.9		180	165	0	0	180	135	60	89	0	0	600	88
198	300.0	114.8		107.5		60	172	0	0	300	146	60	116	0	0	480	88
199	300.0	108.0		103.5		0	0	0	0	420	132	0	0	0	0	480	87
200	360.0	112.9		105.4		240	165	0	0	120	130	60	90	120	120	540	87
201	260.0	122.8		112.2		180	173	0	0	120	162	60	100	60	125	360	88
202	240.0	129.5		123.2		60	154	0	0	360	149	0	0	120	121	180	88
203	200.0	111.2		106.8		0	0	0	0	180	137	0	0	180	119	240	86
204	380.0	105.9		100.5		120	154	0	0	240	132	180	89	60	135	540	86
205	160.0	151.5		141.6		120	218	0	0	240	139	0	0	60	125	60	95
206	120.0	113.3		104.7		0	0	0	0	120	162	0	0	0	0	240	89
207	200.0	100.3		97.4		60	140	0	0	60	138	60	88	0	0	420	91
208	320.0	116.8		111.7		240	145	0	0	240	137	60	92	60	103	360	91
209	260.0	128.6		120.3		120	167	0	0	360	148	0	0	0	0	300	90
210	120.0	121.0		115.8		0	0	0	0	120	146	0	0	120	128	120	89
211	260.0	115.4		109.5		180	141	0	0	180	141	0	0	60	126	360	88
212	320.0	135.9		121.4		120	196	0	0	300	179	60	90	120	132	360	89
213	300.0	115.7		111.4		60	133	0	0	420	137	0	0	0	0	420	92
214	240.0	110.7		103.6		0	0	0	0	240	154	0	0	0	0	480	89
215	200.0	116.2		108.3		60	170	0	0	180	140	60	93	60	139	240	85
216	320.0	121.1		111.0		240	177	0	0	180	135	180	91	60	122	300	86
217	420.0	114.0		107.2		360	145	0	0	240	141	120	93	0	0	540	86
218	240.0	114.2		110.0		0	0	0	0	60	159	0	0	360	127	300	90
219	460.0	129.4		119.4		300	185	0	0	480	142	120	90	120	98	360	90
220	440.0	130.1		124.9		420	155	0	0	540	134	0	0	60	122	300	90
221	440.0	103.2		95.4		120	186	0	0	180	151	0	0	0	0	1020	85
222	360.0	112.4		106.1		0	0	0	0	480	143	0	0	0	0	600	88
223	480.0	127.2		124.0		600	135	0	0	600	135	0	0	0	0	240	88
224	220.0	115.8		107.6		60	160	0	0	240	148	0	0	0	0	360	87
225	380.0	117.7		108.3		180	171	0	0	360	144	0	0	0	0	600	86
226	400.0	104.5		99.7		60	162	0	0	360	132	60	91	0	0	720	87
227	340.0	116.4		107.4		180	176	0	0	240	139	60	111	0	0	540	87
228	280.0	120.6		114.1		120	163	0	0	360	137	0	0	0	0	360	90
229	460.0	120.8		111.0		300	166	0	0	360	148	0	0	60	115	660	86
230	520.0	106.0		101.0		180	142	0	0	420	134	60	93	60	81	840	87
231	420.0	120.3		110.3		180	175	0	0	480	144	0	0	0	0	600	85
232	340.0	103.6		48.2		120	142	0	0	300	135	60	102	60	5	480	87
233	360.0	103.5		98.2		0	0	0	0	420	134	60	95	0	0	600	83
234	340.0	121.9		110.9		180	184	0	0	360	140	0	0	0	0	480	85
235	400.0	120.8		111.3		180	170	0	0	420	148	0	0	60	88	540	87
236	240.0	117.3		112.5		0	0	0	0	360	134	0	0	120	130	240	86
237	140.0	122.3		116.3		0	0	0	0	180	148	0	0	120	120	120	86
238	260.0	114.7		110.1		0	0	0	0	480	132	0	0	0	0	300	87
239	180.0	117.1		110.6		0	0	0	0	180	156	0	0	120	113	240	90
240	320.0	133.5		126.3		0	0	0	0	600	153	0	0	180	119	180	83
241	340.0	137.1		132.5		120	172	0	0	540	146	0	0	180	130	180	94
242	220.0	134.2		125.7		60	194	0	0	300	156	0	0	60	122	240	95
243	340.0	125.8		116.9		240	171	0	0	360	136	0	0	60	123	360	86
244	260.0	123.6		114.8		120	169	0	0	300	147	0	0	0	0	360	89
245	280.0	136.6		131.9		120	171	0	0	480	144	0	0	120	118	120	91
246	240.0	116.7		109.8		60	154	0	0	300	143	60	91	0	0	300	88
247	260.0	117.7		111.3		60	162	0	0	360	139	0	0	0	0	360	89
248	240.0	117.7		110.4		60	202	0	0	240	137	0	0	180	105	240	87
249	240.0	114.6		110.1		60	133	0	0	300	132	0	0	120	121	240	85
250	280.0	115.0		107.2		0	0	0	0	420	145	0	0	0	0	420	85
251	180.0	129.0		122.4		60	154	0	0	180	159	0	0	180	118	120	88
252	300.0	141.0		130.7		240	180	0	0	420	149	60	94	0	0	180	86
253	380.0	122.3		118.4		180	154	0	0	600	128	0	0	180	109	180	85
254	320.0	121.0		110.7		120	193	0	0	300	144	0	0	60	134	480	87
255	220.0	126.0		117.0		180	171	0	0	180	133	0	0	60	126	240	87
256	360.0	132.1		124.3		360	147	0	0	300	139	60	91	120	181	240	87
257	360.0	106.6		79.5		240	148	0	0	180	135	180	97	60	15	420	88
258	380.0	122.9		114.1		120	162	0	0	540	147	0	0	0	0	480	86
259	300.0	110.7		104.3		0	0	0	0	300	147	0	0	60	133	540	88
260	480.0	123.0		117.2		540	148	0	0	420	130	60	94	0	0	420	88
261	420.0	127.4		121.7		360	154	0	0	480	133	60	112	60	141	300	87
262	340.0	133.9		127.6		60	180	0	0	540	151	0	0	240	119	180	87
263	280.0	108.6		101.6		60	177	0	0	180	142	60	94	60	136	480	86
264	440.0	141.7		134.1		300	180	0	0	600	149	0	0	180	124	240	89
265	520.0	128.4		121.7		300	167	0	0	540	142	120	112	120	137	480	91
266	580.0	129.2		120.4		420	169	0	0	720	138	60	90	60	138	480	85
267	520.0	130.0		120.1		240	172	0	0	720	151	0	0	60	87	540	88
268	240.0	133.5		125.3		0	0	0	0	360	153	0	0	180	144	180	84
269	280.0	123.0		112.1		180	186	0	0	240	137	0	0	0	0	420	88
270	320.0	109.7		103.6		60	161	0	0	360	136	120	88	0	0	420	86
271	260.0	127.7		125.3		0	0	0	0	360	144	60	116	300	118	60	90
272	440.0	135.6		127.0		180	172	0	0	600	155	0	0	180	130	360	88
273	480.0	141.0		129.7		480	189	0	0	420	139	120	103	120	129	300	87
274	360.0	125.6		118.2		60	185	0	0	540	148	0	0	0	0	480	93
275	460.0	125.7		114.7		300	178	0	0	360	147	0	0	60	150	660	88
276	400.0	125.3		117.5		240	169	0	0	420	140	0	0	60	130	480	90
277	560.0	115.5		110.2		240	160	0	0	780	125	0	0	0	0	660	88
278	400.0	117.1		111.4		60	142	0	0	600	140	0	0	0	0	540	89
279	560.0	123.9		119.1		540	141	0	0	660	135	60	89	60	104	360	87
280	460.0	119.8		113.3		300	152	60	114	420	140	120	103	0	0	480	87
281	400.0	122.6		118.3		180	152	0	0	600	133	0	0	120	111	300	89
282	400.0	142.3		136.1		360	180	0	0	300	146	0	0	420	122	120	91
283	340.0	146.5		140.1		120	193	0	0	600	154	0	0	180	130	120	87
284	420.0	136.4		133.1		180	163	0	0	660	139	0	0	300	135	120	86
285	760.0	124.4		115.0		360	171	0	0	900	147	0	0	0	0	1020	88
286	500.0	122.8		110.9		120	190	0	0	540	162	0	0	60	100	780	87
287	240.0	150.3		143.0		60	211	0	0	360	167	0	0	240	126	60	87
288	760.0	124.2		115.9		420	167	0	0	1020	138	0	0	0	0	840	86
289	700.0	111.6		105.7		360	155	0	0	660	126	120	99	60	118	900	85
290	380.0	128.0		117.3		180	185	0	0	480	145	0	0	60	122	420	85
291	440.0	136.6		129.9		300	178	0	0	540	144	0	0	300	110	180	90
292	560.0	110.2		100.1		240	157	0	0	540	135	0	0	180	118	720	74
293	500.0	130.4		123.9		240	164	0	0	720	142	60	115	120	131	360	87
294	560.0	118.1		109.8		300	175	0	0	600	130	0	0	60	100	720	86
295	500.0	128.3		122.7		240	166	0	0	660	140	0	0	360	110	240	86
296	560.0	137.9		132.3		420	168	0	0	780	142	0	0	240	123	240	87
297	680.0	116.4		108.2		420	161	0	0	600	132	0	0	60	150	960	85
298	420.0	120.7		113.5		120	147	0	0	540	147	0	0	60	126	540	88
299	520.0	140.4		127.8		360	199	0	0	660	146	0	0	120	128	420	85
300	400.0	146.3		136.9		360	185	0	0	480	150	0	0	120	130	240	89
301	780.0	126.6		121.3		600	154	0	0	1020	133	0	0	180	118	540	87
302	800.0	117.0		114.4		600	135	0	0	1140	121	120	114	120	98	420	87
303	580.0	132.3		127.2		420	164	0	0	720	137	0	0	360	116	240	87
304	660.0	121.4		115.4		300	155	0	0	780	139	0	0	240	114	660	88
305	400.0	126.5		115.4		120	177	0	0	420	162	0	0	120	130	540	87
306	740.0	123.1		115.2		420	160	0	0	960	139	0	0	120	95	720	85
307	680.0	130.9		124.1		360	177	0	0	960	139	0	0	360	107	360	87
308	780.0	129.1		122.8		480	151	0	0	1080	145	0	0	240	108	540	87
309	580.0	130.8		123.5		540	164	0	0	720	133	0	0	60	120	420	86
310	800.0	126.7		120.0		900	156	0	0	720	129	60	103	60	107	660	88
311	600.0	129.5		122.6		300	177	0	0	540	143	0	0	660	118	300	83
312	880.0	124.5		119.4		900	150	0	0	1020	126	0	0	120	107	600	87
313	1000.0	137.2		131.6		1320	158	0	0	1080	135	0	0	180	120	420	85
314	500.0	125.4		119.5		180	166	0	0	660	142	0	0	300	108	360	89
315	560.0	136.2		128.1		420	174	0	0	660	148	0	0	240	107	360	90
316	680.0	118.3		112.7		540	148	0	0	720	129	60	92	60	94	660	87
317	720.0	120.1		115.7		600	150	0	0	840	122	120	104	120	102	480	88
318	880.0	123.4		115.8		660	159	0	0	960	136	60	109	60	105	900	86
319	720.0	129.6		123.1		540	166	0	0	1020	133	0	0	180	103	420	86
320	920.0	138.9		130.7		900	179	0	0	960	139	0	0	540	106	360	88
321	880.0	125.7		116.7		720	161	0	0	840	139	0	0	120	147	960	85
322	620.0	142.5		136.3		300	176	0	0	780	160	0	0	420	125	360	97
323	600.0	144.0		140.3		540	163	0	0	900	147	0	0	240	118	120	88
324	920.0	125.8		115.3		840	170	0	0	840	133	0	0	180	105	900	82
325	920.0	145.9		141.7		1080	168	0	0	1020	144	0	0	420	124	240	93
326	820.0	107.8		100.9		420	154	0	0	840	123	0	0	0	0	1200	81
327	1220.0	124.0		119.3		1440	146	0	0	1320	124	60	108	60	93	780	87
328	1200.0	119.9		116.3		1560	136	0	0	1260	120	120	110	60	79	600	84
329	1520.0	116.0		114.4		1860	128	60	113	1680	115	60	109	300	103	600	89
330	1220.0	123.4		116.5		1380	152	60	117	1020	126	0	0	240	111	960	83
331	1020.0	123.9		116.8		840	161	0	0	1260	127	0	0	180	102	780	84
332	1060.0	123.0		117.7		1200	145	0	0	1020	125	0	0	300	118	660	82
333	1440.0	120.1		115.0		1740	142	0	0	1380	121	180	111	0	0	1020	83
334	1220.0	114.7		108.7		1140	140	0	0	1140	126	60	101	180	100	1140	81
335	1400.0	121.9		117.9		1680	141	0	0	1380	122	120	115	240	111	780	85
336	1320.0	127.2		125.0		1800	141	0	0	1380	124	120	116	420	105	240	87
337	940.0	121.8		115.5		840	150	0	0	1140	127	60	105	60	121	720	82
338	980.0	116.3		110.4		720	145	0	0	1080	128	60	117	300	97	780	81
339	1320.0	117.8		110.9		1500	143	0	0	1140	127	0	0	120	85	1200	81
340	1540.0	122.1		117.5		2100	140	0	0	1560	121	0	0	120	102	840	82
341	1320.0	115.6		111.8		1440	138	0	0	1620	112	60	112	60	100	780	83
342	900.0	120.5		114.7		780	152	0	0	900	126	120	107	240	105	660	84
343	1000.0	126.0		123.4		960	145	0	0	1260	127	0	0	480	108	300	90
344	1240.0	116.7		112.0		1440	135	0	0	900	125	120	113	240	121	1020	83
345	1640.0	111.3		108.1		2040	130	60	113	1620	108	0	0	0	0	1200	84
346	1700.0	117.0		112.9		2280	137	0	0	1440	114	120	100	60	79	1200	86
347	1380.0	125.2		121.8		1860	142	0	0	1320	123	180	118	240	96	540	88
348	1500.0	115.3		111.6		1860	134	0	0	1260	117	120	113	60	90	1200	86
349	1440.0	121.1		118.2		2040	135	0	0	1260	121	60	111	120	114	840	89
350	1200.0	117.8		114.9		1260	136	0	0	1260	118	180	107	300	113	600	85
351	1320.0	124.2		121.8		1740	136	0	0	1560	125	60	99	240	96	360	87
352	1240.0	124.3		120.5		1200	146	0	0	1740	125	0	0	300	93	480	87
353	1340.0	116.2		113.3		1440	131	0	0	1500	118	0	0	360	116	720	83
354	1700.0	112.1		110.0		1920	124	60	116	1740	114	240	106	240	113	900	84
355	1240.0	124.2		122.4		1200	139	0	0	1800	123	60	101	360	115	300	88
356	1340.0	116.4		113.6		1500	133	0	0	1560	117	60	113	360	91	540	86
357	1600.0	118.6		117.0		2040	128	0	0	1680	119	60	119	420	115	600	88
358	860.0	124.5		121.1		780	146	0	0	1080	127	60	116	240	108	420	89
359	2000.0	113.3		111.3		2520	125	60	114	2040	114	120	114	240	100	1020	86
360	1420.0	121.4		119.5		1800	133	60	114	1260	122	120	116	660	110	360	85
361	1400.0	118.9		115.3		1440	140	0	0	1440	122	120	107	360	98	840	88
362	1360.0	120.8		118.0		1680	136	0	0	1560	120	0	0	300	102	540	86
363	1340.0	123.1		120.5		1620	136	0	0	1560	124	60	116	300	111	480	85
364	1740.0	114.6		113.4		2280	123	0	0	1920	115	120	106	300	102	600	89
365	1500.0	125.0		123.3		2100	135	0	0	1680	124	0	0	540	103	180	84
366	1320.0	120.1		117.1		1440	134	0	0	1680	122	60	110	180	118	600	83
367	1340.0	122.0		118.8		1500	140	0	0	1440	122	60	119	540	107	480	83
368	1620.0	117.0		114.6		1980	131	0	0	1740	116	180	113	300	105	660	84
369	1940.0	113.0		110.8		2700	125	0	0	1740	112	180	114	240	96	960	85
370	1420.0	122.5		119.7		1740	138	0	0	1620	122	60	112	360	102	480	85
371	1320.0	123.3		119.8		1740	140	0	0	1260	123	60	117	300	101	600	87
372	1300.0	119.2		116.3		1440	136	0	0	1620	119	60	109	120	107	660	86
373	1520.0	115.9		113.2		1680	133	60	114	1500	118	240	101	300	95	780	88
374	2280.0	102.8		102.2		3120	109	180	112	2040	101	240	107	540	93	720	85
375	1640.0	115.3		112.8		2160	128	60	119	1440	117	180	108	300	104	780	83
376	1880.0	113.0		112.1		2640	121	0	0	1920	111	180	108	600	100	300	85
377	1540.0	120.1		118.8		1980	131	0	0	1560	119	60	112	780	105	240	89
378	1460.0	114.6		112.6		1920	127	0	0	1260	115	180	110	420	100	600	86
379	1820.0	102.2		100.9		2220	112	180	107	1920	101	180	102	60	86	900	81
380	2120.0	100.2		99.7		2820	106	60	114	2340	99	180	94	60	89	900	86
381	1940.0	100.8		99.8		2340	109	60	107	1920	102	180	100	240	85	1080	84
382	1960.0	101.2		100.0		2340	110	60	118	2100	102	120	97	180	90	1080	82
383	1800.0	111.1		108.7		2100	127	0	0	1740	111	120	110	600	91	840	86
384	2000.0	101.7		101.2		2220	108	180	101	2280	102	120	97	360	94	840	88
385	1660.0	108.5		107.1		2400	119	0	0	1560	105	60	93	300	95	660	86
386	1700.0	106.0		105.2		2280	111	0	0	1440	108	240	109	540	103	600	84
387	1880.0	105.8		104.2		2280	115	60	117	1920	109	60	109	360	89	960	83
388	2360.0	98.5		98.2		2880	104	60	95	2520	98	120	95	900	91	600	87
389	1680.0	108.7		106.7		2160	118	60	112	1620	112	60	117	540	93	600	79
390	1820.0	105.5		105.2		2340	110	0	0	2100	103	120	114	600	105	300	86
391	2140.0	95.7		95.3		2580	100	60	106	2280	96	60	96	720	93	720	81
392	2100.0	99.9		99.3		2340	108	60	107	2220	99	240	105	780	89	660	85
393	1940.0	106.1		105.6		2400	112	0	0	2220	106	60	94	840	96	300	90
394	1840.0	105.3		104.7		2220	111	60	116	1800	107	0	0	1140	97	300	83
395	2200.0	105.2		104.7		2640	112	120	108	1860	105	360	108	1440	94	180	90
396	1800.0	110.6		110.2		2220	116	60	112	1800	110	60	111	1020	105	240	89
397	1620.0	112.6		111.4		1620	125	0	0	1920	113	180	109	900	96	240	91
398	1680.0	112.1		111.3		2220	119	0	0	1980	111	120	113	300	102	420	88
399	1760.0	111.7		110.8		2160	120	0	0	1860	112	0	0	780	102	480	89
400	1740.0	112.4		111.7		2280	120	0	0	1860	111	180	109	660	100	240	88
401	1600.0	116.4		115.6		1860	126	0	0	1740	115	120	113	840	105	240	93
402	2040.0	109.4		108.3		2640	116	0	0	2160	111	60	110	600	102	660	84
403	1880.0	108.7		108.2		2280	116	60	111	1920	107	60	110	1020	99	300	96
404	1720.0	114.3		112.7		2160	126	0	0	1740	111	120	113	480	111	660	87
405	1640.0	111.4		110.3		2040	121	0	0	1740	110	180	103	360	107	600	88
406	1740.0	108.7		107.4		2160	118	60	107	1860	109	240	108	60	88	840	86
407	1700.0	107.2		106.0		2280	116	0	0	1740	106	120	113	480	96	480	80
408	1840.0	104.7		103.9		2460	113	60	104	1920	103	60	104	360	90	660	87
409	1780.0	106.4		105.5		2160	114	0	0	2100	107	60	111	180	97	840	87
410	2080.0	108.4		107.5		2760	115	0	0	1980	110	120	108	840	98	540	85
411	1840.0	114.4		112.9		2460	124	0	0	1860	115	60	109	420	101	720	88
412	1740.0	111.8		110.8		1800	124	0	0	2100	110	120	109	900	98	300	93
413	1660.0	117.5		116.3		2100	126	0	0	1740	119	0	0	540	109	600	91
414	1860.0	116.9		116.2		2400	125	0	0	2220	115	60	110	540	103	360	97
415	1860.0	115.6		114.5		2400	125	60	117	1440	117	120	117	1080	102	480	94
416	1780.0	112.5		111.7		2280	119	60	107	1680	115	60	100	720	103	540	92
417	1780.0	110.6		109.7		2280	118	0	0	1980	109	120	98	480	111	480	85
418	2220.0	110.7		109.8		2460	122	60	115	2580	107	0	0	1200	101	360	91
419	1740.0	113.2		112.6		2400	120	0	0	1920	111	60	114	480	105	360	91
420	1640.0	111.2		109.8		2040	121	0	0	1500	113	300	108	600	95	480	86
421	2120.0	108.8		107.6		2820	117	0	0	1800	109	180	105	1140	100	420	78
422	1820.0	113.2		111.8		2340	124	0	0	1980	112	60	117	660	95	420	87
423	1660.0	109.7		109.1		1860	116	60	107	1980	109	60	112	540	108	480	90
424	1980.0	110.1		109.1		2340	118	120	117	2160	112	120	106	780	94	420	86
425	1580.0	115.3		114.0		1860	127	0	0	1680	115	0	0	780	100	420	93
426	1520.0	110.3		107.9		1800	123	0	0	1320	115	120	100	600	99	720	81
427	1860.0	109.6		108.6		2100	120	120	114	1860	109	180	106	840	97	480	89
428	1820.0	107.6		106.9		2640	114	0	0	1440	108	180	106	600	99	600	88
429	1880.0	111.9		110.5		2400	123	0	0	1920	111	120	105	600	98	600	86
430	1660.0	111.9		110.6		2040	123	120	118	1500	109	300	109	420	101	600	89
431	1900.0	110.2		109.1		2520	119	60	112	1980	109	120	107	600	95	420	85
432	1520.0	119.5		118.7		1980	128	60	110	1380	119	120	107	840	108	180	95
433	1500.0	113.9		110.4		1680	126	0	0	1620	118	60	108	600	108	540	71
434	2260.0	104.3		103.4		2820	110	0	0	2340	107	180	98	960	94	480	80
435	1360.0	116.4		115.4		1980	124	0	0	1560	113	60	117	180	109	300	88
436	1840.0	105.1		104.3		2040	114	0	0	2160	105	120	103	420	97	780	87
437	2080.0	107.7		107.2		2520	113	120	112	2280	109	60	109	960	96	300	89
438	2000.0	111.8		110.2		2460	124	0	0	1740	113	240	110	1200	93	360	87
439	1920.0	109.6		108.8		2160	119	120	115	1920	109	60	103	1140	98	360	92
440	1820.0	116.7		115.4		2280	127	60	113	1800	117	120	112	780	101	420	90
441	1660.0	111.7		110.9		2220	119	0	0	1440	113	120	108	900	100	300	88
442	1860.0	109.2		107.6		2160	122	120	117	1560	110	180	103	1140	93	420	85
443	1780.0	109.2		108.3		2280	117	60	108	1860	109	120	95	660	98	360	86
444	1880.0	111.4		110.4		2340	121	0	0	1920	111	0	0	1020	98	360	89
445	1800.0	115.5		114.5		2580	123	0	0	1440	115	360	109	540	109	480	89
446	1960.0	111.3		110.1		2340	121	0	0	2280	112	120	106	540	96	600	86
447	1780.0	112.4		111.8		2400	118	0	0	1560	113	180	114	960	103	240	88
448	1540.0	110.9		109.3		1920	122	0	0	1620	111	120	104	360	95	600	86
449	1720.0	107.5		106.2		1920	119	60	118	1860	106	240	105	540	94	540	85
450	1880.0	103.8		103.3		2640	109	0	0	1920	104	120	99	420	95	540	86
451	2000.0	106.9		106.3		2640	113	0	0	2220	107	120	97	600	96	420	87
452	1840.0	108.7		107.9		2340	117	0	0	2160	107	0	0	720	95	300	89
453	1600.0	115.4		114.5		2040	124	0	0	1560	114	60	114	840	107	300	88
454	1280.0	116.3		115.0		1500	125	0	0	1440	119	60	103	480	105	360	87
455	1980.0	112.4		111.7		2460	120	60	116	2160	112	60	112	840	101	360	89
456	1480.0	114.6		113.9		1500	123	0	0	1920	116	0	0	720	103	300	92
457	1680.0	110.6		109.8		2220	118	0	0	1920	110	60	100	540	98	300	85
458	1860.0	108.9		107.3		2400	121	0	0	1620	107	300	108	540	92	720	86
459	1460.0	113.2		112.5		1620	118	60	112	1740	116	120	113	480	104	360	90
460	1720.0	110.5		109.7		1980	118	0	0	1680	113	0	0	1140	102	360	85
461	1500.0	107.9		106.0		1740	122	60	112	1440	108	120	102	420	88	720	86
462	1980.0	106.5		106.1		2460	113	0	0	2100	104	180	102	900	101	300	89
463	1520.0	116.9		115.5		2100	127	0	0	1200	117	300	111	600	101	360	89
464	1520.0	111.0		108.7		1740	126	0	0	1440	113	180	105	840	89	360	85
465	1740.0	110.5		109.5		2220	119	0	0	1680	111	180	108	660	97	480	89
466	1660.0	104.4		103.6		1980	113	0	0	1800	103	60	102	480	100	660	86
467	1600.0	109.3		108.5		1920	119	0	0	1860	106	180	108	480	98	360	90
468	1660.0	106.0		105.2		1980	114	60	113	1860	105	120	104	600	95	360	85
469	1560.0	104.2		103.0		1980	113	60	98	1260	108	180	97	780	89	420	84
470	1800.0	98.7		98.2		2160	104	60	98	1980	99	180	92	360	97	660	83
471	1440.0	106.9		105.7		1860	117	0	0	1320	107	120	96	420	95	600	86
472	1760.0	105.2		104.5		2040	110	60	107	1920	108	120	108	840	94	300	84
473	1660.0	103.6		102.8		1620	112	120	110	1860	105	120	103	1020	91	240	86
474	1620.0	107.0		106.1		1980	115	0	0	1860	107	180	106	420	90	420	87
475	1640.0	104.2		103.6		1980	112	0	0	1620	103	60	99	960	96	300	86
476	1840.0	104.1		103.9		2340	108	60	109	1860	104	0	0	840	99	420	92
477	1600.0	104.7		103.9		1860	114	0	0	1860	102	120	104	420	100	540	86
478	1740.0	101.9		101.4		1980	107	120	112	1980	103	60	107	720	90	360	87
479	1740.0	105.0		104.2		2280	112	0	0	1920	105	120	100	360	92	540	85
480	1700.0	104.9		104.5		2280	110	60	112	1740	103	60	114	600	100	360	87
481	1620.0	104.2		103.5		1980	112	0	0	1740	103	180	106	480	91	480	89
482	1600.0	102.5		101.7		1860	110	60	107	1740	104	60	101	540	88	540	86
483	1580.0	99.8		99.4		1740	105	300	106	1440	100	240	98	540	91	480	87
484	1680.0	95.8		95.2		1980	101	60	100	1740	98	120	101	720	84	420	80
485	1580.0	96.3		96.0		2040	100	0	0	1740	96	180	101	240	89	540	85
486	1880.0	89.6		89.3		2040	96	0	0	2040	88	180	90	900	83	480	82
487	1700.0	99.1		98.9		2160	103	0	0	1860	97	60	115	660	96	360	90
488	1580.0	98.4		98.0		1920	103	60	96	1740	99	240	95	420	93	360	80
489	1620.0	98.9		98.4		2100	105	60	108	1320	99	120	97	600	92	660	85
490	1500.0	97.4		96.8		1740	104	60	104	1380	98	120	103	900	87	300	84
491	1720.0	97.7		97.1		2160	103	60	99	1740	100	60	95	540	87	600	82
492	1800.0	95.8		95.3		1860	102	0	0	2040	97	180	96	720	89	600	81
493	1680.0	94.9		94.5		2100	99	180	102	1500	95	240	97	540	84	480	85
494	1740.0	95.4		94.6		1980	102	120	108	1860	95	180	70	720	89	360	82
495	1660.0	91.4		91.1		1860	95	60	96	1980	93	60	91	420	82	600	81
496	1920.0	88.1		87.9		2040	92	240	90	2160	89	60	88	600	80	660	80
497	1600.0	86.8		86.6		1800	91	0	0	1740	86	60	78	780	82	420	82
498	1720.0	88.4		88.2		1980	90	60	100	1920	90	60	86	540	85	600	80
499	1900.0	84.2		83.7		1860	90	60	89	1800	86	360	84	540	80	1080	73
500	1720.0	86.9		86.3		1860	94	0	0	1860	86	120	58	840	82	480	79
501	1800.0	88.3		88.2		2280	91	0	0	2160	88	0	0	360	83	600	82
502	1740.0	82.3		82.2		1740	85	60	77	1800	83	60	77	1320	79	240	78
503	1820.0	72.2		72.1		2100	70	60	76	1740	74	120	80	960	72	480	73
504	1720.0	59.9		59.3		1860	66	0	0	1980	60	120	55	540	53	660	49
505	1440.0	59.4		59.3		1560	56	0	0	1560	62	0	0	900	61	300	59
506	1740.0	63.9		63.8		1980	65	120	62	1620	62	360	62	480	67	660	64
507	1580.0	65.3		65.3		1680	64	60	64	1320	67	300	72	900	64	480	64
508	1700.0	61.6		61.1		1800	65	120	73	1680	64	180	60	540	53	780	53
509	1500.0	57.4		57.3		1620	55	60	58	1560	60	60	57	840	57	360	58
510	1440.0	46.9		46.9		1560	48	0	0	1080	46	420	44	780	48	480	46
511	1380.0	40.2		39.8		1320	46	60	47	1380	37	180	38	660	39	540	36
512	1360.0	36.6		35.6		1140	44	180	39	1440	37	180	36	360	27	780	29
513	1340.0	28.6		28.4		1560	31	0	0	1020	28	360	29	540	25	540	26
514	1240.0	33.4		33.2		1200	36	180	35	1140	33	180	36	540	31	480	29
515	1280.0	36.3		36.1		1380	39	0	0	960	37	300	35	840	33	360	33
516	1280.0	40.9		40.8		1320	42	60	42	1020	43	240	44	780	37	420	38
517	920.0	30.4		29.8		720	28	120	29	900	27	120	47	540	34	360	33
518	760.0	20.1		19.7		840	20	120	17	780	23	120	20	360	16	60	15
519	920.0	28.3		26.3		1020	35	120	31	960	28	120	20	180	23	360	15
520	1180.0	37.7		34.8		1020	45	180	49	1140	42	180	38	780	23	240	25
521	1320.0	55.2		53.9		1440	66	0	0	1200	51	300	51	480	47	540	45
522	1300.0	66.0		65.8		1500	69	0	0	1080	68	120	64	840	61	360	60
523	1500.0	62.7		62.7		1560	64	240	64	1440	63	120	61	540	61	600	60
524	1560.0	69.8		69.6		1800	74	0	0	1500	69	120	72	720	65	540	64
525	1500.0	67.2		66.5		1500	73	60	74	1440	70	180	69	1020	58	300	54
526	1320.0	63.0		61.9		1200	69	120	70	1020	69	240	64	780	52	600	53
527	1480.0	61.3		61.0		1620	67	120	59	1500	60	120	58	660	56	420	54
528	1400.0	63.1		62.8		1440	68	60	72	1380	64	0	0	720	57	600	56
529	1340.0	68.5		68.3		1560	71	180	72	900	68	300	71	600	67	480	60
530	1440.0	62.6		62.5		1620	64	120	69	1260	62	240	66	480	63	600	57
531	1500.0	57.4		57.4		1620	58	60	62	1620	58	120	55	360	57	720	55
532	1540.0	58.9		58.7		1440	61	120	64	1380	60	240	64	720	55	720	54
533	1400.0	60.6		60.5		1500	62	0	0	1320	61	240	65	660	57	480	58
534	1420.0	60.2		59.9		1260	65	180	67	1200	60	300	57	600	55	720	56
535	1420.0	70.8		70.3		1440	77	0	0	1620	71	60	72	600	63	540	62
536	1340.0	77.9		77.1		1380	86	60	92	1380	78	120	74	420	67	660	67
537	1200.0	86.8		86.2		1320	93	120	88	1020	89	180	92	240	78	720	74
538	1100.0	87.2		86.7		1380	94	60	87	1200	85	120	79	120	78	420	76
539	1160.0	82.9		82.3		1200	92	0	0	960	81	300	83	420	74	600	74
540	1320.0	86.7		86.3		1620	92	0	0	1140	87	240	82	480	80	480	77
541	1240.0	92.7		92.0		1380	101	0	0	1260	93	60	92	420	83	600	80
542	1000.0	92.5		91.7		780	102	180	98	1080	94	60	96	480	85	420	77
543	1320.0	88.6		88.0		1500	97	60	88	1380	86	60	89	540	82	420	76
544	1340.0	89.1		88.7		1560	94	60	93	1320	90	120	84	540	81	420	79
545	1120.0	94.3		93.9		1080	100	0	0	1740	94	0	0	180	89	360	81
546	1120.0	89.4		88.4		1080	99	0	0	1080	92	300	88	300	78	600	74
547	1160.0	94.8		93.4		1500	105	60	115	1080	93	60	79	480	81	300	72
548	1280.0	90.7		90.3		1260	97	120	101	1560	90	60	92	420	83	420	79
549	1100.0	91.1		90.8		1260	97	60	98	1200	89	120	81	480	87	180	80
550	1100.0	92.1		91.1		1200	101	60	100	960	94	120	94	480	81	480	76
551	1220.0	93.2		92.4		1440	100	60	114	1080	94	240	92	180	81	660	79
552	1100.0	90.6		90.2		1260	98	0	0	960	88	180	89	420	86	480	81
553	1260.0	95.0		94.5		1620	102	0	0	1140	92	240	94	480	87	300	82
554	1080.0	103.6		102.2		1200	115	0	0	780	106	360	101	480	92	420	82
555	1160.0	97.9		96.9		1140	107	120	100	1020	101	240	98	420	87	540	81
556	1160.0	96.9		96.5		1380	103	0	0	1080	97	240	94	420	87	360	87
557	1060.0	94.7		93.7		1200	106	0	0	1200	92	0	0	480	83	300	79
558	1240.0	91.9		91.6		1320	95	60	99	1500	94	120	89	240	83	480	81
559	1220.0	94.2		93.5		1320	103	0	0	1080	94	240	97	660	85	360	78
560	1160.0	91.9		89.5		1380	104	120	99	1200	93	0	0	240	65	540	69
561	1280.0	90.6		90.2		1680	97	0	0	1200	89	0	0	360	84	600	80
562	1420.0	93.6		93.1		1860	99	60	101	1260	93	240	95	300	84	540	80
563	1400.0	91.9		91.4		1560	98	60	103	1380	92	60	96	660	83	480	82
564	1300.0	88.5		87.5		1560	97	120	103	1200	86	180	88	300	73	540	75
565	1160.0	80.9		80.6		1200	86	60	85	1140	81	120	81	480	76	480	72
566	1360.0	85.3		84.5		1500	95	0	0	1380	83	120	85	720	76	360	72
567	1140.0	91.1		90.6		1320	96	0	0	1020	94	60	96	660	84	360	77
568	1160.0	82.6		81.0		1200	99	0	0	1320	76	0	0	600	72	360	70
569	1240.0	87.0		85.8		1080	102	0	0	1320	86	240	82	660	76	420	72
570	1180.0	85.3		85.0		1440	91	0	0	1320	83	60	86	480	78	240	78
571	1040.0	90.0		89.3		1140	99	120	89	1080	87	180	90	300	80	300	77
572	1140.0	92.3		91.7		1620	96	0	0	960	96	60	96	180	82	600	79
573	1140.0	94.5		92.7		1320	108	0	0	1140	94	60	93	420	75	480	76
574	1240.0	97.1		96.3		1620	103	60	113	1080	98	120	100	480	85	360	80
575	1060.0	99.8		99.3		1260	106	0	0	960	100	120	103	540	90	300	89
576	1040.0	94.4		93.1		1200	105	0	0	960	94	180	99	240	81	540	76
577	1060.0	94.8		93.0		1380	106	0	0	840	96	180	90	240	72	540	76
578	1020.0	93.5		92.6		900	103	60	98	1200	95	120	92	240	85	540	78
579	1040.0	87.1		85.7		1080	98	60	83	960	90	120	86	300	72	600	71
580	1340.0	86.2		85.6		1500	92	0	0	1320	88	180	88	540	77	480	73
581	1320.0	95.8		94.4		1380	105	60	109	1320	99	240	98	540	76	420	78
582	1160.0	105.6		104.1		1380	116	0	0	1260	107	60	108	420	83	360	87
583	1020.0	103.1		101.1		1140	117	0	0	840	105	180	103	360	83	540	84
584	1140.0	98.2		97.8		1140	105	0	0	1440	98	60	100	480	92	300	83
585	1280.0	96.9		95.9		1500	107	0	0	1440	96	0	0	540	82	360	81
586	1160.0	101.9		101.1		1320	109	0	0	1020	104	180	102	780	92	180	80
587	1200.0	95.8		95.1		1560	102	60	97	1020	97	240	94	300	83	420	80
588	1200.0	95.3		94.9		1320	102	60	113	1260	93	0	0	600	90	360	85
589	1240.0	96.8		96.0		1440	107	0	0	1260	95	0	0	600	86	420	83
590	1180.0	96.0		94.9		1140	106	60	109	1080	98	120	105	720	82	420	83
591	1060.0	99.8		99.2		1200	106	0	0	1140	101	120	101	420	89	300	85
592	1100.0	95.5		95.1		1260	100	60	106	900	97	300	96	480	87	300	83
593	1100.0	95.0		94.6		1080	98	180	102	1260	97	60	96	420	85	300	85
594	1240.0	90.2		89.5		1740	96	0	0	1140	90	120	91	420	78	300	74
595	1220.0	89.0		88.3		1200	97	240	98	1080	88	240	87	480	80	420	75
596	1200.0	95.7		95.1		1260	102	180	104	1140	97	60	99	540	86	420	82
597	1080.0	98.3		97.2		1140	109	60	114	1320	97	0	0	180	84	540	82
598	1100.0	96.6		95.4		1260	106	120	105	720	96	360	99	360	79	480	82
599	1180.0	94.7		93.6		1500	105	0	0	900	93	180	93	420	81	540	80
600	1280.0	87.9		86.9		1320	98	60	103	1320	88	0	0	780	75	360	76
601	1380.0	91.9		91.6		1740	96	120	100	1320	91	180	91	240	88	540	81
602	1240.0	98.3		97.2		1380	108	60	93	1260	99	240	98	300	80	480	81
603	1240.0	91.7		90.8		1320	102	60	101	1140	91	120	88	480	81	600	79
604	1460.0	89.1		88.2		1560	95	0	0	1500	94	0	0	660	75	660	78
605	1320.0	92.1		91.7		1320	99	60	94	1380	92	180	92	600	84	420	82
606	1300.0	94.6		94.0		1440	101	180	100	1260	95	60	92	600	85	360	81
607	1260.0	99.7		97.8		1320	116	0	0	1200	98	180	102	360	82	720	81
608	1160.0	98.8		97.8		1260	110	60	105	1080	97	180	101	480	85	420	84
609	1280.0	102.2		101.6		1320	110	120	111	1440	100	120	98	480	98	360	86
610	1240.0	101.6		100.8		1380	110	0	0	1380	102	0	0	420	94	540	85
611	1120.0	96.7		95.6		1080	111	0	0	1260	94	240	92	120	82	660	83
612	1200.0	95.0		94.5		1500	102	0	0	1020	94	240	93	420	87	420	82
613	1420.0	88.6		88.1		1560	95	180	100	1080	86	360	88	360	87	720	77
614	1520.0	86.8		86.1		1740	94	120	92	1140	87	240	88	600	79	720	74
615	1540.0	93.3		92.9		1860	100	0	0	1500	91	120	93	840	86	300	84
616	1200.0	97.3		96.6		1620	103	0	0	1140	98	120	93	180	93	540	81
617	1620.0	91.2		90.5		1800	99	60	89	1560	93	300	79	360	82	780	79
618	1580.0	92.4		91.5		1920	101	60	99	1320	92	360	91	240	77	840	78
619	1500.0	101.5		100.3		1740	112	120	101	1560	100	300	99	420	85	360	79
620	1240.0	103.3		102.1		1320	113	0	0	1440	106	60	105	540	84	360	86
621	1500.0	99.7		98.8		1800	109	60	100	1260	100	180	99	540	89	660	83
622	1320.0	103.8		102.4		1680	115	0	0	1260	103	60	104	420	87	540	84
623	1240.0	106.4		104.8		1560	118	0	0	1020	107	120	111	660	90	360	83
624	1460.0	103.5		102.3		1920	113	60	114	1200	103	180	101	540	87	480	85
625	1520.0	101.5		100.3		1680	112	60	115	1440	102	240	102	300	86	840	84
626	1660.0	101.0		99.8		1920	111	60	103	1680	101	180	101	420	87	720	82
627	1540.0	101.6		100.1		1740	114	60	119	1260	103	180	99	600	85	780	84
628	1520.0	102.1		101.0		1800	112	60	117	1140	103	180	105	720	87	660	88
629	1340.0	102.9		102.1		1440	112	120	106	1440	102	60	95	540	95	420	85
630	1380.0	104.4		103.3		1620	113	0	0	1380	107	60	96	420	94	660	85
631	1220.0	106.2		105.0		1440	118	0	0	1200	105	120	103	420	91	480	88
632	1060.0	108.8		107.3		1080	119	0	0	1020	113	300	110	240	92	540	87
633	1360.0	111.1		110.5		1860	119	0	0	1260	108	120	103	660	100	180	97
634	940.0	116.8		114.3		1320	128	0	0	840	118	0	0	300	107	360	81
635	1060.0	100.2		97.9		960	118	0	0	1260	102	60	88	180	86	720	78
636	1640.0	102.4		101.0		1800	114	180	110	1740	102	120	98	420	88	660	80
637	1120.0	104.0		102.3		1320	116	60	111	1080	104	60	117	300	85	540	83
638	1220.0	103.3		102.0		1560	114	60	119	1020	100	240	100	300	89	480	84
639	1060.0	97.1		96.0		1020	106	0	0	960	102	60	105	420	87	720	83
640	1400.0	94.4		93.9		1800	101	60	108	1620	92	60	87	120	82	540	82
641	1600.0	93.9		93.3		1920	101	0	0	1560	93	180	93	420	85	720	82
642	1420.0	93.6		92.7		1380	105	60	111	1620	91	240	86	360	90	600	78
643	1680.0	94.1		93.9		1860	97	180	98	2040	95	60	100	360	86	540	84
644	1460.0	101.2		100.3		1560	109	120	108	1380	104	300	100	360	89	660	83
645	1580.0	95.2		94.8		1980	101	120	102	1740	93	180	90	420	85	300	84
646	1580.0	101.9		100.2		1860	111	60	110	1740	104	120	104	120	90	840	78
647	1520.0	96.3		95.7		1860	103	0	0	1440	96	180	104	480	84	600	84
648	1620.0	95.7		95.3		2220	101	0	0	1080	96	480	92	540	87	540	85
649	1400.0	100.0		98.9		1500	109	60	113	1560	100	240	98	360	92	480	77
650	1520.0	102.8		100.9		1800	114	0	0	1320	106	240	105	360	84	840	81
651	1300.0	107.6		105.8		1620	121	0	0	1260	106	60	102	240	95	720	85
652	1580.0	100.3		99.9		1980	103	0	0	1380	104	300	101	360	95	720	88
653	1620.0	106.9		105.5		2100	118	0	0	1620	105	120	100	240	97	780	85
654	1600.0	99.8		99.0		1800	109	60	112	1620	98	360	98	540	87	420	84
655	1280.0	104.2		101.0		1560	120	0	0	1140	104	240	99	120	108	780	74
656	1560.0	98.6		96.7		1800	113	60	105	1440	96	240	97	180	86	960	78
657	1680.0	104.0		103.0		2100	111	120	111	1620	106	180	107	360	84	660	86
658	1300.0	111.6		109.9		1560	122	0	0	1320	114	60	105	480	102	480	82
659	1760.0	100.7		99.2		2400	111	0	0	1500	99	300	101	180	86	900	79
660	1360.0	105.9		104.5		1800	115	60	119	1260	106	120	109	420	88	420	82
661	1760.0	96.7		95.8		1980	107	60	93	1860	95	120	94	240	90	1020	82
662	1320.0	100.2		99.4		1680	106	0	0	1260	100	180	94	480	99	360	78
663	1620.0	101.0		99.3		2040	112	0	0	1560	102	120	96	60	88	1080	80
664	1640.0	102.1		101.2		2040	111	60	106	1680	100	240	102	180	93	720	84
665	1420.0	113.3		111.0		1860	127	0	0	1560	112	0	0	120	89	720	85
666	1640.0	105.5		104.5		2220	115	60	106	1620	101	120	109	300	97	600	86
667	1560.0	111.2		109.5		1980	124	0	0	1740	109	60	93	180	90	720	88
668	1040.0	114.0		111.5		900	136	0	0	1140	113	120	106	420	105	540	88
669	1300.0	107.5		106.0		1680	117	0	0	1140	108	240	112	300	91	540	84
670	1340.0	111.5		109.1		1320	126	0	0	1500	115	120	107	180	111	900	85
671	1780.0	100.9		99.8		2160	111	0	0	1800	100	120	95	360	86	900	85
672	1220.0	110.2		108.4		1440	121	0	0	1320	112	0	0	360	103	540	82
673	1540.0	110.2		109.2		1980	116	0	0	1680	113	120	110	120	108	720	88
674	1380.0	103.8		103.0		1860	110	0	0	1260	105	240	103	180	94	600	85
675	1580.0	107.3		105.5		1860	120	0	0	1500	107	360	109	120	85	900	84
676	1580.0	105.5		104.4		2040	116	0	0	1500	103	240	99	420	94	540	85
677	1380.0	107.5		105.0		1320	122	0	0	1620	113	0	0	300	91	900	82
678	1500.0	102.9		101.5		1800	115	60	108	1440	100	180	101	120	89	900	85
679	1660.0	108.6		107.8		2100	115	60	118	1800	109	180	110	240	101	600	87
680	1560.0	109.4		107.5		1560	127	60	110	1620	108	120	104	1020	93	300	84
681	1280.0	105.0		103.0		1680	116	60	113	1260	106	0	0	0	0	840	81
682	1540.0	98.9		98.0		1500	110	0	0	1620	100	240	96	420	85	840	85
683	1560.0	99.3		98.6		2040	107	120	103	1380	97	180	98	240	89	720	85
684	1660.0	111.0		109.9		1980	120	60	119	1800	111	120	111	360	102	660	88
685	1380.0	108.0		106.7		1620	118	60	119	1320	108	120	116	300	102	720	86
686	1540.0	104.2		102.9		1680	116	120	113	1380	104	360	96	300	92	780	86
687	1540.0	103.0		101.9		1980	113	0	0	1500	101	120	101	60	83	960	87
688	1620.0	105.0		104.4		2040	112	0	0	1860	104	60	109	480	93	420	89
689	1660.0	106.8		105.0		1920	120	120	118	1560	105	300	104	180	92	900	84
690	1200.0	117.9		115.3		1320	134	0	0	1380	119	60	105	180	105	660	88
691	1580.0	103.9		102.4		1980	116	60	106	1500	102	120	95	300	86	780	85
692	1800.0	103.6		102.5		2220	112	60	119	1920	103	120	103	180	99	900	84
693	1380.0	108.9		107.5		1620	121	0	0	1440	108	120	109	540	91	420	88
694	1620.0	110.0		108.8		2100	118	60	112	1740	111	180	107	180	93	600	85
695	1180.0	117.0		115.1		1440	130	0	0	1320	116	0	0	360	104	420	87
696	1480.0	105.1		103.3		1740	119	120	106	1380	104	180	99	0	0	1020	84
697	1780.0	107.3		105.6		1920	118	60	119	1860	110	360	103	180	100	960	83
698	1460.0	108.8		107.0		1560	124	60	110	1740	107	60	102	180	95	780	86
699	1180.0	108.5		106.7		1080	123	0	0	1380	111	120	99	420	97	540	84
700	1400.0	108.0		106.4		1500	120	60	114	1620	109	180	105	0	0	840	85
701	1320.0	112.6		110.6		1200	129	0	0	1260	116	300	105	540	104	660	87
702	1180.0	110.4		108.2		960	127	60	112	1500	114	60	103	240	99	720	85
703	1260.0	112.1		110.6		1200	125	0	0	1680	112	120	102	360	106	420	84
704	1160.0	112.9		110.3		1080	131	0	0	1440	114	120	109	240	102	600	83
705	760.0	117.2		115.2		480	141	0	0	960	119	0	0	600	106	240	90
706	1140.0	114.7		112.2		1080	133	0	0	1200	116	300	110	420	98	420	84
707	1420.0	115.9		111.9		2040	132	0	0	960	116	300	111	60	117	900	81
708	1220.0	120.1		117.3		1320	137	0	0	1440	120	60	114	240	112	600	87
709	1300.0	131.3		127.7		1560	152	0	0	1380	128	0	0	480	114	480	91
710	1460.0	121.8		117.3		1800	141	0	0	1260	125	120	115	300	109	900	84
711	1040.0	125.5		120.1		960	151	0	0	1020	134	120	109	180	122	840	89
712	660.0	134.6		132.5		360	157	0	0	960	138	0	0	540	123	120	92
713	780.0	130.8		125.6		780	157	0	0	960	133	0	0	180	101	420	90
714	1300.0	125.1		122.7		1680	139	0	0	1380	123	120	112	300	114	420	88
715	1360.0	121.3		116.2		1620	143	0	0	1440	122	60	112	120	101	840	82
716	920.0	134.7		130.8		780	156	0	0	1260	137	0	0	360	126	360	89
717	1140.0	116.5		112.5		840	142	0	0	1620	118	0	0	360	111	600	80
718	1200.0	115.3		112.4		900	133	0	0	1620	122	60	114	240	96	780	87
719	960.0	120.5		117.1		720	142	0	0	1320	126	0	0	240	104	600	89
720	940.0	118.9		115.7		780	141	0	0	1080	123	60	117	300	107	600	89
721	1080.0	119.8		115.6		1200	140	0	0	1080	123	120	115	180	96	660	85
722	1240.0	117.5		115.5		1320	132	0	0	1380	118	240	104	360	107	420	87
723	1080.0	133.5		127.6		1080	160	0	0	1380	135	120	111	120	114	540	86
724	860.0	122.0		115.2		660	154	0	0	960	132	0	0	120	126	840	85
725	980.0	124.8		120.3		720	150	0	0	1320	132	60	117	240	101	600	89
726	860.0	133.1		129.1		720	159	0	0	1200	134	0	0	240	121	420	93
727	1320.0	126.9		122.6		1500	147	0	0	1440	130	60	116	300	95	660	90
728	840.0	132.1		128.3		660	153	0	0	1260	136	0	0	300	115	300	87
729	1160.0	130.1		126.9		1140	152	0	0	1380	130	120	108	600	111	240	86
730	1080.0	126.3		118.9		840	160	0	0	1500	132	60	100	60	114	780	82
731	880.0	129.3		122.1		840	164	0	0	1020	130	60	109	120	107	600	86
732	1140.0	122.2		115.9		1140	152	0	0	1080	127	180	110	60	86	960	86
733	1280.0	125.9		123.0		1560	144	0	0	1560	122	0	0	240	103	480	91
734	1100.0	128.7		121.9		1320	153	0	0	1020	133	60	110	180	115	720	83
735	1200.0	124.8		121.9		1380	141	0	0	1020	130	60	115	600	110	540	91
736	1520.0	116.5		113.5		1860	132	0	0	1680	116	120	110	60	118	840	84
737	1700.0	122.0		119.3		2220	135	0	0	1620	124	240	112	240	108	780	88
738	1100.0	129.9		124.6		1200	154	0	0	1320	131	60	116	120	94	600	88
739	1160.0	127.8		121.6		1200	156	0	0	1080	132	60	102	660	106	480	81
740	1040.0	127.5		123.7		840	149	0	0	1320	133	0	0	540	113	420	86
741	1000.0	116.0		110.9		840	144	0	0	840	125	180	110	120	121	1020	86
742	1280.0	121.7		118.1		1380	142	0	0	1440	123	120	108	240	97	660	88
743	720.0	127.9		123.6		540	160	0	0	900	129	0	0	360	115	360	90
744	720.0	120.7		113.9		540	149	0	0	780	135	0	0	240	107	600	82
745	780.0	122.1		117.8		660	149	0	0	780	126	180	104	180	124	540	89
746	1000.0	125.5		121.9		900	146	0	0	1440	127	60	116	180	106	420	86
747	1180.0	127.1		122.4		1500	149	0	0	1200	125	0	0	420	95	420	87
748	900.0	125.5		121.5		660	153	0	0	1260	127	60	109	240	121	480	88
749	1100.0	123.7		118.9		960	149	0	0	1440	128	0	0	240	97	660	87
750	800.0	135.7		130.2		780	163	0	0	900	140	0	0	480	107	240	88
751	940.0	132.4		128.5		840	152	0	0	1320	138	60	105	240	101	360	92
752	1160.0	123.1		119.6		1320	142	0	0	1320	123	180	89	180	113	480	88
753	660.0	139.4		137.1		540	160	0	0	840	138	0	0	360	136	240	103
754	1280.0	124.9		121.5		1560	142	0	0	1260	125	180	116	180	121	660	88
755	1080.0	132.1		129.2		960	151	0	0	1560	131	0	0	360	130	360	89
756	1280.0	119.2		117.3		1380	130	0	0	1440	123	120	92	600	109	300	83
757	1140.0	130.4		125.2		1320	150	0	0	1260	136	60	94	240	97	540	88
758	1200.0	130.7		127.8		1380	149	0	0	1440	128	0	0	360	115	420	93
759	1180.0	135.8		131.9		1080	158	0	0	1620	137	60	113	420	118	360	88
760	940.0	125.4		121.3		840	145	0	0	1260	130	0	0	240	113	480	85
761	1300.0	129.0		122.5		1620	154	0	0	1260	130	180	103	60	86	780	85
762	820.0	137.3		132.7		660	165	0	0	960	140	0	0	420	131	420	94
763	1100.0	116.3		112.3		1140	138	0	0	900	124	300	101	60	90	900	88
764	1160.0	130.5		125.1		1440	152	0	0	1140	132	120	98	240	113	540	85
765	1020.0	131.3		125.6		840	159	0	0	1080	143	60	114	420	110	660	92
766	820.0	138.9		133.5		600	166	0	0	1080	145	0	0	480	125	300	85
767	1280.0	133.6		128.9		1620	155	0	0	1260	131	0	0	480	116	480	86
768	960.0	125.1		120.3		660	153	0	0	1200	133	60	116	300	116	660	88
769	700.0	140.1		136.8		360	181	0	0	1140	140	0	0	540	119	60	88
770	1260.0	117.8		112.5		1200	146	0	0	1320	121	180	99	60	117	1020	84
771	1460.0	121.1		118.8		1800	136	0	0	1560	119	180	108	300	108	540	89
772	1060.0	111.6		107.7		780	139	0	0	1260	115	180	101	360	98	600	80
773	840.0	127.4		122.1		600	147	0	0	1020	141	0	0	360	118	540	86
774	920.0	128.5		124.6		720	158	0	0	1080	129	60	116	600	114	300	87
775	1340.0	125.6		120.6		1440	144	0	0	1620	131	0	0	240	110	720	82
776	1560.0	119.6		114.3		1920	141	0	0	1380	123	180	108	0	0	1200	83
777	1160.0	130.2		127.4		1020	150	0	0	1680	130	0	0	300	123	480	93
778	940.0	134.7		130.2		660	163	0	0	1320	137	0	0	480	125	360	87
779	900.0	134.2		128.5		840	159	0	0	1080	140	0	0	360	115	420	86
780	1240.0	117.1		111.6		1320	143	0	0	1080	122	60	117	120	104	1140	84
781	980.0	125.8		121.0		840	153	0	0	1500	126	0	0	0	0	600	87
782	1140.0	121.0		117.4		900	143	0	0	1740	124	0	0	60	111	720	87
783	780.0	126.7		119.0		600	161	0	0	720	140	0	0	480	114	540	82
784	1180.0	132.5		129.7		1320	150	0	0	1440	132	0	0	480	111	300	92
785	940.0	127.9		124.4		780	147	0	0	1260	130	60	118	300	129	420	87
786	1280.0	125.3		121.2		1260	146	0	0	1500	129	0	0	240	121	840	89
787	880.0	132.4		128.7		840	153	0	0	1200	135	0	0	300	107	300	90
788	820.0	126.6		122.7		660	149	0	0	1260	129	0	0	120	117	420	87
789	960.0	122.2		117.7		780	148	0	0	1200	128	0	0	240	103	660	88
790	800.0	125.5		121.1		660	150	0	0	1020	129	60	113	180	123	480	87
791	560.0	123.6		119.8		300	154	0	0	840	129	0	0	300	108	240	86
792	860.0	137.6		133.9		780	165	0	0	1080	137	0	0	480	114	240	98
793	1120.0	126.8		122.1		960	156	0	0	1560	127	60	119	0	0	780	91
794	1080.0	130.0		124.8		1140	153	0	0	1320	132	0	0	300	107	480	84
795	740.0	138.0		133.4		540	167	0	0	1020	143	0	0	480	114	180	87
796	960.0	128.0		123.9		720	150	0	0	1320	133	0	0	360	120	480	87
797	860.0	130.2		128.0		780	153	0	0	1140	127	0	0	420	114	240	100
798	1260.0	123.4		119.8		1560	142	0	0	1140	123	60	90	480	110	540	86
799	1180.0	120.4		115.1		1080	148	0	0	1440	124	0	0	120	87	900	86
800	940.0	130.8		125.1		900	159	0	0	1020	133	60	107	240	126	600	89
801	820.0	136.8		132.3		600	169	0	0	1020	142	0	0	660	111	180	94
802	780.0	125.8		122.4		480	152	0	0	1080	132	0	0	480	108	300	90
803	860.0	132.6		126.7		720	165	0	0	1080	134	0	0	300	121	480	88
804	1180.0	119.3		116.1		1140	139	0	0	1440	121	60	102	240	108	660	87
805	920.0	132.3		128.8		840	154	0	0	1200	134	0	0	360	116	360	92
806	800.0	125.4		116.8		840	158	0	0	660	136	120	100	120	98	660	83
807	1140.0	127.6		122.9		960	154	0	0	1560	130	60	117	300	110	540	85
808	1020.0	131.3		125.8		960	163	0	0	1320	127	60	102	240	124	480	87
809	880.0	136.0		130.2		660	168	0	0	1080	140	60	103	420	128	420	88
810	860.0	127.9		124.2		660	147	0	0	1200	132	0	0	360	122	360	85
811	780.0	134.3		128.7		480	168	0	0	1080	142	0	0	300	120	480	92
812	1120.0	131.4		126.9		1140	159	0	0	1500	127	60	97	180	109	480	92
813	800.0	122.0		117.2		600	151	0	0	1080	127	120	99	180	92	420	87
814	1000.0	133.4		129.4		840	154	0	0	1380	137	0	0	300	129	480	90
815	740.0	141.9		137.9		660	170	0	0	900	143	0	0	420	120	240	99
816	860.0	132.9		127.0		660	159	0	0	1200	141	60	111	240	108	420	86
817	960.0	130.6		123.7		960	158	0	0	1200	135	0	0	120	80	600	88
818	1120.0	137.4		131.6		1200	159	0	0	1440	141	0	0	120	125	600	88
819	680.0	127.6		122.1		600	146	0	0	840	140	60	119	60	105	480	87
820	720.0	125.3		120.5		360	161	0	0	1080	134	0	0	180	102	540	92
821	1060.0	124.0		119.0		960	146	0	0	1200	128	180	108	180	143	660	84
822	580.0	132.5		129.6		360	152	0	0	780	139	60	115	360	123	180	90
823	1020.0	130.6		126.8		960	152	0	0	1500	131	0	0	120	116	480	90
824	1360.0	122.8		119.1		1380	146	0	0	1620	121	300	109	120	110	660	87
825	1160.0	127.0		122.1		840	156	0	0	1680	132	0	0	360	101	600	88
826	860.0	136.4		130.9		720	164	0	0	1200	139	0	0	300	120	360	86
827	840.0	129.6		126.1		480	150	0	0	1320	137	0	0	360	116	360	89
828	620.0	130.5		122.8		240	173	0	0	1020	142	0	0	120	129	480	85
829	740.0	143.7		138.2		480	185	0	0	1140	144	0	0	420	119	180	89
830	840.0	128.7		122.1		720	159	0	0	1080	134	0	0	120	112	600	86
831	940.0	143.0		137.1		900	173	0	0	1080	147	60	118	480	113	300	92
832	900.0	125.6		119.0		720	160	0	0	1020	130	0	0	240	122	720	86
833	820.0	118.3		111.6		540	157	0	0	900	125	120	108	120	133	780	83
834	640.0	122.2		117.6		360	154	0	0	720	133	0	0	540	108	300	84
835	780.0	129.5		121.5		480	169	0	0	960	140	0	0	300	124	600	84
836	1180.0	125.8		122.1		1140	148	0	0	1440	128	120	114	180	104	660	91
837	960.0	125.6		120.7		840	149	0	0	1080	133	0	0	420	112	540	85
838	1180.0	130.2		127.1		1260	148	0	0	1620	130	0	0	240	109	420	90
839	1020.0	128.4		125.1		840	155	0	0	1080	129	60	109	660	118	420	93
840	780.0	124.3		116.2		420	166	0	0	840	141	0	0	360	117	720	84
841	680.0	125.9		119.5		360	171	0	0	1020	132	0	0	240	102	420	86
842	1040.0	126.8		119.1		840	153	0	0	1260	141	120	104	60	122	840	83
843	1060.0	119.3		113.9		900	150	0	0	1320	122	60	115	0	0	900	85
844	1000.0	136.1		129.0		1140	165	0	0	1020	138	60	100	180	112	600	89
845	1080.0	130.0		125.3		1020	153	0	0	1560	132	0	0	120	102	540	87
846	860.0	130.4		126.5		720	151	0	0	1260	134	60	117	60	137	480	91
847	740.0	127.3		124.7		480	155	0	0	960	123	0	0	540	126	240	92
848	960.0	120.7		116.0		660	159	0	0	1140	121	0	0	540	107	540	87
849	840.0	135.4		128.2		540	170	0	0	1320	143	0	0	60	119	600	89
850	1040.0	125.8		120.8		1140	146	0	0	1020	133	180	108	120	119	660	86
851	860.0	130.3		123.5		1080	154	0	0	720	137	0	0	180	109	600	86
852	1240.0	132.7		129.6		1440	150	0	0	1560	132	60	112	180	113	480	93
853	780.0	134.8		127.9		360	187	0	0	1020	140	0	0	600	125	360	84
854	680.0	134.4		127.1		300	170	0	0	1020	147	0	0	300	125	420	85
855	1020.0	126.6		121.8		780	151	0	0	1500	132	120	113	60	109	600	86
856	1140.0	121.6		117.8		1260	141	0	0	1200	125	120	101	240	100	600	87
857	780.0	133.0		126.1		480	172	0	0	1200	139	0	0	120	120	540	88
858	720.0	142.2		137.1		540	170	0	0	1140	145	0	0	120	136	360	94
859	960.0	127.9		122.5		840	153	0	0	1140	136	60	102	180	110	660	89
860	860.0	127.2		119.9		780	160	0	0	1080	130	120	104	180	73	420	89
861	960.0	130.9		128.1		900	153	0	0	1260	127	0	0	420	123	300	92
862	1040.0	122.3		118.9		960	143	0	0	1260	123	0	0	300	122	600	88
863	1020.0	122.6		116.1		780	154	0	0	1260	132	60	101	0	0	960	86
864	920.0	139.1		135.9		960	161	0	0	1200	136	0	0	360	121	240	94
865	960.0	124.1		119.3		780	154	0	0	1140	128	60	111	180	110	720	90
866	1020.0	131.1		126.2		900	153	0	0	1380	138	0	0	180	106	600	90
867	1040.0	137.7		129.9		900	167	0	0	1380	145	0	0	180	125	660	86
868	1120.0	125.3		120.7		1140	149	0	0	1320	128	60	112	0	0	840	90
869	960.0	137.7		130.4		900	171	0	0	1200	139	0	0	300	115	480	86
870	640.0	142.5		139.0		360	176	0	0	600	149	0	0	840	131	120	90
871	700.0	139.5		133.1		480	169	0	0	1200	142	0	0	120	138	300	83
872	1140.0	125.9		119.7		1440	148	0	0	900	133	60	103	120	117	900	86
873	820.0	130.4		123.9		600	165	0	0	1020	136	0	0	240	126	600	88
874	700.0	141.9		133.2		480	185	0	0	1080	147	0	0	120	109	420	89
875	1060.0	140.0		131.9		1320	170	0	0	1080	137	0	0	240	110	540	86
876	1180.0	139.9		133.4		1440	167	0	0	1500	134	0	0	60	116	540	87
877	640.0	136.2		130.2		600	163	0	0	720	143	60	115	240	114	300	88
878	900.0	129.1		122.5		780	156	0	0	1140	137	60	111	60	121	660	86
879	1120.0	131.7		126.6		1200	162	0	0	1440	125	0	0	180	103	540	92
880	920.0	132.1		126.5		840	164	0	0	1080	133	60	116	300	110	480	90
881	1080.0	131.1		126.4		1140	153	0	0	1320	133	0	0	300	112	480	86
882	860.0	130.3		125.0		840	154	0	0	1080	135	0	0	240	102	420	87
883	940.0	120.3		114.6		780	152	60	112	780	125	0	0	300	127	900	87
884	780.0	137.8		130.8		720	174	0	0	1080	134	0	0	180	119	360	86
885	600.0	149.3		145.4		420	177	0	0	960	153	0	0	240	120	180	104
886	1000.0	139.0		134.0		960	166	0	0	1500	136	0	0	120	133	420	90
887	700.0	142.5		137.7		660	166	0	0	900	144	0	0	300	129	240	89
888	1260.0	125.5		119.3		1080	161	0	0	1740	124	0	0	240	101	720	84
889	860.0	132.6		121.9		540	185	0	0	1020	147	0	0	420	97	600	86
890	640.0	139.1		130.1		300	186	0	0	900	155	0	0	180	123	540	92
891	720.0	140.4		132.4		360	172	0	0	1140	155	0	0	300	112	360	86
892	1180.0	132.6		126.6		1200	158	0	0	1440	135	60	114	120	133	720	87
893	1140.0	135.6		129.2		1260	164	0	0	1140	137	180	108	360	110	480	87
894	900.0	137.0		130.0		720	173	0	0	1200	142	0	0	240	108	540	91
895	780.0	148.5		146.0		540	171	0	0	1080	153	0	0	660	128	60	91
896	980.0	126.9		121.1		840	160	0	0	1320	128	0	0	120	98	660	88
897	840.0	146.5		137.9		600	192	0	0	1260	148	0	0	240	125	420	89
898	760.0	131.8		125.3		720	164	0	0	1020	130	0	0	60	135	480	87
899	800.0	133.2		127.1		540	156	0	0	1260	144	0	0	0	0	600	90
900	960.0	134.6		127.6		1020	165	0	0	1140	135	60	106	60	95	600	89
901	740.0	132.6		123.0		720	167	0	0	660	148	0	0	120	110	720	88
902	780.0	142.1		134.3		720	177	0	0	1140	141	0	0	120	111	360	86
903	1120.0	133.0		126.7		1200	159	0	0	1440	134	60	90	60	80	600	88
904	820.0	134.3		127.0		840	168	0	0	960	131	0	0	180	123	480	86
905	760.0	141.1		134.6		600	172	0	0	1080	147	60	112	240	111	300	88
906	720.0	133.4		124.4		780	163	0	0	660	142	120	99	120	129	480	83
907	820.0	147.9		141.3		900	176	0	0	1080	146	0	0	300	109	180	84
908	1020.0	143.5		138.5		1260	164	0	0	1200	140	0	0	240	137	360	88
909	1100.0	135.4		129.2		1200	162	0	0	1380	133	0	0	120	140	600	87
910	680.0	133.5		125.8		480	176	0	0	720	144	120	100	480	109	240	83
911	700.0	133.3		125.9		540	164	0	0	840	147	0	0	60	120	660	92
912	1060.0	136.5		128.8		1020	171	0	0	1380	135	0	0	120	132	660	87
913	900.0	137.4		131.2		900	168	0	0	1020	136	60	114	300	124	420	88
914	880.0	127.8		119.2		780	168	0	0	960	133	120	88	60	92	720	87
915	1220.0	131.6		123.5		1320	165	0	0	1260	132	60	99	180	112	840	85
916	800.0	135.4		130.0		720	159	0	0	1020	142	60	108	120	130	480	91
917	1020.0	134.0		128.7		900	165	0	0	1440	132	0	0	180	127	540	90
918	920.0	145.9		142.0		900	171	0	0	1380	142	0	0	300	123	180	89
919	880.0	144.3		137.3		840	182	0	0	1260	139	60	109	240	103	240	90
920	980.0	137.3		132.4		660	167	0	0	1320	143	0	0	540	124	420	90
921	880.0	131.7		125.2		900	161	0	0	960	135	60	106	60	124	660	90
922	940.0	132.3		126.3		1020	160	0	0	960	134	0	0	240	113	600	90
923	600.0	136.1		130.7		300	186	0	0	960	135	0	0	360	123	180	85
924	960.0	137.5		131.0		1140	163	0	0	1140	134	0	0	120	134	480	86
925	820.0	138.9		133.4		540	177	0	0	1200	138	60	110	360	133	300	87
926	520.0	148.1		142.5		240	195	0	0	840	150	0	0	300	139	180	92
927	1080.0	135.9		131.6		780	160	0	0	1440	142	60	119	600	121	360	87
928	900.0	126.4		120.5		540	161	0	0	1260	136	60	117	360	94	480	88
929	660.0	147.8		142.1		300	198	0	0	960	156	0	0	540	122	180	98
930	680.0	139.4		132.6		420	187	0	0	1020	141	0	0	180	125	420	94
931	960.0	148.2		138.0		960	189	0	0	1080	149	0	0	300	121	540	89
932	720.0	159.2		152.1		660	196	0	0	720	161	60	92	600	137	120	90
933	860.0	143.5		138.9		840	174	0	0	1020	140	0	0	480	122	240	95
934	600.0	137.0		127.6		600	175	0	0	540	144	60	90	240	113	360	87
935	740.0	126.2		118.5		660	165	0	0	720	130	60	108	60	130	720	88
936	980.0	139.3		132.3		1140	167	0	0	960	142	60	107	240	116	540	90
937	900.0	138.7		132.9		900	159	0	0	1200	145	0	0	240	112	360	85
938	1040.0	136.5		131.1		1080	163	0	0	1140	138	0	0	480	116	420	88
939	820.0	136.8		132.7		840	158	0	0	1020	139	0	0	300	116	300	91
940	720.0	145.6		140.0		540	180	0	0	1080	147	0	0	480	113	60	72
941	780.0	136.3		129.6		840	167	0	0	960	132	0	0	180	119	360	85
942	840.0	142.4		131.8		780	190	0	0	1200	136	0	0	60	109	480	85
943	720.0	136.1		126.8		600	175	0	0	840	143	0	0	180	124	540	86
944	920.0	131.4		126.8		540	167	0	0	1440	135	0	0	360	111	420	91
945	700.0	135.1		127.5		480	168	0	0	1140	139	0	0	180	119	300	77
946	900.0	134.2		127.8		1020	162	0	0	960	135	0	0	300	100	420	89
947	820.0	134.0		128.8		600	161	0	0	1260	138	0	0	240	117	360	86
948	560.0	140.1		136.6		360	157	0	0	720	150	0	0	480	126	120	86
949	760.0	137.3		133.1		780	160	0	0	960	135	0	0	300	126	240	87
950	820.0	123.8		119.0		840	150	0	0	900	125	180	93	120	103	420	88
951	580.0	131.2		124.4		360	169	0	0	900	138	0	0	0	0	480	90
952	860.0	138.0		133.5		780	170	0	0	1200	130	0	0	360	127	240	90
953	800.0	144.3		138.7		840	172	0	0	960	145	0	0	420	110	180	91
954	800.0	139.1		134.7		780	166	0	0	1020	136	0	0	360	123	240	89
955	820.0	125.6		121.9		480	154	0	0	1380	128	0	0	120	126	480	90
956	920.0	131.4		125.9		1080	156	0	0	960	131	120	106	60	129	540	89
957	760.0	131.6		128.4		480	151	0	0	1140	138	0	0	480	115	180	84
958	820.0	123.7		118.7		540	153	0	0	840	134	180	101	420	118	480	86
959	900.0	137.8		134.8		720	166	0	0	1260	136	0	0	600	117	120	92
960	900.0	129.7		125.2		960	158	0	0	1140	124	0	0	180	101	420	93
961	920.0	133.5		129.5		840	160	0	0	1380	131	0	0	240	111	300	89
962	1060.0	140.1		136.1		1080	168	0	0	1320	133	0	0	600	121	180	88
963	880.0	129.4		123.5		660	165	0	0	1020	133	120	112	300	120	540	88
964	1020.0	140.5		133.6		1140	171	0	0	1260	136	60	119	180	114	420	86
965	880.0	132.1		127.1		600	164	0	0	1080	140	0	0	600	112	360	89
966	800.0	143.2		138.7		780	162	0	0	1080	147	0	0	300	126	240	87
967	920.0	123.8		118.0		900	152	0	0	960	129	180	103	120	87	600	87
968	960.0	120.1		117.4		900	136	60	113	1200	125	120	103	180	95	420	89
969	660.0	134.0		128.1		600	163	0	0	900	135	60	119	60	127	360	87
970	600.0	140.0		134.0		420	174	0	0	780	146	60	92	360	122	180	87
971	980.0	127.3		122.7		720	160	0	0	1380	129	0	0	540	101	300	88
972	1020.0	127.2		124.2		900	146	0	0	1560	129	60	109	180	98	360	90
973	1140.0	130.3		126.2		1500	150	0	0	1140	127	120	112	120	114	540	90
974	1280.0	106.1		104.5		1560	118	120	100	1020	108	300	97	360	88	480	84
975	1040.0	124.0		120.7		1140	141	0	0	1260	125	60	89	180	120	480	87
976	700.0	142.9		135.2		720	175	0	0	840	141	60	82	180	133	300	89
977	960.0	125.6		120.4		960	152	0	0	1140	128	60	95	120	86	600	90
978	1040.0	121.9		117.7		780	151	0	0	1620	123	0	0	0	0	720	88
979	800.0	125.8		124.1		540	145	0	0	1200	127	60	105	480	113	120	89
980	700.0	115.2		112.1		480	136	0	0	1020	120	0	0	60	120	540	87
981	680.0	123.5		119.1		360	145	0	0	1080	134	60	118	120	92	420	88
982	1040.0	121.7		117.8		780	144	0	0	1260	128	60	113	360	116	660	87
983	920.0	133.1		130.0		900	151	0	0	780	141	60	117	780	119	240	90
984	1220.0	117.8		114.4		1140	138	0	0	1560	120	180	109	60	84	720	86
985	780.0	124.9		118.8		660	154	0	0	900	133	60	112	240	100	480	84
986	980.0	137.0		132.6		900	163	0	0	1320	138	0	0	420	112	300	90
987	960.0	139.0		132.5		1080	166	0	0	1200	138	0	0	240	102	360	86
988	840.0	137.6		129.6		660	177	0	0	1080	144	0	0	300	104	480	90
989	1040.0	141.8		135.3		1320	165	0	0	1140	142	60	102	120	121	480	88
990	1180.0	132.8		127.3		1320	152	0	0	1500	136	0	0	180	114	540	83
991	880.0	142.8		138.4		960	172	0	0	1140	135	0	0	420	111	120	95
992	660.0	147.7		139.1		720	181	0	0	720	149	0	0	240	117	300	89
993	740.0	128.2		119.0		540	173	0	0	900	137	0	0	0	0	780	87
994	600.0	141.3		133.9		360	184	0	0	900	149	0	0	300	109	240	89
995	1000.0	141.2		134.5		1200	166	0	0	960	146	180	108	240	116	420	88
996	880.0	145.2		138.9		780	182	0	0	1200	142	0	0	360	121	300	91
997	940.0	140.3		134.0		1140	170	0	0	1080	132	60	116	180	113	360	89
998	1180.0	125.9		120.4		1140	155	0	0	1440	127	180	98	0	0	780	88
999	740.0	134.3		125.7		600	179	0	0	1080	133	0	0	60	90	480	87
1000	900.0	138.1		129.7		1020	172	0	0	960	137	0	0	240	99	480	88
1001	840.0	139.1		135.5		780	168	0	0	1020	134	0	0	480	124	240	97
1002	1100.0	132.2		124.4		1200	161	0	0	1080	137	0	0	180	127	840	86
1003	680.0	132.0		125.2		540	167	0	0	900	137	0	0	120	109	480	89
1004	840.0	128.1		121.6		780	157	0	0	960	129	60	112	300	122	420	79
1005	1020.0	133.1		128.8		1020	155	0	0	1320	134	0	0	420	113	300	83
1006	940.0	132.3		130.1		960	146	0	0	1320	133	0	0	360	115	180	88
1007	780.0	142.9		137.2		1200	162	0	0	720	140	60	93	180	99	180	88
1008	700.0	136.1		130.6		480	165	0	0	900	147	60	90	360	113	300	94
1009	740.0	132.9		125.4		720	165	0	0	840	135	0	0	180	123	480	85
1010	980.0	136.9		133.2		1020	158	0	0	1260	136	60	113	300	121	300	90
1011	800.0	142.4		138.5		960	164	0	0	780	141	0	0	360	125	300	98
1012	780.0	140.6		134.2		840	170	0	0	960	139	120	98	180	110	240	88
1013	800.0	135.7		129.6		780	161	0	0	960	142	0	0	180	114	480	90
1014	1440.0	118.7		114.5		1980	139	0	0	1080	115	360	91	300	100	600	84
1015	900.0	135.2		130.2		960	158	0	0	960	138	0	0	420	118	360	87
1016	740.0	145.9		138.5		720	178	0	0	840	148	0	0	300	130	360	90
1017	860.0	142.0		135.9		1020	169	0	0	1020	138	0	0	180	116	360	90
1018	980.0	144.1		137.4		1080	177	0	0	1260	136	60	119	180	122	360	89
1019	780.0	134.7		128.0		660	172	0	0	900	137	0	0	360	114	420	89
1020	1000.0	129.8		127.9		900	144	0	0	1320	131	0	0	600	119	180	86
1021	960.0	137.1		130.0		1080	163	0	0	1080	141	0	0	120	114	600	88
1022	940.0	128.8		121.7		1140	159	0	0	900	126	0	0	60	88	720	88
1023	700.0	140.9		134.9		540	165	0	0	840	151	0	0	420	128	300	87
1024	720.0	127.9		122.4		480	167	0	0	1080	126	60	118	180	124	360	85
1025	1020.0	137.7		128.8		1320	169	0	0	900	136	0	0	240	99	600	87
1026	1080.0	137.8		133.1		1140	162	0	0	1500	135	60	113	180	115	360	88
1027	820.0	144.7		141.8		900	167	0	0	960	141	60	112	480	121	60	92
1028	960.0	130.1		124.0		1080	156	0	0	1020	131	60	93	240	111	480	84
1029	900.0	139.5		135.9		780	166	0	0	1320	138	0	0	420	116	180	91
1030	980.0	142.6		136.7		1020	171	0	0	1200	141	60	112	360	120	300	86
1031	780.0	134.3		125.0		540	185	0	0	960	140	0	0	240	113	600	88
1032	840.0	138.9		133.8		660	163	0	0	1080	149	60	115	420	111	300	93
1033	1080.0	130.4		126.1		1440	150	0	0	900	130	120	99	240	118	540	91
1034	880.0	143.2		138.5		900	171	0	0	1020	142	60	112	420	120	240	93
1035	980.0	134.0		128.4		1080	161	60	110	900	135	180	91	420	117	300	88
1036	1040.0	135.7		129.8		1200	165	0	0	1140	130	0	0	300	115	480	89
1037	1240.0	135.8		131.9		1380	155	0	0	1440	138	120	93	480	113	300	90
1038	1040.0	141.6		136.8		1320	161	0	0	1020	145	0	0	480	113	300	90
1039	1140.0	138.9		133.3		1140	170	0	0	1320	138	0	0	540	111	420	93
1040	800.0	152.0		144.5		600	202	0	0	1020	153	0	0	540	117	240	102
1041	1040.0	136.5		130.2		1140	165	0	0	1080	139	0	0	240	110	660	93
1042	800.0	143.1		136.1		660	178	0	0	1020	141	0	0	360	141	360	87
1043	1160.0	139.9		134.4		1380	166	0	0	1260	136	60	115	360	117	420	89
1044	940.0	150.6		145.1		1080	181	0	0	1200	142	0	0	360	116	180	94
1045	840.0	138.5		134.0		720	160	0	0	1140	146	0	0	420	108	240	92
1046	800.0	145.7		135.5		900	183	0	0	840	147	0	0	120	99	540	92
1047	940.0	137.3		129.1		1020	171	0	0	1020	138	60	113	180	99	540	88
1048	580.0	137.7		130.9		420	170	0	0	840	144	0	0	180	117	300	87
1049	860.0	144.5		137.5		840	175	0	0	1020	149	60	103	360	114	300	89
1050	920.0	146.6		138.7		1080	176	0	0	1020	146	60	100	180	124	420	89
1051	940.0	143.6		137.5		1080	169	0	0	1020	144	0	0	360	122	360	88
1052	840.0	140.2		133.1		540	180	0	0	1440	142	0	0	120	125	420	87
1053	740.0	140.3		133.0		780	177	0	0	840	132	60	93	300	121	240	86
1054	840.0	140.0		134.8		720	167	0	0	1140	145	0	0	300	113	360	93
1055	940.0	142.1		136.0		720	174	0	0	1380	145	0	0	300	127	420	89
1056	1240.0	141.6		136.8		1500	164	0	0	1560	137	0	0	180	130	480	91
1057	780.0	149.7		145.4		660	184	0	0	1080	145	0	0	360	132	240	103
1058	740.0	142.7		139.1		360	180	0	0	1080	148	0	0	600	124	180	99
1059	920.0	135.5		129.3		960	163	0	0	1140	136	60	91	120	118	480	89
1060	760.0	141.5		133.2		660	180	0	0	960	143	0	0	300	120	360	85
1061	1000.0	135.5		130.2		1260	157	0	0	1140	135	0	0	120	92	480	91
1062	940.0	141.7		137.0		1080	165	0	0	1020	141	60	98	480	117	180	86
1063	800.0	141.6		132.5		960	174	0	0	600	143	120	104	240	134	480	88
1064	1000.0	130.5		124.5		960	163	0	0	1200	130	120	99	240	104	480	88
1065	920.0	140.1		131.7		1080	172	0	0	780	142	60	115	300	119	540	88
1066	1020.0	145.7		138.5		840	176	0	0	1380	152	0	0	420	123	420	87
1067	1020.0	132.9		128.1		1260	157	0	0	960	127	60	118	300	122	480	90
1068	1180.0	136.9		132.7		1440	155	0	0	1500	135	0	0	180	125	420	87
1069	1060.0	140.6		138.5		960	161	0	0	1500	139	0	0	660	119	60	92
1070	1100.0	128.5		123.2		1560	149	0	0	840	127	0	0	180	119	720	88
1071	1140.0	134.6		128.1		1440	161	0	0	1080	130	120	91	300	121	480	85
1072	820.0	136.2		128.4		660	173	0	0	1080	142	0	0	240	105	480	88
1073	1140.0	134.5		130.2		1560	152	0	0	960	136	60	119	360	118	480	89
1074	740.0	132.5		127.1		420	179	0	0	960	135	60	119	540	113	240	88
1075	1020.0	142.9		136.6		1320	167	0	0	1080	140	0	0	240	119	420	88
1076	880.0	138.0		131.4		600	176	0	0	1140	145	60	100	420	118	420	90
1077	940.0	133.8		125.3		1080	168	0	0	900	132	60	98	120	114	660	87
1078	980.0	139.1		133.3		1140	166	0	0	900	132	0	0	420	136	480	91
1079	880.0	142.8		132.0		840	186	0	0	900	148	0	0	300	116	600	88
1080	980.0	143.5		140.5		1080	166	0	0	1140	137	0	0	600	126	120	90
1081	1020.0	149.5		143.6		1260	177	0	0	1200	143	0	0	360	114	240	91
1082	1060.0	143.9		137.6		1080	175	0	0	1320	144	60	97	480	105	240	93
1083	680.0	145.7		140.3		540	175	0	0	900	152	0	0	480	116	120	86
1084	720.0	146.4		137.7		600	190	0	0	720	155	0	0	600	115	240	90
1085	840.0	134.4		129.1		480	169	0	0	960	142	60	95	660	127	360	88
1086	980.0	138.5		132.8		1140	162	0	0	1140	139	0	0	120	125	540	91
1087	1020.0	123.6		119.9		1260	140	0	0	1020	128	120	97	120	101	540	88
1088	740.0	132.6		128.3		480	164	0	0	900	140	60	90	600	113	180	91
1089	820.0	146.5		138.3		600	192	0	0	960	152	60	109	540	123	300	88
1090	1080.0	135.9		130.9		900	166	0	0	1380	139	0	0	540	113	420	91
1091	1060.0	135.4		129.9		1080	164	0	0	1320	134	60	107	300	111	420	88
1092	1000.0	144.0		138.1		1320	166	0	0	960	146	60	90	360	110	300	92
1093	840.0	129.6		126.7		660	147	0	0	1080	137	60	119	420	111	300	93
1094	1100.0	148.3		142.2		1200	181	0	0	1560	140	0	0	300	106	240	92
1095	560.0	152.6		150.5		300	175	0	0	600	166	0	0	720	135	60	119
1096	760.0	150.3		143.0		660	186	0	0	1020	153	0	0	240	124	360	95
1097	820.0	142.2		136.5		660	175	0	0	1140	144	0	0	360	120	300	90
1098	1280.0	136.8		130.1		1500	161	0	0	1500	139	0	0	240	96	600	87
1099	900.0	144.3		136.7		960	176	0	0	780	152	120	96	540	117	300	91
1100	800.0	132.3		124.1		780	163	0	0	720	144	120	90	180	129	600	88
1101	1100.0	129.4		126.0		1260	149	0	0	1320	127	120	102	240	116	360	88
1102	640.0	123.7		117.5		420	164	0	0	780	130	60	104	180	107	480	87
1103	700.0	131.6		126.7		720	158	0	0	660	133	60	97	300	121	360	91
1104	700.0	135.0		128.9		720	161	0	0	900	136	0	0	120	118	360	86
1105	800.0	140.4		134.0		840	168	0	0	960	144	0	0	180	101	420	94
1106	1180.0	131.9		128.2		1440	153	0	0	1260	128	60	85	480	110	300	91
1107	920.0	131.3		124.3		1020	161	0	0	960	133	0	0	180	98	600	88
1108	1120.0	120.1		116.6		1380	137	0	0	1140	120	60	119	60	130	720	87
1109	1060.0	125.3		122.1		1020	144	0	0	1500	126	60	113	240	105	360	85
1110	860.0	132.5		128.0		540	166	0	0	1440	135	0	0	300	102	300	91
1111	980.0	139.0		135.7		960	166	0	0	1140	137	0	0	840	111	0	0
1112	1100.0	131.9		129.6		1500	147	0	0	1200	126	0	0	420	114	180	88
1113	1060.0	120.4		114.3		1200	144	0	0	1140	123	0	0	120	108	720	79
1114	920.0	107.8		100.2		600	144	0	0	1020	119	60	106	180	103	900	72
1115	920.0	140.6		137.1		840	168	0	0	960	141	0	0	780	121	180	96
1116	960.0	134.6		127.0		960	168	0	0	1020	138	0	0	360	107	540	87
1117	900.0	138.4		134.1		900	158	0	0	960	145	60	102	480	123	300	90
1118	940.0	128.9		124.0		900	155	0	0	900	134	0	0	480	114	540	90
1119	960.0	137.2		130.8		840	166	0	0	1380	137	0	0	420	117	240	73
1120	860.0	143.7		136.1		960	171	0	0	960	146	0	0	300	121	360	84
1121	1000.0	126.0		118.5		840	162	0	0	1020	133	120	110	300	111	720	83
1122	880.0	140.2		130.6		840	180	0	0	1020	140	0	0	240	126	540	85
1123	620.0	131.8		123.6		360	169	0	0	960	141	0	0	180	112	360	80
1124	680.0	152.1		143.5		660	183	0	0	720	157	0	0	360	140	300	87
1125	1120.0	136.1		129.6		1140	167	0	0	1380	136	60	98	240	106	540	89
1126	1000.0	145.4		141.3		960	171	0	0	1320	145	0	0	540	119	180	91
1127	740.0	145.2		137.7		720	179	0	0	960	147	0	0	120	104	420	95
1128	880.0	147.1		141.5		960	174	0	0	1260	142	0	0	120	129	300	90
1129	980.0	140.1		132.5		1080	175	0	0	900	136	300	99	300	129	360	89
1130	1080.0	140.0		132.1		1380	169	0	0	960	140	60	92	300	108	540	89
1131	860.0	133.5		126.7		960	163	0	0	720	137	60	94	360	115	480	88
1132	1200.0	135.5		132.0		1260	155	0	0	1500	136	60	94	480	117	300	89
1133	960.0	138.9		128.7		840	176	0	0	1200	148	0	0	60	112	780	87
1134	1020.0	135.5		130.6		960	163	0	0	1200	138	60	115	480	111	360	90
1135	740.0	141.9		135.5		840	168	0	0	840	141	120	91	180	130	240	88
1136	1040.0	133.1		127.3		1080	159	0	0	1320	134	60	90	60	132	600	89
1137	680.0	143.3		136.4		480	176	0	0	900	155	0	0	480	109	180	89
1138	1080.0	134.5		127.8		1440	157	0	0	900	139	240	89	180	116	480	88
1139	1040.0	139.9		132.5		1140	171	0	0	1200	140	0	0	360	99	420	90
1140	800.0	136.8		129.1		720	175	0	0	1080	136	0	0	120	105	480	89
1141	720.0	161.3		154.5		780	188	0	0	900	162	0	0	300	133	180	89
1142	660.0	144.6		139.9		480	169	0	0	840	156	0	0	420	120	240	99
1143	740.0	143.5		138.1		720	180	0	0	720	140	0	0	540	118	240	102
1144	760.0	138.7		132.0		600	175	0	0	720	149	0	0	660	117	300	89
1145	680.0	137.5		127.4		480	186	0	0	840	147	0	0	240	106	480	88
1146	880.0	119.1		113.9		660	148	0	0	960	129	180	106	60	99	780	87
1147	500.0	137.0		126.9		120	178	0	0	780	161	0	0	120	132	480	89
1148	580.0	134.1		126.7		240	171	0	0	720	153	0	0	420	122	360	86
1149	660.0	139.8		131.9		600	177	0	0	660	145	0	0	300	122	420	91
1150	680.0	127.1		122.6		300	169	0	0	840	136	120	112	360	116	420	93
1151	780.0	140.8		132.3		780	181	0	0	960	135	0	0	120	129	480	90
1152	780.0	137.1		128.8		660	174	0	0	960	144	60	107	120	111	540	89
1153	1020.0	146.5		142.4		840	179	0	0	1260	147	0	0	780	122	180	98
1154	600.0	159.3		153.0		600	195	0	0	600	159	0	0	540	128	60	86
1155	800.0	141.8		134.0		840	179	0	0	780	142	0	0	420	110	360	92
1156	660.0	141.1		133.3		480	181	0	0	1020	143	0	0	180	117	300	85
1157	600.0	167.3		162.8		660	187	0	0	720	174	0	0	300	131	120	109
1158	600.0	140.0		130.6		300	201	0	0	840	149	0	0	300	115	360	89
1159	720.0	134.2		127.7		360	175	0	0	1140	141	60	113	180	127	420	87
1160	440.0	147.9		141.3		180	190	0	0	600	164	60	98	420	123	60	85
1161	1080.0	137.7		130.3		1260	165	0	0	1320	137	0	0	0	0	660	87
1162	960.0	138.7		134.0		1020	162	0	0	1200	140	60	93	240	112	360	94
1163	1020.0	136.4		130.7		840	170	0	0	1140	137	0	0	540	128	540	91
1164	740.0	141.4		135.1		600	173	0	0	1020	145	60	106	240	123	300	88
1165	740.0	168.0		162.6		660	204	0	0	1140	162	0	0	360	135	60	84
1166	980.0	130.4		125.5		1140	152	0	0	1020	131	0	0	180	129	600	89
1167	560.0	148.5		145.5		300	174	0	0	780	159	0	0	600	122	0	0
1168	560.0	161.6		156.4		420	199	0	0	840	162	0	0	300	132	120	102
1169	740.0	145.5		138.0		780	181	0	0	840	143	0	0	240	118	360	93
1170	580.0	149.3		142.2		420	169	0	0	900	161	0	0	180	128	240	87
1171	760.0	148.3		143.4		540	170	0	0	1320	152	0	0	180	137	240	88
1172	660.0	139.4		127.5		600	191	0	0	720	140	60	101	120	106	480	87
1173	520.0	132.0		123.1		360	168	0	0	360	165	180	104	240	123	420	90
1174	940.0	135.1		125.9		1020	170	0	0	840	141	60	92	240	109	660	87
1175	760.0	142.4		136.5		840	161	0	0	660	158	60	103	480	121	240	87
1176	800.0	142.1		136.1		720	178	0	0	1140	138	60	115	240	114	240	89
1177	760.0	137.7		130.8		660	177	0	0	960	135	0	0	300	118	360	89
1178	620.0	152.9		140.2		420	209	0	0	840	159	0	0	240	134	360	86
1179	600.0	133.8		127.6		300	173	0	0	840	145	120	103	120	127	420	94
1180	620.0	136.3		127.8		420	183	0	0	780	140	0	0	240	129	420	87
1181	540.0	131.9		125.7		360	168	0	0	780	137	0	0	120	119	360	89
1182	620.0	139.0		130.0		540	179	0	0	720	142	60	88	120	138	420	90
1183	760.0	144.5		135.8		840	178	0	0	780	147	0	0	300	112	360	88
1184	880.0	146.1		141.7		960	167	0	0	1140	147	0	0	300	119	240	92
1185	860.0	132.3		123.2		840	166	0	0	960	140	60	91	0	0	720	86
1186	560.0	136.1		129.7		540	162	0	0	660	144	0	0	240	104	240	88
1187	600.0	141.6		132.2		540	184	0	0	600	149	60	103	300	111	300	89
1188	600.0	140.1		130.9		480	170	0	0	780	154	60	96	60	128	420	88
1189	600.0	152.8		142.9		600	184	0	0	600	167	60	107	300	124	240	87
1190	660.0	128.2		122.7		480	156	0	0	840	138	0	0	240	109	420	88
1191	860.0	141.8		133.8		840	174	0	0	1200	143	0	0	0	0	540	89
1192	740.0	139.8		132.2		660	182	0	0	900	135	0	0	240	127	420	91
1193	640.0	154.4		146.5		720	189	0	0	720	150	0	0	240	125	240	93
1194	500.0	143.6		131.5		420	193	0	0	600	150	60	117	0	0	420	89
1195	600.0	144.4		135.0		480	184	0	0	840	150	0	0	60	131	420	90
1196	580.0	142.1		136.9		420	181	0	0	600	143	0	0	540	128	180	91
1197	600.0	149.4		140.0		540	186	0	0	660	153	0	0	240	146	360	90
1198	700.0	141.4		133.4		720	172	0	0	720	145	0	0	240	132	420	88
1199	840.0	140.2		130.8		840	176	0	0	960	142	60	88	180	128	480	85
1200	780.0	140.5		132.9		600	177	0	0	900	153	60	98	300	110	480	96
1201	520.0	154.2		143.6		480	196	0	0	540	160	0	0	240	135	300	92
1202	660.0	139.3		129.7		600	178	0	0	720	148	60	96	60	127	540	91
1203	760.0	138.6		130.4		720	171	0	0	840	146	60	94	240	117	420	87
1204	520.0	139.7		133.3		240	185	0	0	660	149	0	0	420	128	240	89
1205	480.0	141.7		138.0		240	175	0	0	660	144	0	0	420	134	120	89
1206	480.0	133.8		126.9		180	189	0	0	660	144	0	0	300	123	300	89
1207	580.0	130.1		121.7		180	191	0	0	840	146	0	0	240	115	480	87
1208	700.0	145.9		139.5		720	182	0	0	840	139	0	0	360	117	180	91
1209	640.0	152.7		143.9		600	178	0	0	780	165	0	0	300	124	240	85
1210	860.0	134.3		127.0		900	164	0	0	900	138	60	92	120	131	600	89
1211	420.0	128.9		120.3		120	198	0	0	480	148	0	0	240	126	420	89
1212	560.0	150.2		147.2		480	169	0	0	720	153	60	119	300	141	120	97
1213	560.0	144.7		132.9		300	207	0	0	660	155	0	0	300	139	420	88
1214	900.0	143.0		136.4		1020	171	0	0	1200	139	0	0	120	114	360	87
1215	520.0	132.1		120.1		180	202	0	0	720	153	0	0	60	122	600	87
1216	680.0	143.1		132.3		480	184	0	0	840	159	0	0	240	116	480	88
1217	700.0	130.5		121.8		300	184	0	0	1020	144	60	92	120	114	600	88
1218	620.0	118.2		109.6		480	169	0	0	480	123	120	89	60	119	720	86
1219	500.0	162.4		153.6		360	195	0	0	660	174	0	0	300	141	180	90
1220	660.0	131.2		121.9		420	178	0	0	720	141	60	102	240	131	540	85
1221	560.0	133.5		126.4		180	206	0	0	720	144	0	0	540	116	240	87
1222	460.0	160.8		150.6		420	215	0	0	480	151	0	0	360	135	120	88
1223	540.0	143.3		134.5		360	190	0	0	540	158	0	0	360	124	360	94
1224	640.0	134.4		128.5		300	184	0	0	960	140	0	0	300	118	360	92
1225	600.0	130.2		123.4		360	181	0	0	660	128	0	0	420	127	360	87
1226	600.0	146.7		140.1		360	184	0	0	1080	149	0	0	120	131	240	88
1227	380.0	147.1		140.4		180	160	0	0	480	162	60	88	300	151	120	88
1228	600.0	140.4		129.8		660	185	0	0	540	136	0	0	180	105	420	91
1229	820.0	144.7		134.7		660	192	0	0	1020	148	0	0	240	124	540	90
1230	540.0	149.9		139.0		360	198	0	0	900	153	0	0	60	140	300	85
1231	580.0	144.1		138.7		360	180	0	0	960	148	0	0	240	112	180	94
1232	620.0	143.6		138.4		420	169	0	0	840	152	0	0	420	126	180	86
1233	760.0	130.6		124.7		420	165	0	0	1140	140	60	114	180	104	480	90
1234	640.0	142.3		136.2		360	187	0	0	960	144	0	0	420	125	180	84
1235	560.0	136.9		127.6		240	203	0	0	840	146	0	0	120	125	480	91
1236	620.0	125.7		117.9		540	164	0	0	660	132	60	90	0	0	600	88
1237	580.0	143.8		136.8		420	180	0	0	900	146	60	92	180	124	180	85
1238	500.0	129.4		120.5		360	169	0	0	540	142	60	91	60	149	480	88
1239	320.0	147.0		143.0		180	180	0	0	420	150	0	0	300	135	60	87
1240	620.0	142.1		128.2		720	191	0	0	420	141	120	101	120	114	480	87
1241	640.0	143.5		133.6		600	178	0	0	780	152	0	0	120	110	420	88
1242	380.0	125.7		122.0		240	156	0	0	300	121	0	0	420	128	180	88
1243	340.0	125.8		117.9		60	184	0	0	540	144	0	0	60	137	360	87
1244	620.0	145.8		139.2		360	186	0	0	1080	148	0	0	180	131	240	87
1245	700.0	123.4		116.7		540	154	0	0	720	138	60	92	120	108	660	88
1246	540.0	139.5		129.5		300	189	0	0	840	150	0	0	60	99	420	89
1247	580.0	133.1		125.1		360	178	0	0	780	140	0	0	180	121	420	87
1248	480.0	141.9		133.3		300	185	0	0	780	148	0	0	60	111	300	89
1249	540.0	145.2		137.0		300	187	0	0	720	155	0	0	360	131	240	85
1250	440.0	127.4		121.2		240	186	0	0	300	134	60	100	480	114	240	94
1251	540.0	138.6		125.3		300	199	0	0	420	162	60	91	360	139	480	86
1252	480.0	164.9		152.4		480	201	0	0	660	168	0	0	60	149	240	88
1253	520.0	132.9		122.1		300	211	0	0	360	128	60	89	480	127	360	88
1254	520.0	136.5		128.4		240	184	0	0	720	148	0	0	240	127	360	88
1255	620.0	154.8		146.9		600	184	0	0	900	155	0	0	120	143	240	87
1256	580.0	142.4		135.3		360	182	0	0	840	144	0	0	300	137	240	84
1257	460.0	144.6		133.5		480	187	0	0	480	147	60	101	0	0	360	92
1258	580.0	128.4		118.9		360	166	0	0	660	150	60	95	120	104	540	86
1259	420.0	140.0		127.9		360	191	0	0	480	145	0	0	60	106	360	88
1260	360.0	143.3		133.1		120	176	0	0	540	166	0	0	120	142	300	90
1261	580.0	149.0		139.8		420	198	0	0	780	152	0	0	180	132	360	94
1262	460.0	135.0		121.8		360	190	0	0	420	151	0	0	60	116	540	88
1263	340.0	149.2		139.3		300	191	0	0	420	152	0	0	120	127	180	88
1264	520.0	152.5		145.2		420	197	0	0	600	154	0	0	420	123	120	92
1265	440.0	141.0		131.0		180	202	0	0	660	152	0	0	120	142	360	90
1266	600.0	150.8		142.2		600	185	0	0	660	152	0	0	240	138	300	90
1267	280.0	139.4		134.8		60	226	0	0	420	141	0	0	300	130	60	88
1268	500.0	131.2		122.9		420	167	0	0	480	146	60	91	180	106	360	89
1269	560.0	140.1		134.6		360	178	0	0	720	146	0	0	360	121	240	94
1270	320.0	128.9		120.9		240	157	0	0	240	154	60	91	120	139	300	90
1271	740.0	124.1		115.6		420	164	0	0	720	148	60	118	120	115	900	88
1272	460.0	122.0		115.6		360	160	0	0	300	136	60	106	240	109	420	89
1273	360.0	119.3		110.8		180	164	0	0	360	143	0	0	120	101	420	85
1274	440.0	116.0		110.1		60	177	0	0	540	139	0	0	240	107	480	87
1275	440.0	141.4		133.7		540	172	0	0	540	134	0	0	60	95	180	87
1276	640.0	145.9		133.6		660	193	0	0	720	144	0	0	60	107	480	89
1277	520.0	137.8		126.9		420	180	0	0	600	150	0	0	60	118	480	88
1278	580.0	146.1		136.6		360	192	0	0	840	154	0	0	180	132	360	89
1279	860.0	133.2		127.7		720	165	0	0	1080	134	0	0	300	123	480	90
1280	780.0	138.4		127.1		600	190	0	0	900	146	60	90	120	119	660	89
1281	640.0	147.2		137.5		420	202	0	0	960	147	0	0	180	137	360	89
1282	720.0	134.9		127.4		660	169	0	0	900	137	60	93	60	137	480	89
1283	380.0	145.4		142.7		60	160	0	0	540	164	0	0	480	127	60	111
1284	480.0	143.5		134.6		240	191	0	0	720	155	60	106	180	122	240	87
1285	280.0	148.1		141.3		180	191	0	0	300	155	0	0	240	135	120	93
1286	320.0	124.8		119.8		120	158	0	0	480	135	0	0	120	124	240	88
1287	820.0	123.7		120.0		1020	126	0	0	720	145	180	94	180	126	360	88
1288	700.0	134.5		123.4		780	178	0	0	600	133	0	0	60	85	660	89
1289	600.0	142.3		131.2		600	191	0	0	600	138	60	104	120	122	420	90
1290	380.0	130.6		120.9		180	192	0	0	420	146	60	104	60	143	420	91
1291	480.0	135.8		132.3		240	175	0	0	600	138	0	0	420	127	180	97
1292	520.0	134.0		125.2		600	167	0	0	300	143	60	95	180	127	420	89
1293	360.0	124.2		115.4		180	176	0	0	300	147	60	94	120	128	420	89
1294	360.0	169.4		162.9		360	206	0	0	480	160	0	0	120	162	120	105
1295	300.0	156.3		149.3		180	197	0	0	420	165	0	0	180	135	120	97
1296	520.0	143.8		133.3		420	191	0	0	600	145	60	88	180	141	300	88
1297	320.0	153.7		143.5		120	209	0	0	540	160	0	0	120	167	180	89
1298	320.0	141.4		134.3		120	214	0	0	180	160	0	0	480	133	180	97
1299	500.0	141.1		130.0		420	185	0	0	600	148	0	0	60	137	420	88
1300	520.0	137.7		130.3		360	166	0	0	600	155	60	91	300	118	240	88
1301	280.0	138.8		133.4		0	0	0	0	300	174	0	0	420	125	120	99
1302	580.0	131.4		121.0		360	189	0	0	720	141	60	96	0	0	600	89
1303	620.0	136.6		128.1		360	180	0	0	900	147	0	0	180	111	420	88
1304	540.0	144.4		133.9		360	192	0	0	660	151	60	107	180	150	360	88
1305	560.0	148.8		139.2		420	191	0	0	720	155	0	0	240	132	300	88
1306	360.0	127.3		117.5		180	187	0	0	420	142	0	0	60	121	420	88
1307	360.0	147.8		138.3		360	179	0	0	420	157	0	0	60	124	240	91
1308	480.0	154.8		142.7		360	196	0	0	660	165	0	0	120	142	300	88
1309	460.0	140.7		131.8		360	182	0	0	540	147	60	90	180	126	240	88
1310	440.0	129.0		121.0		240	172	0	0	540	144	60	95	60	128	420	90
1311	560.0	122.1		114.6		480	165	0	0	540	124	180	96	60	87	420	87
1312	340.0	131.5		124.0		240	175	0	0	420	138	60	98	120	102	180	89
1313	400.0	155.7		145.9		300	190	0	0	540	166	0	0	180	136	180	87
1314	460.0	128.3		123.2		240	166	0	0	540	138	60	93	240	122	300	93
1315	480.0	149.3		138.6		600	183	0	0	540	146	60	96	0	0	240	86
1316	560.0	133.6		125.1		420	175	0	0	720	141	0	0	120	100	420	89
1317	500.0	131.7		123.8		360	164	0	0	420	151	0	0	300	127	420	88
1318	400.0	139.7		136.3		240	166	0	0	540	148	0	0	300	120	120	99
1319	540.0	140.1		132.5		420	175	0	0	780	145	0	0	120	116	300	88
1320	560.0	116.2		108.9		300	167	0	0	540	132	0	0	0	0	840	88
1321	460.0	141.0		125.5		420	200	0	0	420	149	0	0	120	96	420	87
1322	380.0	136.1		123.7		300	192	0	0	360	144	0	0	60	139	420	89
1323	560.0	130.3		119.4		240	194	0	0	780	146	0	0	120	105	540	85
1324	280.0	146.1		138.4		180	194	0	0	300	149	0	0	240	135	120	89
1325	420.0	134.9		125.8		300	181	0	0	480	142	0	0	120	129	360	89
1326	480.0	136.6		131.0		300	173	0	0	660	142	0	0	180	127	300	94
1327	460.0	131.5		127.7		300	146	0	0	720	140	0	0	180	119	180	86
1328	620.0	138.2		130.0		540	175	0	0	840	140	0	0	120	116	360	86
1329	540.0	128.4		123.2		420	160	0	0	600	134	0	0	240	117	360	90
1330	300.0	121.5		111.3		120	204	0	0	300	138	0	0	120	101	360	87
1331	580.0	133.7		127.0		540	162	0	0	720	138	0	0	60	139	420	89
1332	460.0	125.6		117.7		180	172	0	0	660	141	0	0	60	126	480	87
1333	440.0	147.6		144.4		120	189	0	0	420	162	0	0	720	137	60	91
1334	440.0	146.5		135.0		300	179	0	0	540	172	0	0	240	106	240	89
1335	460.0	139.3		129.2		300	189	0	0	600	150	0	0	120	110	360	90
1336	440.0	140.9		131.8		240	173	0	0	660	158	0	0	120	115	300	88
1337	360.0	139.2		132.2		180	188	0	0	660	140	0	0	60	140	180	87
1338	480.0	136.8		129.0		360	178	0	0	600	143	120	102	120	115	240	88
1339	400.0	123.5		116.1		240	172	0	0	360	139	0	0	240	102	360	90
1340	300.0	140.3		129.8		120	184	0	0	420	160	0	0	120	134	240	87
1341	420.0	121.3		114.8		240	159	0	0	360	140	120	105	180	115	360	86
1342	340.0	134.9		127.5		120	204	0	0	540	142	0	0	120	120	240	92
1343	200.0	119.1		112.0		60	157	0	0	180	150	0	0	120	118	240	87
1344	300.0	107.0		102.3		0	0	0	0	300	141	0	0	60	99	540	89
1345	280.0	137.8		133.5		60	188	0	0	480	140	0	0	240	136	60	77
1346	420.0	130.9		123.4		300	173	0	0	480	136	0	0	180	120	300	87
1347	380.0	115.3		107.7		180	178	0	0	360	127	120	92	120	100	360	85
1348	580.0	133.6		124.6		540	156	0	0	600	154	0	0	120	125	480	85
1349	340.0	121.2		112.5		120	186	0	0	420	137	0	0	60	127	420	86
1350	340.0	122.2		117.3		60	151	0	0	540	136	0	0	120	131	300	88
1351	360.0	140.8		133.9		360	173	0	0	180	151	0	0	360	129	180	90
1352	360.0	132.5		123.7		360	161	0	0	360	146	60	114	120	90	180	83
1353	340.0	139.6		129.8		180	200	0	0	360	151	0	0	240	128	240	89
1354	260.0	119.4		114.5		60	150	0	0	360	136	0	0	120	119	240	87
1355	360.0	117.2		113.9		120	126	0	0	480	135	0	0	120	113	360	92
1356	400.0	135.2		122.7		240	192	0	0	480	153	0	0	0	0	480	89
1357	340.0	135.8		131.8		60	163	0	0	600	148	0	0	240	122	120	89
1358	340.0	129.0		120.2		180	178	0	0	420	143	0	0	120	114	300	86
1359	280.0	132.9		119.8		240	188	0	0	240	142	60	93	60	111	240	84
1360	340.0	149.1		143.4		420	179	0	0	480	136	0	0	0	0	120	97
1361	480.0	141.8		132.2		300	182	0	0	720	154	0	0	0	0	420	92
1362	500.0	137.8		129.1		360	177	0	0	540	151	60	93	240	123	300	88
1363	360.0	119.4		116.2		60	142	0	0	420	141	0	0	360	106	240	96
1364	500.0	143.4		134.5		480	176	0	0	600	149	0	0	120	126	300	87
1365	560.0	138.1		131.9		420	176	0	0	720	139	60	114	240	125	240	88
1366	420.0	128.9		122.4		360	164	0	0	480	133	0	0	120	107	300	89
1367	420.0	141.3		134.0		240	176	0	0	540	155	0	0	240	127	240	90
1368	200.0	137.5		128.5		180	162	0	0	240	155	120	91	0	0	60	87
1369	500.0	132.6		120.7		300	191	0	0	540	151	120	98	180	96	360	86
1370	260.0	137.8		127.1		120	190	0	0	360	150	0	0	60	159	240	88
1371	320.0	119.9		111.9		60	208	0	0	360	145	0	0	120	105	420	90
1372	420.0	113.4		106.4		300	161	0	0	60	165	180	92	120	113	600	91
1373	360.0	135.1		126.8		240	157	0	0	300	168	120	93	180	135	240	93
1374	380.0	132.8		125.0		240	177	0	0	420	147	60	108	180	105	240	91
1375	320.0	130.3		116.2		240	191	0	0	240	150	60	88	60	123	360	85
1376	520.0	148.3		143.1		420	177	0	0	780	151	0	0	240	119	120	89
1377	280.0	144.7		139.2		240	170	0	0	300	156	0	0	240	120	60	86
1378	720.0	130.9		123.9		780	161	0	0	720	135	0	0	0	0	660	91
1379	260.0	133.3		125.2		60	173	0	0	240	165	0	0	240	134	240	91
1380	380.0	115.4		109.2		120	173	0	0	420	131	120	91	120	116	360	86
1381	320.0	127.9		116.7		120	183	0	0	420	153	0	0	0	0	420	87
1382	300.0	134.3		124.3		120	173	0	0	420	157	0	0	60	129	300	88
1383	260.0	129.5		119.0		60	165	0	0	420	154	0	0	60	112	240	82
1384	380.0	142.3		136.0		180	171	0	0	600	147	0	0	180	153	180	87
1385	280.0	123.9		118.0		60	133	0	0	420	146	0	0	120	116	240	87
1386	320.0	133.7		124.1		120	193	0	0	420	152	0	0	60	137	360	92
1387	320.0	129.1		119.9		180	168	0	0	360	146	0	0	60	158	360	88
1388	360.0	125.3		112.9		60	221	0	0	300	168	180	90	180	136	360	86
1389	200.0	122.0		115.4		60	162	0	0	180	148	0	0	120	127	240	90
1390	220.0	154.6		143.1		60	188	0	0	300	186	0	0	180	135	120	89
1391	420.0	130.2		120.2		120	223	0	0	540	145	0	0	180	120	420	89
1392	180.0	133.6		126.9		120	159	0	0	240	146	0	0	60	126	120	87
1393	340.0	112.0		104.3		180	166	0	0	180	138	0	0	60	122	600	87
1394	360.0	114.1		104.5		180	177	0	0	240	143	60	91	0	0	600	86
1395	420.0	142.1		131.1		180	229	0	0	420	151	0	0	360	131	300	91
1396	420.0	122.5		115.6		180	172	0	0	420	135	0	0	180	133	480	89
1397	300.0	119.1		111.8		120	160	0	0	360	140	0	0	60	111	360	86
1398	340.0	124.8		118.2		180	149	0	0	420	143	60	100	120	121	240	83
1399	320.0	125.0		116.2		60	230	0	0	540	138	0	0	0	0	360	88
1400	280.0	118.8		115.3		60	146	0	0	360	133	0	0	120	127	300	93
1401	300.0	128.2		119.7		180	191	0	0	300	133	60	109	120	106	240	91
1402	380.0	123.1		113.2		240	178	0	0	360	137	0	0	60	116	480	86
1403	220.0	97.2		94.3		0	0	0	0	180	119	0	0	60	124	420	84
1404	380.0	121.1		115.7		180	160	0	0	420	134	60	109	120	120	360	89
1405	400.0	141.1		132.3		180	203	0	0	600	149	0	0	180	121	240	90
1406	280.0	124.3		115.8		60	183	0	0	360	144	60	109	60	154	300	86
1407	180.0	132.8		130.4		0	0	0	0	240	147	0	0	180	133	120	104
1408	320.0	124.7		116.4		120	180	0	0	300	151	0	0	240	110	300	88
1409	220.0	122.5		115.4		60	194	0	0	300	137	0	0	60	108	240	90
1410	380.0	127.0		118.1		240	177	0	0	420	137	0	0	120	115	360	86
1411	300.0	117.6		111.2		60	187	0	0	240	148	60	115	120	113	420	92
1412	440.0	105.4		100.5		180	151	0	0	360	122	60	114	0	0	720	85
1413	260.0	141.2		133.4		60	210	0	0	480	154	0	0	60	102	180	97
1414	440.0	117.1		57.4		300	168	0	0	420	132	120	89	60	5	420	90
1415	400.0	126.4		119.1		180	160	0	0	600	143	0	0	60	90	360	88
1416	260.0	139.2		127.5		120	194	0	0	360	159	0	0	120	103	180	87
1417	360.0	123.2		116.2		180	161	0	0	420	142	0	0	240	99	240	86
1418	240.0	147.4		143.4		180	175	0	0	300	156	0	0	240	116	0	0
1419	160.0	133.6		125.6		60	173	0	0	240	153	0	0	60	102	120	91
1420	360.0	115.2		109.4		180	161	0	0	360	128	60	110	0	0	480	89
1421	420.0	117.8		110.5		180	176	0	0	480	130	60	108	60	109	480	86
1422	240.0	113.7		110.2		0	0	0	0	360	132	0	0	240	101	120	84
1423	400.0	111.2		105.9		60	144	0	0	480	135	0	0	60	130	600	87
1424	260.0	113.5		109.4		60	155	0	0	300	133	0	0	120	98	300	92
1425	300.0	113.9		106.1		60	219	0	0	300	136	0	0	0	0	540	90
1426	320.0	129.8		121.1		180	174	0	0	420	143	60	118	0	0	300	87
1427	440.0	125.5		118.9		120	173	0	0	660	140	0	0	120	130	420	88
1428	320.0	110.9		103.3		120	183	0	0	300	127	0	0	0	0	540	86
1429	360.0	107.9		103.5		240	143	0	0	180	127	120	94	0	0	540	89
1430	120.0	120.7		115.6		0	0	0	0	240	137	0	0	0	0	120	88
1431	300.0	138.7		132.7		120	180	0	0	420	152	0	0	240	119	120	90
1432	320.0	106.9		104.0		60	141	60	110	180	131	120	91	180	115	360	90
1433	280.0	122.6		114.4		0	0	0	0	480	149	60	89	0	0	300	87
1434	280.0	137.4		124.8		180	208	0	0	180	156	0	0	180	124	300	92
1435	240.0	113.6		106.3		120	143	0	0	180	153	60	92	60	91	300	87
1436	400.0	126.0		118.6		120	184	0	0	540	138	0	0	120	144	420	89
1437	340.0	134.5		127.2		180	177	0	0	360	148	0	0	240	128	240	89
1438	360.0	118.3		106.9		180	180	0	0	240	158	0	0	0	0	660	87
1439	300.0	147.7		135.9		60	195	0	0	480	171	0	0	120	148	240	89
1440	260.0	133.2		127.0		120	172	0	0	420	144	0	0	0	0	240	95
1441	300.0	135.3		128.8		120	190	0	0	360	142	0	0	240	132	180	90
1442	240.0	123.8		114.8		120	181	0	0	240	142	0	0	60	110	300	89
1443	260.0	130.2		123.2		60	184	0	0	360	145	0	0	180	128	180	85
1444	240.0	121.0		108.4		120	198	0	0	180	149	0	0	0	0	420	87
1445	300.0	115.8		109.8		180	156	0	0	300	129	60	96	0	0	360	88
1446	80.0	120.5		116.8		0	0	0	0	120	127	0	0	60	140	60	88
1447	360.0	123.7		114.0		180	193	0	0	360	138	0	0	0	0	540	91
1448	220.0	135.5		125.5		240	168	0	0	120	151	0	0	120	131	180	85
1449	180.0	127.3		118.4		60	207	0	0	240	138	0	0	60	123	180	88
1450	300.0	109.5		90.5		180	155	0	0	240	133	60	27	60	90	360	88
1451	140.0	127.0		114.8		60	230	0	0	60	115	0	0	120	137	180	90
1452	180.0	149.4		137.3		60	213	0	0	240	173	0	0	120	131	120	89
1453	120.0	91.8		91.4		0	0	0	0	60	107	60	88	0	0	240	89
1454	260.0	130.9		119.9		240	159	0	0	240	159	0	0	0	0	300	86
1455	320.0	112.6		106.7		120	165	0	0	360	128	0	0	0	0	480	88
1456	220.0	149.4		140.2		180	183	0	0	240	162	0	0	120	134	120	89
1457	360.0	113.6		106.5		240	156	0	0	180	136	180	93	60	131	420	86
1458	220.0	117.5		106.6		0	0	0	0	240	169	0	0	0	0	420	88
1459	200.0	163.8		152.2		60	195	0	0	360	187	0	0	120	116	60	89
1460	280.0	131.4		116.4		180	199	0	0	180	171	60	93	0	0	420	91
1461	300.0	119.4		112.7		60	182	0	0	420	138	0	0	60	115	360	88
1462	240.0	129.6		116.6		60	201	0	0	300	164	0	0	0	0	360	89
1463	220.0	112.5		106.2		60	162	0	0	240	137	0	0	0	0	360	88
1464	160.0	128.8		118.3		60	188	0	0	240	146	0	0	0	0	180	86
1465	200.0	150.0		127.1		60	254	0	0	240	191	60	89	60	138	180	85
1466	260.0	116.2		110.0		0	0	0	0	300	147	0	0	60	139	420	91
1467	160.0	132.4		120.9		120	189	0	0	120	152	60	95	0	0	180	94
1468	180.0	110.8		103.9		60	132	0	0	60	147	60	103	60	175	300	88
1469	220.0	118.8		111.3		120	170	0	0	180	136	60	115	60	92	240	88
1470	280.0	102.9		98.3		60	144	0	0	120	133	120	91	60	153	480	87
1471	240.0	119.8		115.6		180	135	0	0	180	138	60	92	120	128	180	90
1472	360.0	96.2		93.7		0	0	0	0	120	149	120	96	120	93	720	88
1473	180.0	136.7		126.5		120	182	0	0	240	149	0	0	0	0	180	90
1474	280.0	129.0		117.5		180	186	0	0	240	150	60	92	60	116	300	88
1475	120.0	115.5		105.1		0	0	0	0	60	149	60	91	60	189	180	88
1476	360.0	110.7		104.8		180	172	60	112	120	126	60	100	0	0	660	92
1477	200.0	114.1		108.2		180	142	0	0	120	137	60	93	0	0	240	87
1478	300.0	110.3		104.1		60	185	0	0	240	135	60	116	60	118	480	87
1479	260.0	110.1		102.5		60	167	0	0	240	144	0	0	0	0	480	86
1480	280.0	112.7		107.0		120	160	0	0	240	132	120	101	0	0	360	88
1481	260.0	108.0		101.0		60	175	0	0	240	131	0	0	60	124	420	83
1482	160.0	117.6		107.3		60	174	0	0	60	190	60	105	60	124	240	87
1483	180.0	139.3		123.1		60	244	0	0	120	165	60	98	120	159	180	88
1484	300.0	120.0		113.7		180	150	0	0	360	137	0	0	0	0	360	88
1485	180.0	113.9		103.7		0	0	0	0	180	167	120	92	0	0	240	85
1486	140.0	140.1		133.5		120	163	0	0	120	163	0	0	120	120	60	89
1487	240.0	114.6		107.1		60	174	0	0	300	137	0	0	0	0	360	86
1488	260.0	101.5		97.8		0	0	0	0	120	155	120	100	0	0	540	90
1489	120.0	131.3		122.8		120	153	0	0	120	153	0	0	0	0	120	88
1490	160.0	140.2		129.6		120	160	0	0	120	188	0	0	120	124	120	89
1491	180.0	111.2		105.3		60	172	0	0	60	101	60	92	180	127	180	85
1492	200.0	136.6		124.1		120	191	0	0	240	156	0	0	0	0	240	90
1493	160.0	91.1		29.6		0	0	0	0	180	128	0	0	60	5	240	85
1494	240.0	126.9		118.0		180	176	0	0	240	132	60	96	60	116	180	85
1495	200.0	115.0		109.1		0	0	0	0	300	141	0	0	0	0	300	89
1496	280.0	102.9		96.5		120	168	0	0	60	145	120	87	60	97	480	86
1497	120.0	158.2		142.6		60	210	0	0	180	182	0	0	60	103	60	90
1498	320.0	121.0		112.5		120	170	0	0	360	144	60	90	60	126	360	86
1499	80.0	106.5		103.3		0	0	0	0	120	125	0	0	0	0	120	88
