#File created from auswertNew
# Temporary input file:
# tmp19.dat
# Created from repository file
# /home/vwitme/data/workdata/trafficData/Invent_A5/intermediatedata/A5frankfurt_06_01/daten/F19_1106.dat.gz
# Infrastructure description file:
# /home/vwitme/data/workdata/trafficData/Invent_A5/intermediatedata/A5frankfurt_06_01/daten/A5frankfurt_06_01.dsc
#
# Date: 11.06.2001
# Direction: Frankfurt
# Detector cross section 19
# Position (m)= 485.000000
# Number of main lanes=3
# Number of ramp lanes=0
# The lane indices are ordered from left to right
# NOTICE: The time has been increased by 1 hour 
# since summertime was not taken care of  in the original data!
# Velocity averages: Over veh types and lanes, weighted with flow
# vAvg=arithmetic average; vHarm=harmonic average
#===========================================
#t(min)	Qav(/h)	vAvg(km/h)	vHarm(km/h)	Q1car	v1car	Q1truck	v1truck	Q2car	v2car	Q2truck	v2truck	Q3car	v3car	Q3truck	v3truck
60	220.0	103.9		99.2		60	147	0	0	60	144	0	0	360	104	180	76
61	380.0	103.8		101.0		60	154	0	0	120	142	0	0	840	98	120	81
62	300.0	97.7		96.0		120	119	0	0	180	116	0	0	600	88	0	0
63	380.0	98.8		96.6		60	146	0	0	60	123	0	0	540	104	480	84
64	360.0	99.2		98.2		180	115	0	0	180	111	0	0	300	97	420	89
65	400.0	94.7		92.0		120	142	0	0	120	111	0	0	720	90	240	77
66	420.0	96.3		93.0		120	137	0	0	120	130	0	0	480	96	540	80
67	280.0	102.0		100.0		180	116	0	0	60	142	0	0	420	98	180	84
68	580.0	97.6		96.1		180	118	0	0	420	111	0	0	840	92	300	82
69	500.0	96.3		94.8		180	123	0	0	300	101	0	0	420	99	600	84
70	360.0	92.7		91.4		120	119	0	0	60	119	0	0	660	89	240	83
71	380.0	90.2		89.4		120	114	0	0	60	93	0	0	480	90	480	84
72	560.0	93.1		91.8		180	121	0	0	240	106	0	0	780	89	480	83
73	200.0	105.0		103.8		120	129	0	0	0	0	0	0	480	99	0	0
74	480.0	90.5		87.9		60	125	0	0	240	115	60	85	420	95	660	76
75	780.0	92.4		90.0		180	123	0	0	540	106	0	0	600	97	1020	77
76	480.0	98.2		95.6		120	127	0	0	180	120	0	0	840	98	300	74
77	240.0	94.4		92.7		60	144	0	0	60	97	0	0	420	91	180	85
78	300.0	94.6		93.5		0	0	0	0	60	110	0	0	300	107	540	86
79	300.0	91.5		89.6		60	134	0	0	120	104	0	0	300	94	420	80
80	280.0	90.8		86.4		60	131	0	0	180	116	0	0	180	96	420	72
81	280.0	96.0		93.5		120	120	0	0	120	107	0	0	300	101	300	77
82	280.0	97.8		96.2		0	0	0	0	60	108	60	117	480	103	240	80
83	300.0	91.0		89.1		60	119	0	0	120	117	0	0	120	96	600	82
84	180.0	104.8		101.8		60	157	0	0	60	108	0	0	360	100	60	78
85	220.0	99.7		95.5		0	0	0	0	60	102	0	0	300	121	300	78
86	220.0	87.0		86.0		60	94	0	0	0	0	0	0	180	101	420	80
87	440.0	92.6		91.7		60	108	0	0	120	101	0	0	600	99	540	82
88	280.0	87.9		85.3		60	141	0	0	60	93	0	0	360	92	360	74
89	240.0	86.9		86.0		60	110	0	0	120	99	0	0	120	84	420	81
90	460.0	92.4		91.3		180	114	0	0	180	106	0	0	660	88	360	83
91	540.0	99.6		96.8		120	153	0	0	360	111	0	0	600	98	540	82
92	380.0	98.4		93.8		240	134	0	0	180	114	0	0	300	92	420	76
93	240.0	92.9		92.0		60	106	0	0	120	105	0	0	240	96	300	83
94	560.0	94.7		93.4		120	112	0	0	240	109	0	0	660	99	660	82
95	240.0	94.6		93.2		60	134	0	0	0	0	0	0	360	96	300	85
96	300.0	83.8		81.8		60	115	0	0	120	101	0	0	300	69	420	85
97	440.0	93.9		92.1		120	120	0	0	300	110	0	0	300	89	600	83
98	300.0	91.0		88.7		60	138	0	0	120	105	0	0	180	99	540	80
99	280.0	97.6		93.5		0	0	0	0	120	133	0	0	480	102	240	71
100	280.0	93.9		92.9		60	120	0	0	240	99	0	0	300	95	240	81
101	380.0	93.4		91.9		60	116	0	0	240	110	0	0	420	93	420	81
102	480.0	87.7		85.2		60	144	0	0	240	111	0	0	480	85	660	76
103	300.0	103.5		98.8		180	138	0	0	60	146	0	0	180	107	480	84
104	400.0	97.7		94.8		60	173	0	0	120	114	0	0	300	104	720	86
105	300.0	90.5		86.5		120	132	0	0	120	115	0	0	120	67	540	81
106	240.0	96.8		94.6		60	126	0	0	120	118	0	0	300	95	240	81
107	360.0	86.3		83.1		120	131	0	0	120	111	0	0	240	80	600	75
108	360.0	93.2		89.3		60	186	0	0	180	109	0	0	120	90	720	82
109	340.0	94.4		92.7		60	136	0	0	60	122	60	101	420	95	420	83
110	160.0	85.5		82.5		60	124	0	0	0	0	0	0	180	92	240	71
111	320.0	95.3		92.0		60	150	0	0	240	115	0	0	240	87	420	81
112	300.0	88.6		86.9		0	0	0	0	120	116	0	0	360	93	420	77
113	340.0	85.6		82.8		180	120	0	0	120	98	0	0	0	0	720	75
114	320.0	97.8		95.9		60	128	0	0	60	114	0	0	360	107	480	85
115	240.0	89.0		88.5		0	0	0	0	60	90	0	0	480	93	180	78
116	140.0	104.9		100.2		60	151	0	0	60	129	0	0	120	101	180	84
117	60.0	110.0		110.0		0	0	0	0	0	0	0	0	180	110	0	0
118	220.0	109.0		101.8		120	129	0	0	180	129	60	91	120	125	180	71
119	340.0	99.1		95.8		180	134	0	0	60	116	0	0	420	98	360	80
120	280.0	102.4		101.0		180	116	0	0	60	125	0	0	360	102	240	87
121	340.0	104.5		101.1		120	114	0	0	120	132	0	0	420	114	360	81
122	260.0	94.4		90.6		120	139	0	0	0	0	0	0	180	103	480	80
123	440.0	95.4		93.9		60	137	0	0	180	102	0	0	600	100	480	82
124	280.0	101.0		93.1		120	155	0	0	180	124	0	0	120	107	420	74
125	440.0	107.1		104.6		240	128	0	0	180	109	0	0	720	108	180	74
126	260.0	103.1		95.5		120	145	0	0	60	125	0	0	300	114	300	71
127	260.0	93.8		90.3		60	124	0	0	60	104	60	105	180	116	420	77
128	180.0	100.8		99.4		0	0	0	0	60	115	0	0	360	105	120	81
129	240.0	95.0		93.7		0	0	0	0	0	0	0	0	360	106	360	84
130	140.0	116.3		111.3		60	142	0	0	120	142	0	0	120	108	120	86
131	240.0	88.8		88.4		0	0	0	0	60	106	0	0	300	91	360	84
132	320.0	93.4		90.8		0	0	0	0	60	114	0	0	420	108	480	78
133	360.0	88.9		84.8		120	148	0	0	60	92	0	0	240	97	660	75
134	200.0	99.9		98.0		0	0	0	0	60	132	0	0	240	108	300	87
135	200.0	92.8		92.4		0	0	0	0	0	0	0	0	240	100	360	88
136	280.0	78.6		76.5		0	0	0	0	0	0	60	114	120	103	660	71
137	260.0	99.8		95.6		120	113	0	0	60	129	0	0	360	109	240	72
138	400.0	95.7		93.5		60	149	0	0	180	117	0	0	420	94	540	84
139	260.0	81.7		78.8		60	122	0	0	60	92	0	0	240	93	420	68
140	440.0	88.1		87.5		0	0	0	0	120	104	0	0	300	97	900	83
141	180.0	93.9		92.7		60	125	0	0	0	0	0	0	300	93	180	85
142	360.0	90.8		88.5		60	133	0	0	120	113	0	0	480	93	420	76
143	180.0	104.6		103.5		60	125	0	0	60	119	0	0	360	102	60	85
144	360.0	92.5		91.4		0	0	0	0	180	111	0	0	540	94	360	81
145	260.0	87.7		83.9		120	124	0	0	0	0	0	0	360	92	300	68
146	220.0	103.0		99.7		60	129	0	0	240	122	0	0	300	86	60	86
147	360.0	107.5		105.3		60	133	0	0	120	111	60	112	600	114	240	82
148	520.0	93.1		91.4		60	147	0	0	360	103	0	0	420	96	720	82
149	160.0	85.2		84.7		0	0	0	0	0	0	0	0	120	98	360	81
150	420.0	97.9		96.8		180	117	0	0	180	108	0	0	540	96	360	86
151	240.0	107.5		103.3		60	144	0	0	120	144	0	0	420	100	120	79
152	180.0	100.0		98.5		0	0	0	0	120	121	0	0	240	100	180	86
153	400.0	91.7		88.7		60	140	0	0	240	118	0	0	480	80	420	83
154	240.0	95.1		90.6		60	173	0	0	60	98	0	0	300	97	300	77
155	320.0	87.5		84.0		120	130	0	0	120	111	0	0	420	79	300	73
156	140.0	100.9		99.2		0	0	0	0	0	0	0	0	240	112	180	86
157	300.0	94.5		92.4		0	0	0	0	180	126	0	0	240	90	480	85
158	200.0	95.9		92.1		60	160	0	0	60	109	0	0	120	96	360	83
159	240.0	97.8		96.3		0	0	0	0	120	124	0	0	300	98	300	87
160	180.0	96.0		95.5		0	0	0	0	0	0	0	0	360	101	180	86
161	260.0	96.4		90.1		120	151	0	0	120	121	0	0	120	85	420	77
162	120.0	87.8		85.3		60	127	0	0	0	0	0	0	0	0	300	80
163	220.0	94.5		91.5		0	0	0	0	120	135	0	0	120	87	420	85
164	280.0	89.4		89.0		0	0	0	0	60	106	0	0	360	93	420	84
165	160.0	103.6		100.0		60	150	0	0	60	124	0	0	180	100	180	85
166	220.0	88.5		87.7		0	0	0	0	60	102	0	0	120	104	480	83
167	100.0	97.6		94.2		60	128	0	0	0	0	0	0	120	102	120	78
168	60.0	78.7		77.9		0	0	0	0	0	0	0	0	60	90	120	73
169	80.0	103.0		95.3		60	160	0	0	0	0	0	0	180	84	0	0
170	200.0	89.9		89.0		0	0	0	0	60	109	0	0	300	94	240	80
171	320.0	91.2		88.8		60	160	0	0	60	107	0	0	360	88	480	83
172	300.0	89.1		87.3		0	0	0	0	60	125	0	0	240	103	600	80
173	160.0	95.0		94.2		60	115	0	0	60	105	0	0	180	91	180	89
174	260.0	95.9		94.5		0	0	0	0	60	116	0	0	420	103	300	82
175	160.0	100.5		95.8		60	163	0	0	60	110	0	0	180	96	180	81
176	400.0	91.5		88.2		60	131	0	0	240	114	0	0	360	96	540	74
177	260.0	93.8		92.7		0	0	0	0	0	0	0	0	420	103	360	83
178	220.0	97.5		95.9		0	0	0	0	120	116	60	116	240	97	240	84
179	260.0	90.2		89.9		0	0	0	0	0	0	0	0	600	93	180	81
180	240.0	103.8		100.7		0	0	0	0	240	129	0	0	180	100	300	86
181	320.0	109.1		103.9		0	0	0	0	240	147	0	0	360	110	360	83
182	200.0	112.2		107.1		180	145	0	0	120	113	0	0	180	101	120	79
183	200.0	109.6		104.4		60	164	0	0	120	127	0	0	180	114	240	84
184	420.0	92.1		90.8		120	119	0	0	120	104	0	0	480	95	540	81
185	240.0	105.6		99.8		120	134	0	0	300	122	0	0	120	82	180	75
186	180.0	101.3		99.7		60	141	0	0	60	97	0	0	180	102	240	92
187	400.0	91.6		89.0		120	135	0	0	120	112	60	105	360	81	540	83
188	320.0	97.5		95.8		0	0	0	0	180	110	0	0	240	114	540	86
189	220.0	85.1		83.8		60	93	0	0	120	91	0	0	180	97	300	74
190	160.0	100.0		96.4		180	124	0	0	0	0	0	0	120	94	180	80
191	380.0	97.2		93.4		120	122	0	0	240	129	0	0	540	87	240	76
192	340.0	96.0		94.3		120	133	0	0	180	98	0	0	480	92	240	84
193	240.0	96.7		94.3		120	129	0	0	60	100	0	0	240	98	300	82
194	180.0	105.7		103.2		180	128	0	0	120	104	0	0	60	89	180	90
195	220.0	100.1		98.1		120	120	0	0	60	121	0	0	240	101	240	84
196	300.0	98.3		94.6		60	142	0	0	180	126	0	0	240	97	420	81
197	320.0	92.5		89.2		60	167	0	0	60	105	0	0	360	96	480	79
198	340.0	95.3		94.0		60	137	0	0	60	109	0	0	540	96	360	85
199	300.0	101.7		100.2		60	130	0	0	120	123	60	95	420	101	240	87
200	300.0	97.1		95.3		60	147	0	0	60	121	0	0	600	93	180	86
201	280.0	92.3		89.9		60	136	0	0	60	121	0	0	300	95	420	80
202	340.0	97.3		93.9		60	144	0	0	180	125	60	91	180	102	540	82
203	280.0	94.1		89.6		60	139	0	0	60	171	0	0	300	81	420	86
204	220.0	97.0		88.4		60	183	0	0	120	124	0	0	240	91	240	68
205	300.0	101.5		98.9		60	141	0	0	120	125	0	0	300	106	420	86
206	240.0	91.8		89.8		60	134	0	0	60	103	0	0	360	92	240	78
207	280.0	97.7		96.9		0	0	0	0	180	109	0	0	480	99	180	83
208	280.0	112.2		108.0		120	157	0	0	180	122	0	0	420	105	120	78
209	180.0	89.7		87.6		60	123	0	0	0	0	0	0	120	102	360	80
210	180.0	98.1		96.0		60	117	0	0	120	107	0	0	180	105	180	79
211	100.0	113.4		112.8		60	128	0	0	0	0	0	0	180	112	60	103
212	260.0	104.2		101.5		120	146	0	0	120	105	0	0	360	98	180	88
213	300.0	90.9		88.8		60	133	0	0	60	122	0	0	300	92	480	81
214	140.0	92.9		91.7		0	0	0	0	60	112	0	0	120	101	240	84
215	280.0	103.8		100.6		120	137	0	0	120	129	0	0	540	94	60	75
216	200.0	98.8		93.4		120	146	0	0	60	120	0	0	300	82	120	83
217	220.0	97.6		97.3		0	0	0	0	0	0	0	0	420	102	240	90
218	260.0	96.5		92.9		60	128	0	0	60	133	0	0	300	105	360	78
219	280.0	98.3		93.6		60	117	0	0	120	130	0	0	240	115	420	77
220	220.0	103.2		97.5		120	154	0	0	60	107	0	0	240	102	240	78
221	380.0	100.2		95.8		180	137	0	0	60	139	0	0	420	103	480	79
222	440.0	100.0		97.5		120	146	0	0	240	116	0	0	720	92	240	85
223	300.0	99.7		96.5		120	147	0	0	120	108	0	0	180	99	480	86
224	360.0	108.4		106.6		120	140	0	0	180	119	0	0	660	104	120	85
225	280.0	92.0		89.2		60	157	0	0	120	105	0	0	300	81	360	86
226	340.0	92.8		91.5		60	103	0	0	180	107	60	109	360	94	360	80
227	440.0	89.9		87.3		0	0	0	0	300	113	0	0	240	103	780	77
228	320.0	98.5		96.7		60	144	0	0	240	110	0	0	540	92	120	82
229	320.0	105.5		104.4		60	112	0	0	360	115	0	0	300	106	240	89
230	320.0	93.4		90.5		60	157	60	114	120	108	0	0	420	86	300	81
231	460.0	107.6		105.2		180	137	0	0	240	119	0	0	420	111	540	90
232	420.0	99.8		93.9		120	158	0	0	180	122	60	118	480	99	420	72
233	340.0	90.4		88.8		60	97	0	0	120	127	0	0	360	87	480	83
234	300.0	103.0		99.7		180	139	0	0	120	99	0	0	420	99	180	79
235	480.0	92.3		90.0		60	133	0	0	240	114	0	0	240	103	900	81
236	340.0	82.2		80.5		60	117	0	0	0	0	0	0	480	89	480	71
237	360.0	99.4		96.4		120	143	0	0	180	110	0	0	300	102	480	83
238	300.0	114.9		113.1		180	128	0	0	180	128	0	0	420	112	120	86
239	280.0	99.9		97.9		60	121	0	0	300	114	0	0	60	105	420	86
240	280.0	88.4		87.9		0	0	0	0	120	104	0	0	180	88	540	85
241	240.0	100.6		98.9		120	127	0	0	0	0	60	110	360	98	180	85
242	300.0	103.4		101.1		180	126	0	0	0	0	0	0	540	104	180	79
243	400.0	116.5		114.1		240	130	0	0	360	135	0	0	600	100	0	0
244	360.0	98.9		94.4		240	135	0	0	120	110	0	0	540	90	180	70
245	340.0	109.5		107.4		240	133	0	0	60	127	0	0	600	103	120	86
246	280.0	97.1		96.3		0	0	0	0	120	107	0	0	600	99	120	78
247	260.0	102.5		101.2		120	113	0	0	0	0	0	0	420	109	240	86
248	360.0	105.4		104.2		60	139	0	0	180	113	60	109	660	104	120	83
249	260.0	106.5		104.2		120	142	0	0	120	105	0	0	360	105	180	87
250	140.0	106.3		105.2		60	124	0	0	0	0	0	0	300	107	60	85
251	260.0	110.0		104.3		60	202	0	0	120	134	0	0	360	102	240	87
252	240.0	96.2		95.3		60	87	0	0	60	117	0	0	300	102	300	88
253	200.0	93.9		92.6		60	129	0	0	0	0	0	0	360	93	180	84
254	240.0	94.9		93.5		60	129	0	0	60	114	0	0	420	92	180	84
255	240.0	95.2		93.2		60	80	0	0	120	111	0	0	360	102	180	76
256	320.0	96.6		93.5		120	137	0	0	60	94	0	0	540	98	240	74
257	280.0	103.6		102.8		60	130	0	0	60	102	0	0	540	105	180	91
258	320.0	113.7		110.2		180	141	0	0	180	133	0	0	420	106	180	85
259	280.0	108.3		106.2		120	142	0	0	60	122	0	0	600	103	60	80
260	240.0	92.2		91.1		60	110	0	0	0	0	0	0	300	101	360	82
261	420.0	99.6		98.5		60	146	0	0	360	101	60	104	600	98	180	85
262	220.0	94.9		94.1		60	111	0	0	0	0	60	99	360	98	180	82
263	320.0	95.9		95.0		0	0	0	0	120	113	0	0	420	101	420	86
264	440.0	96.2		94.5		120	121	0	0	120	117	60	112	540	96	480	83
265	480.0	101.4		99.5		120	146	0	0	300	104	0	0	660	101	360	85
266	360.0	100.3		97.4		120	140	0	0	300	106	0	0	360	100	300	79
267	360.0	111.3		108.5		120	159	0	0	120	122	0	0	660	107	180	88
268	640.0	101.6		100.6		240	108	0	0	420	115	60	119	900	98	300	85
269	580.0	104.7		100.7		420	144	0	0	240	97	0	0	660	95	420	85
270	480.0	99.7		97.7		120	146	0	0	60	120	60	113	1020	95	180	84
271	440.0	93.5		92.2		60	134	0	0	240	106	0	0	780	91	240	79
272	220.0	108.5		105.9		60	143	0	0	120	120	0	0	360	108	120	81
273	280.0	104.7		99.9		60	135	0	0	120	137	0	0	540	103	120	65
274	200.0	113.0		108.7		120	144	0	0	120	136	0	0	180	101	180	89
275	460.0	106.7		104.8		120	126	0	0	180	119	0	0	780	110	300	83
276	460.0	107.2		102.4		240	153	0	0	240	126	0	0	840	90	60	90
277	240.0	100.2		94.3		120	167	0	0	0	0	0	0	480	88	120	82
278	420.0	101.7		100.7		180	121	0	0	120	103	60	97	480	105	420	90
279	420.0	118.6		116.0		240	151	0	0	420	122	0	0	540	105	60	87
280	460.0	101.3		99.2		180	142	0	0	180	104	0	0	420	99	600	90
281	360.0	105.2		104.0		180	121	0	0	180	110	0	0	540	105	180	85
282	700.0	100.4		98.2		240	129	0	0	300	112	0	0	1020	101	540	80
283	460.0	101.6		100.1		60	144	0	0	120	129	0	0	840	100	360	89
284	420.0	98.6		96.3		120	137	0	0	60	122	0	0	720	99	360	81
285	840.0	100.6		98.4		300	130	0	0	780	111	0	0	1020	93	420	79
286	440.0	123.1		117.2		480	149	0	0	60	161	0	0	720	108	60	60
287	420.0	102.0		101.2		120	118	0	0	180	116	0	0	780	99	180	90
288	540.0	99.1		97.1		60	142	0	0	180	121	0	0	1260	97	120	67
289	440.0	113.9		112.8		120	151	0	0	60	133	0	0	1140	109	0	0
290	440.0	96.3		95.0		120	111	0	0	240	114	0	0	480	96	480	84
291	580.0	102.7		97.7		240	160	0	0	300	112	0	0	660	97	540	79
292	480.0	104.7		102.6		180	130	0	0	120	104	0	0	780	109	360	83
293	360.0	101.6		100.9		120	114	0	0	120	111	0	0	720	101	120	83
294	640.0	98.8		96.1		300	129	0	0	420	110	60	104	420	96	720	81
295	600.0	99.1		94.8		240	149	0	0	300	119	0	0	720	87	540	82
296	420.0	103.1		101.7		120	138	0	0	60	127	60	94	960	99	60	84
297	380.0	108.2		107.3		180	121	60	112	120	120	0	0	660	106	120	87
298	700.0	100.2		98.4		300	125	0	0	360	111	60	116	720	97	660	85
299	760.0	107.9		105.7		240	138	0	0	660	115	0	0	1080	105	300	79
300	420.0	107.8		105.8		240	139	0	0	120	110	0	0	840	100	60	87
301	640.0	97.2		95.3		360	120	0	0	420	107	60	90	780	89	300	79
302	760.0	116.5		112.7		420	149	0	0	660	118	0	0	900	113	300	78
303	640.0	94.1		92.2		120	123	0	0	480	108	0	0	780	93	540	77
304	420.0	98.2		94.7		180	145	0	0	120	115	0	0	780	89	180	80
305	480.0	107.0		105.2		120	153	0	0	240	115	0	0	840	103	240	90
306	620.0	90.7		90.0		300	104	0	0	360	89	120	102	840	89	240	77
307	800.0	99.5		98.5		480	119	0	0	480	99	60	101	1260	93	120	90
308	620.0	103.6		102.1		240	133	0	0	480	109	0	0	900	97	240	88
309	520.0	112.0		108.9		240	144	0	0	300	124	0	0	660	109	360	86
310	600.0	93.7		93.1		0	0	0	0	240	112	0	0	1140	93	420	85
311	640.0	102.7		101.1		300	124	0	0	360	114	0	0	1080	97	180	79
312	820.0	104.5		101.7		480	135	0	0	300	111	60	108	1200	99	420	80
313	920.0	106.6		103.5		420	150	0	0	780	110	0	0	1200	95	360	87
314	680.0	102.5		99.2		420	125	0	0	540	116	0	0	540	96	540	78
315	880.0	108.4		105.6		420	150	0	0	480	112	60	91	1560	99	120	80
316	880.0	96.4		95.7		540	110	0	0	240	100	60	100	1200	95	600	85
317	960.0	100.5		97.8		360	148	0	0	780	100	0	0	1320	94	420	81
318	500.0	111.4		108.8		360	137	0	0	180	132	0	0	900	98	60	98
319	560.0	98.4		95.0		240	137	0	0	180	108	0	0	840	97	420	75
320	640.0	100.1		99.4		300	119	0	0	600	102	60	102	900	93	60	92
321	900.0	101.8		98.8		660	121	0	0	660	114	120	99	1140	88	120	63
322	840.0	109.8		107.2		720	133	0	0	360	120	60	116	1080	97	300	87
323	960.0	104.1		102.0		540	131	0	0	900	109	60	109	1140	92	240	82
324	860.0	108.6		106.0		720	132	0	0	540	113	0	0	1080	97	240	81
325	680.0	107.2		104.5		540	132	0	0	480	113	0	0	780	92	240	89
326	740.0	102.1		98.9		300	143	0	0	360	114	0	0	1020	97	540	81
327	720.0	108.6		106.7		420	133	0	0	540	114	0	0	1020	100	180	84
328	860.0	107.0		105.7		660	127	0	0	660	105	60	119	960	97	240	95
329	1280.0	100.1		96.8		660	141	0	0	1140	99	0	0	1560	91	480	76
330	1040.0	105.7		103.0		660	135	0	0	600	107	60	113	1260	100	540	81
331	1160.0	102.9		101.6		540	124	0	0	1380	105	0	0	1140	98	420	82
332	1600.0	102.3		99.4		1380	120	0	0	1200	111	120	106	1380	92	720	73
333	1560.0	109.4		107.6		1320	130	0	0	1560	109	0	0	1500	96	300	88
334	1160.0	103.6		101.0		840	132	0	0	1020	103	0	0	1200	91	420	84
335	1120.0	111.5		110.8		900	120	0	0	840	119	0	0	1320	104	300	98
336	1260.0	100.6		97.4		1020	122	0	0	1260	106	0	0	900	88	600	72
337	1560.0	105.4		103.4		1200	128	60	105	1620	105	0	0	1620	91	180	87
338	1220.0	105.4		103.4		1140	122	0	0	960	111	0	0	1080	93	480	83
339	1660.0	97.0		95.4		1140	115	0	0	1740	99	120	104	1500	87	480	76
340	1720.0	101.0		99.2		1260	121	0	0	1680	103	120	100	1320	92	780	80
341	1420.0	102.1		98.8		1140	129	0	0	960	106	0	0	1560	90	600	76
342	940.0	103.9		103.3		1020	112	0	0	300	113	0	0	1440	97	60	87
343	1840.0	101.3		99.0		1380	121	0	0	2220	104	0	0	1440	88	480	72
344	1480.0	105.2		103.0		1560	123	60	89	1140	103	0	0	960	99	720	80
345	1740.0	97.0		94.4		1260	122	60	100	1740	99	0	0	1440	82	720	78
346	1580.0	97.1		94.0		1440	115	0	0	1320	106	120	101	780	79	1080	75
347	1400.0	104.8		103.2		1380	119	0	0	900	111	120	104	1380	93	420	84
348	1560.0	104.4		102.9		1140	125	0	0	1560	105	0	0	1620	94	360	84
349	1220.0	106.5		105.8		1200	117	60	96	720	109	0	0	1500	99	180	92
350	1840.0	100.1		98.7		1500	118	0	0	1980	99	0	0	1500	91	540	80
351	1880.0	98.4		94.4		1560	120	60	93	1800	101	0	0	1500	91	720	61
352	1640.0	95.6		93.1		1620	113	0	0	1620	97	60	100	1140	78	480	73
353	1840.0	100.5		98.7		1500	119	0	0	1620	101	0	0	1740	93	660	77
354	1900.0	100.8		99.5		1680	113	0	0	1980	104	60	96	1200	93	780	79
355	1460.0	103.1		100.1		1320	124	0	0	1020	105	0	0	1620	94	420	68
356	1300.0	103.0		101.0		840	124	60	106	1020	104	60	107	1560	98	360	72
357	1360.0	109.3		107.7		1260	125	0	0	1200	111	0	0	1320	99	300	82
358	1860.0	102.2		101.2		1320	119	0	0	1800	102	60	96	2040	94	360	89
359	1640.0	98.0		97.0		1380	111	0	0	1740	100	0	0	1260	88	540	82
360	1500.0	104.6		102.5		1440	124	0	0	900	103	0	0	1620	96	540	81
361	1520.0	103.7		102.6		1080	122	0	0	1140	103	60	106	2100	96	180	87
362	1620.0	101.7		100.1		1260	121	0	0	1380	103	60	102	1800	91	360	82
363	1820.0	94.0		93.4		1500	106	0	0	1860	93	0	0	1680	87	420	84
364	1860.0	98.4		97.5		2040	109	60	88	1620	97	0	0	1440	90	420	82
365	2120.0	99.2		97.3		1620	121	0	0	1920	100	120	102	2340	87	360	76
366	1440.0	101.0		100.5		1620	106	0	0	1320	105	0	0	900	93	480	88
367	2100.0	96.3		95.4		1680	112	0	0	2100	94	180	91	1860	89	480	82
368	2000.0	96.7		96.3		2220	102	60	85	1500	99	60	116	1800	90	360	87
369	2200.0	97.2		95.4		1560	120	0	0	2340	96	120	95	2100	86	480	78
370	1300.0	109.9		109.5		1500	118	0	0	720	110	0	0	1440	104	240	95
371	1260.0	98.6		97.5		900	115	0	0	1020	102	60	94	1500	89	300	87
372	1720.0	98.0		97.3		1200	107	0	0	1620	103	120	109	1860	90	360	83
373	2260.0	100.1		99.1		2100	113	0	0	2280	100	0	0	2280	89	120	85
374	1820.0	100.5		98.6		1560	120	0	0	1920	100	60	91	1380	87	540	81
375	1580.0	102.4		101.1		1680	115	60	97	1020	106	120	98	1560	91	300	82
376	1860.0	95.9		94.7		1560	111	0	0	1860	94	0	0	1740	90	420	73
377	1900.0	103.2		102.2		1620	120	0	0	1500	100	0	0	2280	95	300	91
378	1960.0	100.0		99.5		1740	107	60	96	1800	104	180	99	1680	92	420	87
379	2320.0	92.9		92.0		2280	104	60	77	2160	93	120	91	1920	83	420	80
380	2600.0	95.7		95.1		2460	106	60	81	2280	95	120	95	2280	89	600	83
381	2100.0	97.1		95.9		1740	114	0	0	2160	95	0	0	2040	88	360	80
382	1920.0	102.3		101.6		1680	115	60	98	1680	101	60	109	2160	94	120	92
383	1920.0	102.1		101.3		1740	114	0	0	1920	102	0	0	1980	93	120	82
384	2060.0	97.4		96.8		2220	102	0	0	1860	100	0	0	1860	93	240	69
385	2600.0	91.9		91.3		2640	101	60	78	2880	90	60	84	1680	86	480	77
386	2780.0	91.0		89.9		2460	106	60	89	3180	88	120	88	2040	81	480	78
387	2660.0	97.1		96.1		2760	107	60	84	2640	99	0	0	2160	85	360	81
388	2280.0	96.9		95.2		2040	115	60	92	2280	95	120	95	2100	83	240	84
389	2420.0	93.8		93.6		2400	96	0	0	2220	97	120	93	1980	91	540	81
390	2700.0	88.5		88.1		2640	97	0	0	2820	86	120	89	2220	83	300	78
391	2620.0	93.7		93.2		2700	102	0	0	2640	93	120	100	2100	86	300	77
392	2140.0	100.6		100.2		2160	109	0	0	1680	101	60	102	2220	94	300	87
393	2400.0	93.0		92.4		2040	103	0	0	2520	94	60	90	1920	86	660	79
394	2460.0	96.2		95.6		2580	106	0	0	2340	93	60	85	2220	90	180	78
395	2420.0	92.1		91.7		2280	98	0	0	2520	94	60	95	2100	85	300	80
396	2660.0	91.6		91.3		2760	97	0	0	2700	93	60	96	2100	84	360	84
397	2720.0	85.6		85.5		2880	90	0	0	2760	85	60	93	2040	81	420	81
398	2660.0	85.0		83.9		2400	100	0	0	2700	79	0	0	2400	79	480	73
399	2540.0	91.1		90.9		2400	96	0	0	2400	91	180	92	2400	86	240	93
400	2580.0	94.9		94.0		2520	108	60	88	2580	92	0	0	2460	85	120	87
401	2440.0	95.3		94.5		2400	107	60	91	1860	96	180	86	2580	86	240	82
402	2520.0	92.2		91.8		2160	101	60	88	2640	91	120	87	2400	87	180	77
403	2540.0	96.1		95.9		2580	102	0	0	2700	95	0	0	2160	91	180	90
404	2240.0	95.9		95.4		2520	103	0	0	1980	96	0	0	1920	89	300	79
405	2580.0	93.2		92.7		2340	102	60	86	2640	91	0	0	2400	89	300	78
406	2660.0	94.1		93.0		2460	106	0	0	2760	94	60	95	2520	85	180	61
407	1980.0	98.6		97.7		2100	110	0	0	1620	97	0	0	1980	90	240	80
408	2440.0	96.3		95.9		2280	103	0	0	2460	98	60	95	2100	89	420	87
409	2540.0	98.1		97.6		2760	106	0	0	2580	98	0	0	1980	88	300	94
410	2240.0	92.4		91.8		2100	103	0	0	2280	91	0	0	1860	85	480	82
411	2420.0	92.2		91.1		2580	102	0	0	2280	94	60	91	1980	82	360	67
412	2520.0	95.7		95.1		2220	108	0	0	2700	92	0	0	2160	90	480	86
413	2340.0	96.1		95.5		2460	106	0	0	2160	93	0	0	2100	89	300	86
414	2620.0	90.2		89.8		2460	98	0	0	2520	89	120	90	2280	86	480	77
415	2340.0	87.8		86.4		2340	103	0	0	2280	83	0	0	1980	79	420	70
416	2220.0	81.4		77.7		1920	111	0	0	2100	71	60	81	2280	68	300	66
417	2160.0	88.0		86.9		2520	99	0	0	1980	86	0	0	1800	76	180	76
418	2320.0	90.0		89.5		2160	100	0	0	2340	87	0	0	2400	84	60	84
419	2340.0	87.7		86.6		2100	103	0	0	2280	84	60	80	2340	79	240	77
420	2320.0	88.3		87.3		2160	102	60	71	2280	86	0	0	2280	79	180	76
421	2440.0	93.4		93.2		2340	99	0	0	2340	93	180	99	1980	88	480	88
422	2440.0	91.8		91.0		2340	104	0	0	2520	89	0	0	2160	84	300	76
423	2340.0	90.0		89.4		2340	98	0	0	2220	91	60	94	1860	83	540	75
424	2360.0	86.3		86.0		2160	93	0	0	2280	86	120	85	2040	81	480	80
425	2500.0	86.7		85.8		2460	95	0	0	2400	88	0	0	2340	80	300	60
426	2640.0	89.1		87.9		2640	104	0	0	2640	85	0	0	2220	79	420	75
427	2420.0	88.7		87.8		2400	100	0	0	2220	86	120	90	2160	82	360	69
428	2500.0	92.4		91.7		2340	103	0	0	2520	91	0	0	2340	86	300	72
429	2520.0	92.9		92.2		2400	105	0	0	2460	90	0	0	2100	86	600	81
430	2140.0	92.0		90.9		1980	107	0	0	2100	89	60	90	1860	82	420	81
431	2060.0	98.0		97.0		2280	110	0	0	1740	96	60	105	1860	86	240	91
432	2320.0	89.5		89.2		2100	93	0	0	2400	92	0	0	1920	87	540	74
433	2880.0	87.4		87.3		2700	91	0	0	2700	89	60	80	2520	84	660	80
434	2680.0	88.7		88.4		2760	94	0	0	2520	88	300	93	2040	83	420	82
435	2660.0	83.0		82.5		2640	90	0	0	2700	84	0	0	2100	75	540	75
436	2860.0	86.1		85.6		2820	95	0	0	2820	85	60	78	2520	79	360	76
437	2800.0	88.8		87.7		2760	101	0	0	2640	88	60	97	2820	78	120	72
438	2740.0	87.7		87.4		2700	95	0	0	2760	85	60	88	2580	83	120	84
439	2500.0	82.7		82.1		2580	87	60	45	2400	85	0	0	1920	79	540	69
440	2380.0	86.5		85.3		2220	102	60	87	2460	82	0	0	2220	77	180	74
441	2360.0	88.7		87.8		2520	99	0	0	2040	89	60	86	1980	78	480	78
442	2700.0	82.9		81.2		2400	102	0	0	2820	76	60	76	2400	74	420	71
443	2460.0	91.8		91.2		2580	101	60	88	2460	90	0	0	2100	84	180	77
444	2080.0	94.2		93.5		1920	104	0	0	2100	96	60	85	1740	85	420	80
445	2080.0	92.3		91.2		1800	107	0	0	1680	91	60	100	2400	84	300	76
446	2120.0	93.3		92.6		2100	105	60	83	1920	90	60	88	2040	86	180	81
447	2080.0	93.9		93.3		1860	101	60	77	2220	97	60	85	1800	86	240	76
448	1880.0	90.4		90.1		1740	98	0	0	1800	89	0	0	1800	86	300	81
449	2260.0	88.6		88.1		2100	96	0	0	2100	91	60	96	2100	81	420	77
450	2240.0	90.2		88.9		2220	103	0	0	2340	90	180	85	1740	78	240	67
451	2340.0	93.4		93.2		2400	99	0	0	1980	94	60	96	2340	88	240	85
452	2460.0	92.6		91.9		2340	104	0	0	2700	90	0	0	2100	84	240	86
453	2120.0	94.2		93.5		1980	106	0	0	2220	90	0	0	1800	89	360	81
454	2100.0	99.8		99.3		2160	107	60	90	1980	101	0	0	1860	93	240	80
455	2240.0	94.5		94.1		2160	102	0	0	2160	95	60	94	2220	87	120	87
456	2360.0	92.2		91.5		2340	103	0	0	2160	91	0	0	2160	84	420	80
457	2480.0	93.1		92.6		2580	101	0	0	2580	93	0	0	2100	84	180	87
458	2260.0	93.7		93.1		2100	105	0	0	2340	90	60	86	1920	88	360	83
459	2200.0	93.8		93.6		2100	99	0	0	2220	94	120	99	1560	88	600	89
460	2500.0	93.1		92.4		2220	103	60	86	2460	94	60	100	2580	84	120	86
461	2440.0	93.1		92.8		2460	100	120	102	2280	92	60	86	2100	87	300	86
462	2400.0	85.7		84.7		2220	100	0	0	2280	81	0	0	2520	78	180	75
463	2260.0	84.6		83.5		2160	98	60	83	2220	82	60	90	2100	74	180	77
464	2040.0	78.8		77.7		2100	92	0	0	2220	72	0	0	1560	72	240	70
465	2340.0	77.9		76.6		1920	94	0	0	2280	76	60	76	2340	69	420	64
466	2140.0	81.8		80.0		2160	99	0	0	1860	77	60	73	2220	70	120	68
467	2280.0	80.5		79.0		1980	98	0	0	2100	78	60	77	2400	70	300	68
468	2400.0	81.4		80.2		2040	98	0	0	2460	77	0	0	2580	73	120	70
469	2320.0	83.9		83.7		2520	89	0	0	2340	84	0	0	1680	79	420	73
470	2680.0	80.3		79.4		2340	94	60	66	2520	78	60	67	2700	72	360	75
471	2700.0	82.2		81.8		2640	88	0	0	2520	84	60	83	2640	76	240	67
472	2520.0	82.9		82.4		2400	91	0	0	2760	82	0	0	1860	76	540	75
473	2600.0	83.5		82.5		2520	96	0	0	2520	81	60	92	2340	74	360	74
474	2620.0	88.8		88.2		2700	99	0	0	2640	84	0	0	2220	83	300	82
475	2440.0	87.3		86.4		2400	100	0	0	2520	82	0	0	2100	80	300	81
476	2260.0	88.3		87.3		2160	100	0	0	1980	89	60	82	2220	78	360	78
477	2400.0	88.8		88.2		2220	99	0	0	2220	88	0	0	2400	81	360	82
478	2280.0	91.6		91.2		2220	100	0	0	2280	90	120	85	2040	86	180	76
479	2140.0	90.9		89.9		2280	100	0	0	1920	93	120	89	1740	81	360	70
480	2620.0	87.4		87.1		2520	94	0	0	2280	88	0	0	2880	82	180	74
481	2280.0	89.3		88.8		2040	98	0	0	2160	89	60	96	2280	83	300	78
482	2240.0	86.4		85.3		2220	99	60	80	2040	86	180	81	1860	75	360	74
483	2320.0	84.5		83.9		2220	92	0	0	2100	86	60	81	2040	79	540	69
484	2140.0	85.8		85.4		2100	93	0	0	1920	86	0	0	2220	80	180	71
485	2460.0	83.1		82.3		2280	94	0	0	2460	82	0	0	2460	74	180	83
486	2380.0	84.6		83.9		2280	95	0	0	2460	84	0	0	2100	75	300	78
487	2120.0	90.3		90.1		2220	94	0	0	2160	92	0	0	1920	85	60	67
488	2360.0	84.2		83.9		2280	91	0	0	1800	85	240	87	2400	78	360	77
489	2200.0	79.3		78.9		2040	87	0	0	2280	78	0	0	1980	74	300	72
490	2260.0	83.5		83.2		2220	89	0	0	2280	83	60	84	2160	79	60	61
491	2100.0	87.5		87.0		2100	96	60	73	2220	87	0	0	1560	80	360	76
492	2300.0	84.9		84.1		2040	90	0	0	2340	91	60	80	2160	76	300	67
493	2020.0	84.2		83.7		1920	88	60	96	1740	90	120	92	2040	76	180	72
494	2140.0	85.9		85.4		1860	92	0	0	2160	89	60	91	2160	78	180	77
495	2040.0	84.4		84.2		2040	87	0	0	1800	87	0	0	2100	81	180	69
496	1940.0	77.2		76.7		1740	86	0	0	1980	76	0	0	1980	71	120	71
497	2040.0	78.9		78.7		1920	77	0	0	1920	84	0	0	2160	76	120	78
498	1860.0	77.9		77.7		1680	81	0	0	1740	81	0	0	1680	74	480	70
499	1960.0	75.5		75.2		1860	80	0	0	1680	78	120	76	1980	71	240	61
500	2000.0	78.1		77.8		1860	84	0	0	1740	79	0	0	2100	73	300	72
501	2200.0	76.0		75.5		1920	80	0	0	2040	81	60	83	2040	69	540	68
502	2000.0	79.4		79.2		1800	85	0	0	1920	80	0	0	2040	75	240	70
503	2160.0	80.9		80.5		1980	86	0	0	1980	84	60	92	2100	75	360	69
504	2100.0	81.7		81.6		1980	84	0	0	2100	83	60	85	1740	80	420	71
505	2180.0	80.9		80.7		1860	86	0	0	2100	83	120	84	1980	75	480	76
506	2240.0	85.1		84.6		1980	94	0	0	1860	84	180	89	2280	79	420	79
507	2180.0	83.4		83.0		1980	90	0	0	1920	86	60	89	1980	78	600	71
508	2080.0	84.4		84.1		1740	89	120	86	2100	88	0	0	2040	78	240	74
509	2120.0	83.0		82.5		1860	89	0	0	1800	86	0	0	2400	78	300	67
510	1960.0	81.8		81.4		1620	89	60	79	1920	83	60	85	1920	76	300	72
511	2220.0	83.3		83.0		2100	85	0	0	1860	89	60	90	2160	78	480	77
512	2260.0	81.1		80.4		2100	90	0	0	2280	82	120	80	1800	74	480	65
513	2240.0	83.6		83.4		1980	86	0	0	2100	88	60	69	2100	79	480	77
514	2020.0	82.6		82.5		1860	88	0	0	1740	82	0	0	2220	79	240	79
515	2260.0	83.4		83.0		1740	92	60	76	2160	85	60	86	2400	77	360	76
516	2080.0	85.7		85.4		1980	88	60	85	1560	90	0	0	2280	83	360	71
517	2120.0	82.1		81.6		1560	91	0	0	2160	82	60	81	2400	78	180	62
518	2060.0	81.3		81.2		2040	85	0	0	1860	82	60	82	1500	79	720	74
519	2180.0	79.4		79.1		2040	83	0	0	2280	83	0	0	1680	73	540	71
520	2200.0	82.7		82.3		2100	89	0	0	2100	85	60	87	1980	75	360	75
521	2420.0	83.2		82.8		2220	88	0	0	2160	86	60	100	2340	77	480	76
522	2080.0	85.1		84.9		1980	86	0	0	2040	88	60	89	1860	82	300	77
523	2120.0	82.0		81.9		1860	86	0	0	2280	83	0	0	1860	78	360	76
524	2340.0	80.2		79.7		2100	88	0	0	2040	82	60	77	2340	74	480	69
525	2120.0	83.3		82.9		2160	88	0	0	2280	85	0	0	1500	78	420	69
526	2160.0	83.7		82.6		1860	97	0	0	2160	82	0	0	1680	79	780	67
527	1920.0	86.5		85.9		1920	96	0	0	1920	85	180	86	1260	78	480	77
528	2200.0	87.5		87.2		1980	95	0	0	2160	87	60	86	2160	82	240	80
529	1940.0	84.8		84.5		1980	90	0	0	1620	85	60	97	1740	81	420	73
530	1920.0	86.2		86.0		1920	89	0	0	1620	88	60	97	1800	83	360	77
531	1940.0	88.7		88.6		1860	91	0	0	1680	91	120	97	1860	85	300	82
532	2400.0	82.3		81.3		2160	96	0	0	2340	80	60	82	2040	73	600	74
533	2340.0	85.3		84.7		2220	94	0	0	2160	86	0	0	2400	78	240	72
534	2260.0	84.5		84.2		2160	89	0	0	2340	87	120	90	1860	77	300	78
535	2140.0	83.2		82.7		2040	93	0	0	1920	81	0	0	2100	77	360	76
536	2140.0	79.2		78.6		2040	89	0	0	2040	77	120	75	1860	73	360	69
537	2160.0	83.3		83.0		2220	90	60	70	1980	82	0	0	1920	79	300	73
538	2360.0	81.7		80.9		1980	95	0	0	2220	80	60	74	2580	74	240	73
539	2080.0	84.5		83.7		2040	94	0	0	1860	85	60	86	2100	76	180	69
540	1960.0	87.9		87.2		2040	97	0	0	1980	87	0	0	1560	81	300	68
541	2000.0	83.7		83.1		1800	92	60	79	2040	85	60	80	1680	75	360	76
542	2120.0	83.0		82.5		1860	91	0	0	1980	84	60	82	2160	77	300	70
543	2140.0	87.1		86.8		1980	93	0	0	2040	87	180	93	1920	82	300	78
544	1920.0	87.2		86.7		1860	93	60	93	1860	90	0	0	1560	80	420	75
545	2020.0	80.4		80.1		1860	80	0	0	1920	86	0	0	1920	77	360	70
546	2420.0	80.4		79.6		1860	93	0	0	2580	79	120	79	2100	73	600	73
547	2180.0	77.2		76.3		2040	88	0	0	1980	77	60	85	2100	68	360	69
548	2260.0	84.7		84.4		2040	91	0	0	2220	86	0	0	2220	79	300	75
549	1960.0	89.3		88.6		1920	100	60	81	1800	88	0	0	1860	81	240	80
550	2140.0	83.9		83.0		1800	96	0	0	1920	86	0	0	2160	75	540	72
551	1900.0	86.1		85.9		2040	89	0	0	1800	89	60	73	1620	80	180	83
552	2080.0	80.8		80.3		1860	89	0	0	2280	80	0	0	1620	76	480	69
553	2140.0	79.0		77.8		1920	93	0	0	2220	77	60	79	1680	69	540	68
554	2000.0	79.4		78.9		2040	86	0	0	1860	79	0	0	1800	75	300	63
555	2100.0	82.5		82.1		1860	89	0	0	2280	84	60	99	1860	75	240	73
556	2060.0	83.4		83.0		1860	88	0	0	1860	88	0	0	2040	77	420	74
557	2200.0	84.0		83.8		1980	90	0	0	2400	84	0	0	2040	79	180	76
558	1900.0	87.2		86.6		1920	92	0	0	1860	89	0	0	1560	84	360	66
559	1960.0	82.6		82.0		1980	91	0	0	1740	83	60	82	1740	75	360	71
560	2040.0	77.2		76.7		1860	86	0	0	2040	75	120	86	1740	71	360	71
561	2280.0	78.3		77.6		1980	89	0	0	2460	77	0	0	1980	72	420	65
562	1960.0	81.3		79.7		2100	94	0	0	1860	80	0	0	1380	73	540	58
563	1940.0	91.3		90.7		1860	100	0	0	2040	92	0	0	1620	83	300	78
564	1700.0	90.7		89.6		1680	102	0	0	1680	92	0	0	1440	79	300	76
565	1580.0	88.2		87.4		1260	99	60	91	1380	91	60	99	1740	79	240	79
566	1600.0	89.1		88.6		1380	97	0	0	1380	93	0	0	1620	81	420	82
567	1840.0	86.4		85.4		1500	99	0	0	1800	87	120	95	1800	76	300	78
568	1620.0	90.4		90.1		1620	96	0	0	1380	93	60	100	1500	84	300	79
569	1660.0	86.1		85.2		1500	95	0	0	1500	91	120	81	1440	76	420	73
570	1700.0	81.2		80.5		1500	92	0	0	1740	81	0	0	1500	72	360	76
571	1960.0	81.0		80.7		1740	88	0	0	1920	81	60	80	1860	76	300	72
572	1960.0	81.8		81.3		1800	89	0	0	1980	82	120	86	1560	77	420	67
573	2060.0	83.0		82.5		1740	88	60	84	1980	88	120	90	1860	74	420	77
574	1900.0	82.2		81.7		1920	88	0	0	1620	85	0	0	1800	75	360	74
575	2060.0	82.8		82.3		1800	90	0	0	1800	86	60	91	2460	75	60	84
576	2060.0	85.3		85.1		1920	89	0	0	1740	89	60	85	2220	80	240	78
577	1980.0	83.9		82.8		1740	95	0	0	2220	84	60	75	1680	76	240	59
578	1640.0	86.7		85.8		1620	98	0	0	1200	86	0	0	1920	79	180	71
579	2020.0	86.4		86.1		1680	94	0	0	2100	87	60	93	1920	80	300	80
580	2000.0	88.2		87.1		1860	98	0	0	2100	91	0	0	1680	79	360	65
581	2040.0	84.6		83.9		1800	95	60	86	1860	85	0	0	2040	77	360	73
582	2220.0	85.4		85.3		2280	87	0	0	2340	88	0	0	1680	81	360	79
583	2140.0	84.3		83.5		1980	93	0	0	2100	87	0	0	1860	76	480	69
584	1920.0	90.8		90.1		1920	99	0	0	1800	94	0	0	1860	81	180	74
585	1920.0	87.8		86.8		1920	95	60	77	1620	94	0	0	1800	79	360	67
586	1780.0	88.6		88.0		1800	95	0	0	1920	90	60	95	1200	80	360	76
587	1860.0	86.4		86.1		1680	91	0	0	2040	89	60	89	1560	79	240	79
588	2240.0	87.8		87.0		2040	99	0	0	1980	88	120	82	1980	81	600	73
589	1820.0	87.7		87.1		1800	95	0	0	1620	88	0	0	1740	83	300	69
590	2100.0	89.5		89.0		1800	96	0	0	2220	92	0	0	1920	83	360	76
591	2100.0	88.3		87.6		1980	94	60	75	2160	92	0	0	1380	84	720	71
592	2320.0	85.1		84.8		2100	90	0	0	2340	87	120	86	2160	79	240	77
593	2280.0	87.4		87.0		2340	94	0	0	2400	86	60	94	1860	82	180	73
594	2060.0	88.0		86.7		1680	105	0	0	2100	87	0	0	1980	77	420	77
595	1660.0	91.1		90.3		1560	103	0	0	1200	91	120	85	1740	83	360	81
596	1800.0	93.7		92.8		1440	108	0	0	1680	94	60	103	1860	84	360	84
597	1760.0	88.3		88.0		1440	96	60	93	1620	89	0	0	1860	83	300	80
598	1940.0	91.6		91.0		1620	102	0	0	1740	93	60	86	2160	84	240	81
599	1700.0	92.9		91.9		1500	106	60	91	1560	94	0	0	1800	82	180	84
600	1880.0	93.2		92.5		1860	100	0	0	1740	97	60	90	1740	85	240	73
601	1660.0	92.7		91.4		1500	108	60	105	1440	93	0	0	1560	80	420	83
602	1780.0	92.0		91.0		1260	107	0	0	1680	94	60	98	2040	82	300	84
603	1320.0	91.5		90.3		1260	104	0	0	1080	94	0	0	1020	82	600	77
604	1720.0	91.1		89.4		1020	109	0	0	1980	95	0	0	1560	83	600	69
605	1380.0	93.4		92.8		1320	103	0	0	1140	95	0	0	1320	85	360	84
606	1920.0	87.3		86.2		1620	102	0	0	1380	88	60	85	2340	78	360	79
607	1840.0	95.4		94.6		1680	107	60	112	1800	95	0	0	1620	86	360	83
608	1700.0	94.8		93.6		1440	108	0	0	1500	98	60	110	1680	83	420	83
609	1620.0	96.5		96.0		1500	104	0	0	1560	99	0	0	1500	90	300	79
610	1880.0	88.1		87.1		1620	100	60	91	1500	90	180	93	1980	77	300	84
611	1740.0	95.9		94.7		1440	107	0	0	1440	100	0	0	1920	90	420	71
612	1380.0	95.8		95.4		1080	103	0	0	1020	101	60	96	1740	90	240	84
613	1560.0	92.6		92.0		1320	100	0	0	1440	97	60	70	1680	85	180	81
614	1700.0	92.5		91.2		1620	105	0	0	1740	92	120	89	1440	83	180	63
615	1840.0	96.8		95.9		1380	111	0	0	1560	98	0	0	2280	89	300	84
616	1620.0	95.1		94.4		1500	105	0	0	1500	96	60	93	1500	88	300	77
617	1720.0	91.5		90.2		1380	107	120	80	1260	95	120	97	1680	81	600	79
618	1780.0	93.8		93.0		1560	106	0	0	1680	93	60	94	1680	85	360	85
619	2040.0	92.2		90.8		1860	108	0	0	2040	90	0	0	1860	83	360	71
620	2240.0	92.5		92.0		2220	98	0	0	2160	95	60	105	1920	86	360	76
621	2160.0	94.0		92.7		1800	110	60	102	2340	93	0	0	2100	83	180	73
622	1780.0	91.3		90.3		1980	101	0	0	1380	93	180	93	1380	80	420	76
623	2240.0	89.6		88.5		1680	106	60	99	2280	89	0	0	2040	80	660	79
624	1800.0	91.0		89.8		1560	106	0	0	1500	90	60	89	1740	83	540	76
625	2000.0	87.0		85.8		1620	100	60	87	1680	92	120	88	1980	76	540	73
626	1640.0	91.9		91.0		1500	104	0	0	1140	95	0	0	1860	83	420	80
627	1780.0	91.8		91.3		1320	101	0	0	1560	93	180	95	2040	86	240	80
628	1460.0	88.6		87.2		1080	106	0	0	1200	90	120	93	1440	80	540	73
629	1440.0	93.3		92.9		1620	101	0	0	900	91	0	0	1500	88	300	85
630	1840.0	88.5		88.0		1320	99	0	0	1860	89	120	93	1860	83	360	75
631	1980.0	87.9		87.3		1800	97	0	0	1920	90	0	0	1740	79	480	78
632	2060.0	91.7		90.8		1980	104	0	0	2340	89	0	0	1380	83	480	79
633	1840.0	89.9		89.3		1680	100	0	0	1800	89	60	89	1440	83	540	80
634	1900.0	92.3		91.0		1800	108	0	0	1440	91	60	87	2160	82	240	77
635	1720.0	94.7		93.8		1320	109	60	89	1560	95	60	94	1620	88	540	80
636	1620.0	91.8		90.1		1620	107	0	0	1200	94	120	95	1440	78	480	76
637	2060.0	88.0		87.1		1560	103	0	0	2460	85	0	0	1740	82	420	74
638	1640.0	94.5		92.0		1320	120	0	0	1560	91	0	0	1740	80	300	84
639	960.0	98.2		97.7		1200	104	0	0	300	108	0	0	1380	91	0	0
640	1980.0	91.6		90.8		1560	104	60	89	2040	93	0	0	2160	82	120	83
641	1960.0	90.7		89.7		1800	103	0	0	1620	89	180	86	1920	85	360	69
642	1640.0	89.9		88.3		1260	109	0	0	1680	89	0	0	1500	81	480	71
643	1200.0	88.8		88.1		720	102	0	0	720	93	120	103	1800	82	240	81
644	1380.0	92.3		91.8		1260	98	60	108	1080	92	120	96	1260	90	360	77
645	1760.0	86.2		84.8		1380	103	60	85	1800	84	0	0	1620	80	420	65
646	2000.0	86.2		85.6		1980	95	0	0	1740	87	0	0	1920	78	360	77
647	2180.0	88.4		87.5		1680	103	0	0	2100	87	60	90	2460	81	240	73
648	1680.0	93.0		92.2		1440	106	0	0	1380	92	60	98	1740	86	420	80
649	1600.0	85.8		84.9		1560	95	0	0	1440	89	0	0	1440	76	360	72
650	2300.0	85.6		85.1		2040	95	0	0	2040	86	120	88	2640	78	60	83
651	2020.0	90.8		90.1		1740	103	0	0	1920	88	0	0	2220	85	180	75
652	1600.0	89.3		88.5		1560	100	0	0	1380	87	0	0	1500	85	360	70
653	1680.0	84.2		83.1		1440	98	0	0	1860	82	60	97	1020	78	660	69
654	1880.0	82.2		80.9		1920	94	60	72	1560	83	120	84	1560	72	420	64
655	2080.0	82.5		81.3		1500	100	0	0	2220	81	60	82	2220	74	240	67
656	1760.0	84.4		82.4		1800	97	60	118	1560	87	60	84	1320	70	480	64
657	2020.0	87.8		86.7		1800	102	0	0	2160	86	0	0	1500	78	600	76
658	1940.0	88.9		87.3		1860	106	60	91	1740	85	0	0	1620	79	540	72
659	1720.0	88.0		86.6		1140	107	60	92	1560	89	0	0	1860	80	540	72
660	1560.0	89.5		89.1		1320	98	0	0	1020	90	120	96	1800	84	420	83
661	1720.0	90.0		89.6		1320	96	0	0	1440	93	120	94	1740	87	540	76
662	1960.0	87.0		85.5		1980	99	0	0	1740	90	60	83	1800	75	300	64
663	1980.0	86.3		85.9		1800	94	0	0	2220	86	0	0	1620	80	300	76
664	2020.0	89.7		89.0		1740	101	0	0	1740	91	180	80	2040	82	360	78
665	1640.0	91.9		91.2		1380	103	60	114	1260	90	180	88	1620	86	420	82
666	1800.0	89.2		88.6		1740	98	0	0	1680	90	0	0	1500	82	480	77
667	2220.0	86.7		86.1		2100	90	60	77	1860	94	180	87	1860	81	600	71
668	2220.0	86.1		85.2		1860	101	0	0	2160	82	0	0	2580	79	60	80
669	2120.0	86.1		84.6		2040	97	60	79	1920	91	120	90	1380	71	840	73
670	2080.0	88.6		87.6		1560	100	60	103	1920	91	240	91	1860	81	600	72
671	2000.0	84.9		84.5		1680	81	0	0	1860	92	120	86	1860	84	480	74
672	1700.0	79.4		79.0		1020	72	0	0	1800	87	120	86	1860	77	300	72
673	1320.0	82.2		81.0		1440	72	0	0	780	95	60	95	1020	90	660	76
674	1900.0	82.7		82.2		1440	73	60	73	1920	89	60	90	2040	84	180	79
675	1880.0	81.1		80.6		1860	80	60	86	1320	89	120	97	1620	80	660	68
676	1620.0	65.6		64.6		1500	74	60	77	1920	66	60	82	1140	55	180	49
677	1800.0	59.6		57.7		1740	71	0	0	1680	63	60	44	1500	48	420	43
678	1880.0	63.4		63.2		1500	62	0	0	1800	69	120	65	1680	61	540	56
679	2180.0	70.3		70.0		1560	70	0	0	2340	76	0	0	2220	66	420	63
680	1380.0	66.1		65.1		1380	71	0	0	1260	71	60	77	1200	59	240	45
681	1180.0	38.5		37.1		1260	42	0	0	1260	42	240	41	660	26	120	29
682	1420.0	60.6		57.5		1380	74	60	87	1440	61	120	70	1140	45	120	29
683	1840.0	59.6		59.0		1920	63	0	0	1440	63	120	63	1680	56	360	43
684	1600.0	58.4		58.0		1140	54	60	34	1680	63	120	53	1500	59	300	54
685	1760.0	65.2		63.4		1500	51	0	0	1740	76	60	77	1320	69	660	60
686	1760.0	70.9		69.5		1620	58	0	0	1740	82	0	0	1560	72	360	70
687	1760.0	67.9		67.5		1500	61	0	0	1800	74	60	86	1740	67	180	67
688	1840.0	69.8		69.0		1620	60	60	71	1860	79	60	80	1680	69	240	68
689	1820.0	69.3		67.9		1560	56	0	0	1740	77	180	88	1380	75	600	63
690	1940.0	69.4		68.0		1740	57	0	0	1980	81	0	0	1680	69	420	67
691	1420.0	68.9		66.8		1500	55	0	0	1500	83	60	74	900	69	300	66
692	1620.0	53.7		52.8		1680	56	0	0	1680	56	300	62	660	52	540	37
693	1880.0	54.4		52.9		1860	59	0	0	1620	61	120	62	1440	48	600	36
694	1840.0	55.3		54.6		1860	59	0	0	1860	59	240	57	960	47	600	45
695	1620.0	58.1		56.9		1680	64	0	0	1800	61	180	59	780	47	420	42
696	1420.0	40.7		40.4		1440	42	0	0	1440	42	0	0	900	41	480	32
697	1520.0	35.3		35.1		1680	34	0	0	1680	34	60	26	780	40	360	39
698	1360.0	43.1		42.2		1260	46	0	0	1260	46	120	49	1020	41	420	29
699	1900.0	46.1		45.7		1980	48	0	0	1980	48	120	49	1320	43	300	33
700	1400.0	45.9		45.2		1680	48	0	0	1680	48	240	41	540	37	60	25
701	1500.0	41.7		40.9		1320	45	0	0	1320	45	240	44	1140	39	480	29
702	1680.0	45.7		45.2		1740	47	0	0	1740	47	120	54	1140	45	300	30
703	1500.0	35.3		35.3		1440	36	0	0	1440	36	0	0	1200	34	420	34
704	2120.0	52.1		51.8		2220	54	0	0	2220	54	60	47	1200	51	660	42
705	2080.0	54.8		54.6		2100	57	0	0	2100	57	60	60	1500	51	480	47
706	1900.0	66.0		65.4		1800	70	60	82	2040	69	60	75	1140	60	600	53
707	2020.0	70.3		69.8		2280	70	0	0	2100	75	60	80	1020	70	600	55
708	2220.0	72.3		71.9		2040	72	120	67	2400	77	120	82	1380	69	600	61
709	2120.0	73.8		73.0		2040	81	60	82	2160	76	300	72	1020	67	780	58
710	2100.0	81.4		80.6		2280	88	0	0	1980	84	0	0	1620	73	420	65
711	2080.0	78.2		77.3		1980	88	0	0	2160	79	60	78	1560	70	480	61
712	2080.0	73.5		73.0		1500	76	60	102	2340	78	0	0	1500	68	840	64
713	2040.0	75.0		73.6		1440	60	60	44	2040	84	120	86	2040	77	420	75
714	1300.0	67.2		66.8		1140	61	0	0	1560	71	60	66	660	72	480	63
715	940.0	45.3		44.9		1140	47	0	0	1140	47	60	41	420	36	60	52
716	1360.0	40.6		38.9		1260	46	0	0	1260	46	240	46	960	30	360	28
717	1260.0	54.6		52.6		900	44	60	50	1200	65	240	71	900	55	480	40
718	980.0	50.6		49.0		1200	48	0	0	1020	60	180	56	240	42	300	33
719	1380.0	42.0		40.9		1380	46	0	0	1380	46	120	44	960	31	300	40
720	1360.0	41.5		40.0		1320	47	0	0	1320	47	120	27	840	33	480	30
721	480.0	17.4		17.1		600	18	0	0	600	18	60	22	60	12	120	12
722	1140.0	35.2		34.1		1200	39	0	0	1200	39	60	27	660	26	300	27
723	1060.0	32.2		31.3		1020	36	0	0	1020	36	0	0	840	26	300	24
724	640.0	23.4		23.2		600	24	0	0	600	24	60	28	420	20	240	25
725	1340.0	29.8		29.6		1560	31	0	0	1560	31	0	0	660	25	240	28
726	680.0	22.3		22.0		660	23	0	0	660	23	120	14	480	23	120	20
727	840.0	19.8		19.7		960	19	0	0	960	19	120	21	420	22	60	27
728	1360.0	36.2		35.9		1500	38	0	0	1500	38	0	0	720	33	360	28
729	680.0	29.7		27.5		660	32	0	0	660	32	60	42	420	17	240	36
730	1640.0	44.8		44.5		1680	47	0	0	1680	47	0	0	1320	41	240	35
731	1780.0	49.2		48.9		1800	51	0	0	1800	51	60	59	1200	47	480	40
732	400.0	14.4		13.8		480	13	0	0	480	13	60	13	180	22	0	0
733	1200.0	22.4		21.8		1380	24	0	0	1380	24	60	25	360	18	420	15
734	960.0	23.7		22.8		960	26	0	0	960	26	180	28	420	18	360	16
735	880.0	21.9		21.4		900	23	0	0	900	23	60	29	480	22	300	14
736	1200.0	26.5		26.5		1200	26	0	0	1200	26	240	26	720	27	240	31
737	180.0	13.4		13.4		60	14	0	0	60	14	60	13	240	13	120	14
738	1120.0	18.4		18.4		1140	18	0	0	1140	18	120	20	780	20	180	16
739	1760.0	27.8		27.7		1860	27	0	0	1860	27	0	0	1260	31	300	25
740	960.0	26.4		26.2		1140	27	0	0	1140	27	180	19	300	26	120	26
741	540.0	24.6		24.1		480	27	0	0	480	27	180	18	420	22	60	24
742	800.0	23.2		23.0		780	24	0	0	780	24	60	34	720	21	60	18
743	1220.0	43.4		36.7		1380	33	0	0	1380	33	60	47	360	127	480	40
744	900.0	26.6		24.9		960	30	0	0	960	30	60	28	420	20	300	14
745	560.0	15.6		15.5		480	16	0	0	480	16	60	10	480	15	180	17
746	1300.0	34.5		33.5		1380	38	0	0	1380	38	0	0	900	27	240	23
747	860.0	27.3		27.1		840	29	0	0	840	29	240	26	420	24	240	23
748	640.0	17.1		17.1		780	17	0	0	780	17	60	21	240	17	60	16
749	960.0	21.6		21.3		1020	23	0	0	1020	23	120	23	240	18	480	17
750	1300.0	28.6		27.9		1440	31	0	0	1440	31	60	26	780	22	180	20
751	660.0	25.6		23.3		720	28	0	0	720	28	240	28	300	12	0	0
752	160.0	15.5		15.0		180	17	0	0	180	17	0	0	120	11	0	0
753	1020.0	24.6		22.8		1080	28	0	0	1080	28	120	27	540	14	240	17
754	1440.0	36.4		35.8		1560	39	0	0	1560	39	60	31	960	31	180	23
755	1120.0	37.9		36.8		1080	42	0	0	1080	42	180	42	660	29	360	28
756	1020.0	21.9		21.8		1260	22	0	0	1260	22	180	22	300	20	60	25
757	1060.0	26.4		26.2		1020	26	0	0	1020	26	60	40	720	25	360	29
758	840.0	25.2		24.8		780	27	0	0	780	27	120	25	420	19	420	25
759	1160.0	17.7		17.6		1200	17	0	0	1200	17	0	0	780	20	300	17
760	760.0	24.1		23.9		780	25	0	0	780	25	180	20	360	23	180	22
761	1260.0	28.0		27.8		1380	29	0	0	1380	29	240	27	660	26	120	19
762	640.0	29.7		26.4		720	24	0	0	720	24	180	24	240	66	60	39
763	740.0	26.2		25.9		840	25	0	0	840	25	0	0	240	35	300	26
764	1360.0	33.9		33.0		1380	36	0	0	1380	36	180	50	780	28	360	23
765	840.0	35.0		31.8		1020	38	0	0	1020	38	180	35	180	14	120	16
766	460.0	15.4		15.2		360	16	0	0	360	16	60	14	420	16	180	12
767	1120.0	20.8		20.7		1140	20	0	0	1140	20	60	23	900	22	120	27
768	1660.0	30.9		30.6		1740	29	0	0	1740	29	0	0	1200	35	300	36
769	1620.0	24.4		24.0		1560	22	0	0	1560	22	120	23	1320	29	300	30
770	700.0	21.7		21.2		720	20	0	0	720	20	180	18	300	28	180	29
771	420.0	15.0		14.5		480	16	0	0	480	16	60	19	240	10	0	0
772	1040.0	23.9		23.4		1080	26	0	0	1080	26	60	26	840	19	60	16
773	940.0	22.2		21.8		1020	24	0	0	1020	24	0	0	480	18	300	17
774	1700.0	41.6		41.3		1680	44	0	0	1680	44	60	41	1380	38	300	32
775	1640.0	43.9		43.8		1680	45	0	0	1680	45	120	40	1200	42	240	40
776	1180.0	24.5		24.3		1260	25	0	0	1260	25	120	32	420	23	480	21
777	440.0	21.4		21.1		600	22	0	0	600	22	0	0	60	13	60	17
778	1000.0	22.4		20.2		1020	26	0	0	1020	26	120	29	660	13	180	12
779	1120.0	33.0		31.3		1140	37	0	0	1140	37	120	34	660	26	300	18
780	1440.0	39.9		39.4		1560	42	0	0	1560	42	60	38	780	36	360	30
781	720.0	32.4		31.8		840	33	0	0	840	33	240	38	60	23	180	22
782	540.0	18.6		18.4		420	20	0	0	420	20	0	0	660	17	120	17
783	1400.0	34.5		34.2		1380	36	0	0	1380	36	120	41	900	32	420	28
784	1000.0	30.0		29.8		960	28	0	0	960	28	120	36	600	34	360	32
785	1300.0	40.5		40.2		1320	43	0	0	1320	43	60	32	900	35	300	37
786	1640.0	35.0		35.0		1740	36	0	0	1740	36	180	31	1260	33	0	0
787	1140.0	31.3		31.2		1320	32	0	0	1320	32	0	0	600	30	180	25
788	1660.0	52.6		52.1		1560	56	0	0	1560	56	120	60	1560	47	180	38
789	1260.0	39.6		39.2		1320	42	0	0	1320	42	240	30	540	36	360	34
790	1240.0	30.8		29.7		1140	35	0	0	1140	35	180	29	1080	24	180	20
791	1160.0	24.7		23.3		1200	28	0	0	1200	28	120	28	900	16	60	19
792	520.0	16.8		16.8		600	17	0	0	600	17	0	0	360	16	0	0
793	1220.0	32.5		31.5		1260	36	0	0	1260	36	60	34	720	24	360	25
794	1340.0	34.0		33.1		1500	37	0	0	1500	37	0	0	780	26	240	23
795	1460.0	36.3		35.6		1500	39	0	0	1500	39	60	36	900	32	420	26
796	1360.0	35.5		35.1		1440	37	0	0	1440	37	120	39	960	32	120	23
797	1180.0	20.6		20.4		1260	22	0	0	1260	22	60	16	660	18	300	16
798	940.0	13.7		13.7		1140	14	0	0	1140	14	0	0	360	12	180	14
799	500.0	15.8		15.6		480	16	0	0	480	16	0	0	360	17	180	12
800	1540.0	39.0		39.0		1560	39	0	0	1560	39	0	0	1260	38	240	44
801	1120.0	27.6		27.5		1380	28	0	0	1380	28	60	37	360	24	180	25
802	980.0	35.3		32.2		1080	40	0	0	1080	40	60	51	540	20	180	20
803	1360.0	35.4		35.1		1200	38	0	0	1200	38	0	0	1500	32	180	29
804	1760.0	48.4		43.2		1440	27	60	48	1800	61	120	64	1560	54	300	40
805	1660.0	50.3		50.0		1620	52	0	0	1620	52	120	55	1260	48	360	41
806	1420.0	34.3		34.2		1500	34	0	0	1500	34	0	0	1080	36	180	29
807	380.0	22.9		21.0		360	24	0	0	360	24	120	20	240	14	60	52
808	1360.0	36.2		36.2		1380	37	0	0	1380	37	60	38	1080	35	180	31
809	1340.0	38.4		36.5		1140	43	0	0	1140	43	420	48	900	28	420	26
810	1080.0	22.2		22.0		1200	23	0	0	1200	23	0	0	720	21	120	14
811	1240.0	31.4		31.3		1380	31	0	0	1380	31	60	29	660	35	240	27
812	560.0	27.1		26.8		540	29	0	0	540	29	0	0	480	25	120	19
813	1140.0	32.7		29.8		1260	36	0	0	1260	36	240	41	360	18	300	16
814	1500.0	41.3		40.1		1500	46	0	0	1500	46	120	33	1020	31	360	34
815	1900.0	50.0		49.7		2040	52	0	0	2040	52	60	54	1380	44	180	49
816	1220.0	39.5		39.0		960	43	0	0	960	43	60	24	1260	36	420	36
817	1280.0	36.9		36.9		1500	37	0	0	1500	37	0	0	600	37	240	35
818	580.0	15.0		15.0		660	15	0	0	660	15	0	0	420	15	0	0
819	800.0	31.7		30.6		780	34	0	0	780	34	60	11	480	28	300	30
820	1600.0	51.6		51.5		1500	53	0	0	1500	53	60	44	1380	51	360	44
821	1920.0	55.8		55.5		1860	58	0	0	1860	58	60	61	1680	53	300	43
822	1880.0	56.4		55.5		1500	46	0	0	2160	62	60	80	1500	58	420	56
823	1840.0	64.9		62.0		1800	49	60	68	1920	76	0	0	1440	74	300	45
824	1100.0	41.3		40.9		1020	38	0	0	1020	38	0	0	960	47	300	46
825	1620.0	57.5		56.5		1740	59	0	0	1740	59	240	70	840	56	300	35
826	1220.0	62.9		62.7		1500	59	0	0	1800	67	300	59	60	59	0	0
827	1320.0	57.3		55.7		1320	51	60	31	1680	67	240	60	420	50	240	41
828	1560.0	57.3		54.5		1620	42	0	0	1680	69	180	66	900	64	300	49
829	1640.0	55.0		53.6		1560	58	60	71	1680	62	60	52	1140	46	420	38
830	180.0	11.8		11.7		240	12	0	0	240	12	0	0	60	10	0	0
831	760.0	24.8		24.4		660	27	0	0	660	27	60	20	600	24	300	18
832	1420.0	33.8		33.6		1380	35	0	0	1380	35	300	35	660	34	540	27
833	780.0	25.5		24.9		840	27	0	0	840	27	60	24	480	19	120	31
834	1080.0	25.4		24.3		1080	26	0	0	1080	26	120	10	840	24	120	40
835	1500.0	42.5		42.4		1440	42	0	0	1440	42	60	48	960	45	600	40
836	1420.0	31.1		31.0		1500	31	0	0	1500	31	120	27	780	31	360	33
837	1700.0	32.2		32.1		1740	31	0	0	1740	31	60	39	960	34	600	36
838	1800.0	48.1		47.8		1920	50	0	0	1920	50	0	0	1200	44	360	41
839	1800.0	42.3		41.9		1800	45	0	0	1800	45	60	49	1260	36	480	38
840	1040.0	34.1		33.1		1200	36	0	0	1200	36	60	18	360	34	300	22
841	460.0	19.0		19.0		540	19	0	0	540	19	0	0	180	20	120	18
842	560.0	21.7		21.7		720	22	0	0	720	22	0	0	180	20	60	20
843	1420.0	30.1		30.0		1320	29	0	0	1320	29	60	28	1260	32	300	32
844	1540.0	44.7		44.6		1440	46	0	0	1440	46	120	38	1440	43	180	41
845	1000.0	25.9		25.9		1020	26	0	0	1020	26	180	24	480	26	300	26
846	1020.0	31.4		31.2		960	32	0	0	960	32	60	26	900	32	180	24
847	1380.0	39.4		39.2		1440	41	0	0	1440	41	60	41	900	37	300	31
848	460.0	33.0		31.6		540	35	0	0	540	35	60	42	180	19	60	31
849	980.0	23.5		23.3		1020	25	0	0	1020	25	120	20	600	20	180	21
850	1720.0	45.8		45.6		1620	47	0	0	1620	47	240	48	1080	46	600	38
851	1820.0	54.5		54.3		1800	57	0	0	1800	57	120	55	1380	50	360	47
852	1900.0	50.2		50.2		1860	49	0	0	1860	49	0	0	1500	53	480	51
853	940.0	31.2		30.7		780	34	0	0	780	34	60	45	1020	27	180	26
854	1860.0	52.3		52.3		1920	53	0	0	1920	53	60	51	1500	51	180	50
855	1220.0	47.2		46.9		1260	48	0	0	1260	48	0	0	660	50	480	39
856	1620.0	64.8		63.4		1680	64	60	100	1800	71	0	0	840	63	480	43
857	1480.0	69.0		69.0		1620	67	0	0	1380	71	180	73	1080	69	180	68
858	1540.0	64.8		64.1		1860	59	60	63	1500	74	120	72	900	63	180	54
859	1680.0	61.3		60.4		1260	53	0	0	1680	68	300	70	1380	63	420	48
860	1260.0	70.2		65.5		1200	54	0	0	1320	87	120	82	660	83	480	44
861	1100.0	66.4		64.6		1740	56	0	0	1020	80	0	0	300	70	240	80
862	1620.0	65.8		65.7		1800	68	0	0	1980	64	0	0	900	64	180	73
863	1500.0	57.7		55.7		1380	55	0	0	1800	63	0	0	1260	55	60	14
864	1660.0	67.9		67.3		1500	65	0	0	1860	74	120	74	1020	67	480	54
865	1180.0	76.8		75.1		1560	68	0	0	720	97	60	101	900	79	300	63
866	1020.0	88.8		87.6		1140	88	0	0	1140	96	0	0	420	92	360	65
867	1360.0	81.3		80.6		1200	86	0	0	1380	86	0	0	1020	77	480	65
868	1820.0	85.4		84.8		1680	88	0	0	1860	89	0	0	1440	84	480	66
869	1840.0	87.6		86.1		1440	107	0	0	1980	85	0	0	1380	77	720	76
870	1740.0	95.6		94.7		1620	105	60	98	1500	98	120	109	1260	88	660	79
871	1460.0	90.2		88.1		1020	113	60	114	1140	90	240	92	1500	77	420	78
872	1400.0	87.9		86.2		1080	107	0	0	1140	87	180	97	1080	76	720	76
873	1420.0	93.6		92.1		960	115	0	0	1020	95	60	104	1680	84	540	82
874	1160.0	94.3		93.3		540	114	0	0	1020	97	0	0	1560	89	360	80
875	1260.0	95.8		93.8		780	124	0	0	780	97	0	0	1920	85	300	89
876	960.0	101.9		100.5		660	122	0	0	540	106	0	0	1260	95	420	86
877	1000.0	99.0		96.9		600	126	60	109	600	104	0	0	1140	89	600	85
878	1240.0	98.2		96.8		780	117	0	0	840	104	120	99	1680	90	300	79
879	1340.0	96.4		93.8		900	120	0	0	1140	101	60	101	1260	88	660	72
880	1300.0	99.6		96.5		780	138	0	0	1140	95	0	0	1860	87	120	88
881	960.0	97.2		96.0		480	121	0	0	300	104	120	102	1740	90	240	91
882	1100.0	98.8		97.2		780	123	60	88	600	96	0	0	1620	91	240	83
883	1360.0	97.4		95.2		780	124	0	0	1320	102	0	0	1680	84	300	83
884	1160.0	102.3		99.9		780	130	60	104	720	108	60	102	1560	89	300	86
885	1300.0	95.5		92.4		840	126	0	0	960	100	120	101	1500	80	480	80
886	1200.0	99.8		98.3		960	119	0	0	720	102	0	0	1620	90	300	86
887	1160.0	102.1		100.4		780	126	0	0	780	103	120	101	1740	91	60	101
888	1220.0	101.6		99.7		660	131	60	103	660	105	180	100	1680	93	420	85
889	1200.0	96.9		94.6		720	123	60	113	1200	100	0	0	1380	81	240	91
890	1200.0	100.2		99.0		660	123	0	0	840	103	60	87	1560	93	480	89
891	940.0	104.4		102.6		540	131	0	0	480	107	60	95	1620	97	120	78
892	1080.0	99.6		97.7		600	130	60	104	360	100	0	0	1860	92	360	87
893	1280.0	95.8		94.0		660	126	0	0	660	98	240	97	2040	87	240	81
894	1100.0	98.4		95.9		780	127	0	0	780	98	60	91	1320	86	360	84
895	1420.0	98.4		96.4		840	120	0	0	1080	106	0	0	1740	91	600	76
896	1080.0	100.8		98.4		780	127	0	0	720	102	60	116	1320	89	360	82
897	1360.0	98.3		97.2		840	118	0	0	960	99	60	110	1980	91	240	84
898	1080.0	105.2		103.0		720	134	0	0	840	105	0	0	1080	94	600	91
899	1280.0	96.4		95.5		540	118	120	97	780	99	60	102	1980	90	360	92
900	1140.0	97.3		94.8		660	130	0	0	720	99	120	103	1680	85	240	86
901	1080.0	96.7		95.1		720	120	0	0	780	97	60	88	1320	88	360	83
902	1320.0	95.0		92.6		780	124	0	0	1140	97	60	88	1440	86	540	74
903	1180.0	103.6		101.0		780	132	0	0	720	111	0	0	1560	92	480	84
904	1160.0	95.6		93.7		600	125	60	90	720	99	120	96	1680	86	300	83
905	1020.0	99.4		96.8		600	133	60	104	600	98	180	103	1320	88	300	82
906	1200.0	93.3		92.6		840	105	0	0	1260	94	60	106	900	88	540	81
907	1520.0	92.6		89.6		960	122	60	94	1020	94	0	0	1920	85	600	67
908	1200.0	102.0		100.5		780	120	60	98	600	105	120	106	1620	98	420	79
909	1140.0	99.1		96.6		780	127	0	0	720	97	120	103	1440	91	360	74
910	1120.0	103.8		100.7		780	137	0	0	720	102	0	0	1380	94	480	81
911	900.0	102.2		101.3		480	115	60	86	480	113	60	96	1500	97	120	83
912	1120.0	98.1		95.8		480	138	0	0	720	100	0	0	1920	89	240	85
913	980.0	97.7		95.3		420	139	0	0	480	95	0	0	1680	92	360	80
914	880.0	99.4		98.1		540	123	0	0	360	97	0	0	1500	94	240	84
915	1320.0	98.2		97.0		660	120	0	0	1140	102	0	0	1500	92	660	84
916	960.0	98.6		96.4		660	125	0	0	720	98	60	116	1260	87	180	80
917	1420.0	97.2		96.1		900	116	60	100	900	95	60	101	1920	93	420	80
918	1280.0	101.5		98.8		1080	127	0	0	840	100	180	100	1320	89	420	79
919	1120.0	105.0		104.0		1140	116	0	0	780	110	0	0	1260	94	180	91
920	1220.0	91.6		88.6		540	132	0	0	1140	95	60	88	1260	79	660	77
921	1460.0	93.7		90.9		1200	117	0	0	840	96	120	96	1860	83	360	65
922	1500.0	96.9		93.9		1200	125	0	0	1200	96	0	0	1680	81	420	83
923	1360.0	102.3		100.2		780	131	0	0	960	105	120	111	1860	91	360	88
924	1080.0	105.5		103.5		600	132	0	0	720	110	0	0	1800	97	120	73
925	660.0	94.3		91.9		240	141	0	0	480	92	0	0	900	88	360	82
926	960.0	93.2		91.7		360	125	0	0	600	97	0	0	1680	87	240	79
927	1000.0	98.6		97.3		360	127	0	0	480	105	60	109	1620	94	480	85
928	1160.0	96.5		95.6		900	111	0	0	900	97	60	105	1320	88	300	87
929	1500.0	100.7		98.4		900	129	0	0	1260	105	60	104	1860	88	420	83
930	1060.0	100.4		98.1		720	128	0	0	780	102	0	0	1620	88	60	81
931	1060.0	102.6		99.5		720	134	0	0	420	104	60	97	1740	94	240	70
932	1040.0	104.7		102.8		540	132	0	0	840	111	0	0	1560	93	180	94
933	880.0	98.3		96.4		540	126	0	0	420	98	60	109	1200	90	420	85
934	1020.0	105.0		102.1		840	133	0	0	600	105	0	0	1440	92	180	79
935	1040.0	104.0		101.2		720	136	0	0	600	104	0	0	1560	91	240	92
936	1200.0	97.4		95.0		720	125	0	0	1020	101	0	0	1500	87	360	75
937	1320.0	96.2		94.9		840	118	0	0	600	97	60	97	2280	89	180	82
938	1100.0	101.2		98.1		780	133	0	0	780	103	0	0	1500	86	240	87
939	1400.0	97.8		97.1		780	113	0	0	1260	100	60	103	1800	91	300	89
940	1300.0	99.7		97.6		1140	123	0	0	900	97	0	0	1500	87	360	86
941	1500.0	100.2		97.7		1020	129	0	0	1560	98	60	92	1440	89	420	78
942	1340.0	98.7		95.5		900	133	0	0	1020	98	0	0	1620	86	480	79
943	1160.0	96.1		95.1		840	113	0	0	720	95	0	0	1560	91	360	81
944	1440.0	98.8		96.5		660	133	60	83	1200	101	60	113	2040	90	300	75
945	1120.0	105.9		103.8		840	128	60	115	660	112	60	118	1620	92	120	94
946	800.0	101.8		87.3		360	156	0	0	540	112	0	0	1440	88	60	15
947	1100.0	97.4		96.0		540	121	60	105	900	99	0	0	1380	92	420	80
948	1180.0	94.7		93.3		780	110	0	0	960	102	0	0	1620	85	180	76
949	1360.0	97.7		95.7		960	121	0	0	1080	98	60	106	1680	88	300	75
950	1160.0	98.7		97.4		900	115	0	0	780	103	0	0	1560	90	240	80
951	1240.0	97.2		94.8		840	118	0	0	960	102	60	91	1500	90	360	67
952	1040.0	92.5		89.8		540	125	0	0	960	94	0	0	1320	84	300	67
953	1060.0	96.4		94.5		600	125	0	0	660	98	0	0	1680	88	240	79
954	960.0	97.2		96.9		720	105	0	0	600	101	0	0	1440	93	120	83
955	1380.0	95.1		94.1		900	111	0	0	1020	97	120	108	1620	89	480	79
956	1600.0	94.3		93.2		1080	112	0	0	1560	94	0	0	1860	87	300	77
957	1300.0	96.9		95.1		720	124	60	92	1080	95	60	119	1740	89	240	77
958	1340.0	91.1		89.6		840	112	0	0	900	93	120	98	1920	83	240	72
959	1240.0	92.4		90.5		840	118	60	98	1020	90	0	0	1560	81	240	86
960	920.0	97.4		96.4		600	116	0	0	780	98	0	0	1200	89	180	89
961	1000.0	92.2		91.6		720	102	0	0	540	98	0	0	1380	88	360	80
962	1240.0	87.2		86.5		600	106	0	0	1080	86	120	80	1800	82	120	89
963	1320.0	92.0		91.2		900	105	0	0	780	96	60	92	1800	86	420	82
964	1260.0	87.1		86.1		660	103	0	0	720	95	60	96	1980	81	360	74
965	1340.0	89.4		88.2		960	106	0	0	840	94	60	94	1860	80	300	81
966	1700.0	91.8		90.5		1080	108	0	0	1500	96	120	109	2040	82	360	76
967	1200.0	94.5		93.4		900	110	60	97	600	100	60	96	1800	86	180	83
968	1540.0	92.9		91.5		960	110	0	0	1200	99	120	101	1980	82	360	84
969	1540.0	92.2		91.0		1080	110	0	0	1020	93	120	93	1980	85	420	78
970	1260.0	92.7		91.0		720	117	0	0	960	95	60	112	1800	83	240	79
971	1220.0	95.6		94.2		960	113	0	0	660	100	120	94	1680	86	240	82
972	1260.0	93.9		92.5		840	113	0	0	900	99	0	0	1620	84	420	83
973	1260.0	98.3		96.0		1020	121	0	0	960	98	0	0	1500	88	300	73
974	1140.0	93.3		91.3		900	112	0	0	600	99	0	0	1680	85	240	67
975	1400.0	100.0		98.3		840	127	0	0	960	100	60	100	1920	91	420	87
976	1280.0	102.8		101.9		960	116	0	0	1200	106	60	102	1200	92	420	94
977	1340.0	98.2		95.8		1080	123	0	0	1080	98	60	97	1500	84	300	81
978	1460.0	95.9		94.7		1140	114	60	86	1080	95	0	0	1860	87	240	86
979	2000.0	89.1		87.9		1920	101	0	0	1620	92	180	94	1680	77	600	76
980	1840.0	92.0		89.2		1260	121	0	0	2100	90	0	0	1620	79	540	71
981	1340.0	102.7		101.5		1200	118	0	0	900	106	0	0	1680	92	240	89
982	1280.0	93.8		92.8		600	117	0	0	1020	94	0	0	1740	89	480	82
983	1220.0	95.6		94.1		840	116	0	0	900	98	60	105	1620	85	240	84
984	1040.0	94.8		92.4		720	121	60	111	840	94	0	0	1320	83	180	74
985	940.0	96.3		95.3		780	110	0	0	420	103	0	0	1380	88	240	88
986	1420.0	88.5		87.1		720	110	0	0	1260	91	0	0	1800	83	480	70
987	1580.0	94.7		93.4		1260	111	0	0	1500	96	60	85	1560	84	360	80
988	1480.0	97.3		95.8		1260	117	0	0	1140	93	0	0	1560	89	480	83
989	1720.0	96.9		95.4		1380	113	0	0	1620	100	60	111	1740	85	360	77
990	1680.0	100.0		97.5		1500	123	0	0	960	102	180	99	1740	86	660	82
991	1480.0	96.4		94.3		1020	121	0	0	1200	96	0	0	2040	87	180	66
992	1380.0	96.7		94.7		840	124	0	0	1080	98	60	101	2040	85	120	90
993	1180.0	106.7		104.7		1020	123	0	0	840	117	0	0	1380	93	300	86
994	1780.0	101.6		101.1		1260	112	0	0	1440	106	60	100	2220	94	360	95
995	1500.0	101.4		99.4		1080	127	0	0	1320	100	0	0	1920	89	180	91
996	1260.0	103.7		102.0		840	128	0	0	1020	103	0	0	1620	95	300	85
997	840.0	106.5		105.3		660	124	0	0	480	111	0	0	1200	97	180	94
998	1000.0	101.4		99.8		480	124	0	0	660	110	60	101	1440	95	360	81
999	1400.0	101.7		100.7		960	119	0	0	720	106	0	0	2220	95	300	86
1000	1560.0	99.3		97.4		1440	119	0	0	1200	98	0	0	1980	86	60	88
1001	1420.0	103.8		101.6		1020	131	0	0	1140	104	0	0	1500	92	600	87
1002	1180.0	97.4		96.2		900	115	0	0	660	99	0	0	1740	90	240	81
1003	1360.0	97.2		94.5		1320	121	0	0	900	93	0	0	1440	83	420	80
1004	1240.0	97.3		95.1		840	126	0	0	1020	94	0	0	1680	87	180	79
1005	1580.0	92.5		91.9		1140	100	60	94	1140	99	0	0	1800	87	600	82
1006	1780.0	99.0		97.2		1560	121	0	0	1680	92	0	0	1800	89	300	84
1007	1440.0	103.2		101.9		1020	124	0	0	1260	103	0	0	1620	94	420	89
1008	1060.0	103.3		101.3		660	130	0	0	480	107	0	0	1740	96	300	81
1009	1160.0	97.6		96.9		780	108	0	0	660	105	0	0	1920	92	120	78
1010	1380.0	94.5		93.7		960	110	0	0	1080	93	0	0	1680	90	420	81
1011	1220.0	103.4		101.5		1080	125	60	112	960	97	60	90	1380	93	120	81
1012	1420.0	103.2		101.2		1200	125	0	0	1080	104	60	102	1620	90	300	85
1013	1340.0	108.0		105.7		1140	133	0	0	1200	105	0	0	1440	95	240	83
1014	1460.0	104.4		103.3		1260	118	0	0	1380	106	0	0	1560	94	180	86
1015	1520.0	100.1		97.6		960	130	60	107	1200	100	120	104	1740	89	480	79
1016	1200.0	98.6		95.9		780	130	0	0	600	100	0	0	1920	89	300	76
1017	940.0	100.2		98.6		780	117	60	105	540	107	0	0	1140	90	300	82
1018	1620.0	100.4		99.0		900	123	0	0	1500	104	0	0	2220	91	240	81
1019	1500.0	100.1		99.4		1200	111	0	0	1320	102	60	95	1380	95	540	85
1020	1180.0	109.4		106.9		1020	134	0	0	840	111	0	0	1440	94	240	92
1021	1360.0	100.2		99.7		1020	108	0	0	1200	103	0	0	1740	95	120	80
1022	1360.0	91.2		86.0		720	138	0	0	960	96	0	0	1740	80	660	63
1023	1180.0	93.3		92.2		660	115	0	0	540	94	0	0	2100	88	240	79
1024	1280.0	96.9		95.6		720	121	0	0	840	97	120	91	1680	91	480	83
1025	1320.0	99.1		96.5		840	128	0	0	900	100	60	92	1920	90	240	69
1026	1280.0	100.5		98.9		1020	116	0	0	1140	106	60	108	1380	87	240	84
1027	1440.0	99.9		98.4		1020	121	0	0	1140	100	60	92	1380	93	720	84
1028	1400.0	98.0		96.0		1080	120	0	0	840	99	0	0	1980	89	300	75
1029	1340.0	101.9		100.1		720	130	60	97	1080	105	0	0	1920	92	240	84
1030	1520.0	99.5		99.2		1140	105	60	91	1200	103	60	102	1680	95	420	93
1031	1660.0	97.1		93.8		1320	127	60	97	1080	94	180	101	1920	83	420	74
1032	1580.0	100.2		98.5		1260	121	0	0	1200	99	60	101	1920	90	300	82
1033	1560.0	100.7		99.0		960	126	0	0	1140	102	60	105	2220	91	300	86
1034	1340.0	97.6		94.9		780	132	60	89	720	100	60	94	1920	87	480	82
1035	1060.0	103.8		101.4		720	131	0	0	540	112	0	0	1560	92	360	88
1036	1640.0	96.7		96.3		1080	107	0	0	1500	97	60	105	1800	92	480	89
1037	1580.0	94.5		92.0		1260	121	0	0	1140	92	0	0	1920	82	420	79
1038	1400.0	100.1		98.4		1020	123	0	0	1140	99	0	0	1620	90	420	86
1039	1340.0	95.7		93.4		840	114	60	95	960	106	120	69	1860	87	180	63
1040	1740.0	97.9		96.9		1380	114	0	0	1620	96	60	84	1860	90	300	85
1041	1760.0	100.6		98.9		1740	118	0	0	1200	100	60	92	1800	90	480	80
1042	1920.0	98.0		95.7		1440	124	0	0	1620	97	0	0	2460	85	240	81
1043	1820.0	99.6		98.0		1440	120	0	0	1440	97	60	102	2040	91	480	82
1044	1580.0	102.1		100.5		1200	125	0	0	1200	97	120	106	1980	93	240	86
1045	1400.0	99.7		98.1		1200	119	0	0	960	100	0	0	1740	88	300	89
1046	1500.0	99.2		97.4		1140	120	0	0	1620	99	0	0	1380	88	360	77
1047	1740.0	101.1		99.4		1320	121	0	0	1320	104	60	94	2280	90	240	82
1048	1560.0	96.4		94.5		1200	120	0	0	1140	93	0	0	1980	87	360	80
1049	1460.0	97.0		95.0		1140	120	0	0	1260	95	0	0	1740	84	240	92
1050	1440.0	98.0		97.2		960	115	60	101	1020	97	0	0	2100	91	180	94
1051	1460.0	94.8		93.7		840	115	60	84	1260	95	60	92	1680	89	480	81
1052	1380.0	99.7		97.0		1140	127	0	0	1140	96	0	0	1560	85	300	86
1053	1400.0	98.8		96.4		1080	125	60	107	840	97	0	0	1800	88	420	80
1054	1280.0	103.5		101.3		1020	128	0	0	1140	102	60	94	1560	90	60	75
1055	1580.0	99.7		97.6		1020	128	0	0	1380	97	60	101	1980	90	300	79
1056	1180.0	100.1		97.9		960	124	0	0	660	97	60	97	1500	91	360	80
1057	1460.0	104.3		102.8		1080	121	0	0	1200	110	60	93	1680	94	360	85
1058	1400.0	96.6		95.6		900	116	0	0	840	92	180	93	1920	92	360	85
1059	1280.0	103.2		102.1		960	121	0	0	840	104	0	0	1800	96	240	84
1060	1640.0	101.5		100.1		1260	119	0	0	1320	103	60	87	1980	93	300	80
1061	1400.0	98.1		96.3		960	121	0	0	1020	99	0	0	1980	89	240	77
1062	1440.0	104.0		102.1		1260	124	60	103	840	107	0	0	1980	92	180	82
1063	1680.0	98.3		97.4		1080	115	0	0	1620	99	60	101	1980	91	300	82
1064	1540.0	97.3		96.2		1200	115	0	0	1140	96	0	0	1920	89	360	87
1065	1680.0	100.3		98.0		1320	124	0	0	1560	99	60	111	1860	88	240	72
1066	1700.0	99.2		97.1		1440	122	0	0	1380	92	120	89	1740	92	420	77
1067	1300.0	109.8		107.5		1140	133	0	0	780	112	60	109	1740	96	180	87
1068	1420.0	99.3		98.4		900	116	0	0	1320	100	0	0	1620	94	420	82
1069	1560.0	100.3		99.0		1500	115	0	0	960	104	120	99	1560	89	540	86
1070	1620.0	99.2		97.1		1140	124	60	95	1500	98	0	0	1740	90	420	75
1071	1540.0	103.9		102.5		1320	121	120	106	1080	103	120	113	1800	93	180	85
1072	1340.0	96.1		94.3		900	118	0	0	1140	100	0	0	1800	84	180	83
1073	1520.0	97.2		95.7		1080	120	0	0	960	95	0	0	2460	88	60	100
1074	1360.0	97.8		95.9		900	123	0	0	1020	99	0	0	1980	87	180	83
1075	1540.0	98.3		96.8		1260	119	0	0	1020	94	60	92	2100	89	180	88
1076	1480.0	95.2		93.6		1260	113	0	0	1200	96	0	0	1500	85	480	78
1077	1720.0	95.8		94.1		1140	121	0	0	1500	92	60	85	2040	88	420	80
1078	1620.0	100.6		98.0		1200	128	0	0	1560	99	0	0	1560	89	540	78
1079	1280.0	99.9		98.2		720	128	0	0	840	101	0	0	1980	92	300	82
1080	1080.0	97.9		95.8		780	121	0	0	480	106	0	0	1680	88	300	80
1081	1000.0	101.8		99.4		780	126	0	0	660	94	0	0	1200	98	360	76
1082	1460.0	95.2		94.2		720	114	0	0	1440	97	0	0	1740	91	480	77
1083	1160.0	103.7		101.8		1200	117	0	0	660	109	0	0	1440	95	180	66
1084	1620.0	91.5		90.0		1140	115	0	0	1200	83	0	0	2100	85	420	85
1085	1440.0	99.5		97.6		900	126	0	0	1200	101	60	90	1800	88	360	87
1086	1160.0	108.8		106.5		840	136	0	0	540	113	120	104	1860	97	120	87
1087	1020.0	102.8		101.5		480	118	0	0	720	115	60	105	1560	96	240	80
1088	1020.0	102.3		99.4		660	138	0	0	540	100	0	0	1620	91	240	86
1089	1300.0	94.5		93.5		1200	107	0	0	900	97	0	0	1560	85	240	84
1090	1760.0	99.1		97.1		1020	129	0	0	1620	98	120	98	2100	87	420	92
1091	1120.0	102.9		101.4		1020	118	0	0	720	106	60	102	1320	94	240	78
1092	1400.0	109.4		107.7		1260	130	0	0	1260	106	0	0	1200	98	480	93
1093	1600.0	103.2		100.2		1200	132	0	0	1200	105	60	98	1920	89	420	81
1094	1360.0	104.1		101.9		960	125	0	0	1140	108	0	0	1680	95	300	73
1095	1400.0	102.2		100.2		1080	127	0	0	840	101	60	91	1920	92	300	84
1096	1200.0	101.8		100.1		600	128	60	105	960	105	60	98	1620	94	300	81
1097	1500.0	101.5		101.1		1140	110	0	0	1260	103	0	0	1740	97	360	91
1098	1560.0	102.5		100.6		900	131	60	104	1200	102	240	105	1920	92	360	87
1099	1220.0	108.5		107.1		1080	122	0	0	720	118	0	0	1620	99	240	84
1100	1340.0	109.9		107.2		960	138	0	0	780	118	0	0	2100	95	180	98
1101	1260.0	104.0		102.9		780	123	60	109	600	110	60	98	2100	97	180	84
1102	1300.0	102.2		100.5		780	129	0	0	1020	103	0	0	1980	92	120	91
1103	1320.0	106.8		103.2		1020	139	0	0	960	109	120	93	1380	91	480	83
1104	1180.0	104.2		102.3		660	126	0	0	780	113	60	93	1740	97	300	77
1105	1400.0	102.5		100.5		960	128	0	0	1320	102	0	0	1380	92	540	85
1106	1140.0	109.0		107.1		1080	127	0	0	900	112	0	0	1140	96	300	85
1107	1320.0	105.8		103.2		840	135	0	0	1020	109	60	100	1680	95	360	80
1108	1020.0	109.9		108.1		780	129	0	0	540	118	0	0	1560	101	180	80
1109	1260.0	106.1		104.0		900	131	0	0	840	108	0	0	1860	96	180	77
1110	1300.0	106.3		104.7		780	132	0	0	1140	108	0	0	1920	95	60	103
1111	1300.0	102.1		100.5		1140	120	0	0	840	106	0	0	1680	90	240	88
1112	1460.0	103.8		102.8		1080	119	0	0	1440	105	0	0	1320	97	540	87
1113	1620.0	103.8		102.3		1440	121	0	0	1140	104	60	96	1800	95	420	83
1114	1680.0	103.3		101.6		1380	121	0	0	1380	103	0	0	1920	96	360	75
1115	1380.0	106.2		103.9		1200	129	0	0	1140	107	0	0	1680	91	120	83
1116	1180.0	105.9		104.5		900	125	0	0	780	110	0	0	1860	95	0	0
1117	1160.0	109.6		107.6		840	133	0	0	780	115	0	0	1680	98	180	86
1118	1120.0	102.7		101.2		660	125	0	0	720	108	60	102	1680	94	240	86
1119	1220.0	109.0		107.8		960	123	0	0	1020	115	60	117	1440	97	180	94
1120	1440.0	97.9		94.6		900	128	0	0	1200	104	0	0	1440	87	780	74
1121	1540.0	101.4		100.2		1200	118	0	0	1020	105	120	107	1860	91	420	90
1122	1180.0	106.5		105.2		1020	119	0	0	960	113	0	0	1380	96	180	82
1123	1600.0	99.3		98.4		1080	112	0	0	1140	106	120	100	2160	91	300	87
1124	1380.0	101.9		101.2		1140	116	0	0	1140	98	0	0	1740	96	120	91
1125	1160.0	109.4		107.9		720	133	0	0	960	112	0	0	1500	100	300	92
1126	1140.0	103.8		102.1		780	126	0	0	720	106	0	0	1680	96	240	80
1127	1500.0	99.5		97.4		1080	118	0	0	1320	107	60	109	1560	86	480	80
1128	1180.0	107.1		105.3		900	129	0	0	960	108	60	107	1380	96	240	85
1129	1260.0	94.0		92.6		840	110	0	0	1140	100	60	99	1500	82	240	83
1130	1420.0	104.2		102.6		1020	126	60	96	1080	105	0	0	1740	95	360	86
1131	1160.0	104.7		103.8		900	119	60	118	600	105	120	117	1620	97	180	89
1132	1300.0	106.1		104.0		1020	126	0	0	1020	104	0	0	1620	100	240	71
1133	1300.0	109.3		107.8		1080	127	0	0	900	113	0	0	1680	99	240	88
1134	1380.0	104.3		102.8		720	132	0	0	1020	104	60	119	1920	96	420	93
1135	1240.0	102.1		100.5		780	121	0	0	900	106	120	109	1380	97	540	80
1136	1460.0	105.4		103.9		1320	124	0	0	780	105	0	0	2100	96	180	81
1137	1680.0	101.5		99.5		1140	128	0	0	1380	101	60	93	2040	91	420	84
1138	980.0	106.8		105.0		780	124	0	0	600	114	0	0	1080	100	480	85
1139	1180.0	102.1		100.9		720	118	0	0	900	105	0	0	1440	99	480	82
1140	1180.0	105.6		104.3		900	123	0	0	780	104	60	115	1440	100	360	86
1141	1440.0	105.0		102.8		1080	128	0	0	960	108	60	119	1620	96	600	82
1142	1020.0	105.5		103.6		840	125	0	0	900	107	0	0	1260	93	60	70
1143	1300.0	100.5		98.7		720	127	60	109	960	103	120	102	1620	91	420	84
1144	1420.0	100.1		98.2		900	125	0	0	1140	102	120	104	1800	89	300	83
1145	1140.0	99.2		95.8		600	128	0	0	720	107	120	104	1260	96	720	72
1146	980.0	113.4		110.3		600	135	0	0	780	122	0	0	1500	103	60	48
1147	740.0	102.5		101.3		480	124	0	0	480	102	0	0	1080	96	180	86
1148	1100.0	101.6		100.4		480	129	0	0	780	104	0	0	1920	94	120	98
1149	900.0	106.5		104.9		600	130	0	0	540	109	0	0	1440	97	120	91
1150	800.0	104.0		102.0		420	127	0	0	420	111	0	0	1320	100	240	74
1151	740.0	103.1		98.6		420	142	0	0	600	111	0	0	720	92	480	76
1152	1060.0	112.6		110.6		600	133	0	0	540	123	0	0	1500	110	540	87
1153	1120.0	101.8		100.2		900	122	0	0	720	102	0	0	1260	92	480	89
1154	1040.0	113.9		112.2		600	134	0	0	840	126	0	0	1260	101	420	100
1155	1020.0	101.8		100.2		600	122	0	0	840	109	0	0	1200	93	420	84
1156	1100.0	108.5		105.6		840	138	0	0	600	110	120	104	1380	97	360	83
1157	1000.0	98.5		97.3		540	116	60	97	600	109	0	0	1680	90	120	86
1158	840.0	110.5		108.3		660	136	0	0	480	111	60	93	1260	99	60	83
1159	720.0	110.1		108.4		420	134	0	0	540	118	0	0	1080	98	120	100
1160	1180.0	104.7		102.9		480	137	0	0	900	111	0	0	1860	96	300	88
1161	860.0	105.2		103.1		540	132	0	0	420	113	0	0	1260	96	360	88
1162	760.0	108.6		106.9		540	131	0	0	420	113	0	0	1140	100	180	86
1163	980.0	107.8		106.2		660	132	0	0	540	111	60	104	1440	98	240	94
1164	940.0	108.4		107.1		720	124	0	0	840	113	0	0	1020	99	240	86
1165	1220.0	100.4		97.7		840	132	0	0	600	91	0	0	1980	93	240	75
1166	1080.0	103.8		102.4		660	126	0	0	480	111	60	85	1680	96	360	93
1167	1160.0	107.0		104.5		780	137	0	0	780	108	60	116	1560	95	300	87
1168	1100.0	104.9		102.1		540	139	60	108	720	114	120	107	1440	94	420	82
1169	1080.0	105.7		102.3		600	141	0	0	780	111	60	119	1260	96	540	80
1170	1000.0	110.5		109.3		540	134	0	0	660	114	0	0	1740	102	60	105
1171	960.0	103.4		101.8		420	128	0	0	660	114	0	0	1620	95	180	83
1172	1180.0	105.4		103.7		660	129	0	0	720	113	60	107	1860	97	240	82
1173	760.0	112.8		110.9		480	139	0	0	180	127	0	0	1500	105	120	85
1174	900.0	110.3		108.5		360	140	0	0	540	116	0	0	1620	105	180	81
1175	840.0	111.4		107.9		540	137	0	0	540	127	0	0	1260	99	180	74
1176	800.0	103.8		101.0		420	144	0	0	660	102	0	0	1080	93	240	87
1177	840.0	103.1		101.7		360	114	0	0	900	112	60	93	840	99	360	81
1178	1000.0	108.0		105.6		660	131	0	0	720	116	60	113	1200	98	360	82
1179	1020.0	104.9		100.2		720	140	0	0	660	108	60	115	1080	95	540	73
1180	880.0	100.9		99.3		420	124	0	0	480	110	60	110	1440	94	240	81
1181	1020.0	109.1		107.0		660	134	0	0	720	114	0	0	1500	99	180	82
1182	860.0	108.5		105.0		480	149	0	0	600	113	0	0	1320	95	180	84
1183	840.0	101.2		99.1		420	134	0	0	540	103	0	0	1260	94	300	82
1184	860.0	103.6		101.8		420	131	0	0	480	113	0	0	1260	96	420	88
1185	1100.0	102.3		101.0		600	123	0	0	840	109	0	0	1680	93	180	89
1186	1220.0	103.2		101.0		960	125	0	0	900	109	60	101	1380	90	360	82
1187	1100.0	107.2		105.6		840	126	0	0	780	109	60	97	1260	101	360	83
1188	1280.0	103.2		101.7		720	126	60	109	780	109	60	105	1920	95	300	84
1189	1060.0	115.2		113.3		720	141	60	115	600	120	120	117	1560	103	120	94
1190	740.0	99.2		98.0		300	125	0	0	300	103	60	116	1020	96	540	87
1191	780.0	97.1		94.0		360	133	0	0	480	111	0	0	1200	85	300	80
1192	740.0	102.1		99.8		360	135	0	0	300	104	0	0	1260	98	300	78
1193	720.0	104.2		101.4		420	139	0	0	540	108	0	0	1140	91	60	79
1194	800.0	104.8		102.6		300	144	0	0	540	113	0	0	1500	95	60	80
1195	700.0	95.3		93.2		300	131	0	0	240	107	0	0	1380	87	180	84
1196	1140.0	100.7		100.1		720	114	0	0	1140	103	0	0	1380	94	180	85
1197	900.0	115.1		113.0		720	134	0	0	720	124	0	0	960	98	300	103
1198	700.0	99.8		98.6		300	119	0	0	540	103	0	0	1080	97	180	75
1199	600.0	109.7		104.3		420	144	0	0	180	133	0	0	960	100	240	71
1200	840.0	100.7		99.0		540	119	0	0	480	114	60	98	1260	89	180	93
1201	760.0	114.6		112.7		420	145	0	0	480	116	0	0	1200	107	180	91
1202	960.0	108.5		106.0		600	138	0	0	360	120	0	0	1680	99	240	84
1203	820.0	109.9		107.5		660	135	60	92	360	114	0	0	1140	100	240	86
1204	860.0	99.0		98.1		300	122	0	0	540	102	60	100	1380	96	300	84
1205	760.0	113.5		109.5		660	144	0	0	420	119	60	101	960	97	180	81
1206	780.0	112.0		109.7		360	140	0	0	480	123	0	0	1200	106	300	85
1207	580.0	105.3		102.2		180	149	0	0	240	120	0	0	960	103	360	80
1208	600.0	114.5		112.4		300	142	0	0	480	126	0	0	780	102	240	98
1209	680.0	106.4		101.2		360	138	0	0	360	140	0	0	1020	92	300	77
1210	340.0	115.4		112.5		300	137	0	0	120	134	0	0	540	103	60	81
1211	720.0	100.8		100.4		300	114	0	0	540	105	0	0	1080	96	240	96
1212	980.0	106.8		104.7		720	134	0	0	660	104	60	102	1200	97	300	88
1213	600.0	96.4		94.1		180	132	0	0	480	109	0	0	1080	86	60	75
1214	760.0	101.0		99.2		300	133	0	0	540	109	0	0	1320	92	120	84
1215	820.0	106.8		104.6		480	131	60	102	360	121	120	111	1140	98	300	84
1216	740.0	101.7		99.6		360	136	0	0	600	103	60	105	1020	92	180	83
1217	800.0	99.5		97.5		540	123	60	103	480	104	0	0	1080	90	240	79
1218	920.0	102.0		99.3		600	132	0	0	660	107	0	0	1260	89	240	82
1219	840.0	114.4		111.5		480	150	0	0	600	118	0	0	1380	102	60	77
1220	720.0	111.6		108.2		360	145	0	0	240	128	0	0	1320	106	240	76
1221	540.0	105.4		103.8		120	131	0	0	360	110	0	0	900	107	240	80
1222	940.0	102.9		101.3		600	125	0	0	540	107	60	97	1320	96	300	83
1223	860.0	104.3		100.3		420	149	0	0	480	111	60	62	1080	96	540	85
1224	540.0	108.6		107.1		360	130	0	0	60	123	0	0	1080	103	120	87
1225	620.0	105.1		102.7		300	136	0	0	300	114	60	111	840	100	360	83
1226	520.0	108.3		104.9		180	165	0	0	240	120	0	0	1020	98	120	87
1227	420.0	107.5		105.9		60	135	0	0	120	148	120	105	960	101	0	0
1228	500.0	102.8		102.3		60	127	0	0	240	113	0	0	1080	100	120	95
1229	740.0	101.5		100.3		420	120	0	0	600	108	0	0	840	93	360	89
1230	780.0	111.5		109.7		360	148	0	0	360	109	0	0	1380	105	240	98
1231	720.0	107.7		104.4		360	143	0	0	540	116	0	0	840	100	420	82
1232	700.0	105.2		103.7		360	132	60	117	180	110	0	0	1320	99	180	88
1233	620.0	110.4		105.2		420	158	0	0	300	112	60	106	900	92	180	90
1234	680.0	101.8		100.1		180	143	0	0	420	108	0	0	1200	97	240	84
1235	840.0	112.0		105.5		480	163	0	0	360	140	60	102	1500	91	120	92
1236	500.0	96.0		95.1		240	105	0	0	120	120	0	0	960	94	180	79
1237	740.0	103.6		99.4		300	162	0	0	420	111	0	0	1440	90	60	87
1238	620.0	99.4		96.1		240	134	0	0	360	120	0	0	900	90	360	79
1239	520.0	113.2		110.2		540	128	0	0	120	136	0	0	660	109	240	80
1240	720.0	109.1		106.3		240	157	0	0	540	115	0	0	1140	102	240	82
1241	680.0	104.9		103.2		300	132	0	0	360	116	0	0	1080	98	300	89
1242	620.0	108.9		105.6		300	148	0	0	540	115	0	0	780	98	240	82
1243	680.0	110.8		108.5		420	136	0	0	420	122	0	0	840	101	360	91
1244	640.0	115.6		112.7		360	150	0	0	360	123	0	0	1020	106	180	86
1245	460.0	101.8		100.1		180	126	0	0	60	124	0	0	900	101	240	81
1246	500.0	99.8		98.4		60	151	0	0	180	107	0	0	1020	100	240	81
1247	460.0	108.3		106.0		180	143	0	0	60	154	0	0	960	102	180	92
1248	520.0	108.7		106.8		240	139	0	0	240	122	0	0	1080	99	0	0
1249	600.0	102.2		100.8		240	127	0	0	480	108	60	116	840	94	180	87
1250	740.0	97.3		95.7		300	116	0	0	600	108	0	0	900	93	420	78
1251	840.0	103.3		102.3		420	123	0	0	540	108	0	0	1320	98	240	87
1252	680.0	95.1		93.0		240	132	0	0	420	100	0	0	1140	90	240	74
1253	440.0	109.3		107.1		300	134	0	0	180	113	0	0	660	104	180	84
1254	540.0	111.7		109.3		240	129	0	0	300	137	0	0	960	103	120	83
1255	800.0	109.9		106.9		480	148	0	0	480	109	0	0	1260	99	180	87
1256	560.0	107.6		104.9		180	154	0	0	300	119	0	0	720	103	480	90
1257	640.0	103.8		102.7		300	124	0	0	300	109	0	0	1200	100	120	79
1258	980.0	112.3		111.1		720	129	0	0	840	114	60	106	1020	106	300	90
1259	660.0	107.0		102.1		360	158	0	0	360	111	0	0	840	96	420	82
1260	560.0	112.7		106.8		240	162	0	0	240	117	0	0	1140	105	60	45
1261	440.0	104.6		100.8		240	141	0	0	120	126	0	0	840	96	120	71
1262	520.0	100.8		98.8		180	134	0	0	360	113	0	0	840	91	180	89
1263	620.0	102.8		100.7		300	132	0	0	300	116	0	0	1020	94	240	87
1264	840.0	103.5		100.7		300	154	0	0	540	101	0	0	1320	99	360	82
1265	520.0	115.6		113.0		300	150	0	0	60	133	0	0	1020	109	180	90
1266	520.0	120.9		117.2		300	160	0	0	360	131	0	0	780	106	120	90
1267	580.0	109.1		106.3		240	151	0	0	300	121	0	0	960	100	240	89
1268	720.0	102.4		99.6		300	146	0	0	420	106	0	0	1200	95	240	79
1269	580.0	111.6		108.0		300	155	0	0	600	114	0	0	720	96	120	85
1270	400.0	109.7		103.1		120	159	0	0	120	163	60	116	720	102	180	70
1271	440.0	110.4		108.2		120	137	0	0	360	127	0	0	720	102	120	84
1272	620.0	115.5		113.8		360	142	0	0	180	130	0	0	1140	108	180	96
1273	660.0	101.8		100.9		120	136	0	0	360	108	0	0	1080	101	420	89
1274	380.0	111.1		109.3		300	125	0	0	240	114	0	0	480	109	120	79
1275	640.0	110.0		107.1		240	155	0	0	420	121	0	0	1080	99	180	90
1276	460.0	95.6		90.6		120	148	0	0	240	130	0	0	420	86	600	78
1277	460.0	98.4		97.2		120	131	0	0	120	114	0	0	900	95	240	87
1278	580.0	104.0		101.1		180	154	0	0	420	111	60	100	900	96	180	79
1279	520.0	106.7		104.0		180	138	0	0	300	128	0	0	1020	97	60	72
1280	580.0	107.4		105.2		360	134	60	114	240	109	0	0	840	102	240	83
1281	620.0	103.1		101.8		240	130	0	0	420	111	0	0	960	96	240	91
1282	640.0	111.8		106.3		480	147	0	0	300	124	0	0	780	102	360	76
1283	780.0	106.1		104.1		360	139	0	0	480	110	0	0	1200	100	300	85
1284	700.0	107.9		104.7		360	149	0	0	480	111	0	0	960	98	300	85
1285	820.0	109.0		107.2		360	138	60	115	480	114	0	0	1200	105	360	86
1286	620.0	99.8		97.2		360	133	0	0	300	105	0	0	900	90	300	84
1287	620.0	107.8		105.9		300	137	60	118	540	110	0	0	540	102	420	90
1288	500.0	106.2		102.0		180	148	0	0	300	118	0	0	960	98	60	52
1289	400.0	106.3		104.6		120	138	0	0	180	127	0	0	720	99	180	94
1290	500.0	107.6		106.1		180	136	0	0	240	116	0	0	900	104	180	86
1291	460.0	102.4		101.3		240	109	0	0	120	133	0	0	900	99	120	84
1292	800.0	102.9		102.3		420	115	60	80	540	106	60	86	1080	101	240	93
1293	720.0	106.0		102.6		420	139	0	0	480	105	0	0	840	104	420	78
1294	600.0	105.6		103.7		360	126	60	103	180	127	0	0	780	101	420	88
1295	640.0	98.4		96.2		180	141	0	0	480	109	0	0	1140	89	120	82
1296	680.0	101.9		99.7		300	137	0	0	360	110	0	0	1260	93	120	83
1297	420.0	111.2		110.5		180	133	0	0	240	114	0	0	720	105	120	110
1298	520.0	99.8		98.0		180	123	0	0	420	108	0	0	600	99	360	80
1299	460.0	101.6		98.5		180	149	0	0	120	112	0	0	900	95	180	80
1300	280.0	94.0		94.0		0	0	0	0	0	0	0	0	840	94	0	0
1301	420.0	114.9		111.2		60	124	0	0	480	136	0	0	600	105	120	75
1302	700.0	107.3		105.1		180	140	0	0	600	121	0	0	1020	100	300	85
1303	440.0	108.9		107.0		240	139	0	0	120	123	0	0	900	100	60	94
1304	540.0	97.5		93.8		180	140	0	0	300	107	0	0	960	93	180	63
1305	480.0	102.3		98.6		180	148	0	0	240	121	0	0	540	95	480	84
1306	440.0	94.8		94.6		180	104	0	0	60	102	0	0	1020	93	60	90
1307	860.0	107.2		105.3		360	129	0	0	600	120	0	0	1440	100	180	78
1308	600.0	102.5		99.1		300	143	0	0	180	121	0	0	900	94	420	84
1309	500.0	96.8		94.8		120	150	0	0	0	0	0	0	1020	95	360	84
1310	480.0	113.9		111.5		300	132	0	0	240	140	0	0	840	102	60	86
1311	500.0	104.8		100.9		300	138	0	0	180	132	0	0	600	94	420	85
1312	460.0	103.0		101.9		120	144	0	0	240	102	0	0	840	99	180	96
1313	360.0	105.8		100.9		240	145	0	0	60	146	0	0	540	94	240	83
1314	320.0	103.9		103.3		120	112	0	0	180	114	0	0	540	102	120	89
1315	640.0	103.1		101.5		360	126	0	0	420	106	0	0	840	99	300	83
1316	720.0	101.2		98.3		420	133	0	0	420	106	0	0	1080	93	240	74
1317	420.0	102.6		98.4		240	135	0	0	180	123	0	0	420	99	420	79
1318	380.0	105.2		102.8		120	157	0	0	180	105	0	0	600	101	240	90
1319	420.0	100.2		98.8		60	127	0	0	60	121	60	93	720	105	360	84
1320	460.0	109.9		108.0		120	143	0	0	300	124	0	0	660	106	300	91
1321	560.0	106.8		104.8		240	131	0	0	300	109	0	0	900	107	240	79
1322	700.0	107.8		104.7		240	148	0	0	480	113	0	0	1020	106	360	79
1323	320.0	115.6		112.1		180	155	0	0	120	127	0	0	600	105	60	81
1324	320.0	99.2		98.5		60	134	0	0	60	105	0	0	720	97	120	92
1325	600.0	98.8		96.5		240	129	0	0	300	110	0	0	660	99	600	81
1326	700.0	105.8		100.5		240	153	0	0	480	129	0	0	1020	95	360	74
1327	460.0	107.9		105.1		240	140	0	0	240	119	0	0	720	100	180	82
1328	400.0	102.7		99.5		240	140	0	0	180	99	0	0	600	96	180	79
1329	580.0	95.6		94.5		120	118	0	0	360	103	0	0	840	97	420	80
1330	460.0	105.6		104.3		180	133	0	0	360	111	0	0	600	100	240	91
1331	520.0	106.2		105.3		240	126	0	0	180	119	60	97	1020	100	60	104
1332	480.0	113.1		111.5		360	133	0	0	180	123	0	0	780	105	120	91
1333	500.0	105.4		103.9		180	138	0	0	420	110	0	0	480	101	420	92
1334	680.0	109.9		108.3		360	132	0	0	480	121	0	0	1080	100	120	89
1335	460.0	105.4		101.4		300	143	0	0	240	113	60	101	600	92	180	79
1336	580.0	101.9		100.8		180	125	0	0	360	112	0	0	1020	97	180	86
1337	420.0	99.6		94.9		180	149	0	0	120	95	0	0	600	101	360	74
1338	240.0	107.2		104.0		60	158	0	0	60	153	0	0	540	97	60	103
1339	480.0	87.9		87.8		180	94	0	0	240	86	0	0	900	88	120	82
1340	480.0	95.8		93.3		240	127	0	0	360	101	0	0	600	88	240	76
1341	420.0	107.4		105.2		120	153	0	0	180	124	60	92	900	99	0	0
1342	420.0	102.4		100.4		180	121	0	0	240	118	60	119	600	96	180	79
1343	420.0	101.4		96.4		120	163	0	0	180	115	0	0	780	97	180	66
1344	380.0	102.6		100.0		180	138	0	0	60	119	0	0	720	98	180	80
1345	440.0	101.6		98.3		120	140	0	0	240	109	0	0	720	103	240	71
1346	380.0	103.5		99.4		240	146	0	0	120	110	0	0	660	91	120	81
1347	220.0	108.5		107.2		60	144	0	0	120	118	0	0	420	103	60	93
1348	400.0	93.8		90.4		60	165	0	0	240	102	0	0	720	92	180	66
1349	680.0	98.2		96.7		240	131	0	0	420	105	0	0	1080	92	300	85
1350	340.0	111.4		108.0		180	154	0	0	240	114	0	0	540	99	60	84
1351	360.0	96.7		94.7		60	143	0	0	60	120	60	116	780	93	120	76
1352	460.0	100.7		100.2		0	0	0	0	240	111	0	0	840	102	300	89
1353	580.0	90.3		86.9		180	116	0	0	300	107	0	0	780	93	480	66
1354	400.0	100.2		94.3		180	142	0	0	120	115	60	111	480	103	360	69
1355	540.0	103.0		99.8		240	128	0	0	300	115	0	0	840	101	240	70
1356	500.0	104.8		102.1		180	155	0	0	180	114	60	95	960	96	120	91
1357	300.0	96.9		96.1		120	118	0	0	60	105	0	0	600	94	120	86
1358	340.0	90.1		89.5		60	101	0	0	240	96	0	0	540	91	180	76
1359	540.0	99.6		97.8		180	140	0	0	240	107	0	0	1200	92	0	0
1360	460.0	103.7		102.1		180	136	0	0	120	112	60	115	780	99	240	88
1361	420.0	93.4		92.3		120	116	0	0	180	106	0	0	660	92	300	80
1362	460.0	97.0		95.6		120	139	0	0	240	100	0	0	960	92	60	82
1363	420.0	95.2		93.4		180	122	0	0	180	108	0	0	780	89	120	76
1364	500.0	96.0		94.9		120	118	0	0	180	100	60	102	960	96	180	75
1365	580.0	105.0		104.1		60	134	0	0	600	113	0	0	960	101	120	83
1366	540.0	106.9		103.1		300	148	0	0	300	118	0	0	720	93	300	88
1367	500.0	116.5		114.2		420	138	0	0	120	137	0	0	900	106	60	83
1368	420.0	101.5		100.0		60	152	0	0	240	114	0	0	840	97	120	83
1369	600.0	95.9		95.3		120	123	0	0	360	96	60	95	1140	95	120	78
1370	540.0	102.9		100.3		180	138	0	0	300	112	60	101	780	101	300	78
1371	400.0	94.1		92.1		180	116	0	0	120	111	60	114	720	88	120	71
1372	680.0	109.7		106.1		240	154	0	0	420	124	0	0	1200	101	180	75
1373	180.0	105.0		103.3		180	125	0	0	0	0	0	0	300	95	60	95
1374	360.0	90.8		90.6		0	0	0	0	120	96	60	93	540	94	360	84
1375	300.0	95.9		94.2		180	118	0	0	0	0	0	0	420	97	300	81
1376	540.0	99.5		96.4		240	145	0	0	420	102	0	0	660	88	300	85
1377	500.0	99.7		97.0		180	134	0	0	300	115	0	0	480	96	540	83
1378	480.0	109.4		105.3		300	146	0	0	240	119	60	100	660	99	180	77
1379	480.0	111.0		110.2		300	122	0	0	240	117	0	0	660	110	240	94
1380	620.0	95.9		92.1		180	157	0	0	120	109	120	100	1140	91	300	71
1381	400.0	93.5		92.7		60	129	0	0	60	97	0	0	840	94	240	82
1382	500.0	92.9		92.5		120	111	0	0	240	84	0	0	960	94	180	87
1383	400.0	99.2		98.3		180	119	0	0	180	109	0	0	660	94	180	89
1384	400.0	95.6		92.2		60	165	0	0	180	105	0	0	480	102	480	77
1385	500.0	99.6		98.3		240	122	0	0	60	96	0	0	900	99	300	84
1386	560.0	96.1		94.0		120	126	0	0	240	113	0	0	840	98	480	77
1387	300.0	99.4		97.5		60	153	0	0	120	103	0	0	480	99	240	85
1388	240.0	98.3		95.6		60	158	0	0	0	0	0	0	600	95	60	72
1389	380.0	110.7		109.1		60	172	0	0	180	121	0	0	660	104	240	106
1390	340.0	101.2		99.5		60	149	0	0	60	105	0	0	720	102	180	81
1391	280.0	104.1		102.3		60	144	0	0	120	100	0	0	540	106	120	80
1392	480.0	102.5		100.5		60	167	0	0	240	107	0	0	960	102	180	78
1393	400.0	95.9		92.0		180	140	0	0	60	117	0	0	780	90	180	70
1394	480.0	102.8		99.9		120	140	0	0	360	121	0	0	660	96	300	81
1395	280.0	105.5		104.5		60	140	0	0	60	125	0	0	720	101	0	0
1396	300.0	96.6		95.6		0	0	0	0	60	125	0	0	660	98	180	82
1397	280.0	117.3		114.3		300	134	0	0	60	160	0	0	360	104	120	94
1398	340.0	98.2		95.2		180	140	0	0	0	0	0	0	720	91	120	79
1399	460.0	91.8		89.0		60	137	0	0	180	116	60	105	540	94	540	75
1400	340.0	98.3		97.3		60	137	0	0	240	104	0	0	660	94	60	84
1401	420.0	107.8		105.8		120	138	0	0	120	104	0	0	840	110	180	80
1402	440.0	97.5		96.9		180	111	0	0	240	107	0	0	840	93	60	83
1403	480.0	95.6		93.2		180	133	0	0	180	91	0	0	780	96	300	75
1404	580.0	99.3		97.3		180	132	0	0	420	113	0	0	600	92	540	86
1405	340.0	101.5		98.3		180	130	0	0	240	119	0	0	600	86	0	0
1406	480.0	107.0		103.1		240	157	0	0	180	113	0	0	660	97	360	89
1407	200.0	100.0		95.5		60	133	0	0	120	134	0	0	180	93	240	80
1408	600.0	100.9		99.0		120	143	0	0	180	112	60	109	900	102	540	85
1409	460.0	97.6		96.0		120	141	0	0	240	100	60	110	720	92	240	87
1410	300.0	88.1		84.7		120	135	0	0	60	109	0	0	600	77	120	86
1411	260.0	109.8		107.6		60	146	0	0	180	126	0	0	480	103	60	80
1412	200.0	104.0		103.4		60	131	0	0	0	0	0	0	540	101	0	0
1413	400.0	102.0		100.9		60	120	0	0	180	123	0	0	660	100	300	90
1414	380.0	101.6		100.1		120	132	60	100	180	107	0	0	600	100	180	82
1415	220.0	90.1		89.2		120	110	0	0	0	0	0	0	300	83	240	89
1416	420.0	95.9		94.1		60	143	0	0	120	106	60	117	660	96	360	81
1417	440.0	103.7		100.5		180	152	0	0	240	112	0	0	660	94	240	86
1418	380.0	93.5		91.2		120	136	0	0	120	96	60	100	540	92	300	77
1419	260.0	98.3		97.8		0	0	0	0	0	0	0	0	600	102	180	86
1420	340.0	105.1		102.7		120	144	0	0	120	120	60	107	360	103	360	89
1421	300.0	93.4		92.6		60	123	0	0	60	92	0	0	600	94	180	82
1422	280.0	101.1		100.6		60	121	0	0	120	114	0	0	660	97	0	0
1423	220.0	122.9		119.0		120	160	0	0	60	145	0	0	420	115	60	82
1424	240.0	106.7		105.6		60	101	0	0	60	125	0	0	480	110	120	87
1425	480.0	106.5		104.2		120	162	0	0	240	110	60	102	840	102	180	87
1426	480.0	102.5		99.8		240	138	0	0	240	112	0	0	720	94	240	83
1427	180.0	114.9		108.8		180	154	0	0	60	109	0	0	240	94	60	87
1428	380.0	97.3		93.0		120	171	0	0	120	104	0	0	720	88	180	81
1429	500.0	96.2		95.0		120	113	0	0	360	108	0	0	660	95	360	81
1430	480.0	101.2		98.8		180	147	0	0	120	102	60	116	720	92	360	94
1431	400.0	91.2		86.7		120	153	0	0	180	96	0	0	720	87	180	62
1432	280.0	103.7		102.7		60	129	60	112	180	114	0	0	240	101	300	93
1433	200.0	95.8		92.8		60	156	0	0	0	0	0	0	420	92	120	79
1434	440.0	95.8		93.6		120	142	0	0	120	106	0	0	540	96	540	83
1435	380.0	101.6		99.4		120	132	0	0	60	148	0	0	840	97	120	80
1436	260.0	99.8		96.9		60	163	0	0	60	112	0	0	420	98	240	84
1437	300.0	98.5		97.3		0	0	0	0	240	110	0	0	600	97	60	68
1438	340.0	106.1		100.6		60	158	0	0	120	150	0	0	480	109	360	79
1439	180.0	97.3		91.3		60	176	0	0	60	107	0	0	240	77	180	95
1440	360.0	111.5		106.7		120	152	0	0	180	140	0	0	540	107	240	80
1441	360.0	94.3		92.3		60	145	0	0	120	115	0	0	720	91	180	77
1442	280.0	105.0		102.6		120	146	0	0	0	0	0	0	600	101	120	84
1443	480.0	110.0		107.4		120	139	0	0	300	132	60	109	480	108	480	91
1444	300.0	105.5		103.0		240	128	0	0	120	112	0	0	360	100	180	82
1445	380.0	100.4		98.3		120	139	0	0	240	106	0	0	660	96	120	75
1446	180.0	98.6		98.0		0	0	0	0	0	0	0	0	480	101	60	79
1447	420.0	104.5		102.6		120	137	0	0	240	120	0	0	600	100	300	88
1448	120.0	107.2		105.2		60	137	0	0	0	0	0	0	240	105	60	86
1449	140.0	103.9		102.2		0	0	0	0	120	122	0	0	180	103	120	87
1450	300.0	93.9		92.5		120	116	0	0	60	94	60	110	240	98	420	83
1451	300.0	121.4		118.4		240	138	0	0	120	141	0	0	480	114	60	75
1452	380.0	95.3		94.4		0	0	0	0	60	100	0	0	660	102	420	84
1453	260.0	109.5		106.8		180	137	0	0	60	122	0	0	300	106	240	90
1454	320.0	98.3		95.7		60	165	0	0	120	109	0	0	600	95	180	80
1455	280.0	101.3		98.4		60	175	0	0	60	100	0	0	540	99	180	84
1456	180.0	98.9		96.9		60	141	0	0	60	103	0	0	180	98	240	88
1457	140.0	142.1		141.9		0	0	0	0	180	149	0	0	240	137	0	0
1458	160.0	110.8		108.5		60	135	0	0	60	145	0	0	360	101	0	0
1459	340.0	100.5		97.6		60	167	0	0	180	115	0	0	420	98	360	85
1460	320.0	99.2		96.9		120	121	0	0	60	146	0	0	600	96	180	80
1461	220.0	95.1		92.0		60	160	0	0	0	0	0	0	360	93	240	82
1462	340.0	102.1		96.8		120	122	0	0	120	136	0	0	480	108	300	71
1463	300.0	112.9		109.4		120	158	0	0	240	112	60	118	240	115	240	88
1464	180.0	108.6		102.0		0	0	0	0	180	139	0	0	240	105	120	70
1465	300.0	103.0		99.6		180	143	0	0	0	0	0	0	360	99	360	87
1466	240.0	106.3		99.9		60	187	0	0	120	118	0	0	300	109	240	77
1467	320.0	100.4		99.8		0	0	0	0	60	124	0	0	780	101	120	85
1468	260.0	98.8		92.8		60	208	0	0	0	0	0	0	480	96	240	77
1469	160.0	97.8		97.0		0	0	0	0	0	0	60	105	180	107	240	89
1470	220.0	101.8		99.9		60	100	0	0	0	0	0	0	420	111	180	81
1471	200.0	93.9		92.4		0	0	0	0	60	117	0	0	360	98	180	78
1472	140.0	86.9		83.9		60	130	0	0	0	0	0	0	120	71	240	84
1473	240.0	106.6		103.7		180	131	0	0	60	138	0	0	360	94	120	92
1474	380.0	102.3		99.7		120	124	0	0	240	117	0	0	480	104	300	79
1475	220.0	99.3		98.2		60	123	0	0	0	0	0	0	420	102	180	85
1476	240.0	93.6		92.4		0	0	0	0	60	119	0	0	300	100	360	84
1477	340.0	92.8		90.4		60	160	0	0	0	0	0	0	360	98	600	83
1478	200.0	100.0		97.5		120	129	0	0	60	116	0	0	180	94	240	86
1479	240.0	112.4		108.9		60	167	0	0	120	120	0	0	360	114	180	86
1480	160.0	116.6		116.0		0	0	0	0	60	142	0	0	420	113	0	0
1481	380.0	97.9		96.1		120	124	0	0	60	121	60	106	300	105	600	86
1482	280.0	94.5		93.2		60	133	0	0	0	0	0	0	360	98	420	86
1483	200.0	101.6		100.8		60	118	0	0	60	110	0	0	420	101	60	81
1484	300.0	98.2		95.4		120	115	0	0	180	124	0	0	180	99	420	82
1485	280.0	102.5		95.2		120	169	0	0	120	126	0	0	300	92	300	77
1486	200.0	101.3		99.1		60	143	0	0	0	0	60	112	360	99	120	82
1487	340.0	89.5		87.1		60	111	0	0	120	113	0	0	480	94	360	72
1488	160.0	103.2		99.2		60	146	0	0	0	0	0	0	300	106	120	75
1489	300.0	89.7		87.9		60	97	0	0	60	126	120	110	180	77	480	84
1490	280.0	101.9		98.4		60	173	0	0	240	107	0	0	180	105	360	85
1491	140.0	99.6		99.4		0	0	0	0	0	0	0	0	360	98	60	109
1492	240.0	101.0		97.9		60	141	0	0	60	141	0	0	300	101	300	85
1493	280.0	105.2		99.3		60	157	0	0	60	139	0	0	300	122	420	81
1494	120.0	100.2		96.1		0	0	0	0	60	146	0	0	120	103	180	83
1495	120.0	97.3		96.9		0	0	0	0	0	0	0	0	300	100	60	84
1496	200.0	103.6		98.1		0	0	0	0	240	133	0	0	120	94	240	79
1497	120.0	104.2		101.5		0	0	0	0	60	119	0	0	180	114	120	82
1498	200.0	84.0		82.2		0	0	0	0	180	102	0	0	180	70	240	81
1499	200.0	110.0		107.8		0	0	0	0	60	117	0	0	420	117	120	82
