#File created from auswertNew
# Temporary input file:
# tmp01.dat
# Created from repository file
# /home/vwitme/data/workdata/trafficData/Invent_A5/intermediatedata/A5frankfurt_06_01/daten/F01_1106.dat.gz
# Infrastructure description file:
# /home/vwitme/data/workdata/trafficData/Invent_A5/intermediatedata/A5frankfurt_06_01/daten/A5frankfurt_06_01.dsc
#
# Date: 11.06.2001
# Direction: Frankfurt
# Detector cross section 1
# Position (m)= 465.150000
# Number of main lanes=3
# Number of ramp lanes=0
# The lane indices are ordered from left to right
# NOTICE: The time has been increased by 1 hour 
# since summertime was not taken care of  in the original data!
# Velocity averages: Over veh types and lanes, weighted with flow
# vAvg=arithmetic average; vHarm=harmonic average
#===========================================
#t(min)	Qav(/h)	vAvg(km/h)	vHarm(km/h)	Q1car	v1car	Q1truck	v1truck	Q2car	v2car	Q2truck	v2truck	Q3car	v3car	Q3truck	v3truck
60	600.0	115.6		107.6		300	163	0	0	540	140	0	0	0	0	960	87
61	480.0	108.0		100.4		180	187	0	0	300	128	0	0	0	0	960	87
62	460.0	126.0		117.5		240	175	0	0	480	142	120	113	120	121	420	85
63	360.0	128.6		117.5		180	198	0	0	420	137	0	0	60	153	420	87
64	260.0	136.1		132.6		120	173	0	0	360	142	0	0	180	123	120	101
65	720.0	121.8		111.5		420	180	0	0	660	141	180	88	60	91	840	87
66	460.0	126.8		117.6		180	183	0	0	480	151	60	94	120	128	540	90
67	400.0	120.0		110.3		120	185	0	0	360	150	60	115	60	146	600	87
68	380.0	135.7		126.9		180	171	0	0	420	161	0	0	120	140	420	94
69	460.0	135.9		127.8		240	173	0	0	540	146	0	0	240	148	360	88
70	200.0	122.3		115.3		0	0	0	0	180	152	0	0	120	151	300	93
71	300.0	128.9		124.5		120	169	0	0	420	134	0	0	180	128	180	91
72	440.0	114.8		109.3		240	155	0	0	360	134	120	91	0	0	600	92
73	440.0	132.0		124.0		360	169	0	0	360	146	60	119	120	129	420	91
74	280.0	104.1		100.4		0	0	0	0	240	138	60	96	0	0	540	90
75	300.0	112.6		106.2		60	160	0	0	180	155	120	100	120	124	420	88
76	440.0	105.5		100.9		120	147	0	0	360	132	120	95	0	0	720	87
77	480.0	122.4		113.6		360	176	0	0	420	127	60	92	0	0	600	90
78	300.0	123.9		115.9		120	176	0	0	300	144	60	88	120	127	300	89
79	300.0	127.4		121.9		240	158	0	0	240	140	60	101	120	123	240	93
80	360.0	122.1		116.8		240	157	0	0	360	134	60	107	0	0	420	94
81	280.0	112.2		105.9		60	160	0	0	180	151	0	0	60	139	540	91
82	480.0	114.9		107.3		120	172	0	0	480	146	0	0	0	0	840	89
83	540.0	122.0		114.7		240	179	0	0	600	136	180	102	60	111	540	89
84	340.0	115.1		109.5		120	152	0	0	300	142	0	0	120	111	480	90
85	440.0	135.6		127.6		240	171	0	0	480	154	60	94	240	132	300	89
86	340.0	99.7		97.2		60	160	0	0	240	109	120	102	60	112	540	87
87	240.0	119.8		113.1		60	162	0	0	300	145	0	0	120	93	240	91
88	420.0	107.0		102.2		180	146	0	0	240	138	180	93	0	0	660	89
89	340.0	103.3		99.3		60	137	0	0	180	147	60	98	0	0	720	90
90	540.0	111.6		104.1		300	161	0	0	240	150	60	94	0	0	1020	89
91	540.0	108.7		104.4		300	151	0	0	300	121	300	96	60	117	660	89
92	280.0	121.0		114.0		180	157	0	0	300	129	0	0	60	148	300	86
93	440.0	107.0		99.7		120	190	0	0	300	135	60	96	0	0	840	86
94	400.0	109.9		101.7		120	185	0	0	240	149	0	0	0	0	840	88
95	160.0	101.9		96.9		60	169	0	0	60	118	0	0	0	0	360	88
96	240.0	113.4		106.5		120	175	0	0	120	125	60	101	60	126	360	89
97	520.0	124.0		113.0		420	177	0	0	360	140	0	0	0	0	780	88
98	420.0	116.0		106.0		300	169	0	0	180	152	60	92	0	0	720	87
99	320.0	101.1		98.1		120	138	0	0	180	121	60	99	0	0	600	88
100	400.0	106.7		101.2		60	192	0	0	240	143	120	100	0	0	780	90
101	220.0	161.5		148.7		180	211	0	0	240	169	0	0	120	144	120	90
102	280.0	111.6		106.9		0	0	0	0	240	142	0	0	180	124	420	89
103	220.0	112.5		106.5		60	178	0	0	240	131	60	91	0	0	300	89
104	220.0	119.6		113.9		120	158	0	0	180	140	0	0	120	108	240	91
105	260.0	111.0		104.9		60	151	0	0	240	142	0	0	60	115	420	87
106	160.0	116.8		111.2		0	0	0	0	240	138	0	0	60	124	180	86
107	280.0	114.3		108.6		120	162	0	0	240	135	0	0	0	0	480	92
108	240.0	108.3		100.6		60	181	0	0	120	156	0	0	60	111	480	87
109	280.0	106.3		101.4		60	154	0	0	300	127	0	0	60	69	420	90
110	400.0	99.5		96.5		0	0	0	0	180	141	180	99	60	126	780	88
111	320.0	135.8		128.8		240	152	0	0	240	152	0	0	240	150	240	89
112	320.0	114.9		107.5		60	171	0	0	240	155	0	0	60	137	600	91
113	360.0	101.7		97.3		60	158	0	0	300	128	0	0	0	0	720	86
114	300.0	119.8		110.2		60	198	0	0	300	154	0	0	120	110	420	87
115	240.0	132.2		121.5		60	189	0	0	300	162	0	0	120	120	240	87
116	380.0	127.2		120.8		300	147	0	0	360	152	60	96	240	104	180	86
117	260.0	117.6		109.1		120	183	0	0	180	142	60	107	0	0	420	90
118	240.0	100.0		96.4		60	150	0	0	60	125	0	0	60	133	540	88
119	380.0	130.8		116.3		120	215	0	0	300	183	60	116	60	94	600	93
120	260.0	119.7		109.6		120	161	0	0	120	146	60	94	120	166	360	86
121	260.0	126.3		116.3		60	177	0	0	300	153	0	0	60	166	360	89
122	440.0	109.2		104.8		180	146	0	0	240	136	180	103	120	116	600	88
123	180.0	111.8		106.7		0	0	0	0	180	140	0	0	60	136	300	90
124	400.0	109.1		102.7		240	168	0	0	180	112	120	97	0	0	660	89
125	380.0	93.7		92.5		60	143	0	0	0	0	240	100	60	94	780	88
126	320.0	107.7		101.8		0	0	0	0	300	143	0	0	60	138	600	87
127	340.0	115.2		108.7		60	200	0	0	360	138	120	105	0	0	480	90
128	280.0	108.3		105.2		0	0	0	0	360	130	0	0	0	0	480	92
129	300.0	123.8		121.1		360	132	0	0	360	132	0	0	0	0	180	91
130	420.0	122.8		115.0		180	183	0	0	420	138	0	0	180	117	480	89
131	200.0	108.0		103.1		60	162	0	0	180	128	0	0	0	0	360	89
132	240.0	115.6		106.2		60	214	0	0	240	136	0	0	120	107	300	83
133	420.0	122.3		115.6		300	163	0	0	240	134	60	119	180	126	480	90
134	420.0	117.5		110.2		120	182	0	0	300	142	60	92	180	134	600	90
135	420.0	124.8		118.1		240	174	0	0	540	129	0	0	120	118	360	88
136	320.0	102.8		99.9		60	134	0	0	120	120	0	0	180	127	600	89
137	200.0	124.1		114.2		0	0	0	0	240	169	0	0	60	105	300	92
138	60.0	149.7		149.6		60	152	0	0	60	152	0	0	60	145	0	0
139	620.0	109.2		103.6		420	142	0	0	240	142	120	94	120	121	960	87
140	280.0	122.7		108.3		60	194	0	0	240	183	0	0	0	0	540	88
141	260.0	119.2		108.7		60	207	0	0	180	163	0	0	60	133	480	90
142	320.0	125.3		120.5		180	158	0	0	180	145	0	0	360	122	240	91
143	360.0	108.7		102.9		60	181	0	0	300	137	120	96	60	116	540	87
144	260.0	113.8		109.9		0	0	0	0	360	134	60	102	120	113	240	87
145	300.0	114.7		107.2		60	197	0	0	300	139	0	0	60	125	480	88
146	200.0	122.2		112.9		60	201	0	0	180	140	0	0	60	151	300	90
147	360.0	107.6		101.9		60	164	0	0	300	141	0	0	60	99	660	88
148	240.0	109.3		105.5		60	156	0	0	240	128	0	0	0	0	420	92
149	160.0	113.1		103.7		0	0	0	0	120	174	0	0	60	122	300	87
150	300.0	115.1		108.7		60	168	0	0	300	146	0	0	0	0	540	92
151	320.0	107.5		103.2		60	160	0	0	240	137	0	0	0	0	660	92
152	280.0	115.8		108.6		120	153	60	115	180	158	60	89	0	0	420	91
153	160.0	100.2		97.7		0	0	0	0	60	150	60	88	0	0	360	94
154	180.0	133.7		133.7		180	134	0	0	180	134	0	0	180	133	0	0
155	140.0	120.3		115.9		120	140	0	0	0	0	60	92	120	139	120	96
156	180.0	143.6		139.0		60	160	0	0	180	154	0	0	240	146	60	86
157	260.0	107.2		98.2		120	189	0	0	60	146	0	0	0	0	600	87
158	340.0	94.4		93.5		0	0	0	0	120	123	180	93	0	0	720	90
159	160.0	118.5		117.2		180	124	0	0	180	124	0	0	60	114	60	90
160	280.0	117.8		111.2		60	174	0	0	240	147	0	0	120	125	420	91
161	160.0	110.8		106.7		0	0	0	0	180	126	0	0	60	148	240	90
162	280.0	97.1		83.4		180	140	0	0	60	137	60	29	0	0	540	86
163	320.0	105.2		100.5		0	0	0	0	240	145	60	79	120	112	540	89
164	220.0	138.5		133.5		180	147	0	0	180	147	0	0	180	153	120	91
165	200.0	123.2		116.0		60	168	0	0	240	147	0	0	60	116	240	90
166	240.0	123.7		113.9		60	160	0	0	300	158	0	0	0	0	360	89
167	340.0	117.6		113.9		120	142	0	0	540	130	0	0	0	0	360	91
168	340.0	100.9		98.4		0	0	0	0	300	127	0	0	0	0	720	90
169	400.0	135.3		128.2		360	158	0	0	360	158	0	0	120	123	360	94
170	320.0	103.6		99.3		60	175	0	0	240	125	60	102	0	0	600	88
171	80.0	114.5		109.5		0	0	0	0	60	130	0	0	60	146	120	91
172	260.0	112.5		108.1		180	150	0	0	180	115	0	0	60	121	360	91
173	380.0	109.2		103.8		300	150	0	0	120	119	180	98	0	0	540	88
174	420.0	120.5		109.7		120	181	0	0	420	159	0	0	0	0	720	88
175	180.0	125.0		114.5		60	177	0	0	120	172	0	0	60	144	300	92
176	220.0	107.2		103.0		0	0	0	0	120	151	0	0	60	133	480	93
177	420.0	131.1		127.0		120	158	0	0	720	142	0	0	120	129	300	95
178	300.0	119.8		111.1		60	182	0	0	360	150	60	92	0	0	420	89
179	420.0	112.7		107.8		120	153	0	0	420	134	60	90	120	116	540	89
180	120.0	114.0		108.1		0	0	0	0	180	140	0	0	0	0	180	88
181	280.0	116.5		114.5		60	149	0	0	300	129	0	0	180	114	300	99
182	280.0	106.3		99.8		0	0	0	0	180	166	0	0	0	0	660	90
183	260.0	123.9		114.2		60	213	0	0	240	149	60	96	120	133	300	88
184	260.0	111.3		105.5		60	183	0	0	240	134	0	0	0	0	480	91
185	260.0	121.6		113.9		120	169	0	0	240	148	0	0	0	0	420	93
186	180.0	115.7		110.1		60	134	0	0	180	147	120	101	0	0	180	88
187	300.0	114.3		109.7		60	134	0	0	360	135	0	0	60	141	420	90
188	260.0	130.1		121.2		120	166	0	0	180	145	60	90	180	158	240	90
189	460.0	112.6		105.0		240	165	0	0	300	139	60	93	60	85	720	88
190	440.0	110.1		104.5		60	154	0	0	540	136	0	0	0	0	720	87
191	260.0	110.7		106.0		60	159	0	0	120	138	120	104	120	131	360	89
192	240.0	126.5		118.7		60	151	0	0	360	152	60	95	0	0	240	90
193	320.0	111.4		76.5		60	142	0	0	420	137	60	13	120	112	300	89
194	140.0	111.4		107.6		0	0	0	0	180	136	0	0	0	0	240	93
195	220.0	118.6		111.5		0	0	0	0	120	168	0	0	240	131	300	89
196	240.0	103.2		99.8		60	139	0	0	120	122	60	92	60	140	420	89
197	260.0	137.4		129.0		60	185	0	0	300	160	0	0	240	135	180	87
198	200.0	128.9		121.8		0	0	0	0	300	149	60	90	120	141	120	86
199	300.0	111.6		104.9		120	152	0	0	240	144	60	90	0	0	480	88
200	180.0	126.8		117.6		60	145	0	0	240	159	0	0	0	0	240	90
201	220.0	138.2		125.0		60	225	0	0	180	186	0	0	240	116	180	91
202	200.0	115.2		107.7		0	0	0	0	240	153	0	0	0	0	360	90
203	340.0	122.9		117.4		240	146	0	0	180	146	60	93	240	131	300	90
204	320.0	117.8		111.6		60	166	0	0	360	146	120	99	0	0	420	92
205	260.0	113.7		108.2		120	150	0	0	240	136	60	100	0	0	360	89
206	180.0	104.4		99.6		0	0	0	0	60	187	60	95	0	0	420	94
207	340.0	112.6		106.6		120	145	0	0	180	151	60	101	120	135	540	89
208	340.0	139.0		125.8		180	193	0	0	360	167	60	93	60	143	360	91
209	180.0	105.6		99.2		0	0	0	0	60	200	0	0	120	105	360	90
210	260.0	126.7		121.4		60	183	0	0	300	138	0	0	180	134	240	93
211	220.0	102.5		99.1		0	0	0	0	180	136	0	0	0	0	480	90
212	640.0	118.6		111.0		420	165	0	0	360	145	120	100	60	115	960	91
213	420.0	113.8		108.3		60	150	0	0	600	136	0	0	0	0	600	88
214	200.0	115.5		109.9		0	0	0	0	300	141	0	0	0	0	300	90
215	280.0	135.8		126.9		60	172	0	0	480	156	0	0	60	129	240	88
216	420.0	121.7		113.7		240	163	0	0	420	142	0	0	60	117	540	88
217	480.0	112.8		105.7		240	158	0	0	480	132	0	0	0	0	720	85
218	320.0	115.9		110.7		60	152	0	0	420	137	0	0	60	121	420	89
219	260.0	101.6		96.8		0	0	0	0	240	138	60	89	0	0	480	85
220	340.0	117.5		109.6		60	170	0	0	420	142	0	0	60	146	480	86
221	360.0	116.0		109.0		180	158	0	0	300	142	120	100	0	0	480	88
222	420.0	108.0		102.7		180	165	0	0	240	125	180	97	60	91	600	89
223	400.0	108.6		100.9		60	178	0	0	300	154	60	93	0	0	780	87
224	400.0	124.6		115.5		300	169	0	0	360	140	60	100	60	98	420	87
225	340.0	114.1		109.8		60	148	0	0	480	133	0	0	0	0	480	91
226	380.0	115.4		110.0		120	160	0	0	420	133	180	91	120	117	300	87
227	260.0	130.2		120.1		120	189	0	0	240	157	0	0	120	116	300	91
228	180.0	125.2		118.7		60	175	0	0	240	143	0	0	0	0	240	95
229	100.0	137.0		130.7		0	0	0	0	120	151	0	0	120	148	60	87
230	320.0	128.0		119.8		60	193	0	0	420	141	0	0	180	146	300	86
231	280.0	123.4		114.8		60	210	0	0	360	144	60	96	60	112	300	89
232	140.0	130.3		125.1		0	0	0	0	300	145	0	0	60	100	60	87
233	120.0	131.2		126.5		120	133	0	0	120	133	0	0	60	167	60	88
234	360.0	117.9		112.9		60	171	0	0	540	135	0	0	0	0	480	92
235	220.0	127.6		120.3		120	157	0	0	300	146	0	0	0	0	240	90
236	340.0	132.5		124.9		120	188	0	0	540	145	60	111	0	0	300	92
237	240.0	130.7		126.6		0	0	0	0	420	145	0	0	120	134	180	95
238	300.0	125.8		120.0		120	159	0	0	360	138	0	0	120	143	300	91
239	280.0	127.2		117.5		180	181	0	0	240	143	0	0	60	126	360	90
240	320.0	141.5		133.8		180	181	0	0	480	147	0	0	120	142	180	87
241	300.0	119.2		113.3		60	185	0	0	420	135	0	0	120	109	300	88
242	180.0	109.6		104.7		0	0	0	0	180	144	0	0	120	99	240	89
243	200.0	135.9		133.4		120	147	0	0	120	147	0	0	300	136	60	91
244	420.0	118.0		111.8		420	140	0	0	300	140	120	101	0	0	420	85
245	320.0	124.8		121.1		300	140	0	0	300	137	0	0	180	116	180	88
246	400.0	107.8		104.3		180	142	0	0	360	122	180	98	0	0	480	88
247	220.0	128.0		126.1		60	148	0	0	360	134	0	0	180	122	60	90
248	340.0	134.4		124.7		240	176	0	0	300	153	60	94	120	136	300	90
249	380.0	107.5		104.3		60	164	0	0	360	125	60	97	60	111	600	92
250	300.0	113.6		106.2		240	164	0	0	120	119	0	0	0	0	540	90
251	380.0	123.2		115.0		120	170	0	0	480	142	0	0	60	161	480	88
252	420.0	129.0		120.9		240	189	0	0	600	131	60	92	60	102	300	90
253	240.0	113.8		105.9		60	162	0	0	300	140	0	0	0	0	360	84
254	260.0	135.9		131.0		60	183	0	0	360	147	60	109	120	148	180	99
255	500.0	127.5		120.8		360	161	0	0	540	139	60	101	60	142	480	91
256	280.0	137.6		132.0		60	156	0	0	420	156	0	0	180	133	180	93
257	440.0	115.8		109.9		60	175	0	0	540	138	0	0	60	141	660	90
258	320.0	115.8		107.9		120	178	0	0	300	139	0	0	60	98	480	88
259	480.0	122.0		117.2		240	160	0	0	660	131	0	0	60	102	480	93
260	400.0	138.7		131.9		180	186	0	0	660	144	0	0	120	136	240	90
261	460.0	127.6		119.2		300	163	0	0	540	146	60	93	0	0	480	89
262	380.0	156.9		144.7		240	196	0	0	480	175	60	90	180	147	180	89
263	320.0	141.9		135.0		120	183	0	0	540	152	0	0	120	133	180	90
264	300.0	117.2		110.6		0	0	0	0	420	144	0	0	60	134	420	88
265	360.0	123.5		117.7		60	211	0	0	480	136	0	0	180	124	360	92
266	260.0	110.7		105.4		0	0	0	0	240	146	0	0	120	116	420	89
267	500.0	119.4		114.1		120	143	0	0	600	142	60	101	120	134	600	91
268	520.0	125.4		117.9		240	163	0	0	660	146	60	93	0	0	600	91
269	480.0	139.1		131.2		300	184	0	0	660	147	0	0	120	122	360	93
270	460.0	128.4		118.6		180	176	0	0	600	151	60	94	60	125	480	87
271	480.0	123.1		115.8		300	173	0	0	480	126	120	97	120	136	420	88
272	560.0	128.5		121.5		420	156	0	0	540	143	0	0	180	139	540	89
273	380.0	133.1		128.7		120	191	0	0	600	136	0	0	240	126	180	94
274	320.0	136.1		129.3		120	187	0	0	420	147	0	0	180	134	240	93
275	340.0	141.2		138.7		180	158	0	0	600	147	0	0	180	121	60	93
276	460.0	120.7		112.6		120	177	0	0	660	141	0	0	0	0	600	87
277	500.0	119.8		112.6		120	161	0	0	660	145	60	98	0	0	660	89
278	480.0	124.3		118.1		240	167	0	0	540	139	60	102	120	113	480	92
279	460.0	130.8		122.7		120	163	0	0	600	155	60	91	180	137	420	90
280	560.0	125.4		115.2		480	163	0	0	360	153	120	95	120	124	600	85
281	640.0	114.5		109.6		300	153	0	0	600	131	180	99	60	121	780	90
282	460.0	128.0		121.7		240	173	0	0	540	137	0	0	300	117	300	87
283	520.0	133.5		124.3		360	180	0	0	660	141	0	0	60	127	480	89
284	580.0	132.1		124.4		240	179	0	0	780	147	0	0	240	123	480	89
285	420.0	109.0		103.8		180	161	0	0	360	122	60	106	0	0	660	88
286	440.0	138.9		134.6		300	169	0	0	540	145	0	0	360	121	120	90
287	500.0	135.1		129.1		300	162	0	0	780	146	60	117	0	0	360	92
288	720.0	125.1		118.5		600	153	0	0	720	137	120	91	180	124	540	86
289	460.0	115.9		109.7		180	163	0	0	540	133	0	0	0	0	660	89
290	500.0	124.5		118.3		360	154	0	0	660	135	0	0	0	0	480	88
291	440.0	137.8		132.6		180	175	0	0	720	147	0	0	180	122	240	94
292	380.0	124.3		116.7		60	145	0	0	420	156	0	0	240	127	420	88
293	400.0	135.2		129.9		120	162	0	0	420	158	60	93	420	129	180	93
294	400.0	127.2		121.9		240	153	0	0	480	142	60	93	120	121	300	92
295	880.0	130.7		124.1		480	185	0	0	1200	133	0	0	360	115	600	92
296	640.0	136.6		127.8		480	179	0	0	840	143	0	0	120	112	480	89
297	640.0	131.7		123.7		600	168	0	0	720	136	60	92	0	0	540	90
298	620.0	125.5		120.8		180	145	0	0	900	141	240	113	60	159	480	91
299	440.0	139.7		131.4		300	188	0	0	480	148	0	0	240	121	300	93
300	380.0	110.6		103.6		120	167	0	0	360	132	60	96	60	60	540	91
301	740.0	133.5		125.8		600	172	0	0	840	134	60	95	240	138	480	87
302	740.0	133.6		128.7		720	157	0	0	780	137	0	0	300	130	420	90
303	840.0	135.8		131.2		780	161	0	0	900	140	60	101	480	120	300	90
304	520.0	131.7		125.4		300	172	0	0	780	137	0	0	120	125	360	89
305	620.0	129.1		125.5		360	160	0	0	780	133	0	0	360	125	360	94
306	440.0	139.2		130.3		300	194	0	0	360	144	0	0	360	129	300	91
307	800.0	140.3		132.2		720	178	0	0	960	142	0	0	240	123	480	89
308	640.0	135.1		129.6		660	160	0	0	660	138	0	0	180	134	420	92
309	880.0	122.6		114.3		780	163	0	0	660	135	180	98	0	0	1020	88
310	700.0	125.0		118.2		600	163	0	0	720	128	120	96	60	128	600	89
311	400.0	131.8		129.1		120	149	0	0	540	146	0	0	360	121	180	99
312	660.0	115.1		109.3		480	149	0	0	480	131	180	102	60	121	780	87
313	700.0	137.6		133.1		600	168	0	0	960	137	0	0	420	110	120	87
314	620.0	142.3		138.6		480	174	0	0	840	141	0	0	420	122	120	95
315	740.0	122.6		112.5		600	165	0	0	540	142	60	96	120	126	900	84
316	800.0	143.8		135.5		540	185	0	0	1080	150	0	0	480	122	300	82
317	720.0	126.6		119.5		480	164	0	0	780	139	60	87	240	118	600	88
318	980.0	136.7		128.2		780	169	0	0	1140	148	0	0	420	121	600	84
319	820.0	122.2		117.0		600	151	0	0	960	132	60	96	120	112	720	89
320	880.0	149.4		143.4		1020	177	0	0	1020	144	0	0	300	132	300	91
321	1020.0	121.3		115.9		1260	148	0	0	600	123	240	102	120	90	840	90
322	1120.0	128.6		122.9		1260	157	0	0	1140	127	120	101	180	104	660	89
323	1280.0	130.2		124.8		1620	153	0	0	1320	128	0	0	120	120	780	88
324	1060.0	130.1		123.2		1140	159	0	0	1200	132	0	0	60	101	780	87
325	820.0	122.5		115.2		720	159	0	0	900	127	0	0	120	95	720	85
326	1140.0	133.8		127.6		1200	163	0	0	1320	134	0	0	240	110	660	89
327	700.0	134.7		128.9		540	162	0	0	900	143	60	110	240	118	360	88
328	1240.0	127.7		121.2		1440	154	0	0	1320	129	60	94	0	0	900	86
329	1000.0	131.3		125.9		1020	158	0	0	1020	134	0	0	540	112	420	85
330	1240.0	131.0		125.3		1500	156	0	0	1260	131	0	0	300	99	660	89
331	1140.0	129.6		123.9		1320	153	0	0	1200	132	60	116	60	120	780	88
332	780.0	125.9		119.4		660	159	0	0	840	133	60	116	60	115	720	89
333	980.0	128.1		123.4		600	153	0	0	1440	135	0	0	360	122	540	86
334	1540.0	124.1		120.5		2160	141	0	0	1560	118	60	101	180	126	660	85
335	1180.0	121.2		116.1		1260	142	0	0	1200	128	120	112	120	103	840	84
336	900.0	116.8		111.9		660	143	0	0	1140	126	0	0	0	0	900	86
337	820.0	125.9		122.4		660	146	0	0	1200	131	60	96	60	94	480	93
338	1120.0	134.3		130.5		1380	151	0	0	1320	134	0	0	180	127	480	90
339	1300.0	122.5		118.3		1500	144	0	0	1320	124	120	97	60	90	900	90
340	1320.0	124.1		120.8		1560	140	0	0	1380	127	120	108	120	121	780	90
341	1100.0	126.6		124.0		1320	140	0	0	1260	129	60	119	240	104	420	91
342	1340.0	129.8		127.0		1800	147	0	0	1380	124	60	107	300	113	480	95
343	1000.0	126.2		121.7		960	152	0	0	1140	126	60	110	360	116	480	85
344	1220.0	123.4		117.6		1380	151	0	0	1200	122	60	96	60	125	960	87
345	1240.0	135.1		132.0		1380	154	0	0	1680	132	0	0	300	120	360	90
346	1220.0	133.0		129.2		1380	153	0	0	1260	133	120	92	600	119	300	86
347	1300.0	129.3		125.5		1440	149	0	0	1800	128	0	0	240	93	420	88
348	1380.0	125.7		122.5		1560	141	0	0	1680	129	60	106	420	95	420	89
349	1280.0	126.9		123.5		1560	145	0	0	1260	126	180	119	300	109	540	89
350	1420.0	117.2		113.8		1620	134	0	0	1500	119	60	113	240	109	840	84
351	1060.0	127.1		123.8		1080	147	0	0	1260	129	120	115	240	106	480	91
352	1420.0	122.8		120.4		1620	134	0	0	1680	126	60	114	300	118	600	87
353	1280.0	121.6		120.0		1500	133	0	0	1500	121	0	0	480	112	360	89
354	1320.0	125.7		120.0		1560	151	0	0	1260	127	60	103	120	96	960	88
355	1160.0	131.9		129.0		1320	152	0	0	1500	126	0	0	360	119	300	89
356	1020.0	129.8		126.3		840	154	0	0	1440	130	60	108	420	115	300	86
357	1260.0	125.2		121.0		1320	145	0	0	1380	128	60	117	480	111	540	83
358	1500.0	128.1		125.0		2040	143	0	0	1620	125	0	0	360	115	480	85
359	1260.0	123.2		120.2		1560	142	0	0	1440	117	0	0	180	120	600	90
360	1660.0	110.7		108.5		2100	123	120	116	1500	112	240	100	60	108	960	84
361	1520.0	122.9		121.1		1980	135	0	0	1680	119	0	0	360	122	540	91
362	1300.0	126.7		122.9		1680	145	0	0	1500	123	0	0	180	108	540	86
363	1220.0	122.5		119.2		1440	139	0	0	1380	122	60	117	180	117	600	86
364	1400.0	126.6		124.1		1860	142	0	0	1320	122	120	109	480	117	420	89
365	1740.0	109.1		107.9		2400	117	60	114	1680	110	120	104	0	0	960	88
366	1300.0	122.0		119.8		1500	135	0	0	1500	123	120	101	300	113	480	89
367	1660.0	116.5		115.3		2340	126	0	0	1500	113	240	114	420	108	480	90
368	1220.0	134.3		132.6		1500	150	0	0	1320	128	120	116	600	121	120	92
369	1420.0	119.4		114.7		1920	138	0	0	1020	121	120	110	360	108	840	81
370	1640.0	106.8		105.1		2220	119	0	0	1680	103	180	103	60	83	780	83
371	1720.0	105.4		102.1		2220	119	0	0	1560	108	180	106	60	108	1140	75
372	1660.0	110.0		108.7		2340	118	60	113	1500	110	120	105	360	102	600	84
373	1740.0	109.1		107.5		2340	121	60	112	1620	107	180	102	60	94	960	86
374	1680.0	102.7		101.3		2160	114	0	0	1500	101	240	89	420	94	720	82
375	1680.0	104.1		102.6		2100	115	0	0	2160	102	0	0	180	86	600	79
376	1960.0	103.8		103.3		2700	110	60	110	2160	101	60	96	240	104	660	88
377	1440.0	107.1		106.0		1920	115	0	0	1260	109	180	102	420	96	540	85
378	1620.0	100.8		100.4		2220	106	60	110	1560	100	180	96	120	102	720	87
379	1740.0	105.4		105.3		2160	107	120	111	2040	107	0	0	540	101	360	92
380	1780.0	107.9		107.3		2100	114	0	0	2220	106	120	107	480	109	420	86
381	1540.0	104.2		103.0		2040	113	0	0	1680	103	60	100	240	97	600	81
382	1840.0	106.9		106.2		2580	113	60	118	1800	105	180	101	420	102	480	86
383	1640.0	105.4		104.7		2160	112	60	113	1860	103	120	97	300	105	420	84
384	1700.0	105.9		105.2		2160	115	60	106	1920	102	60	101	480	95	420	90
385	1600.0	113.4		112.8		2160	119	0	0	1500	115	120	118	900	100	120	89
386	1380.0	115.2		114.4		1440	127	0	0	1860	111	60	94	720	106	60	91
387	1520.0	118.4		117.1		1920	128	0	0	1560	118	180	115	480	107	420	90
388	1380.0	121.8		120.9		1800	132	0	0	1440	119	0	0	840	107	60	91
389	1840.0	103.9		103.5		2460	110	60	103	2040	100	60	102	540	102	360	88
390	1580.0	101.1		101.0		1800	104	120	97	1800	100	60	96	720	103	240	86
391	1280.0	110.8		110.4		1560	114	0	0	1500	112	60	107	480	108	240	89
392	1620.0	105.6		105.0		1920	113	60	97	1860	101	120	100	600	108	300	86
393	1380.0	115.3		114.4		1920	123	0	0	1140	115	120	102	660	109	300	87
394	1200.0	115.9		115.0		1440	124	0	0	1380	115	120	103	480	108	180	87
395	1180.0	110.8		109.4		1260	121	60	118	1380	112	60	90	300	107	480	85
396	1620.0	78.1		77.9		1860	81	120	90	1560	75	300	78	360	84	660	72
397	1740.0	78.5		78.3		2100	83	0	0	2040	78	180	74	180	71	720	70
398	1420.0	93.6		93.4		1680	96	240	90	1500	94	120	98	360	93	360	82
399	1680.0	93.0		92.2		2220	100	0	0	1800	93	120	89	120	80	780	76
400	1500.0	96.2		95.9		1920	99	120	99	1620	98	60	91	240	92	540	83
401	1440.0	89.2		89.2		1680	89	0	0	1740	90	0	0	420	92	480	85
402	1460.0	93.4		93.4		2040	93	0	0	1620	93	0	0	600	95	120	97
403	1640.0	94.7		94.3		1980	101	60	82	1800	93	120	94	420	89	540	83
404	1580.0	87.5		87.4		1980	87	60	96	1680	86	60	94	840	91	120	83
405	1420.0	94.3		94.3		1800	95	0	0	1500	94	120	99	540	94	300	90
406	1320.0	102.3		101.7		1800	109	0	0	1200	100	60	95	660	96	240	82
407	1420.0	90.7		90.5		1680	95	180	95	1380	88	180	91	420	86	420	85
408	1740.0	86.2		86.1		1980	89	120	85	1860	84	60	89	1200	85	0	0
409	1500.0	87.4		87.3		1860	91	60	88	1500	85	60	84	540	88	480	81
410	1480.0	95.1		94.5		1800	102	120	117	1320	93	300	87	300	87	600	83
411	1520.0	102.4		101.6		2040	111	0	0	1620	98	180	97	360	93	360	85
412	1460.0	98.6		97.9		1980	106	0	0	1560	96	60	101	240	92	540	82
413	1360.0	95.4		94.7		1320	108	60	98	1860	90	60	88	360	88	420	87
414	1480.0	101.8		101.1		1920	111	60	103	1560	97	120	94	360	90	420	90
415	1300.0	100.5		99.8		1500	109	0	0	1560	99	180	88	240	95	420	84
416	1320.0	106.9		106.1		1560	116	60	109	1440	105	60	104	360	102	480	87
417	1280.0	105.6		103.9		1560	119	120	112	1020	102	240	97	420	96	480	81
418	1480.0	100.6		99.8		2040	109	0	0	1320	97	60	100	360	93	660	86
419	1280.0	100.3		99.9		1500	107	120	109	1260	98	180	93	480	92	300	91
420	1180.0	99.8		99.3		1560	108	0	0	1560	92	60	103	240	99	120	96
421	1360.0	103.7		102.8		1980	113	0	0	1320	97	60	104	360	97	360	84
422	1380.0	104.1		103.4		1620	112	120	113	1800	100	0	0	300	101	300	85
423	1320.0	109.7		109.2		1680	116	0	0	1320	108	120	102	660	104	180	89
424	1340.0	109.5		108.4		1680	120	0	0	1380	107	240	104	60	107	660	90
425	1180.0	109.2		108.8		1620	113	0	0	1140	110	60	111	420	105	300	91
426	1180.0	114.1		112.9		1500	124	120	110	1320	112	60	105	360	99	180	83
427	1540.0	106.9		106.0		2160	115	60	112	1560	103	0	0	300	105	540	86
428	1660.0	106.4		105.9		1860	114	240	110	1800	103	60	108	780	100	240	89
429	1120.0	114.6		112.8		1440	128	0	0	1140	112	60	108	240	102	480	88
430	1380.0	107.0		105.9		1800	116	0	0	1320	106	120	110	420	96	480	85
431	1320.0	112.3		111.0		1680	124	60	104	1440	109	60	105	420	98	300	86
432	1260.0	109.5		108.7		1860	116	0	0	1260	106	60	114	300	107	300	85
433	1280.0	109.1		107.5		1560	121	60	115	1140	109	180	109	240	95	660	86
434	1600.0	104.0		103.4		2100	111	0	0	1560	101	300	98	360	102	480	88
435	1180.0	116.3		115.0		1620	127	0	0	1380	111	60	107	300	103	180	85
436	1380.0	112.8		112.1		1560	122	0	0	1800	111	120	100	360	104	300	92
437	1160.0	117.3		116.0		1500	128	0	0	1140	114	180	113	360	111	300	87
438	1440.0	108.2		107.6		1740	115	60	114	1740	106	180	108	240	102	360	89
439	1280.0	107.0		106.0		1680	117	60	119	1500	102	60	89	120	99	420	88
440	1120.0	106.7		106.3		1380	110	0	0	1320	108	0	0	360	103	300	90
441	1460.0	100.1		99.6		1680	108	180	102	1860	97	60	86	300	90	300	87
442	1180.0	108.1		107.2		1440	116	60	93	1260	109	180	100	360	94	240	87
443	1360.0	108.3		107.8		1740	115	0	0	1380	108	0	0	780	99	180	87
444	1420.0	97.6		96.9		1680	105	60	108	1680	96	60	108	120	85	660	83
445	1420.0	98.9		98.2		1800	104	60	109	1620	95	60	92	300	112	420	82
446	1120.0	106.5		105.5		1320	116	0	0	1440	104	0	0	120	110	480	87
447	1260.0	94.1		93.8		1680	96	60	103	1380	96	60	91	60	91	540	83
448	1400.0	97.7		96.5		1680	110	60	104	1380	93	180	84	240	87	660	83
449	1420.0	95.7		95.6		1800	97	120	94	1560	96	180	95	420	94	180	86
450	1600.0	97.6		97.0		1980	104	60	108	1620	97	240	95	300	88	600	83
451	1700.0	87.5		87.4		2160	89	60	95	1800	86	120	90	360	91	600	83
452	1360.0	98.8		98.4		1800	102	120	115	1380	99	60	95	300	92	420	85
453	1580.0	101.7		101.1		1860	110	120	106	1800	99	120	94	420	91	420	88
454	1440.0	98.8		98.6		1800	103	60	94	1440	97	180	95	600	97	240	86
455	1300.0	99.5		99.2		1680	104	120	107	1260	97	240	100	60	102	540	89
456	1460.0	98.4		98.0		2040	103	0	0	1500	98	60	102	180	93	600	85
457	1540.0	86.7		86.6		1740	84	0	0	1620	88	180	88	780	90	300	86
458	1480.0	83.4		83.3		1680	88	60	90	1440	80	180	83	720	81	360	80
459	1200.0	82.0		82.0		1500	82	0	0	1440	81	0	0	360	87	300	81
460	1120.0	99.3		97.8		1080	109	60	106	1380	101	120	98	180	100	540	75
461	1400.0	84.1		83.9		1860	88	0	0	1260	81	180	78	480	86	420	77
462	1580.0	83.1		82.9		1740	88	60	85	1980	81	120	87	180	81	660	76
463	1260.0	85.5		85.3		1620	82	60	85	1140	87	60	88	780	90	120	87
464	1220.0	94.4		93.8		1680	98	0	0	900	99	120	100	120	90	840	82
465	1360.0	86.7		86.5		1440	90	60	102	1620	87	60	78	480	80	420	81
466	1480.0	83.3		83.1		1800	85	180	89	1200	84	360	76	540	83	360	77
467	1360.0	82.8		82.2		1620	87	0	0	1500	84	120	82	420	66	420	79
468	1240.0	82.4		82.3		1680	81	0	0	1260	85	180	85	180	85	420	78
469	1300.0	70.0		69.5		1560	67	60	41	1380	72	0	0	180	82	720	72
470	1540.0	57.4		56.7		1560	51	180	50	1500	60	360	53	480	65	540	67
471	1340.0	62.0		61.8		1680	58	120	58	1260	64	180	62	300	68	480	68
472	1580.0	59.5		59.3		1560	59	180	57	1380	57	300	55	960	65	360	61
473	1320.0	52.2		52.1		1380	51	120	46	1620	52	60	46	300	53	480	58
474	1280.0	55.4		54.8		1380	49	60	45	1080	59	420	54	600	65	300	57
475	1220.0	50.1		49.1		1080	45	240	32	900	54	240	52	600	56	600	54
476	1080.0	42.3		38.9		840	27	60	25	1260	43	120	34	720	58	240	54
477	1200.0	37.1		35.9		1200	34	120	35	1260	32	60	26	420	47	540	50
478	680.0	21.1		19.3		840	25	120	24	600	13	60	14	420	25	0	0
479	300.0	11.7		9.9		360	16	120	14	300	7	60	12	60	5	0	0
480	280.0	5.0		5.0		480	5	0	0	360	5	0	0	0	0	0	0
481	360.0	7.7		6.6		540	5	0	0	240	10	60	15	120	7	120	12
482	500.0	8.0		6.7		600	5	0	0	540	12	120	11	240	5	0	0
483	300.0	6.9		6.1		120	5	0	0	180	11	120	10	480	5	0	0
484	800.0	28.7		27.6		780	34	0	0	660	31	120	26	720	21	120	31
485	1300.0	52.0		51.9		1500	54	60	41	1440	52	120	47	300	51	480	49
486	1320.0	56.8		56.8		1440	58	60	56	1560	57	60	55	540	55	300	54
487	1280.0	63.8		63.6		1320	67	60	67	1380	64	0	0	600	62	480	56
488	1400.0	63.0		62.9		1380	64	120	67	1740	63	60	54	360	62	540	61
489	1400.0	58.8		58.8		1440	59	180	56	1440	59	180	57	600	58	360	61
490	1500.0	56.8		56.7		1740	56	60	59	1560	55	120	50	600	62	420	61
491	1340.0	53.5		52.9		1320	47	120	41	1380	56	240	53	480	62	480	59
492	1180.0	53.3		53.2		1320	51	120	47	1200	54	60	54	360	59	480	55
493	1060.0	39.5		39.3		840	40	120	32	1020	39	180	35	720	40	300	44
494	1140.0	41.3		41.0		960	41	0	0	1140	37	240	43	600	47	480	44
495	1340.0	57.4		57.3		1320	58	0	0	1200	59	420	51	540	57	540	58
496	1480.0	64.0		63.9		1440	67	60	65	1560	63	180	60	480	66	720	60
497	1420.0	62.5		62.5		1560	61	120	69	1440	63	60	61	600	63	480	64
498	1300.0	64.0		63.8		1440	67	60	78	1320	63	300	59	480	59	300	64
499	1380.0	55.4		55.4		1680	55	0	0	1320	55	240	56	360	59	540	55
500	1380.0	41.9		41.9		1260	44	180	42	1260	41	240	43	660	40	540	41
501	1140.0	38.7		38.6		960	40	240	40	1380	38	120	37	300	38	420	38
502	1260.0	33.2		32.3		1320	28	120	31	1020	32	360	32	240	43	720	42
503	1420.0	39.7		39.1		1260	36	240	39	1260	37	300	34	840	48	360	48
504	1300.0	45.5		45.4		1260	47	120	50	1380	44	240	42	360	46	540	46
505	1420.0	43.0		43.0		1440	42	120	45	1680	43	60	47	480	42	480	46
506	1580.0	56.0		56.0		1800	56	60	57	1440	56	60	53	960	57	420	54
507	1360.0	55.0		54.8		1200	57	240	58	1680	56	120	53	120	52	720	49
508	1420.0	52.9		52.7		1680	53	0	0	1320	49	120	51	780	57	360	59
509	1280.0	56.0		55.7		1200	51	300	56	1380	57	180	55	360	65	420	60
510	1140.0	47.4		46.0		1080	38	180	39	1260	49	120	47	660	61	120	53
511	1100.0	32.5		28.7		1140	20	60	14	1020	35	180	40	360	43	540	47
512	1220.0	44.9		44.5		1260	40	0	0	1020	45	300	44	900	50	180	54
513	1100.0	41.0		40.8		840	38	120	40	1200	40	240	39	540	47	360	44
514	1000.0	30.4		30.1		1020	27	60	25	780	31	420	29	0	0	720	36
515	360.0	15.9		13.9		240	9	180	10	0	0	0	0	300	19	360	21
516	560.0	10.9		9.8		840	14	0	0	600	8	0	0	120	5	120	10
517	1140.0	26.7		24.6		1440	33	0	0	1020	26	240	24	300	13	420	18
518	1280.0	46.0		45.9		1380	49	120	53	1260	43	180	45	300	47	600	44
519	1420.0	57.7		57.4		1620	62	60	65	1380	57	300	54	540	52	360	51
520	1460.0	58.7		58.3		1860	64	0	0	1080	57	360	55	420	53	660	52
521	1500.0	55.0		54.9		1620	56	120	46	1680	56	300	54	180	55	600	52
522	1380.0	54.0		53.9		1620	57	0	0	1440	54	120	51	540	49	420	50
523	1340.0	49.2		49.0		1500	51	60	64	1380	48	180	49	360	52	540	44
524	1160.0	45.4		45.3		1260	47	60	53	1140	43	180	48	240	45	600	45
525	1320.0	35.6		35.2		1320	36	0	0	1260	32	360	30	480	40	540	43
526	1040.0	27.1		26.6		960	25	60	23	1140	25	240	25	300	36	420	33
527	500.0	13.6		11.7		840	17	60	18	360	10	0	0	240	6	0	0
528	720.0	17.5		17.1		600	14	120	22	780	19	180	20	300	17	180	18
529	800.0	20.9		20.7		840	20	60	24	660	22	300	25	120	16	420	19
530	1080.0	41.6		41.1		1080	43	60	43	1020	42	240	35	420	48	420	34
531	1380.0	53.8		53.7		1380	57	60	62	1380	52	180	53	720	53	420	50
532	1360.0	62.1		62.0		1380	64	180	66	1260	61	360	65	240	61	660	58
533	1300.0	61.6		61.5		1680	64	60	63	1020	62	300	60	480	57	360	57
534	1440.0	60.2		60.2		1680	60	60	62	1740	61	0	0	360	60	480	58
535	1460.0	55.7		55.6		1560	57	60	61	1380	56	120	60	720	54	540	52
536	1480.0	48.4		48.4		1740	50	120	43	1620	48	120	46	600	47	240	47
537	1400.0	52.9		52.7		1620	57	120	50	1560	52	60	46	240	47	600	48
538	1540.0	46.3		46.2		1620	48	120	47	1800	44	60	42	300	47	720	48
539	1400.0	49.4		49.3		1680	51	60	54	1080	46	300	52	360	50	720	49
540	1320.0	39.8		39.8		1320	39	60	39	1320	40	300	39	360	43	600	40
541	1200.0	34.1		34.0		1260	35	60	38	1260	32	120	36	480	34	420	37
542	1180.0	25.8		25.8		1380	26	60	26	1320	26	120	27	180	24	480	25
543	1180.0	30.3		29.7		1320	34	0	0	1020	30	240	34	480	25	480	24
544	1280.0	37.1		36.8		1560	40	0	0	1260	37	120	34	420	33	480	32
545	1300.0	36.2		36.0		1380	40	120	39	1380	34	180	34	360	35	480	33
546	1280.0	34.7		34.7		1200	36	180	37	1200	34	300	35	480	33	480	34
547	1360.0	43.3		43.2		1380	45	120	49	1380	41	180	49	480	42	540	43
548	1340.0	50.6		50.5		1560	51	60	63	1200	51	240	51	420	49	540	48
549	1240.0	50.2		49.5		1500	54	60	60	1320	51	120	53	180	41	540	39
550	1340.0	48.0		47.7		1560	51	120	53	1080	47	240	46	360	50	660	41
551	1340.0	53.5		53.3		1500	57	0	0	1200	51	240	46	540	54	540	52
552	1460.0	52.0		51.8		1500	56	120	56	1500	50	180	50	600	51	480	47
553	1420.0	42.8		42.7		1200	43	120	40	1380	42	300	43	720	44	540	43
554	1320.0	33.1		32.7		1320	29	0	0	1380	33	120	35	780	38	360	37
555	1120.0	27.2		27.2		1200	27	0	0	1020	27	240	26	420	27	480	29
556	620.0	13.5		12.9		840	15	60	15	480	12	180	12	60	5	240	14
557	660.0	13.8		13.7		900	13	60	14	540	13	60	16	0	0	420	16
558	480.0	10.2		8.3		420	5	0	0	360	9	240	11	360	15	60	21
559	120.0	9.0		9.0		240	9	0	0	120	9	0	0	0	0	0	0
560	340.0	10.0		8.8		360	12	0	0	360	11	60	12	240	5	0	0
561	220.0	6.5		6.3		480	7	0	0	180	5	0	0	0	0	0	0
562	60.0	28.7		7.3		60	5	0	0	60	5	0	0	0	0	60	76
563	660.0	26.2		25.1		660	29	0	0	780	27	60	39	360	17	120	27
564	1060.0	51.5		50.7		1380	56	0	0	1140	52	120	52	0	0	540	39
565	1420.0	58.1		58.0		1440	61	120	59	1440	56	300	54	480	58	480	58
566	1160.0	59.6		59.6		1380	61	60	60	1020	60	180	56	360	57	480	58
567	1460.0	55.5		55.5		1320	57	240	56	1740	54	60	53	660	56	360	57
568	1540.0	55.9		55.8		1800	56	0	0	1500	57	120	67	720	54	480	52
569	1220.0	52.5		52.1		1140	58	180	52	1320	49	300	58	300	49	420	47
570	960.0	99.0		98.0		1020	108	60	97	1320	98	0	0	60	101	420	80
571	780.0	109.4		107.6		660	124	0	0	720	117	120	94	240	103	600	90
572	880.0	103.5		102.3		840	118	0	0	900	101	180	108	180	94	540	87
573	820.0	101.3		99.7		840	115	0	0	840	102	120	94	240	88	420	82
574	620.0	108.8		106.6		420	119	0	0	780	113	60	92	300	117	300	79
575	1400.0	97.3		96.8		1860	103	60	99	1380	96	120	85	180	104	600	83
576	1340.0	96.4		95.8		1500	103	120	109	1380	96	180	92	300	87	540	83
577	1400.0	92.4		92.1		1560	98	120	104	1620	90	120	91	360	87	420	83
578	1360.0	91.9		91.9		1980	93	0	0	1200	90	180	94	420	94	300	88
579	1240.0	94.5		94.1		1380	102	0	0	1440	92	120	83	300	92	480	85
580	1180.0	100.2		99.5		1440	108	60	112	1200	99	120	99	120	96	600	84
581	1180.0	100.8		99.7		1440	108	60	118	960	103	300	102	240	90	540	80
582	1180.0	96.6		96.1		1380	104	180	102	1200	94	120	91	120	88	540	85
583	1400.0	92.8		92.7		1440	95	120	99	1500	94	240	96	240	85	660	86
584	1300.0	92.1		92.0		1680	95	0	0	1680	91	60	90	180	85	300	87
585	1320.0	90.4		90.0		1740	96	0	0	1080	88	300	92	240	80	600	82
586	1200.0	80.7		80.5		1500	83	0	0	1200	76	120	73	480	85	300	84
587	1340.0	62.8		62.6		1620	59	60	61	1020	64	600	67	120	78	600	64
588	1360.0	43.9		43.7		1560	41	120	35	1320	45	240	47	480	49	360	47
589	760.0	25.7		25.4		780	29	60	31	900	24	60	26	60	20	420	23
590	160.0	6.0		5.8		180	5	0	0	240	7	0	0	60	5	0	0
591	220.0	5.4		5.3		300	5	0	0	240	6	0	0	120	5	0	0
592	400.0	6.0		5.7		600	5	0	0	300	8	60	11	240	5	0	0
593	280.0	5.4		5.4		360	6	0	0	300	5	0	0	180	5	0	0
594	360.0	5.0		5.0		540	5	0	0	480	5	0	0	60	5	0	0
595	620.0	16.8		16.3		660	19	60	26	720	16	0	0	180	11	240	15
596	1040.0	46.7		46.3		1380	49	0	0	1020	47	240	49	120	39	360	38
597	1160.0	54.6		54.3		1320	59	60	54	1080	55	60	57	540	49	420	47
598	1260.0	59.1		58.7		1200	65	120	64	1500	58	180	57	300	57	480	49
599	1380.0	58.6		58.5		1620	61	60	62	1500	58	180	53	180	58	600	55
600	1320.0	51.3		51.2		1440	51	0	0	1620	50	60	49	360	56	480	53
601	1200.0	54.3		54.3		1440	55	180	55	1080	55	120	56	300	53	480	51
602	1380.0	50.0		50.0		1680	49	60	53	1380	50	120	53	240	50	660	52
603	1320.0	48.8		48.8		1500	47	180	47	1200	49	240	51	360	51	480	52
604	1200.0	36.2		35.7		1440	34	60	25	1320	35	120	31	300	44	360	47
605	1160.0	30.4		28.1		1320	21	60	22	1200	34	180	31	120	47	600	41
606	680.0	31.9		22.5		60	5	0	0	780	17	240	18	600	48	360	51
607	720.0	19.6		16.3		540	9	120	12	540	23	180	22	420	27	360	23
608	660.0	11.4		10.5		660	12	60	5	540	8	180	16	300	11	240	16
609	580.0	15.7		14.4		540	18	180	24	480	12	120	23	180	9	240	13
610	660.0	20.3		19.5		840	25	60	20	660	17	60	23	60	16	300	15
611	480.0	16.2		9.8		900	23	0	0	480	5	0	0	60	5	0	0
612	400.0	8.6		7.7		240	8	60	20	480	9	60	11	300	5	60	12
613	220.0	5.4		5.3		120	7	0	0	360	5	0	0	180	5	0	0
614	320.0	8.1		7.4		540	9	120	12	300	5	0	0	0	0	0	0
615	760.0	27.3		24.3		660	36	120	30	780	25	180	33	240	11	300	23
616	1000.0	48.5		48.3		1140	48	60	62	900	51	300	47	300	45	300	45
617	1120.0	51.5		51.3		1320	54	0	0	1440	52	0	0	0	0	600	45
618	1100.0	57.9		57.8		1320	59	0	0	1200	58	120	60	240	57	420	54
619	1260.0	53.1		52.8		1440	58	0	0	1320	52	180	50	360	49	480	46
620	1340.0	47.0		46.9		1620	49	180	47	1200	45	180	45	360	47	480	46
621	1380.0	39.2		39.1		1560	41	60	39	1080	38	420	40	300	36	720	38
622	1200.0	34.4		34.3		1380	35	0	0	1320	34	60	32	420	32	420	36
623	980.0	27.8		27.3		900	24	0	0	1140	27	120	24	300	32	480	35
624	800.0	23.9		23.4		900	22	60	25	780	22	180	21	120	35	360	30
625	160.0	7.0		6.3		120	7	120	11	180	5	0	0	60	5	0	0
626	380.0	5.3		5.2		240	5	0	0	600	5	0	0	300	6	0	0
627	300.0	5.0		5.0		480	5	0	0	180	5	0	0	240	5	0	0
628	320.0	5.2		5.2		360	5	0	0	480	5	0	0	120	7	0	0
629	260.0	5.5		5.4		360	6	0	0	240	5	0	0	180	5	0	0
630	800.0	28.7		27.1		840	33	120	26	840	31	60	26	240	15	300	23
631	1140.0	50.6		50.5		1320	53	0	0	1260	49	60	51	420	48	360	50
632	1180.0	61.0		60.9		1320	62	180	63	1020	62	240	62	240	60	540	56
633	1260.0	55.7		55.7		1440	56	120	53	1380	56	60	49	180	57	600	55
634	1260.0	57.3		57.3		1620	58	0	0	1320	58	240	56	120	53	480	55
635	1340.0	56.1		55.9		1440	53	180	54	1320	57	180	51	420	63	480	60
636	1360.0	56.7		56.5		1680	53	120	59	1200	58	240	60	180	65	660	60
637	1360.0	62.1		62.0		1620	62	0	0	1560	60	120	60	240	68	540	66
638	1400.0	66.7		66.5		1680	65	120	60	1380	66	300	68	240	65	480	76
639	1500.0	58.1		57.7		1800	54	0	0	1500	57	180	58	360	67	660	67
640	1380.0	64.0		63.9		1620	63	0	0	1320	63	240	59	480	66	480	71
641	1480.0	63.7		63.7		1980	64	60	67	1440	63	240	64	240	58	480	67
642	1480.0	63.8		63.5		1620	59	120	61	1440	67	120	65	480	69	660	65
643	1380.0	71.9		71.8		1860	74	0	0	1140	69	300	72	180	80	660	69
644	1400.0	74.6		74.0		1800	78	0	0	1020	77	240	84	540	70	600	61
645	1300.0	66.3		66.1		1320	66	120	66	1440	68	180	70	120	75	720	61
646	1180.0	52.2		52.0		1500	49	0	0	1320	53	120	55	360	61	240	53
647	1020.0	36.3		35.1		960	31	60	15	660	39	360	33	360	38	660	44
648	320.0	9.1		6.7		360	5	0	0	360	6	0	0	180	19	60	23
649	260.0	6.7		6.3		180	5	0	0	360	7	120	10	120	5	0	0
650	420.0	5.8		5.6		540	5	0	0	480	7	0	0	240	5	0	0
651	360.0	10.8		9.3		240	9	0	0	540	12	60	26	180	5	60	10
652	520.0	7.4		7.1		780	7	0	0	480	9	60	9	240	5	0	0
653	940.0	39.3		37.1		1020	44	60	38	1200	39	60	42	180	16	300	38
654	1140.0	53.3		52.6		1380	58	60	65	1260	53	120	48	120	42	480	43
655	1120.0	54.6		53.2		1500	61	0	0	1140	55	0	0	180	39	540	41
656	1180.0	57.5		57.1		1380	62	120	61	1260	57	180	49	120	51	480	50
657	1340.0	52.0		51.7		1440	54	60	45	1560	54	0	0	420	44	540	48
658	1320.0	47.2		47.1		1440	50	60	50	1500	46	120	45	180	44	660	45
659	1400.0	53.5		53.0		1680	59	60	60	1380	51	120	51	300	50	660	46
660	1240.0	52.5		52.2		1500	56	0	0	1320	52	120	55	240	46	540	46
661	1300.0	58.3		57.9		1500	63	60	61	1440	57	120	58	120	53	660	51
662	1260.0	51.1		50.8		1380	56	60	48	1260	49	360	53	60	43	660	45
663	1400.0	54.4		54.2		1560	57	60	58	1260	54	420	57	240	46	660	50
664	1500.0	60.0		59.9		1560	63	60	62	1740	59	60	60	300	63	780	55
665	1320.0	49.5		49.5		1380	49	0	0	1440	51	240	50	180	47	720	48
666	1500.0	51.8		51.8		1620	52	120	52	1500	52	300	51	180	52	780	51
667	1440.0	51.9		51.9		1740	51	0	0	1440	52	180	51	360	53	600	54
668	1400.0	44.5		44.3		1500	44	0	0	1620	42	0	0	240	48	840	49
669	1440.0	46.3		45.9		1440	41	120	47	1440	47	120	48	720	52	480	51
670	1440.0	49.0		48.9		1500	50	60	56	1260	47	300	55	840	48	360	48
671	1360.0	54.1		53.7		1560	58	60	56	1560	53	120	61	120	54	660	46
672	1500.0	49.4		49.3		1500	51	120	52	1560	50	240	46	360	48	720	46
673	1300.0	49.5		49.1		1440	53	120	53	1380	48	120	56	240	38	600	47
674	1400.0	53.3		53.2		1740	51	0	0	1680	55	60	53	0	0	720	55
675	1340.0	44.9		43.5		1560	47	60	54	1260	37	360	34	300	58	480	58
676	1340.0	46.7		45.6		1680	39	60	45	1200	49	180	51	240	61	660	56
677	1100.0	67.3		67.3		1200	69	60	74	1320	65	60	77	240	65	420	69
678	1400.0	74.7		74.4		1740	77	60	100	1140	75	240	77	120	72	900	68
679	1180.0	92.2		92.1		1140	96	120	90	1380	91	60	95	300	91	540	88
680	1680.0	92.4		92.0		2100	98	60	96	1860	91	120	92	60	80	840	82
681	1220.0	100.5		100.0		1320	106	0	0	1320	101	180	90	300	105	540	87
682	1160.0	99.7		99.0		1140	106	60	97	1380	103	120	87	120	98	660	85
683	1500.0	93.0		92.5		1860	95	60	114	1500	96	120	100	240	89	720	80
684	1500.0	97.3		96.6		1860	104	0	0	1320	99	240	89	600	84	480	87
685	1360.0	106.3		104.7		1680	119	0	0	1620	103	60	95	120	90	600	84
686	1300.0	106.6		104.4		1440	119	60	112	1380	108	240	109	60	81	720	80
687	1220.0	108.5		107.4		1560	118	0	0	1200	107	240	104	60	115	600	88
688	1060.0	110.2		106.6		1020	133	0	0	1260	110	180	99	0	0	720	81
689	1380.0	108.2		106.2		1560	123	0	0	1320	108	240	102	240	94	780	85
690	1200.0	108.9		107.3		1200	120	60	110	1260	110	240	99	420	108	420	80
691	1480.0	94.0		93.8		2220	98	0	0	1380	92	120	88	60	80	660	87
692	1020.0	117.0		114.9		1320	129	0	0	1140	115	0	0	180	116	420	85
693	1040.0	125.7		121.7		1140	148	0	0	1500	121	0	0	60	102	420	85
694	1080.0	121.5		117.4		1080	146	0	0	1080	123	240	112	240	98	600	88
695	1020.0	131.3		128.9		840	146	0	0	1440	136	60	93	360	120	360	96
696	920.0	134.0		132.0		660	160	0	0	1260	132	0	0	720	119	120	101
697	760.0	127.4		123.7		660	151	0	0	960	128	60	94	300	121	300	87
698	1000.0	128.6		125.4		720	152	0	0	1380	132	120	113	360	118	420	91
699	1000.0	130.7		125.6		1020	158	0	0	1200	131	60	93	60	112	660	93
700	980.0	123.9		120.4		840	143	0	0	1080	133	120	92	420	109	480	91
701	1080.0	128.5		124.8		1020	148	0	0	1380	133	0	0	300	111	540	90
702	920.0	129.7		126.9		660	147	0	0	1500	133	0	0	240	121	360	90
703	1120.0	124.8		121.9		1080	144	0	0	1500	125	60	116	180	112	540	91
704	780.0	132.2		129.0		600	157	0	0	1020	136	60	118	360	109	300	100
705	980.0	148.0		142.8		1200	169	0	0	1020	151	0	0	420	120	300	93
706	860.0	131.4		124.0		900	166	0	0	720	135	240	103	120	114	600	90
707	740.0	135.6		128.4		720	171	0	0	660	138	120	100	360	120	360	88
708	940.0	134.5		128.9		840	167	0	0	1020	131	60	100	420	134	480	90
709	1200.0	136.9		132.1		1320	157	0	0	1380	141	60	110	420	114	420	87
710	1100.0	131.2		127.1		1200	159	0	0	1320	123	120	113	360	108	300	91
711	1120.0	136.1		129.8		1140	168	0	0	1440	133	120	114	60	109	600	90
712	960.0	144.5		139.8		1140	169	0	0	1020	138	0	0	420	131	300	92
713	1040.0	139.1		134.7		1200	161	0	0	1140	138	0	0	300	128	480	94
714	780.0	144.1		138.8		900	168	0	0	840	143	60	116	240	132	300	91
715	1380.0	122.3		118.0		1740	143	0	0	1140	123	120	106	180	111	960	88
716	720.0	131.6		126.2		480	163	0	0	1020	136	120	103	180	131	360	87
717	780.0	140.8		137.1		540	166	0	0	900	145	0	0	720	130	180	87
718	780.0	136.1		133.8		600	159	0	0	1200	136	0	0	300	119	240	101
719	800.0	125.2		122.3		600	149	0	0	840	131	180	109	300	116	480	97
720	1020.0	117.9		113.0		720	146	0	0	1380	125	0	0	60	113	900	85
721	1060.0	133.1		126.9		1140	153	0	0	1200	139	60	112	300	123	480	80
722	860.0	128.8		126.6		720	145	0	0	1260	131	0	0	360	113	240	92
723	1100.0	123.7		119.2		780	150	0	0	1440	129	60	112	240	125	780	88
724	980.0	133.2		128.0		900	159	0	0	1140	135	60	110	300	133	540	89
725	740.0	123.6		118.9		540	150	0	0	780	134	120	101	180	123	600	91
726	780.0	133.9		130.3		660	160	0	0	1020	134	0	0	360	119	300	94
727	1440.0	119.6		116.0		1680	139	0	0	1260	117	180	94	420	123	780	86
728	900.0	127.3		123.7		1020	144	0	0	1080	130	60	92	60	119	480	91
729	1340.0	121.5		118.0		1620	143	0	0	1020	119	420	101	120	124	840	93
730	940.0	129.3		126.0		660	154	0	0	1200	130	120	109	480	129	360	89
731	980.0	136.2		129.7		960	164	0	0	1080	142	0	0	420	114	480	87
732	1300.0	129.8		125.3		1320	152	0	0	1620	132	0	0	180	119	780	90
733	1120.0	125.9		122.3		1140	150	0	0	1320	124	60	87	360	110	480	91
734	920.0	139.0		133.9		1020	165	0	0	1140	135	0	0	180	127	420	92
735	900.0	132.0		126.8		960	159	0	0	1080	129	0	0	180	121	480	89
736	500.0	138.0		130.9		240	183	0	0	600	152	0	0	420	121	240	88
737	940.0	137.6		130.9		780	176	0	0	1080	141	60	103	360	115	540	94
738	860.0	135.7		129.6		540	168	0	0	1080	144	60	101	360	135	540	91
739	480.0	132.2		126.1		120	162	0	0	600	156	60	119	240	126	420	95
740	980.0	129.3		121.8		1080	163	0	0	1080	125	0	0	60	120	720	86
741	740.0	140.7		133.3		600	172	0	0	1080	147	0	0	60	111	480	91
742	900.0	148.8		142.7		960	178	0	0	1140	148	0	0	360	111	240	93
743	840.0	138.9		132.2		840	170	0	0	720	142	180	93	480	128	300	89
744	660.0	143.6		141.1		360	172	0	0	960	144	60	115	480	137	120	96
745	760.0	148.3		141.2		660	173	0	0	1080	157	60	95	120	126	360	93
746	1160.0	143.4		138.0		1500	166	0	0	1260	138	60	99	300	130	360	87
747	740.0	133.8		127.3		540	167	0	0	1020	139	0	0	120	138	540	90
748	1020.0	150.6		146.5		1140	175	0	0	1200	148	60	95	540	123	120	97
749	1060.0	134.8		129.1		1140	160	0	0	1260	137	120	98	120	111	540	90
750	820.0	143.5		137.5		720	174	0	0	1140	142	0	0	240	139	360	90
751	1060.0	140.7		136.8		1380	160	0	0	1260	136	0	0	300	113	240	89
752	1100.0	137.3		130.4		1200	165	0	0	1260	140	60	114	60	120	720	90
753	1100.0	137.4		130.6		1140	165	0	0	1200	143	0	0	360	114	600	88
754	1020.0	144.5		139.2		1080	173	0	0	1140	142	60	98	540	122	240	90
755	960.0	122.3		117.3		780	149	0	0	1140	130	180	107	0	0	780	88
756	820.0	139.1		131.2		960	171	0	0	720	141	60	116	180	114	540	91
757	860.0	149.6		143.5		900	183	0	0	840	147	0	0	660	124	180	89
758	820.0	142.7		138.8		720	174	0	0	900	142	60	102	660	121	120	100
759	800.0	120.2		111.4		540	177	0	0	900	119	0	0	120	128	840	84
760	980.0	150.0		147.3		1200	170	0	0	840	150	60	114	840	124	0	0
761	1260.0	122.0		113.5		1320	158	0	0	1140	123	120	115	0	0	1200	82
762	840.0	142.0		135.3		840	177	0	0	780	144	60	113	480	117	360	94
763	900.0	126.8		121.8		1080	151	0	0	600	125	180	103	360	122	480	87
764	980.0	133.7		128.1		1020	158	0	0	1080	137	60	101	240	127	540	88
765	960.0	133.7		129.9		720	160	0	0	1320	135	60	105	420	125	360	91
766	1480.0	130.6		126.6		1740	149	0	0	1620	130	60	112	300	130	720	89
767	900.0	123.8		116.2		780	165	0	0	900	127	60	95	0	0	960	89
768	620.0	138.0		134.6		180	177	0	0	1080	142	0	0	360	136	240	94
769	1140.0	133.8		128.6		1080	160	0	0	1380	138	60	111	180	115	720	93
770	1220.0	128.6		121.2		1080	158	0	0	1380	135	0	0	420	120	780	81
771	960.0	144.8		140.0		1080	172	0	0	1080	139	0	0	420	126	300	94
772	1040.0	128.7		121.5		960	162	0	0	1140	133	60	109	240	111	720	85
773	840.0	131.9		123.4		780	162	0	0	960	143	60	92	60	107	660	86
774	900.0	136.1		129.0		840	171	0	0	1020	136	0	0	240	130	600	90
775	1080.0	139.9		135.3		960	175	60	117	1440	132	60	107	540	123	180	86
776	780.0	138.6		133.8		480	175	0	0	1080	139	0	0	540	129	240	86
777	820.0	140.0		135.1		600	170	0	0	1020	146	60	108	480	124	300	92
778	960.0	127.2		121.0		840	163	0	0	1140	128	0	0	60	118	840	91
779	1040.0	139.7		134.7		1020	166	0	0	1020	140	60	113	660	129	360	88
780	620.0	133.8		130.6		420	168	0	0	900	130	0	0	240	128	300	102
781	740.0	131.4		123.8		540	167	0	0	720	145	60	96	420	119	480	86
782	800.0	153.0		145.2		840	187	0	0	1080	148	0	0	240	123	240	86
783	780.0	146.2		142.3		600	178	0	0	1080	146	0	0	480	125	180	98
784	940.0	131.6		125.1		660	171	0	0	1200	136	60	105	300	118	600	89
785	740.0	144.7		137.7		480	182	0	0	1140	150	0	0	180	132	420	93
786	740.0	144.4		140.6		600	176	0	0	900	143	0	0	420	131	300	104
787	860.0	133.8		128.4		480	167	0	0	1260	142	0	0	480	114	360	87
788	840.0	149.6		145.9		600	183	0	0	1140	150	0	0	660	128	120	97
789	820.0	139.2		132.9		540	179	0	0	1140	143	120	96	300	127	360	92
790	1080.0	137.5		132.6		1260	161	0	0	1080	136	120	107	360	125	420	90
791	980.0	138.2		133.1		1080	165	0	0	960	139	60	93	540	114	300	92
792	920.0	132.2		126.3		660	170	0	0	1200	134	0	0	360	122	540	89
793	1000.0	152.8		149.3		1140	175	0	0	1140	151	0	0	600	125	120	98
794	640.0	137.4		131.3		360	173	0	0	900	145	60	111	180	141	420	93
795	560.0	132.7		128.0		540	152	0	0	600	141	60	88	300	119	180	85
796	1060.0	139.5		132.9		1200	168	0	0	840	142	120	88	540	126	480	92
797	620.0	136.6		129.9		300	188	0	0	840	144	0	0	300	124	420	94
798	680.0	144.4		137.2		360	194	0	0	1020	150	0	0	300	126	360	94
799	760.0	141.6		133.8		720	180	0	0	780	141	60	114	240	132	480	93
800	940.0	146.9		140.7		780	176	0	0	1200	154	120	104	300	131	420	96
801	800.0	140.1		132.6		660	176	0	0	1080	141	0	0	180	139	480	89
802	760.0	148.0		144.2		480	180	0	0	1080	152	0	0	600	126	120	94
803	520.0	139.0		134.8		180	167	0	0	720	152	0	0	420	130	240	95
804	1040.0	136.4		129.5		1080	167	0	0	1080	140	120	94	300	114	540	90
805	960.0	141.4		134.8		960	179	0	0	1200	135	60	116	240	110	420	95
806	800.0	136.1		131.0		660	169	0	0	960	137	0	0	480	118	300	90
807	780.0	151.1		145.7		540	176	0	0	1200	158	60	91	420	127	120	84
808	860.0	139.0		132.5		720	164	0	0	1080	146	60	111	240	142	480	88
809	780.0	135.7		130.9		660	154	0	0	1020	147	60	91	180	115	420	95
810	600.0	144.6		138.7		300	172	0	0	840	154	0	0	420	139	240	87
811	920.0	150.7		142.3		900	188	0	0	1020	152	0	0	420	126	420	92
812	720.0	141.8		135.1		600	175	0	0	840	145	0	0	420	128	300	86
813	760.0	145.8		141.0		660	173	0	0	900	152	60	115	420	122	240	97
814	800.0	152.0		146.6		720	178	0	0	1020	155	0	0	420	135	240	91
815	820.0	131.7		126.1		780	151	0	0	840	144	120	95	180	137	540	91
816	700.0	131.0		126.5		540	157	0	0	900	136	60	104	240	122	360	90
817	960.0	135.8		128.3		780	176	0	0	1200	139	60	105	300	107	540	90
818	880.0	144.3		140.5		780	164	0	0	1200	150	0	0	540	116	120	87
819	880.0	136.7		129.6		720	173	0	0	960	144	60	113	360	117	540	91
820	720.0	146.3		139.8		540	180	0	0	1080	150	0	0	240	123	300	91
821	880.0	143.0		134.8		780	183	0	0	1140	142	60	92	300	120	360	87
822	820.0	141.0		137.9		480	171	0	0	1260	143	0	0	480	128	240	97
823	640.0	125.3		116.8		360	165	0	0	540	152	240	100	120	136	660	89
824	580.0	129.8		120.2		360	183	0	0	540	146	120	104	120	122	600	90
825	660.0	139.8		131.7		420	180	0	0	900	149	0	0	180	130	480	91
826	900.0	140.8		130.6		780	176	0	0	1020	151	0	0	300	128	600	84
827	740.0	145.4		139.4		600	185	0	0	1080	142	0	0	360	117	180	90
828	700.0	130.8		123.6		360	176	0	0	900	143	60	107	240	115	540	90
829	660.0	133.4		128.6		600	166	0	0	780	131	0	0	300	114	300	94
830	1100.0	126.9		123.5		1200	146	0	0	1320	124	0	0	240	130	540	90
831	960.0	129.9		122.1		720	171	0	0	1140	135	0	0	240	122	780	87
832	860.0	139.0		133.6		780	169	0	0	1140	137	0	0	300	129	360	89
833	720.0	124.0		119.3		480	154	0	0	660	134	180	94	300	128	540	93
834	980.0	131.6		125.1		660	166	0	0	1260	138	60	118	240	134	720	89
835	680.0	133.9		128.0		540	165	0	0	780	140	60	103	240	127	420	91
836	500.0	137.9		132.1		240	180	0	0	660	147	0	0	300	128	300	94
837	1080.0	130.4		125.5		1320	153	0	0	720	128	240	101	420	132	540	90
838	840.0	147.3		143.2		720	178	0	0	1200	144	0	0	360	130	240	98
839	940.0	127.6		124.1		780	151	0	0	1260	130	180	104	180	119	420	91
840	980.0	137.9		133.4		1020	166	0	0	1140	134	60	109	480	115	240	90
841	1100.0	134.5		129.0		1140	162	0	0	1140	135	0	0	420	122	600	90
842	600.0	134.4		129.3		300	171	0	0	840	142	0	0	300	126	360	93
843	660.0	140.3		134.8		480	173	0	0	900	146	0	0	300	116	300	95
844	740.0	130.2		122.3		480	182	0	0	960	130	0	0	180	130	600	89
845	740.0	144.8		137.8		720	177	0	0	900	145	0	0	240	128	360	91
846	860.0	146.0		141.5		1080	168	0	0	960	139	60	96	300	133	180	89
847	1000.0	138.6		133.5		840	167	0	0	1140	140	60	91	480	136	480	94
848	820.0	132.8		124.9		720	172	0	0	840	140	180	102	240	93	480	93
849	820.0	137.0		130.6		660	178	0	0	900	137	0	0	480	120	420	92
850	760.0	147.8		144.7		720	170	0	0	1020	145	0	0	420	133	120	90
851	660.0	120.2		114.0		300	159	0	0	720	138	60	97	60	146	840	91
852	780.0	152.5		148.6		720	179	0	0	840	151	0	0	660	137	120	89
853	780.0	131.6		123.5		840	167	0	0	480	130	60	102	300	135	660	89
854	980.0	137.8		130.6		720	167	0	0	1140	150	120	103	420	130	540	87
855	800.0	139.6		133.0		480	172	0	0	1020	152	0	0	480	124	420	90
856	760.0	143.4		138.6		480	184	0	0	1200	143	0	0	360	122	240	96
857	1100.0	134.8		129.0		1260	160	0	0	1020	138	180	99	300	120	540	90
858	840.0	132.9		126.3		600	169	0	0	1140	139	60	114	120	119	600	90
859	860.0	138.2		132.1		720	175	0	0	1080	136	0	0	300	130	480	93
860	780.0	136.6		132.1		180	191	0	0	1440	144	60	119	300	123	360	94
861	1040.0	141.3		135.1		840	174	0	0	1320	145	0	0	540	123	420	88
862	600.0	141.4		133.5		360	183	0	0	840	149	0	0	240	131	360	89
863	960.0	134.1		126.9		960	169	0	0	960	136	60	83	300	111	600	92
864	840.0	138.4		134.4		720	166	0	0	1320	136	0	0	180	121	300	93
865	920.0	136.6		127.8		720	182	0	0	1200	137	0	0	180	131	660	88
866	760.0	136.5		131.9		300	178	0	0	1200	144	0	0	420	121	360	95
867	880.0	139.1		133.0		660	173	0	0	1200	142	60	90	300	130	420	91
868	480.0	133.1		128.4		120	189	0	0	540	149	0	0	600	120	180	92
869	760.0	137.6		127.2		600	186	0	0	780	144	120	91	240	131	540	88
870	900.0	145.8		139.5		960	179	0	0	900	142	0	0	600	121	240	89
871	800.0	136.5		128.7		600	175	0	0	1080	143	0	0	120	112	600	91
872	820.0	147.7		141.7		840	173	0	0	1020	151	0	0	300	122	300	91
873	800.0	130.4		126.2		600	160	0	0	900	132	60	104	480	124	360	90
874	1020.0	128.8		122.2		840	163	0	0	1260	134	60	117	240	94	660	89
875	760.0	146.0		138.9		540	185	0	0	1020	149	120	97	360	134	240	88
876	780.0	143.1		138.3		540	175	0	0	1080	149	60	114	240	126	420	101
877	720.0	152.4		146.0		540	195	0	0	900	152	0	0	600	128	120	85
878	660.0	146.6		141.1		420	177	0	0	960	154	0	0	360	128	240	92
879	840.0	127.9		119.2		480	177	0	0	960	140	180	98	120	139	780	88
880	660.0	137.9		131.1		540	177	0	0	960	136	0	0	120	121	360	90
881	920.0	134.9		130.9		780	165	0	0	1140	132	0	0	540	122	300	91
882	1040.0	128.2		122.9		1020	155	0	0	1320	129	60	106	60	119	660	88
883	420.0	120.5		116.2		0	0	0	0	600	141	0	0	300	116	360	90
884	800.0	141.0		130.9		600	187	0	0	1020	147	0	0	120	140	660	90
885	740.0	141.1		136.4		660	168	0	0	1140	139	0	0	120	136	300	92
886	920.0	134.0		129.7		720	163	0	0	1200	135	0	0	480	122	360	89
887	880.0	139.6		134.5		600	178	0	0	1140	143	0	0	480	120	420	98
888	800.0	145.8		135.9		780	182	0	0	960	150	0	0	120	132	540	89
889	920.0	131.1		123.8		720	172	0	0	1020	135	60	104	240	122	720	90
890	780.0	142.8		136.4		480	181	0	0	1140	148	0	0	420	124	300	88
891	760.0	139.4		132.7		600	175	0	0	960	142	0	0	300	129	420	90
892	620.0	128.4		122.4		420	170	0	0	780	132	0	0	120	119	540	93
893	920.0	139.8		131.6		900	170	0	0	900	151	120	89	360	121	480	89
894	780.0	129.9		124.3		600	153	0	0	1020	140	60	91	240	116	420	86
895	700.0	133.5		126.8		540	162	0	0	840	146	0	0	180	117	540	91
896	540.0	150.0		144.0		240	191	0	0	660	161	0	0	540	138	180	91
897	620.0	148.7		144.8		480	182	0	0	780	144	0	0	480	137	120	93
898	1060.0	124.9		120.1		1140	147	0	0	960	125	180	94	360	130	540	85
899	720.0	144.1		135.6		660	187	0	0	900	141	60	87	240	118	300	91
900	900.0	135.3		127.3		780	176	0	0	1020	137	0	0	360	115	540	87
901	540.0	139.4		134.4		360	168	0	0	780	143	0	0	240	134	240	90
902	820.0	141.4		137.0		240	186	0	0	1320	152	0	0	660	121	240	95
903	1140.0	124.4		118.9		1260	150	0	0	1020	128	360	93	180	116	600	86
904	800.0	134.3		128.6		780	161	0	0	840	141	120	99	180	121	480	93
905	600.0	138.2		130.1		360	176	0	0	660	152	0	0	300	138	480	91
906	740.0	118.8		111.4		480	169	0	0	600	130	240	101	120	97	780	88
907	940.0	145.2		141.0		1140	158	0	0	1140	151	0	0	240	126	300	90
908	720.0	138.4		133.4		600	169	0	0	960	139	0	0	240	126	360	94
909	840.0	140.0		134.8		660	172	0	0	1260	140	0	0	120	139	480	96
910	540.0	147.1		142.9		300	184	0	0	660	150	0	0	480	139	180	97
911	780.0	149.3		144.0		720	185	0	0	960	142	0	0	480	132	180	92
912	740.0	143.1		138.1		240	180	0	0	1200	155	0	0	480	125	300	95
913	860.0	136.9		132.3		900	158	0	0	1080	140	0	0	180	118	420	92
914	800.0	132.9		126.1		720	167	0	0	780	138	60	119	240	122	600	91
915	1120.0	151.4		146.2		1080	181	0	0	1500	149	0	0	480	129	300	93
916	600.0	142.3		136.5		300	188	0	0	960	148	0	0	360	113	180	94
917	680.0	141.4		136.1		360	181	0	0	1080	145	0	0	360	126	240	89
918	580.0	141.0		136.9		180	170	0	0	780	153	0	0	540	135	240	94
919	800.0	146.3		138.1		720	187	0	0	1020	145	60	90	240	125	360	92
920	560.0	160.4		153.5		300	202	0	0	960	166	0	0	240	136	180	94
921	700.0	139.8		136.0		360	185	0	0	1020	140	0	0	540	123	180	99
922	880.0	141.6		135.7		780	170	0	0	1200	145	0	0	180	126	480	93
923	600.0	138.5		129.7		480	186	0	0	540	144	120	100	240	128	420	94
924	720.0	146.4		142.2		480	178	0	0	1020	146	0	0	480	137	180	90
925	660.0	142.5		137.6		300	190	0	0	960	145	0	0	540	129	180	90
926	640.0	140.9		132.7		360	176	0	0	720	162	0	0	480	122	360	89
927	880.0	138.7		132.3		780	174	0	0	1260	135	0	0	180	127	420	89
928	900.0	143.2		134.5		780	186	0	0	960	147	60	105	420	120	480	91
929	520.0	133.0		128.0		120	183	0	0	840	147	0	0	300	109	300	98
930	600.0	142.1		132.7		480	178	0	0	720	155	0	0	120	126	480	91
931	500.0	141.7		136.3		360	180	0	0	720	142	0	0	300	116	120	89
932	1020.0	148.9		142.6		1140	177	0	0	1140	149	0	0	480	118	300	91
933	680.0	140.4		132.1		540	175	0	0	780	151	120	88	240	128	360	91
934	960.0	148.4		140.7		960	185	0	0	1260	144	0	0	180	131	480	93
935	780.0	149.5		144.6		660	182	0	0	900	148	0	0	600	134	180	90
936	700.0	134.9		126.5		480	184	0	0	960	137	0	0	180	118	480	88
937	520.0	149.9		145.7		300	196	0	0	540	151	0	0	600	135	120	104
938	820.0	137.2		128.5		600	183	0	0	1080	141	0	0	180	123	600	89
939	740.0	146.4		140.9		660	185	0	0	1020	140	0	0	300	122	240	98
940	640.0	141.4		136.6		420	173	0	0	1080	142	0	0	240	126	180	85
941	740.0	136.8		132.6		480	152	0	0	1020	146	60	101	420	132	240	85
942	800.0	133.2		127.0		660	164	0	0	1140	135	60	95	60	151	480	89
943	880.0	128.0		122.2		1020	153	0	0	900	130	60	101	180	95	480	87
944	740.0	132.4		127.5		480	153	0	0	900	141	60	92	480	131	300	84
945	420.0	128.0		125.8		120	154	0	0	660	136	0	0	420	114	60	86
946	760.0	124.8		120.7		420	151	0	0	1080	130	0	0	420	121	360	83
947	880.0	125.2		121.1		1020	144	0	0	960	127	60	107	60	128	540	88
948	900.0	121.1		118.1		900	141	0	0	1260	120	60	100	120	97	360	87
949	720.0	113.9		111.5		480	138	0	0	960	116	0	0	180	107	540	91
950	720.0	112.5		111.8		360	130	0	0	900	113	240	106	600	106	60	91
951	820.0	105.3		103.4		480	127	0	0	780	112	180	100	420	95	600	88
952	620.0	118.1		116.3		300	142	0	0	1080	120	0	0	360	102	120	89
953	620.0	115.8		115.1		480	126	0	0	900	117	0	0	420	102	60	112
954	700.0	111.7		109.9		480	133	0	0	780	113	120	110	480	101	240	87
955	780.0	113.5		111.4		540	134	0	0	1020	116	60	102	240	109	480	89
956	860.0	127.9		125.8		960	145	0	0	960	126	60	119	360	111	240	95
957	600.0	133.3		128.2		600	164	0	0	780	129	0	0	240	102	180	91
958	860.0	120.3		116.8		840	145	0	0	1020	119	0	0	180	104	540	90
959	840.0	124.3		119.6		600	155	0	0	1140	128	0	0	180	116	600	89
960	760.0	136.0		129.0		660	178	0	0	840	134	60	103	360	114	360	91
961	840.0	124.9		118.4		660	167	0	0	840	127	180	93	300	108	540	90
962	760.0	131.8		128.0		540	151	0	0	900	134	0	0	480	138	360	89
963	480.0	135.6		131.5		120	183	0	0	540	148	0	0	660	126	120	85
964	860.0	125.0		120.5		780	155	0	0	1140	123	0	0	180	98	480	91
965	780.0	133.3		126.1		660	173	0	0	1080	132	60	105	60	102	480	89
966	960.0	129.7		125.4		1020	153	0	0	1140	130	120	114	60	98	540	92
967	1040.0	130.9		126.3		1020	157	0	0	1500	129	0	0	120	85	480	93
968	840.0	133.7		130.3		900	152	0	0	1200	132	0	0	60	145	360	92
969	940.0	122.2		117.9		1080	142	0	0	720	130	120	94	180	120	720	90
970	860.0	139.3		135.3		840	166	0	0	1140	137	60	102	360	114	180	93
971	600.0	134.3		128.5		480	175	0	0	660	133	120	106	360	115	180	88
972	1080.0	133.4		128.2		1140	157	0	0	1140	139	180	100	300	112	480	90
973	860.0	131.5		122.8		720	168	0	0	1020	141	60	89	60	95	720	88
974	560.0	144.3		139.5		360	176	0	0	720	153	0	0	420	123	180	96
975	800.0	122.8		116.8		360	154	0	0	1020	135	0	0	180	149	840	89
976	740.0	132.9		128.6		660	155	0	0	960	136	0	0	240	126	360	89
977	600.0	137.8		132.6		240	187	0	0	900	143	60	115	360	127	240	91
978	780.0	139.4		134.3		660	172	0	0	1140	137	0	0	120	134	420	96
979	820.0	142.3		138.3		840	165	0	0	1080	143	60	116	360	109	120	91
980	700.0	136.8		129.9		420	166	0	0	1020	147	0	0	180	138	480	89
981	940.0	126.0		121.1		1080	152	0	0	840	124	240	93	180	120	480	90
982	620.0	144.3		139.9		480	178	0	0	600	146	0	0	600	130	180	96
983	500.0	136.1		131.2		360	158	0	0	660	142	60	101	180	144	240	90
984	1060.0	137.3		131.6		840	160	0	0	1500	146	0	0	240	122	600	90
985	980.0	138.6		133.5		840	166	0	0	1260	142	0	0	420	121	420	91
986	400.0	151.9		147.5		240	189	0	0	600	157	0	0	240	123	120	110
987	720.0	140.5		132.9		600	178	0	0	720	147	60	90	480	123	300	88
988	700.0	131.7		124.8		660	165	0	0	900	132	60	112	120	84	360	89
989	720.0	139.6		135.0		600	170	0	0	900	142	0	0	180	126	480	102
990	960.0	130.7		125.5		900	162	0	0	1200	129	120	106	120	117	540	91
991	620.0	136.7		130.8		300	178	0	0	1020	143	0	0	120	129	420	94
992	900.0	143.1		135.2		900	183	0	0	1020	139	0	0	360	116	420	91
993	740.0	138.1		130.9		780	170	0	0	900	137	0	0	180	108	360	87
994	780.0	137.5		129.6		480	174	0	0	840	154	60	102	360	132	600	92
995	1120.0	145.5		140.9		1320	167	0	0	1200	144	0	0	480	130	360	92
996	640.0	131.9		125.9		300	174	0	0	900	141	0	0	300	121	420	90
997	600.0	149.7		140.8		540	194	0	0	780	149	0	0	240	107	240	95
998	660.0	149.4		143.2		480	195	0	0	840	150	0	0	540	120	120	95
999	720.0	138.6		133.5		300	177	0	0	1140	145	0	0	360	133	360	92
1000	980.0	136.3		131.7		1080	160	0	0	1140	134	0	0	360	121	360	88
1001	480.0	125.3		120.7		180	180	0	0	720	127	0	0	240	122	300	91
1002	500.0	141.0		135.3		300	176	0	0	720	149	0	0	240	120	240	94
1003	760.0	136.5		130.7		540	169	0	0	1020	141	0	0	300	128	420	90
1004	740.0	133.6		128.8		420	161	0	0	1020	144	0	0	300	123	480	94
1005	1000.0	136.2		129.8		900	167	0	0	1320	137	0	0	180	134	600	89
1006	740.0	143.9		136.9		600	176	0	0	900	151	60	90	300	130	360	93
1007	620.0	138.0		132.0		480	171	0	0	1020	138	0	0	60	123	300	88
1008	880.0	136.5		130.5		900	169	0	0	900	134	60	114	360	118	420	91
1009	780.0	142.5		134.4		720	174	0	0	720	154	120	98	420	128	360	88
1010	720.0	143.4		136.5		780	170	0	0	780	148	0	0	300	119	300	87
1011	720.0	147.8		143.0		420	184	0	0	1020	153	0	0	540	128	180	93
1012	780.0	147.0		140.8		660	184	0	0	1080	145	0	0	240	131	360	96
1013	820.0	141.2		134.6		600	165	0	0	1020	155	60	116	300	132	480	91
1014	960.0	135.7		130.5		780	167	0	0	1140	137	120	95	480	126	360	90
1015	660.0	136.8		130.1		360	179	0	0	960	142	60	101	240	133	360	89
1016	1000.0	137.5		132.1		1080	161	0	0	1200	139	0	0	240	121	480	89
1017	520.0	140.4		136.8		360	167	0	0	780	143	0	0	300	122	120	90
1018	660.0	144.7		140.2		420	180	0	0	900	147	60	105	480	129	120	87
1019	500.0	136.4		129.7		300	174	0	0	480	155	0	0	480	117	240	91
1020	1020.0	137.9		133.5		840	164	0	0	1500	141	0	0	240	111	480	96
1021	1040.0	144.9		139.3		1140	171	0	0	1200	144	0	0	300	131	480	94
1022	760.0	135.8		128.0		480	180	0	0	900	145	60	91	420	120	420	88
1023	780.0	134.1		128.8		540	170	0	0	840	139	0	0	480	125	480	94
1024	760.0	147.1		140.7		480	181	0	0	1020	155	0	0	480	132	300	90
1025	700.0	140.2		133.1		540	177	0	0	840	148	60	119	120	130	540	96
1026	640.0	157.3		153.0		540	186	0	0	840	158	0	0	420	137	120	95
1027	860.0	143.3		136.1		540	181	0	0	1260	151	60	109	240	129	480	92
1028	880.0	132.9		127.4		780	167	0	0	1140	131	0	0	120	124	600	94
1029	600.0	139.0		130.9		360	185	0	0	840	142	0	0	180	147	420	90
1030	1000.0	148.0		142.3		1080	177	0	0	960	149	60	91	720	122	180	91
1031	1000.0	145.9		140.3		780	186	0	0	1260	143	0	0	660	128	300	93
1032	780.0	145.7		142.0		840	165	0	0	780	147	0	0	480	135	240	95
1033	840.0	143.3		134.0		900	176	0	0	840	148	180	100	180	135	420	86
1034	920.0	144.1		138.9		780	174	0	0	1260	145	0	0	480	121	240	88
1035	780.0	139.7		131.8		540	186	0	0	1020	144	0	0	420	113	360	89
1036	720.0	159.5		153.0		540	203	0	0	1020	160	0	0	420	128	180	100
1037	940.0	140.6		135.1		780	170	0	0	1080	146	0	0	480	127	480	94
1038	960.0	129.6		124.0		960	154	0	0	1020	136	0	0	180	121	720	90
1039	980.0	139.7		135.3		840	165	0	0	1320	143	60	92	300	124	420	97
1040	760.0	147.0		138.0		660	192	0	0	900	146	0	0	360	125	360	89
1041	480.0	133.3		127.6		240	178	0	0	540	146	0	0	420	114	240	94
1042	840.0	148.3		138.0		840	189	0	0	840	151	60	99	300	130	480	90
1043	700.0	135.6		128.4		540	169	0	0	780	144	0	0	300	128	480	89
1044	700.0	141.7		137.8		420	176	0	0	1080	144	0	0	360	123	240	99
1045	780.0	147.7		139.6		660	189	0	0	960	145	0	0	360	138	360	89
1046	860.0	150.3		142.0		720	182	0	0	1140	154	0	0	300	147	420	88
1047	660.0	159.9		153.2		480	187	0	0	900	166	0	0	360	153	240	93
1048	440.0	142.0		136.4		60	208	0	0	600	158	0	0	420	136	240	96
1049	760.0	149.1		142.1		540	199	0	0	1260	144	0	0	180	124	300	96
1050	580.0	145.2		140.0		300	192	0	0	660	153	0	0	660	126	120	91
1051	1180.0	133.6		129.3		1200	149	0	0	1320	143	180	96	360	125	480	90
1052	720.0	136.6		129.2		660	167	0	0	660	147	0	0	360	125	480	89
1053	460.0	138.7		130.4		240	188	0	0	720	148	60	93	60	99	300	94
1054	1080.0	126.8		121.4		1140	148	0	0	1140	132	120	99	180	132	660	85
1055	840.0	150.3		145.3		720	180	0	0	1140	152	0	0	480	124	180	91
1056	1060.0	136.3		131.4		1080	164	0	0	1380	134	0	0	120	120	600	95
1057	820.0	127.7		121.5		540	166	0	0	1140	134	60	91	180	92	540	92
1058	780.0	143.8		137.9		540	181	0	0	1140	147	0	0	300	123	360	95
1059	600.0	152.3		145.5		360	203	0	0	900	156	0	0	360	117	180	103
1060	740.0	133.2		128.1		720	151	0	0	660	152	60	109	360	114	420	93
1061	1020.0	148.0		144.6		1020	172	0	0	1380	146	0	0	480	121	180	99
1062	1120.0	136.5		129.6		1260	166	0	0	1200	137	0	0	180	108	720	91
1063	1160.0	141.0		134.5		1260	168	0	0	1380	143	0	0	300	110	540	90
1064	860.0	144.0		136.8		900	177	0	0	960	144	0	0	300	118	420	92
1065	1020.0	140.4		133.9		1020	167	0	0	1320	144	0	0	120	122	600	91
1066	540.0	140.6		134.5		360	182	0	0	600	149	0	0	480	117	180	93
1067	960.0	144.3		134.6		780	190	0	0	1140	149	0	0	360	121	600	90
1068	940.0	135.2		128.0		660	173	0	0	1080	144	0	0	360	128	720	91
1069	740.0	150.0		140.3		780	192	0	0	840	142	0	0	240	133	360	89
1070	940.0	140.0		133.0		960	164	0	0	1020	147	120	94	300	133	420	86
1071	660.0	143.9		137.1		600	178	0	0	720	147	0	0	360	125	300	91
1072	640.0	146.6		140.8		360	191	0	0	900	152	0	0	420	126	240	96
1073	680.0	146.7		140.8		600	176	0	0	900	150	0	0	300	123	240	91
1074	1060.0	144.5		140.0		1020	172	0	0	1380	143	0	0	420	123	360	97
1075	740.0	153.8		146.8		780	194	0	0	900	142	0	0	420	123	120	89
1076	1240.0	138.7		133.7		1380	164	0	0	1320	139	0	0	540	115	480	92
1077	560.0	150.1		142.9		420	176	0	0	900	157	0	0	120	132	240	88
1078	880.0	135.5		124.2		720	183	0	0	1080	142	60	94	0	0	780	86
1079	580.0	142.5		136.9		420	170	0	0	780	147	0	0	300	136	240	88
1080	940.0	139.3		134.1		840	169	0	0	1080	139	120	107	420	131	360	91
1081	620.0	153.1		150.5		540	178	0	0	720	150	0	0	540	139	60	94
1082	1100.0	142.6		135.4		1020	177	0	0	1500	138	0	0	180	158	600	91
1083	760.0	134.6		129.4		480	166	0	0	960	139	0	0	420	133	420	90
1084	660.0	135.7		130.1		600	168	0	0	900	134	60	112	60	123	360	92
1085	940.0	152.2		144.5		780	194	0	0	1200	152	60	92	540	127	240	89
1086	800.0	152.2		148.4		720	181	0	0	1080	151	0	0	540	123	60	92
1087	700.0	133.3		127.1		480	178	0	0	840	135	60	91	420	115	300	91
1088	640.0	146.0		138.5		420	181	0	0	900	154	0	0	300	131	300	88
1089	560.0	138.1		128.3		240	204	0	0	840	149	60	93	60	127	480	93
1090	1140.0	137.7		134.4		1680	153	0	0	1020	130	0	0	420	131	300	88
1091	780.0	135.2		128.7		480	171	0	0	1140	143	0	0	180	123	540	91
1092	880.0	144.6		137.0		900	176	0	0	1080	147	0	0	240	112	420	90
1093	560.0	134.8		125.1		420	183	0	0	660	143	0	0	0	0	600	92
1094	820.0	149.3		141.4		780	183	0	0	960	152	0	0	300	133	420	92
1095	900.0	135.1		129.1		780	169	0	0	1200	136	0	0	240	109	480	91
1096	560.0	140.3		134.5		540	167	0	0	600	145	0	0	240	129	300	92
1097	700.0	129.2		125.0		480	154	0	0	840	138	120	117	300	117	360	90
1098	600.0	137.9		131.3		360	182	0	0	780	146	0	0	240	119	420	96
1099	900.0	116.4		112.5		840	141	0	0	1020	118	60	103	180	102	600	85
1100	900.0	119.4		114.5		720	146	0	0	1140	126	120	89	180	88	540	87
1101	700.0	129.6		125.3		420	160	0	0	1080	135	0	0	300	107	300	90
1102	840.0	120.7		119.5		600	137	0	0	1200	122	60	106	600	106	60	92
1103	960.0	118.4		115.7		900	140	60	115	1260	116	0	0	240	102	420	89
1104	1060.0	114.2		110.4		780	141	0	0	1380	119	60	93	0	0	960	87
1105	940.0	128.9		125.2		1020	149	0	0	1140	130	0	0	180	103	480	93
1106	840.0	132.4		129.4		840	155	0	0	960	131	0	0	600	112	120	88
1107	760.0	130.3		123.1		540	157	0	0	1020	142	0	0	240	117	480	82
1108	680.0	135.5		132.0		300	175	0	0	960	141	0	0	600	119	180	95
1109	660.0	123.4		117.3		540	152	0	0	540	137	60	92	240	125	600	88
1110	580.0	135.9		131.1		420	167	0	0	780	139	0	0	240	125	300	93
1111	800.0	135.5		129.8		840	160	0	0	780	142	0	0	420	115	360	88
1112	940.0	135.7		131.4		1200	154	0	0	1200	133	0	0	60	109	360	88
1113	920.0	123.4		118.7		960	150	0	0	960	124	60	96	120	98	660	91
1114	480.0	133.2		129.6		240	153	0	0	780	143	0	0	180	117	240	94
1115	900.0	136.3		131.3		780	164	0	0	1320	138	0	0	120	106	480	94
1116	840.0	143.1		134.6		780	177	0	0	1020	149	0	0	180	122	540	90
1117	600.0	140.6		134.9		300	177	0	0	960	148	0	0	240	126	300	92
1118	520.0	137.7		132.8		60	180	0	0	900	153	0	0	360	122	240	93
1119	800.0	137.3		132.2		840	167	0	0	1020	130	60	97	240	124	240	88
1120	660.0	133.3		125.6		840	161	0	0	480	138	120	97	60	135	480	89
1121	920.0	134.6		129.5		840	166	0	0	1140	130	0	0	240	138	540	94
1122	780.0	127.6		121.5		900	158	0	0	720	124	180	97	60	107	480	90
1123	660.0	124.2		118.1		240	169	0	0	900	140	0	0	240	103	600	91
1124	1020.0	136.8		132.5		1080	157	0	0	1020	139	60	91	420	135	480	94
1125	1080.0	141.6		135.4		1260	170	0	0	1020	139	0	0	480	123	480	91
1126	720.0	135.9		128.7		540	174	0	0	960	140	120	104	120	127	420	89
1127	1060.0	131.1		123.8		1020	166	0	0	1140	134	120	115	120	91	780	90
1128	700.0	145.3		140.7		480	171	0	0	960	153	0	0	480	125	180	90
1129	900.0	132.7		127.8		780	158	0	0	1020	134	60	116	300	141	540	91
1130	580.0	131.7		126.8		360	155	0	0	780	142	60	107	240	124	300	88
1131	880.0	133.5		128.4		840	162	0	0	960	136	0	0	360	116	480	92
1132	660.0	136.5		133.9		360	160	0	0	1020	141	0	0	360	126	240	98
1133	760.0	147.6		140.5		780	182	0	0	840	147	0	0	420	118	240	90
1134	740.0	151.5		148.7		540	179	0	0	1020	151	0	0	600	134	60	88
1135	720.0	135.9		126.9		480	175	0	0	960	147	0	0	180	122	540	86
1136	620.0	149.7		143.6		420	190	0	0	900	154	0	0	420	116	120	94
1137	1140.0	129.1		122.3		1080	156	0	0	1260	139	60	119	0	0	1020	89
1138	640.0	143.6		136.4		600	184	0	0	720	140	0	0	300	121	300	94
1139	1040.0	132.1		126.1		1320	149	0	0	900	146	240	99	60	124	600	88
1140	300.0	132.4		126.5		120	154	0	0	360	147	0	0	180	144	240	91
1141	540.0	151.9		141.9		360	193	0	0	720	165	0	0	240	127	300	91
1142	540.0	123.2		117.7		300	161	0	0	600	137	0	0	240	104	480	92
1143	700.0	133.6		127.7		420	173	0	0	900	142	60	103	300	116	420	93
1144	620.0	132.7		126.1		360	174	0	0	600	149	0	0	360	121	540	95
1145	600.0	157.9		150.0		480	196	0	0	720	165	0	0	420	131	180	91
1146	520.0	136.1		132.5		180	179	0	0	540	148	0	0	660	125	180	98
1147	600.0	140.5		133.0		480	179	0	0	660	147	0	0	240	127	420	94
1148	700.0	141.5		137.8		360	176	0	0	1140	145	60	100	420	123	120	91
1149	460.0	154.5		145.8		240	208	0	0	540	169	0	0	480	128	120	88
1150	860.0	144.7		138.1		900	177	0	0	1020	143	0	0	300	114	360	94
1151	660.0	150.7		143.2		600	186	0	0	900	150	0	0	240	128	240	88
1152	660.0	141.4		132.5		540	187	0	0	600	149	60	119	420	119	360	90
1153	880.0	135.8		128.3		780	172	0	0	1080	136	0	0	180	133	600	89
1154	440.0	143.3		135.4		180	205	0	0	600	153	0	0	360	124	180	88
1155	780.0	141.2		132.3		780	181	0	0	780	140	60	92	240	128	480	91
1156	960.0	149.5		146.2		900	169	0	0	960	156	0	0	900	131	120	89
1157	600.0	134.3		128.9		300	192	0	0	660	136	0	0	660	118	180	92
1158	860.0	149.8		139.6		660	197	0	0	1020	156	0	0	420	129	480	90
1159	520.0	164.5		159.8		360	195	0	0	780	168	0	0	360	139	60	88
1160	660.0	145.3		140.5		540	178	0	0	840	145	0	0	360	130	240	96
1161	940.0	148.2		141.1		660	185	0	0	1440	152	0	0	300	129	420	91
1162	480.0	158.4		153.2		300	193	0	0	660	167	0	0	360	133	120	101
1163	740.0	140.4		132.9		540	179	0	0	1020	145	0	0	240	124	420	89
1164	540.0	147.6		143.6		300	176	0	0	720	154	0	0	480	135	120	89
1165	900.0	128.8		120.9		660	163	0	0	900	147	120	92	60	141	960	92
1166	660.0	147.8		139.2		540	190	0	0	900	150	0	0	240	117	300	90
1167	380.0	155.7		149.5		180	204	0	0	540	161	0	0	300	142	120	94
1168	680.0	152.0		144.0		840	182	0	0	660	149	0	0	180	139	360	94
1169	440.0	141.5		133.8		240	195	0	0	420	156	0	0	360	125	300	98
1170	800.0	145.8		139.2		540	186	0	0	960	150	0	0	540	134	360	92
1171	760.0	138.7		128.3		600	186	0	0	1080	140	0	0	60	126	540	85
1172	700.0	135.6		128.1		360	177	0	0	1080	147	0	0	60	107	600	93
1173	640.0	142.8		135.9		540	187	0	0	900	137	60	118	240	109	180	92
1174	500.0	124.8		117.0		180	177	0	0	540	148	60	101	240	111	480	89
1175	600.0	141.7		130.9		480	185	0	0	720	150	0	0	120	133	480	88
1176	500.0	139.5		127.6		360	195	0	0	660	146	0	0	0	0	480	89
1177	520.0	124.0		117.3		240	169	60	106	600	140	60	91	120	116	480	90
1178	640.0	148.1		139.9		600	184	0	0	840	148	0	0	180	127	300	89
1179	600.0	155.5		151.0		300	192	0	0	840	163	0	0	540	137	120	95
1180	760.0	142.5		136.0		780	171	0	0	900	143	0	0	180	134	420	92
1181	620.0	149.0		141.4		420	185	0	0	720	158	60	94	420	139	240	90
1182	360.0	138.9		129.8		180	218	0	0	480	135	0	0	180	130	240	94
1183	640.0	140.3		131.0		540	181	0	0	720	150	60	107	60	118	540	93
1184	620.0	151.7		143.0		480	196	0	0	960	151	0	0	180	122	240	88
1185	720.0	139.6		133.7		600	171	0	0	960	142	0	0	180	131	420	93
1186	740.0	138.2		132.9		540	169	0	0	1020	143	120	100	240	125	300	92
1187	480.0	144.4		133.8		300	180	0	0	540	168	60	92	240	129	300	89
1188	500.0	143.2		134.3		300	179	0	0	420	167	120	118	360	139	300	89
1189	320.0	150.7		142.4		120	192	0	0	420	172	0	0	300	129	120	89
1190	780.0	135.7		125.5		660	194	0	0	720	129	60	100	300	118	600	92
1191	600.0	143.4		132.5		360	193	0	0	720	162	60	96	300	113	360	90
1192	660.0	144.2		134.7		600	184	0	0	600	153	60	98	360	126	360	89
1193	800.0	143.4		133.9		720	183	0	0	960	150	120	106	0	0	600	93
1194	520.0	142.0		135.6		300	171	0	0	780	153	0	0	180	129	300	92
1195	600.0	147.8		138.2		480	178	0	0	780	162	120	104	60	149	360	91
1196	540.0	152.3		146.0		300	196	0	0	900	155	0	0	240	133	180	92
1197	400.0	159.0		149.9		240	213	0	0	540	165	0	0	300	133	120	89
1198	640.0	145.2		136.3		360	191	0	0	900	154	0	0	240	138	420	91
1199	680.0	151.8		142.4		660	192	0	0	780	152	0	0	240	130	360	92
1200	600.0	146.1		141.3		420	182	0	0	780	150	0	0	480	121	120	95
1201	460.0	135.2		126.9		180	189	0	0	600	150	0	0	180	133	420	92
1202	500.0	129.2		120.4		240	200	0	0	600	137	0	0	240	106	420	91
1203	580.0	147.6		140.6		300	187	0	0	780	156	0	0	420	138	240	88
1204	360.0	124.8		117.3		120	194	0	0	360	141	0	0	240	118	360	90
1205	720.0	148.7		143.6		960	161	0	0	780	156	60	91	120	143	240	93
1206	540.0	153.9		144.0		360	197	0	0	780	163	60	96	180	131	240	91
1207	760.0	128.8		118.3		480	182	0	0	720	147	120	98	120	124	840	88
1208	820.0	135.9		127.9		780	174	0	0	1020	135	0	0	120	106	540	89
1209	800.0	129.5		118.2		660	177	0	0	660	148	60	95	60	103	960	88
1210	500.0	157.5		149.8		240	207	0	0	840	162	0	0	240	142	180	91
1211	500.0	132.4		121.7		300	183	0	0	540	153	0	0	60	107	600	91
1212	540.0	147.8		138.7		300	195	0	0	660	162	60	103	360	129	240	89
1213	380.0	144.0		139.3		180	190	0	0	420	144	0	0	360	143	180	100
1214	460.0	153.5		147.1		180	195	0	0	600	170	0	0	480	133	120	91
1215	660.0	141.8		132.5		480	186	0	0	840	150	0	0	180	121	480	91
1216	360.0	136.0		131.7		120	181	0	0	360	153	0	0	420	124	180	100
1217	560.0	132.2		123.3		240	201	0	0	660	140	0	0	240	135	540	91
1218	620.0	160.0		151.4		540	197	0	0	840	163	0	0	300	128	180	88
1219	540.0	153.7		143.9		240	185	0	0	720	181	60	106	420	123	180	90
1220	540.0	130.6		121.9		300	179	0	0	540	143	0	0	120	161	660	93
1221	540.0	142.3		134.1		420	182	0	0	600	149	60	114	240	130	300	89
1222	420.0	153.4		146.5		300	181	0	0	600	161	60	93	180	144	120	91
1223	460.0	139.4		136.0		240	165	0	0	600	147	0	0	420	128	120	90
1224	420.0	131.0		123.4		300	159	0	0	480	148	60	92	60	139	360	90
1225	800.0	152.0		140.0		660	205	0	0	1020	154	0	0	240	122	480	90
1226	660.0	153.7		146.7		480	203	0	0	900	154	0	0	540	115	60	102
1227	680.0	135.9		127.4		480	186	0	0	600	146	180	97	360	122	420	93
1228	660.0	137.8		127.4		540	182	0	0	780	144	0	0	60	146	600	89
1229	460.0	146.5		141.0		240	186	0	0	720	152	60	105	180	135	180	97
1230	440.0	139.8		130.9		180	205	0	0	660	149	0	0	120	132	360	93
1231	600.0	136.3		129.7		240	177	0	0	720	151	0	0	360	136	480	94
1232	440.0	132.1		123.7		180	183	0	0	600	150	0	0	180	104	360	91
1233	520.0	137.4		128.8		180	171	0	0	780	159	0	0	180	121	420	90
1234	360.0	141.6		132.9		180	204	0	0	420	153	0	0	300	118	180	92
1235	360.0	134.8		122.2		120	186	0	0	360	176	60	92	180	124	360	89
1236	660.0	150.5		139.5		540	194	0	0	840	156	0	0	180	138	420	89
1237	500.0	143.1		129.5		300	192	0	0	600	158	0	0	120	171	480	87
1238	400.0	123.0		115.5		240	152	0	0	360	151	60	95	60	130	480	90
1239	580.0	137.8		132.8		240	178	0	0	1020	144	0	0	180	122	300	94
1240	400.0	142.6		132.6		240	183	0	0	540	158	0	0	120	126	300	89
1241	460.0	132.7		126.3		180	182	0	0	540	143	0	0	360	129	300	89
1242	500.0	137.4		128.1		300	183	0	0	660	148	0	0	120	134	420	89
1243	500.0	151.1		142.6		240	192	0	0	780	164	0	0	180	136	300	94
1244	580.0	146.9		142.5		180	176	0	0	780	161	0	0	600	136	180	93
1245	500.0	129.0		118.7		300	186	0	0	540	144	60	97	60	91	540	90
1246	260.0	138.8		123.9		180	197	0	0	240	160	0	0	60	139	300	87
1247	520.0	151.5		135.7		360	198	0	0	480	183	60	99	240	143	420	88
1248	440.0	167.6		162.4		300	203	0	0	720	169	0	0	240	138	60	92
1249	420.0	134.5		126.9		180	162	0	0	480	155	60	94	240	140	300	89
1250	780.0	134.2		123.8		420	203	0	0	1020	142	60	106	60	98	780	92
1251	520.0	161.2		156.3		480	190	0	0	780	159	0	0	240	129	60	87
1252	480.0	145.7		137.4		420	182	0	0	600	150	0	0	180	122	240	89
1253	460.0	138.6		125.1		240	182	0	0	540	170	60	99	60	127	480	88
1254	460.0	135.3		124.5		180	185	0	0	540	165	0	0	180	115	480	91
1255	280.0	146.9		142.3		60	204	0	0	480	158	0	0	180	126	120	105
1256	400.0	157.2		148.8		420	190	0	0	540	157	0	0	120	108	120	92
1257	480.0	148.5		133.4		300	220	0	0	600	161	0	0	60	111	480	93
1258	320.0	148.3		139.4		120	213	0	0	480	156	0	0	180	142	180	91
1259	480.0	140.4		132.0		300	190	0	0	480	147	0	0	300	137	360	93
1260	480.0	158.0		147.9		240	224	0	0	720	165	0	0	300	128	180	92
1261	420.0	146.9		136.3		300	203	0	0	540	149	60	102	120	131	240	91
1262	520.0	117.7		108.2		300	189	0	0	300	130	0	0	60	115	900	90
1263	420.0	124.2		116.3		180	180	0	0	540	139	60	97	0	0	480	90
1264	520.0	144.2		134.8		240	193	0	0	660	159	0	0	360	132	300	87
1265	480.0	130.2		121.8		360	183	0	0	180	133	120	105	300	133	480	94
1266	320.0	127.5		118.7		60	219	0	0	360	149	0	0	180	129	360	90
1267	360.0	127.7		120.3		180	167	0	0	300	146	60	108	180	140	360	90
1268	480.0	121.0		111.7		180	176	0	0	540	140	0	0	180	126	540	82
1269	380.0	122.8		117.0		120	141	0	0	540	145	0	0	60	109	420	91
1270	280.0	112.9		107.1		0	0	0	0	300	145	0	0	120	120	420	88
1271	380.0	143.0		130.2		180	207	0	0	360	171	60	101	180	137	360	93
1272	600.0	149.2		137.3		480	196	0	0	780	158	0	0	120	108	420	91
1273	520.0	137.8		129.2		240	200	0	0	720	146	0	0	240	121	360	91
1274	740.0	148.4		138.9		720	190	0	0	960	145	0	0	60	146	480	93
1275	660.0	158.2		154.6		540	185	0	0	960	158	0	0	420	134	60	88
1276	700.0	141.8		136.9		480	183	0	0	720	139	0	0	600	134	300	98
1277	220.0	146.6		144.8		0	0	0	0	180	175	0	0	480	136	0	0
1278	760.0	136.9		130.0		720	164	0	0	780	143	60	96	180	150	540	92
1279	300.0	157.1		144.1		240	211	0	0	420	159	0	0	60	129	180	90
1280	620.0	128.9		120.1		480	176	0	0	660	136	0	0	60	92	660	91
1281	420.0	144.0		136.4		300	182	0	0	660	149	0	0	0	0	300	95
1282	520.0	142.8		132.7		480	187	0	0	600	143	0	0	120	127	360	89
1283	460.0	137.0		127.8		420	181	0	0	420	140	120	96	180	120	240	88
1284	580.0	137.7		128.2		540	174	0	0	540	145	120	97	120	152	420	89
1285	340.0	149.6		137.6		120	227	0	0	420	170	0	0	240	133	240	92
1286	380.0	156.1		147.5		300	207	0	0	480	156	0	0	300	119	60	88
1287	340.0	150.4		146.5		300	182	0	0	360	146	0	0	300	135	60	96
1288	360.0	121.6		114.5		180	173	0	0	180	138	120	113	240	127	360	87
1289	220.0	154.7		145.2		60	210	0	0	360	172	0	0	120	137	120	93
1290	400.0	138.7		128.9		180	181	0	0	300	164	0	0	360	145	360	90
1291	440.0	132.4		121.4		240	190	0	0	480	151	0	0	120	116	480	89
1292	400.0	159.8		155.3		180	183	0	0	660	174	0	0	360	122	0	0
1293	340.0	137.3		129.4		60	210	0	0	420	154	0	0	300	138	240	89
1294	560.0	128.6		120.2		240	175	0	0	660	146	60	103	60	180	660	92
1295	340.0	141.9		133.6		180	181	0	0	480	152	0	0	120	147	240	90
1296	460.0	121.4		115.4		300	157	0	0	480	133	120	91	60	131	420	90
1297	440.0	135.6		126.8		180	180	0	0	540	157	60	107	180	128	360	90
1298	360.0	147.9		142.4		120	197	0	0	480	159	0	0	360	135	120	93
1299	520.0	147.5		138.7		240	196	0	0	720	161	0	0	300	133	300	91
1300	320.0	150.5		135.7		180	223	0	0	420	163	0	0	120	121	240	89
1301	600.0	139.7		127.2		420	189	0	0	600	160	60	96	180	127	540	88
1302	260.0	130.8		120.8		180	156	0	0	240	166	0	0	60	123	300	89
1303	620.0	137.7		130.9		540	157	0	0	660	155	120	97	180	137	360	91
1304	440.0	147.3		141.3		240	195	0	0	540	153	0	0	300	136	240	101
1305	440.0	131.0		123.7		240	186	0	0	360	144	0	0	300	122	420	95
1306	300.0	141.1		132.7		0	0	0	0	420	170	60	101	240	138	180	91
1307	240.0	123.2		111.9		60	210	0	0	180	169	60	112	60	110	360	90
1308	460.0	128.0		120.9		60	169	0	0	660	148	0	0	180	142	480	90
1309	520.0	137.7		130.0		360	180	0	0	600	147	0	0	300	116	300	90
1310	260.0	158.7		149.7		180	190	0	0	420	168	0	0	60	135	120	91
1311	680.0	133.4		125.3		600	170	0	0	420	152	300	96	300	128	420	93
1312	580.0	129.2		119.1		300	201	0	0	660	135	60	105	60	150	660	91
1313	400.0	137.8		132.9		60	181	0	0	600	149	0	0	360	137	180	88
1314	480.0	128.3		120.3		360	170	0	0	480	138	0	0	60	137	540	91
1315	300.0	137.3		125.4		180	207	0	0	300	142	0	0	120	139	300	90
1316	200.0	135.7		125.6		0	0	0	0	300	167	0	0	60	150	240	93
1317	420.0	142.8		131.7		240	193	0	0	480	158	0	0	120	156	420	93
1318	300.0	149.1		146.1		120	185	0	0	480	151	0	0	240	141	60	95
1319	460.0	134.0		123.4		360	179	0	0	360	155	120	103	120	124	420	89
1320	340.0	143.1		134.5		120	207	0	0	420	156	60	119	240	136	180	88
1321	440.0	138.6		128.2		360	183	0	0	480	150	60	95	60	111	360	91
1322	460.0	126.3		118.8		120	162	0	0	540	150	120	91	180	140	420	90
1323	520.0	132.8		127.6		240	172	0	0	840	138	0	0	180	128	300	90
1324	500.0	138.0		129.1		300	191	0	0	720	142	0	0	60	146	420	92
1325	280.0	143.1		141.6		60	184	0	0	480	148	0	0	300	127	0	0
1326	400.0	124.0		119.8		120	143	0	0	480	137	60	99	300	130	240	87
1327	380.0	142.3		134.1		240	200	0	0	420	146	60	119	240	121	180	93
1328	380.0	137.1		126.2		180	205	0	0	420	151	0	0	180	131	360	90
1329	420.0	154.5		149.7		180	168	0	0	660	165	0	0	300	149	120	90
1330	360.0	133.2		125.7		180	178	0	0	300	140	60	93	300	143	240	89
1331	420.0	143.6		131.3		240	193	0	0	540	162	0	0	60	148	420	91
1332	440.0	136.8		126.4		240	196	0	0	420	152	120	111	180	135	360	89
1333	460.0	126.3		117.9		180	154	0	0	660	150	0	0	0	0	540	88
1334	160.0	155.0		146.1		60	221	0	0	180	160	0	0	180	151	60	86
1335	420.0	141.0		131.4		240	209	0	0	540	141	0	0	180	130	300	93
1336	380.0	139.2		127.2		180	191	0	0	360	167	0	0	180	144	420	91
1337	300.0	145.5		134.3		240	197	0	0	300	153	0	0	180	122	180	88
1338	280.0	133.7		125.9		120	173	0	0	360	152	0	0	120	127	240	90
1339	340.0	112.6		103.8		120	211	0	0	180	127	120	88	60	125	540	90
1340	260.0	121.4		112.1		120	176	0	0	240	149	0	0	0	0	420	90
1341	380.0	123.4		114.0		180	167	0	0	540	140	0	0	60	68	360	86
1342	280.0	139.8		131.7		60	214	0	0	300	161	0	0	300	133	180	91
1343	400.0	134.0		129.1		120	172	0	0	660	145	0	0	180	123	240	93
1344	240.0	148.3		142.2		180	193	0	0	120	142	0	0	300	143	120	101
1345	280.0	131.5		122.5		60	188	0	0	360	157	60	115	60	141	300	91
1346	220.0	120.3		114.5		60	137	0	0	240	148	0	0	120	119	240	89
1347	440.0	130.0		120.5		240	172	0	0	480	155	0	0	60	114	540	91
1348	460.0	131.8		123.7		240	184	0	0	660	139	0	0	120	119	360	88
1349	240.0	127.5		118.0		120	188	0	0	240	148	60	92	0	0	300	94
1350	240.0	130.8		123.3		60	213	0	0	300	137	0	0	180	136	180	88
1351	280.0	128.0		122.1		60	165	0	0	420	145	0	0	120	126	240	90
1352	280.0	138.4		134.3		120	157	0	0	240	156	0	0	360	136	120	92
1353	300.0	120.1		113.6		120	169	0	0	360	131	0	0	60	144	360	89
1354	340.0	141.1		130.8		180	202	0	0	540	148	0	0	0	0	300	92
1355	320.0	138.2		125.6		300	186	0	0	240	154	0	0	120	113	300	88
1356	500.0	139.0		134.1		240	170	0	0	720	151	0	0	360	118	180	92
1357	260.0	143.8		135.6		180	196	0	0	360	141	0	0	120	129	120	89
1358	400.0	141.0		129.5		240	192	0	0	480	160	120	103	60	116	300	90
1359	540.0	139.0		134.3		300	181	0	0	720	140	0	0	420	128	180	91
1360	540.0	131.6		124.1		240	173	0	0	720	145	0	0	240	128	420	87
1361	460.0	148.8		135.3		360	198	0	0	540	163	60	93	60	129	360	91
1362	380.0	133.1		127.5		60	219	0	0	540	148	60	109	240	119	240	98
1363	500.0	120.4		113.4		240	166	0	0	420	145	120	96	120	115	600	91
1364	220.0	131.1		117.8		120	203	0	0	120	168	60	98	120	125	240	88
1365	300.0	135.0		122.2		240	202	0	0	120	156	120	106	120	114	300	93
1366	340.0	127.1		115.6		180	188	0	0	240	160	0	0	60	138	540	91
1367	300.0	122.8		120.0		0	0	0	0	480	133	0	0	240	127	180	90
1368	240.0	146.3		141.9		60	182	0	0	420	155	0	0	180	134	60	87
1369	360.0	136.2		126.6		180	192	0	0	420	152	0	0	240	116	240	87
1370	320.0	122.9		113.3		60	190	0	0	420	152	0	0	0	0	480	89
1371	520.0	140.6		133.3		300	193	0	0	600	149	0	0	360	120	300	96
1372	500.0	131.4		119.5		360	185	0	0	480	149	60	93	0	0	600	89
1373	660.0	133.9		125.5		480	166	0	0	840	148	180	89	120	115	360	87
1374	300.0	141.5		129.4		120	198	0	0	360	163	0	0	240	127	180	80
1375	220.0	145.7		141.9		0	0	0	0	420	154	0	0	180	146	60	87
1376	260.0	125.5		119.1		240	144	0	0	240	144	0	0	60	132	240	87
1377	340.0	140.1		133.2		180	188	0	0	420	151	0	0	300	116	120	90
1378	360.0	125.6		117.5		60	178	0	0	540	150	60	102	0	0	420	90
1379	220.0	136.3		131.0		0	0	0	0	540	147	0	0	0	0	120	88
1380	440.0	114.8		107.8		60	205	0	0	480	142	0	0	120	97	660	90
1381	180.0	136.9		129.9		0	0	0	0	240	166	0	0	180	128	120	92
1382	240.0	151.5		140.4		120	197	0	0	240	161	0	0	180	168	180	92
1383	280.0	117.8		109.7		60	187	0	0	180	160	120	100	120	124	360	89
1384	320.0	129.6		119.4		0	0	0	0	420	164	60	93	180	134	300	86
1385	500.0	114.9		107.5		180	175	0	0	420	142	60	94	0	0	840	90
1386	200.0	147.3		142.6		0	0	0	0	300	162	0	0	240	144	60	87
1387	220.0	123.6		113.4		120	171	0	0	120	171	0	0	60	130	360	91
1388	260.0	131.5		118.9		60	164	0	0	300	177	60	102	60	119	300	88
1389	300.0	122.5		114.1		180	172	0	0	300	135	0	0	60	124	360	87
1390	300.0	124.2		117.2		120	179	0	0	300	135	60	113	120	136	300	89
1391	300.0	131.9		126.6		120	175	0	0	420	140	0	0	120	134	240	95
1392	280.0	130.1		121.4		120	193	0	0	420	140	0	0	0	0	300	91
1393	420.0	116.6		111.0		120	150	0	0	480	135	60	100	120	136	480	87
1394	300.0	115.5		107.0		180	180	0	0	120	135	120	101	0	0	480	90
1395	160.0	120.8		118.1		60	151	0	0	180	131	0	0	120	115	120	96
1396	220.0	122.8		114.6		60	216	0	0	300	135	0	0	0	0	300	92
1397	400.0	134.6		124.5		360	168	0	0	300	163	120	94	120	115	300	90
1398	220.0	137.5		126.3		0	0	0	0	360	168	0	0	60	144	240	90
1399	440.0	126.5		123.9		480	135	0	0	480	135	0	0	120	125	240	93
1400	480.0	128.3		121.4		180	181	0	0	600	140	60	97	240	128	360	88
1401	200.0	115.8		111.7		0	0	0	0	240	134	0	0	120	131	240	90
1402	420.0	117.1		110.0		180	182	0	0	360	133	120	99	120	99	480	90
1403	220.0	95.8		93.3		60	140	0	0	60	86	0	0	120	113	420	86
1404	320.0	129.2		122.4		60	190	0	0	540	146	0	0	0	0	360	94
1405	280.0	120.4		114.8		120	174	0	0	420	126	0	0	0	0	300	91
1406	380.0	120.7		113.7		180	176	0	0	420	132	60	91	60	120	420	90
1407	240.0	129.0		121.7		60	201	0	0	240	145	0	0	180	133	240	92
1408	200.0	124.1		120.8		0	0	0	0	360	130	0	0	60	167	180	98
1409	360.0	141.4		134.5		180	187	0	0	360	144	0	0	300	149	240	94
1410	300.0	156.3		147.8		60	200	0	0	480	181	0	0	300	121	60	91
1411	300.0	120.4		113.4		120	162	0	0	240	147	60	94	120	130	360	90
1412	380.0	139.8		130.5		420	172	0	0	300	150	60	92	120	127	240	89
1413	460.0	124.3		118.7		120	174	0	0	540	146	60	115	180	105	480	96
1414	180.0	128.6		122.5		0	0	0	0	240	139	0	0	120	161	180	93
1415	440.0	119.5		113.0		180	170	0	0	480	135	0	0	60	128	600	91
1416	380.0	116.1		110.6		0	0	0	0	600	138	0	0	120	112	420	86
1417	260.0	132.4		124.1		60	193	0	0	360	155	0	0	120	115	240	92
1418	360.0	116.4		112.0		120	153	0	0	360	138	0	0	120	105	480	94
1419	220.0	107.9		103.6		0	0	0	0	120	147	60	96	60	146	420	93
1420	340.0	110.2		104.0		60	197	0	0	300	135	60	112	0	0	600	89
1421	440.0	122.4		115.4		300	160	0	0	360	137	60	96	120	131	480	89
1422	240.0	134.9		129.0		60	167	0	0	360	147	0	0	120	147	180	92
1423	100.0	155.0		152.9		60	193	0	0	60	138	0	0	180	148	0	0
1424	360.0	111.9		105.9		180	147	0	0	240	146	60	90	0	0	600	90
1425	260.0	122.2		117.0		0	0	0	0	360	145	0	0	180	121	240	89
1426	360.0	127.4		121.5		360	146	0	0	300	146	60	109	60	134	300	89
1427	320.0	119.5		111.7		60	184	0	0	360	148	0	0	60	120	480	90
1428	200.0	120.4		115.0		60	133	0	0	120	143	120	103	120	153	180	91
1429	200.0	106.3		101.5		0	0	0	0	120	146	0	0	60	141	420	90
1430	300.0	115.3		106.7		60	190	0	0	360	142	0	0	0	0	480	86
1431	360.0	140.8		131.3		180	190	0	0	540	154	0	0	60	118	300	92
1432	240.0	131.0		120.3		60	183	0	0	240	158	0	0	120	156	300	89
1433	220.0	135.8		123.6		180	186	0	0	240	146	0	0	0	0	240	88
1434	260.0	128.5		124.3		0	0	0	0	360	134	0	0	180	158	240	98
1435	360.0	147.8		130.5		180	210	0	0	360	181	60	96	180	141	300	85
1436	380.0	122.1		112.8		180	186	0	0	240	141	60	101	120	143	540	90
1437	260.0	128.7		120.0		60	225	0	0	360	145	0	0	120	105	240	92
1438	260.0	122.2		115.2		240	154	0	0	180	139	60	110	0	0	300	89
1439	160.0	114.0		108.9		0	0	0	0	120	143	0	0	120	133	240	90
1440	200.0	138.8		129.9		180	166	0	0	180	166	0	0	0	0	240	98
1441	140.0	141.7		131.6		60	188	0	0	60	188	0	0	180	144	120	92
1442	320.0	116.4		108.3		120	180	0	0	300	140	60	83	0	0	480	90
1443	280.0	145.8		138.0		180	186	0	0	360	158	0	0	120	122	180	97
1444	120.0	130.2		120.2		60	193	0	0	120	125	0	0	60	160	120	89
1445	200.0	111.9		104.4		0	0	0	0	180	152	0	0	60	141	360	87
1446	200.0	110.5		101.9		60	211	0	0	60	137	0	0	60	134	420	89
1447	180.0	108.7		103.2		0	0	0	0	180	146	0	0	0	0	360	90
1448	220.0	136.5		118.0		120	229	0	0	180	168	0	0	0	0	360	90
1449	280.0	121.3		110.6		60	240	0	0	240	153	60	94	60	115	420	91
1450	180.0	135.4		125.4		60	178	0	0	240	162	0	0	60	123	180	90
1451	140.0	143.0		136.3		0	0	0	0	180	174	0	0	180	129	60	92
1452	360.0	115.9		108.8		240	151	0	0	180	148	60	95	60	143	540	89
1453	140.0	112.0		108.4		0	0	0	0	60	154	0	0	120	125	240	95
1454	280.0	108.9		102.1		120	173	0	0	120	139	0	0	0	0	600	90
1455	220.0	146.9		134.1		60	184	0	0	240	190	0	0	180	133	180	91
1456	160.0	141.6		130.0		60	178	0	0	240	169	0	0	0	0	180	93
1457	200.0	134.1		118.9		120	207	0	0	180	159	0	0	0	0	300	90
1458	260.0	131.3		118.6		60	218	0	0	360	159	60	90	0	0	300	89
1459	140.0	102.9		98.4		0	0	0	0	120	140	0	0	0	0	300	88
1460	280.0	116.2		109.4		120	160	0	0	60	167	60	92	120	148	480	94
1461	200.0	158.2		143.0		120	236	0	0	60	228	0	0	300	138	120	96
1462	380.0	110.6		102.7		60	254	0	0	240	140	180	99	0	0	660	90
1463	220.0	119.0		110.5		0	0	0	0	240	163	0	0	120	106	300	89
1464	280.0	110.1		102.9		120	157	0	0	120	157	0	0	60	121	540	88
1465	200.0	122.0		117.7		120	138	0	0	120	138	0	0	120	144	240	95
1466	140.0	99.1		97.3		60	122	0	0	60	122	0	0	0	0	300	90
1467	320.0	108.6		100.8		60	165	0	0	180	160	0	0	60	135	660	87
1468	120.0	102.3		98.6		0	0	0	0	60	154	0	0	0	0	300	92
1469	260.0	121.5		114.7		180	153	0	0	180	153	0	0	120	93	300	95
1470	320.0	106.9		99.9		60	184	0	0	180	148	0	0	60	125	660	87
1471	200.0	124.3		117.6		0	0	0	0	240	155	60	113	120	123	180	88
1472	180.0	113.9		106.0		60	185	0	0	120	147	0	0	0	0	360	91
1473	260.0	95.4		93.3		0	0	0	0	60	136	0	0	120	117	600	87
1474	200.0	143.4		134.2		60	197	0	0	240	166	60	113	120	140	120	90
1475	240.0	109.2		106.2		120	139	0	0	120	131	120	97	60	112	300	93
1476	200.0	125.8		117.1		120	176	0	0	180	146	60	100	0	0	240	92
1477	100.0	110.2		102.3		0	0	0	0	60	182	60	96	0	0	180	91
1478	220.0	129.3		120.7		60	180	0	0	240	145	0	0	120	153	240	89
1479	220.0	109.5		104.2		0	0	0	0	180	151	60	98	60	113	360	90
1480	180.0	121.2		108.9		60	248	0	0	60	145	60	97	60	141	300	92
1481	200.0	142.3		137.4		60	172	0	0	300	157	0	0	120	134	120	99
1482	140.0	117.1		108.9		60	180	0	0	120	140	0	0	0	0	240	90
1483	120.0	131.7		123.0		0	0	0	0	120	175	0	0	120	128	120	92
1484	240.0	103.7		100.1		60	135	0	0	0	0	120	97	180	131	360	87
1485	160.0	113.9		109.7		120	135	0	0	120	135	0	0	60	104	180	89
1486	240.0	126.9		118.3		180	157	0	0	180	157	0	0	60	131	300	90
1487	220.0	96.5		94.8		60	145	0	0	0	0	180	93	0	0	420	91
1488	140.0	118.0		112.4		60	173	0	0	120	129	0	0	60	119	180	92
1489	140.0	119.6		111.6		0	0	0	0	180	155	0	0	60	108	180	88
1490	420.0	131.1		124.1		480	151	0	0	360	151	120	90	0	0	300	92
1491	120.0	117.3		110.9		60	122	0	0	60	122	0	0	120	147	120	83
1492	220.0	112.0		105.6		60	193	0	0	180	131	60	99	60	102	300	89
1493	240.0	119.0		108.3		0	0	0	0	240	175	0	0	0	0	480	91
1494	240.0	126.6		117.6		240	170	0	0	60	105	0	0	120	137	300	92
1495	260.0	106.8		100.5		0	0	0	0	180	162	60	92	0	0	540	90
1496	220.0	119.6		112.2		120	164	0	0	180	145	60	98	0	0	300	91
1497	300.0	113.0		105.9		60	159	0	0	240	155	60	94	180	100	360	87
1498	260.0	104.4		99.5		0	0	0	0	240	141	60	97	0	0	480	87
1499	120.0	112.7		109.5		60	138	0	0	60	138	0	0	120	109	120	91
