#File created from auswertNew
# Temporary input file:
# tmp14.dat
# Created from repository file
# /home/vwitme/data/workdata/trafficData/Invent_A5/intermediatedata/A5frankfurt_06_01/daten/F14_1106.dat.gz
# Infrastructure description file:
# /home/vwitme/data/workdata/trafficData/Invent_A5/intermediatedata/A5frankfurt_06_01/daten/A5frankfurt_06_01.dsc
#
# Date: 11.06.2001
# Direction: Frankfurt
# Detector cross section 14
# Position (m)= 480.700000
# Number of main lanes=3
# Number of ramp lanes=2
# The lane indices are ordered from left to right
# NOTICE: The time has been increased by 1 hour 
# since summertime was not taken care of  in the original data!
# Velocity averages: Over veh types and lanes, weighted with flow
# vAvg=arithmetic average; vHarm=harmonic average
#===========================================
#t(min)	Qav(/h)	vAvg(km/h)	vHarm(km/h)	Q1car	v1car	Q1truck	v1truck	Q2car	v2car	Q2truck	v2truck	Q3car	v3car	Q3truck	v3truck
60	440.0	102.0		91.7		180	159	0	0	420	129	0	0	0	0	720	72
61	300.0	113.9		106.8		0	0	0	0	420	141	0	0	60	134	420	84
62	380.0	112.7		106.3		300	147	0	0	420	119	60	100	0	0	360	79
63	320.0	109.9		100.4		180	169	0	0	300	124	0	0	0	0	480	79
64	240.0	122.8		115.0		120	171	0	0	360	132	0	0	60	84	180	85
65	500.0	100.0		90.2		180	151	0	0	480	128	0	0	60	112	780	70
66	420.0	110.0		102.1		240	152	0	0	360	124	0	0	300	105	360	72
67	380.0	122.1		111.8		240	180	0	0	420	127	0	0	60	137	420	82
68	340.0	99.9		92.2		240	138	0	0	120	145	240	83	0	0	420	75
69	280.0	98.4		94.7		0	0	0	0	300	125	0	0	180	89	360	81
70	360.0	139.5		136.1		300	163	0	0	600	137	60	116	60	127	60	83
71	600.0	90.9		80.9		180	181	0	0	240	138	60	91	0	0	1320	70
72	540.0	95.1		81.6		240	167	0	0	360	129	60	83	60	97	900	63
73	300.0	105.1		97.2		60	189	0	0	300	131	0	0	120	90	420	79
74	400.0	129.2		119.2		240	178	0	0	420	147	0	0	240	107	300	83
75	180.0	122.2		108.5		60	192	0	0	180	162	0	0	60	82	240	85
76	420.0	100.1		92.1		180	163	0	0	300	122	120	84	0	0	660	76
77	340.0	89.5		85.5		0	0	0	0	300	122	0	0	0	0	720	76
78	320.0	107.1		99.4		240	149	0	0	180	129	0	0	60	83	480	81
79	280.0	114.1		104.4		180	160	0	0	300	130	0	0	0	0	360	78
80	300.0	109.6		101.8		180	166	0	0	180	124	60	102	0	0	480	84
81	100.0	93.6		92.8		0	0	0	0	120	102	0	0	60	98	120	83
82	220.0	118.9		108.9		180	170	0	0	60	122	0	0	120	128	300	84
83	260.0	116.2		104.3		180	178	0	0	120	149	180	88	60	83	240	83
84	360.0	92.6		90.5		60	146	0	0	240	106	240	86	60	97	480	82
85	280.0	114.6		108.9		120	140	0	0	420	130	60	91	0	0	240	81
86	260.0	103.0		98.0		60	163	0	0	240	124	120	91	0	0	360	83
87	300.0	97.7		91.4		240	139	0	0	60	121	120	86	0	0	480	77
88	440.0	109.9		101.1		300	156	0	0	360	127	60	86	0	0	600	79
89	340.0	122.4		112.9		240	153	0	0	360	147	60	88	0	0	360	83
90	280.0	108.3		99.8		180	170	0	0	120	91	60	90	60	139	420	85
91	400.0	97.2		93.0		180	147	0	0	240	108	60	88	0	0	720	82
92	400.0	108.8		104.5		240	135	0	0	540	118	60	80	120	87	240	80
93	280.0	98.9		92.5		60	175	0	0	180	131	60	85	60	91	480	80
94	400.0	99.2		95.0		60	137	0	0	300	132	120	91	60	92	660	83
95	300.0	103.4		95.7		180	154	0	0	180	123	180	86	0	0	360	77
96	240.0	106.4		96.3		60	197	0	0	180	144	0	0	0	0	480	81
97	200.0	105.3		97.8		60	151	0	0	240	128	0	0	120	84	180	74
98	300.0	105.9		98.7		0	0	0	0	300	148	60	87	120	94	420	82
99	540.0	106.1		99.7		420	140	0	0	420	121	60	89	60	70	660	80
100	260.0	98.8		91.1		60	177	0	0	120	149	60	90	0	0	540	80
101	400.0	95.3		88.6		120	156	0	0	240	129	0	0	0	0	840	77
102	440.0	104.6		90.3		300	182	0	0	60	175	0	0	0	0	960	76
103	220.0	117.4		105.2		120	167	0	0	240	138	0	0	60	113	240	73
104	400.0	93.8		87.9		60	169	0	0	300	126	0	0	0	0	840	77
105	320.0	101.9		92.8		120	197	0	0	120	126	0	0	0	0	720	82
106	260.0	117.7		103.9		120	216	0	0	240	131	0	0	0	0	420	82
107	260.0	113.0		107.4		60	132	0	0	420	131	0	0	60	100	240	80
108	240.0	85.2		81.8		120	128	0	0	0	0	60	91	0	0	540	75
109	300.0	88.5		82.7		60	167	0	0	120	130	0	0	0	0	720	75
110	320.0	97.9		93.1		120	122	0	0	240	130	120	81	0	0	480	80
111	240.0	91.2		87.9		60	125	0	0	120	125	0	0	0	0	540	80
112	180.0	110.4		105.0		60	160	0	0	180	125	0	0	60	119	240	85
113	160.0	117.0		108.1		60	167	0	0	180	143	0	0	0	0	240	85
114	140.0	101.9		97.8		0	0	0	0	120	135	0	0	120	97	180	83
115	120.0	114.2		106.1		60	153	0	0	120	140	0	0	0	0	180	84
116	200.0	97.9		91.7		60	153	0	0	120	133	0	0	0	0	420	80
117	260.0	112.8		106.4		60	153	0	0	360	131	0	0	60	123	300	81
118	220.0	101.7		95.3		60	150	0	0	180	134	0	0	0	0	420	81
119	280.0	103.1		96.9		60	146	0	0	240	138	60	87	60	85	420	82
120	340.0	112.1		104.9		240	147	0	0	240	138	60	88	60	82	420	85
121	400.0	110.7		100.4		240	168	0	0	240	140	60	91	0	0	660	81
122	140.0	132.9		119.2		120	193	0	0	120	140	0	0	0	0	180	88
123	360.0	112.7		103.3		120	203	0	0	420	125	0	0	0	0	540	83
124	220.0	100.6		90.9		120	179	0	0	60	117	0	0	0	0	480	79
125	200.0	118.6		109.5		60	163	0	0	240	146	60	111	0	0	240	82
126	240.0	116.3		103.6		120	159	0	0	180	157	0	0	60	139	360	78
127	100.0	109.4		102.1		0	0	0	0	120	146	0	0	0	0	180	85
128	220.0	94.3		91.3		60	124	0	0	180	115	60	88	0	0	360	80
129	360.0	98.3		94.1		0	0	0	0	240	136	120	89	120	114	600	82
130	320.0	108.6		101.7		120	166	0	0	180	131	120	115	120	108	420	81
131	200.0	100.5		98.2		60	134	0	0	120	118	0	0	120	100	300	87
132	160.0	105.4		97.4		0	0	0	0	120	164	0	0	60	85	300	86
133	300.0	89.9		87.7		60	154	0	0	120	96	60	90	0	0	660	83
134	220.0	101.4		94.9		120	154	0	0	60	137	60	89	0	0	420	83
135	400.0	102.5		96.6		120	154	0	0	240	139	120	89	0	0	720	84
136	380.0	93.4		88.8		180	143	0	0	180	103	60	101	60	78	660	78
137	360.0	93.2		87.9		60	189	0	0	180	123	0	0	0	0	840	80
138	180.0	98.7		96.9		0	0	0	0	240	112	0	0	120	97	180	82
139	300.0	89.9		88.3		60	118	0	0	180	105	60	102	60	84	540	81
140	260.0	116.3		112.2		180	129	0	0	420	126	0	0	0	0	180	81
141	320.0	94.9		91.1		120	120	0	0	240	119	0	0	60	101	540	78
142	320.0	105.5		101.9		180	134	0	0	360	115	0	0	120	93	300	82
143	180.0	93.1		91.6		0	0	0	0	180	110	0	0	120	90	240	82
144	260.0	95.6		88.2		120	168	0	0	60	121	0	0	60	84	540	78
145	460.0	110.4		100.1		240	168	0	0	360	138	0	0	0	0	780	80
146	280.0	111.7		104.2		120	173	0	0	360	121	0	0	0	0	360	82
147	200.0	90.2		87.7		0	0	0	0	120	122	120	92	0	0	360	79
148	220.0	128.6		122.1		60	173	0	0	360	144	0	0	180	99	60	81
149	240.0	114.6		105.5		60	173	0	0	240	145	0	0	60	124	360	83
150	340.0	100.0		95.4		60	150	0	0	360	122	180	86	0	0	420	80
151	280.0	100.2		93.2		120	160	0	0	180	120	180	89	0	0	360	76
152	260.0	100.8		97.2		60	132	0	0	300	119	60	87	120	78	240	85
153	140.0	115.4		108.5		0	0	0	0	240	139	0	0	0	0	180	84
154	260.0	103.2		97.9		60	208	0	0	240	107	180	87	0	0	300	89
155	160.0	92.9		88.8		60	145	0	0	60	115	60	83	0	0	300	80
156	280.0	113.1		104.8		60	160	0	0	360	141	0	0	60	86	360	82
157	140.0	110.6		106.4		60	151	0	0	60	134	0	0	120	111	180	89
158	320.0	93.4		88.5		60	133	0	0	180	136	60	84	0	0	660	79
159	160.0	99.1		93.8		0	0	0	0	60	139	0	0	60	150	360	84
160	140.0	90.1		86.5		60	145	0	0	0	0	0	0	0	0	360	81
161	220.0	92.8		88.1		120	145	0	0	0	0	120	89	0	0	420	79
162	260.0	105.9		100.5		120	143	0	0	300	121	0	0	0	0	360	81
163	260.0	94.4		92.3		0	0	0	0	240	117	60	87	0	0	480	84
164	140.0	103.1		99.3		120	119	0	0	60	119	60	107	60	108	120	75
165	140.0	119.7		110.0		120	148	0	0	120	148	0	0	0	0	180	82
166	100.0	132.8		130.7		180	146	0	0	120	113	0	0	0	0	0	0
167	260.0	110.2		102.6		240	146	0	0	120	134	0	0	0	0	420	83
168	340.0	100.1		94.5		240	145	0	0	60	122	120	84	60	84	540	83
169	280.0	102.3		97.5		0	0	0	0	300	134	120	87	0	0	420	84
170	120.0	120.8		111.8		60	180	0	0	60	132	0	0	60	146	180	89
171	240.0	106.7		102.0		120	139	0	0	240	123	120	91	0	0	240	82
172	220.0	100.5		90.4		120	166	0	0	60	139	0	0	60	110	420	75
173	220.0	98.2		92.7		60	146	0	0	180	125	0	0	60	73	360	81
174	300.0	104.7		97.9		60	163	0	0	300	134	0	0	0	0	540	82
175	200.0	121.6		117.8		0	0	0	0	360	132	0	0	120	128	120	84
176	220.0	98.0		96.1		60	124	0	0	180	111	60	91	60	105	300	85
177	220.0	107.4		102.1		0	0	0	0	300	131	0	0	60	116	300	82
178	260.0	98.4		96.3		180	114	0	0	180	114	0	0	0	0	420	85
179	300.0	117.9		107.2		180	161	0	0	180	165	60	105	60	97	420	84
180	240.0	128.2		118.1		120	151	0	0	300	158	0	0	60	110	240	84
181	360.0	96.3		92.2		180	143	0	0	180	104	240	88	0	0	480	80
182	180.0	121.6		111.7		180	172	0	0	120	113	0	0	0	0	240	88
183	240.0	126.0		116.0		180	172	0	0	240	139	60	104	0	0	240	84
184	360.0	109.7		101.9		60	169	0	0	360	145	0	0	60	86	600	85
185	300.0	103.9		98.7		180	149	0	0	120	124	60	90	0	0	540	86
186	280.0	109.8		105.3		0	0	0	0	360	133	60	90	120	112	300	85
187	200.0	119.4		108.4		60	194	0	0	240	145	0	0	0	0	300	84
188	180.0	97.7		95.5		0	0	0	0	180	118	0	0	60	100	300	85
189	300.0	104.7		100.5		120	147	0	0	420	112	60	82	0	0	300	82
190	180.0	109.8		101.4		60	161	0	0	180	139	0	0	0	0	300	82
191	200.0	113.8		107.3		0	0	0	0	360	135	0	0	0	0	240	82
192	140.0	91.0		89.2		0	0	0	0	60	127	0	0	0	0	360	85
193	260.0	95.3		91.6		60	144	0	0	120	128	180	87	60	92	360	81
194	300.0	105.4		99.3		240	147	0	0	120	116	120	90	0	0	420	83
195	260.0	110.6		103.5		60	148	0	0	360	134	0	0	0	0	360	81
196	220.0	117.9		110.3		120	172	0	0	180	135	120	98	0	0	240	88
197	220.0	115.5		111.5		120	144	0	0	360	121	60	84	0	0	120	86
198	320.0	107.1		101.4		180	142	0	0	300	125	60	89	0	0	420	82
199	280.0	99.9		94.8		0	0	0	0	300	132	0	0	0	0	540	82
200	460.0	104.9		101.8		420	122	0	0	300	122	120	87	0	0	540	86
201	280.0	100.6		96.1		60	154	0	0	240	124	0	0	60	86	480	84
202	280.0	104.2		97.9		120	140	0	0	180	142	180	87	0	0	360	82
203	260.0	115.2		106.1		240	142	0	0	180	148	0	0	0	0	360	81
204	200.0	106.6		102.8		120	123	0	0	240	122	60	83	0	0	180	83
205	140.0	120.7		116.2		0	0	0	0	180	141	0	0	120	123	120	88
206	280.0	118.6		110.0		120	188	0	0	360	128	0	0	0	0	360	86
207	140.0	108.3		100.3		60	144	0	0	60	175	60	85	60	99	180	85
208	80.0	109.0		103.3		0	0	0	0	120	134	0	0	0	0	120	84
209	180.0	117.8		108.9		120	154	0	0	180	140	0	0	0	0	240	83
210	400.0	114.6		107.4		240	154	0	0	420	131	60	88	60	90	420	83
211	140.0	112.6		104.9		0	0	0	0	180	147	0	0	60	98	180	83
212	60.0	95.7		92.2		0	0	0	0	0	0	0	0	60	123	120	82
213	320.0	128.6		121.2		300	150	0	0	300	150	0	0	60	118	300	88
214	240.0	118.7		110.5		240	152	0	0	180	132	60	88	0	0	240	83
215	260.0	112.2		106.5		0	0	0	0	360	139	0	0	60	109	360	86
216	280.0	107.1		99.7		120	155	0	0	180	143	120	86	0	0	420	84
217	160.0	110.0		102.4		0	0	0	0	180	150	0	0	0	0	300	86
218	300.0	116.7		107.4		180	164	0	0	240	143	60	91	0	0	420	85
219	320.0	104.8		98.5		180	136	0	0	180	143	120	81	60	97	420	83
220	340.0	128.2		117.5		120	165	0	0	420	157	120	97	60	141	300	83
221	140.0	114.3		110.1		60	138	0	0	240	124	0	0	0	0	120	83
222	500.0	115.9		108.7		540	147	0	0	420	119	60	103	60	72	420	81
223	300.0	95.7		88.4		180	139	0	0	120	132	60	88	0	0	540	74
224	340.0	97.8		93.9		0	0	0	0	300	131	0	0	0	0	720	84
225	220.0	114.2		106.9		60	182	0	0	300	119	0	0	60	151	240	82
226	240.0	114.6		104.2		60	187	0	0	300	139	0	0	60	103	300	78
227	340.0	106.4		99.5		240	148	0	0	240	122	0	0	0	0	540	81
228	360.0	100.4		94.8		120	167	0	0	240	119	60	85	0	0	660	83
229	380.0	112.3		107.6		60	139	0	0	540	132	0	0	120	106	420	85
230	300.0	127.0		118.5		120	164	0	0	480	144	0	0	0	0	300	85
231	260.0	104.7		99.6		60	135	0	0	300	129	0	0	0	0	420	83
232	460.0	100.0		93.8		180	159	0	0	240	128	0	0	0	0	960	82
233	380.0	103.7		99.1		120	145	0	0	420	121	0	0	60	86	540	83
234	300.0	91.7		88.7		60	116	0	0	240	116	60	94	0	0	540	78
235	280.0	112.3		101.8		120	177	0	0	300	133	60	85	0	0	360	78
236	320.0	104.4		100.0		60	148	0	0	420	122	0	0	60	87	420	83
237	260.0	95.3		89.8		60	165	0	0	180	121	0	0	0	0	540	79
238	240.0	108.4		104.2		120	133	0	0	300	123	60	85	60	83	180	84
239	180.0	116.1		111.6		60	142	0	0	360	124	0	0	60	82	60	77
240	100.0	127.8		123.5		0	0	0	0	240	138	0	0	0	0	60	87
241	300.0	114.1		106.8		60	180	0	0	420	134	0	0	120	92	300	82
242	280.0	119.0		115.4		120	139	0	0	360	129	60	86	180	120	120	84
243	200.0	135.6		129.9		120	162	0	0	360	139	0	0	60	123	60	75
244	220.0	128.9		123.2		60	194	0	0	420	135	0	0	0	0	180	93
245	260.0	106.5		100.7		0	0	0	0	360	134	0	0	0	0	420	83
246	300.0	122.3		116.7		180	154	0	0	480	129	0	0	0	0	240	85
247	160.0	121.4		118.8		60	145	0	0	300	126	0	0	60	111	60	85
248	200.0	113.8		107.3		0	0	0	0	360	135	0	0	0	0	240	82
249	220.0	111.5		103.8		60	194	0	0	240	129	0	0	0	0	360	86
250	200.0	105.6		101.8		60	139	0	0	240	122	0	0	60	89	240	85
251	220.0	119.7		113.9		120	156	0	0	360	126	0	0	0	0	180	83
252	240.0	108.5		101.4		60	161	0	0	240	137	60	84	60	99	300	82
253	280.0	132.1		122.7		120	179	0	0	420	148	0	0	120	105	180	82
254	220.0	127.8		122.7		120	145	0	0	360	141	0	0	0	0	180	90
255	320.0	109.7		107.2		180	129	0	0	480	112	0	0	60	132	240	85
256	220.0	111.2		105.1		60	158	0	0	300	129	0	0	0	0	300	84
257	280.0	133.4		118.9		180	188	0	0	300	150	0	0	60	148	300	81
258	260.0	121.2		117.6		180	137	0	0	360	129	0	0	60	130	180	87
259	360.0	120.4		112.0		240	161	0	0	420	134	60	86	120	86	240	82
260	320.0	105.5		99.4		0	0	0	0	420	135	60	87	0	0	480	82
261	320.0	115.0		106.4		180	161	0	0	300	137	0	0	0	0	480	84
262	420.0	114.1		107.6		300	146	0	0	420	130	60	84	0	0	480	84
263	380.0	125.1		119.1		360	156	0	0	360	127	60	113	120	115	240	84
264	240.0	115.4		110.6		120	143	0	0	360	126	0	0	60	97	180	82
265	340.0	126.1		117.5		180	142	0	0	420	153	60	116	60	121	300	82
266	440.0	123.4		117.3		300	161	0	0	600	127	0	0	60	124	360	86
267	400.0	132.4		127.6		240	167	0	0	660	133	0	0	120	128	180	87
268	540.0	123.4		114.1		480	163	0	0	540	132	0	0	60	92	540	83
269	360.0	122.4		115.4		180	158	0	0	420	138	60	86	120	126	300	85
270	220.0	125.9		118.3		0	0	0	0	300	154	0	0	180	121	180	84
271	320.0	110.3		106.0		300	129	0	0	240	129	60	88	0	0	360	86
272	260.0	108.8		103.3		60	158	0	0	300	131	0	0	0	0	420	86
273	340.0	124.0		117.5		60	158	0	0	600	141	0	0	120	104	240	83
274	420.0	138.3		129.6		180	189	0	0	600	153	0	0	240	115	240	87
275	220.0	121.5		114.7		60	153	0	0	360	140	0	0	0	0	240	86
276	340.0	133.1		124.9		120	183	0	0	540	147	60	107	60	123	240	86
277	460.0	112.7		104.4		300	155	0	0	300	142	0	0	60	86	720	85
278	340.0	122.2		115.4		240	147	0	0	420	139	0	0	0	0	360	86
279	460.0	108.7		105.1		120	156	0	0	780	116	60	86	0	0	420	85
280	500.0	116.4		110.7		540	135	0	0	300	137	120	91	120	123	420	83
281	380.0	108.0		102.1		240	153	0	0	360	114	60	84	120	90	360	82
282	420.0	115.3		108.3		300	154	0	0	420	127	120	87	0	0	420	84
283	560.0	117.2		114.0		360	145	0	0	960	117	0	0	60	115	300	85
284	320.0	132.8		125.6		120	196	0	0	420	141	0	0	240	121	180	87
285	340.0	136.7		134.0		120	156	0	0	780	139	0	0	60	125	60	80
286	380.0	140.1		138.3		240	166	0	0	480	143	0	0	420	122	0	0
287	540.0	118.5		106.8		300	171	0	0	360	155	120	99	120	122	720	81
288	480.0	105.9		97.3		240	153	0	0	300	143	0	0	60	94	840	80
289	320.0	146.0		138.5		120	170	0	0	600	157	0	0	120	133	120	80
290	400.0	112.4		107.5		60	144	0	0	600	130	0	0	240	101	300	80
291	660.0	93.9		87.8		360	129	0	0	540	115	0	0	60	67	1020	72
292	360.0	113.6		107.3		120	144	0	0	420	139	0	0	0	0	540	87
293	360.0	138.1		133.5		180	169	0	0	540	148	0	0	300	112	60	86
294	480.0	120.3		110.7		240	162	0	0	660	135	0	0	120	115	420	75
295	520.0	113.7		106.6		300	145	0	0	660	128	0	0	60	122	540	78
296	400.0	100.8		93.9		180	156	0	0	240	125	0	0	60	101	720	79
297	520.0	128.7		124.0		360	157	0	0	780	133	0	0	180	110	240	86
298	360.0	128.1		119.1		240	180	0	0	480	130	0	0	120	111	240	81
299	400.0	106.7		99.3		60	156	0	0	540	131	0	0	60	106	540	77
300	580.0	120.6		106.8		420	183	0	0	480	137	0	0	0	0	840	80
301	460.0	134.8		127.1		300	177	0	0	660	140	0	0	180	113	240	84
302	340.0	131.6		126.1		120	171	0	0	360	149	0	0	360	123	180	88
303	560.0	119.1		112.9		360	159	0	0	720	125	0	0	120	105	480	84
304	720.0	119.5		115.2		300	174	0	0	780	125	0	0	960	102	120	87
305	580.0	121.1		116.1		480	147	0	0	660	129	0	0	360	99	240	81
306	380.0	122.1		116.3		240	146	0	0	600	132	0	0	0	0	300	83
307	520.0	116.0		107.2		120	179	0	0	780	136	0	0	0	0	660	81
308	560.0	115.6		107.1		180	154	0	0	600	141	0	0	180	131	720	81
309	720.0	120.1		113.8		540	151	0	0	960	128	0	0	300	84	360	83
310	460.0	120.2		112.7		420	156	0	0	540	122	0	0	0	0	420	82
311	580.0	124.1		115.4		480	164	0	0	660	126	60	90	120	129	420	79
312	500.0	121.9		116.7		240	156	0	0	780	130	0	0	180	106	300	83
313	720.0	131.1		120.3		420	177	0	0	1080	142	0	0	180	103	480	77
314	480.0	119.9		115.8		240	143	60	106	660	132	60	87	180	107	240	85
315	580.0	124.9		120.9		660	136	0	0	600	133	0	0	180	127	300	83
316	560.0	129.5		120.3		480	167	0	0	660	138	120	88	120	93	300	82
317	420.0	125.2		116.2		60	221	0	0	720	141	60	87	180	106	240	78
318	560.0	110.9		107.0		420	135	0	0	720	117	120	90	60	84	360	82
319	720.0	117.0		112.7		960	133	0	0	600	124	180	90	60	83	360	82
320	540.0	111.4		104.7		120	154	0	0	780	132	0	0	60	81	660	82
321	760.0	137.5		130.3		840	167	0	0	960	135	0	0	120	112	360	84
322	500.0	123.9		119.8		240	146	0	0	900	132	0	0	180	95	180	83
323	660.0	120.8		112.4		360	166	0	0	900	133	0	0	0	0	720	83
324	460.0	131.4		128.0		180	158	0	0	840	138	0	0	240	111	120	86
325	520.0	140.8		137.1		420	169	0	0	660	143	0	0	420	117	60	87
326	880.0	123.2		112.3		1080	154	0	0	720	126	0	0	120	130	720	73
327	520.0	126.5		119.6		300	158	0	0	660	136	0	0	360	118	240	74
328	740.0	114.4		106.8		660	138	0	0	900	126	0	0	60	94	600	73
329	1100.0	117.3		109.1		1320	149	0	0	840	117	0	0	120	106	1020	78
330	1080.0	118.1		114.4		1380	135	0	0	1200	117	0	0	120	103	540	81
331	1020.0	121.5		118.2		1500	137	0	0	1080	116	0	0	120	89	360	84
332	680.0	116.3		108.0		540	143	0	0	780	131	0	0	300	95	420	70
333	1040.0	101.0		92.4		780	136	0	0	1140	113	0	0	60	64	1140	67
334	640.0	133.9		130.7		840	152	0	0	780	127	0	0	180	112	120	85
335	1140.0	111.1		104.7		1320	134	0	0	1140	116	0	0	120	73	840	74
336	980.0	116.4		112.7		1020	130	0	0	1260	123	0	0	60	79	600	83
337	1180.0	103.9		98.9		900	127	0	0	1320	115	60	84	240	88	1020	74
338	960.0	120.1		116.9		1140	135	0	0	1140	122	0	0	180	101	420	83
339	620.0	118.8		113.5		540	144	0	0	900	121	0	0	180	92	240	74
340	980.0	108.0		102.1		960	127	0	0	840	126	120	90	120	96	900	75
341	1100.0	123.8		117.8		1380	144	0	0	1140	128	0	0	60	82	720	82
342	1100.0	113.6		107.3		1200	139	0	0	1140	117	0	0	120	91	840	76
343	880.0	101.9		98.9		360	135	0	0	1380	107	0	0	60	78	840	81
344	780.0	114.8		108.3		600	146	0	0	840	124	0	0	240	106	660	78
345	940.0	127.0		123.7		960	147	0	0	1380	125	0	0	240	103	240	83
346	760.0	125.1		118.8		780	142	0	0	900	131	0	0	360	113	240	66
347	1400.0	110.4		105.2		1560	134	0	0	1440	112	0	0	120	86	1080	77
348	1180.0	110.3		105.1		1560	132	0	0	900	110	60	100	0	0	1020	78
349	1100.0	121.0		117.2		1560	137	0	0	1020	121	0	0	120	94	600	85
350	1240.0	109.1		105.8		1560	124	0	0	1200	112	60	100	0	0	900	80
351	920.0	114.6		110.0		960	136	0	0	1020	117	0	0	120	113	660	80
352	900.0	123.5		119.8		1020	142	0	0	1140	123	0	0	180	103	360	83
353	880.0	121.7		116.9		1020	146	0	0	1080	117	0	0	120	96	420	82
354	1020.0	122.1		119.9		1080	135	0	0	1380	123	0	0	300	110	300	84
355	920.0	121.5		120.0		1020	131	0	0	1260	123	0	0	300	105	180	85
356	1260.0	107.2		102.8		1500	126	0	0	1140	111	60	106	0	0	1080	77
357	960.0	126.2		123.0		1020	147	0	0	1320	123	0	0	240	106	300	86
358	940.0	116.2		113.3		840	133	0	0	1320	119	0	0	240	102	420	82
359	1060.0	119.6		116.3		1020	138	0	0	1320	123	0	0	420	101	420	83
360	700.0	123.9		119.5		540	150	0	0	1020	127	0	0	240	103	300	83
361	1440.0	114.4		111.9		2040	127	0	0	1440	113	0	0	180	98	660	83
362	1240.0	114.4		111.9		1980	126	0	0	1080	111	0	0	120	98	540	82
363	840.0	117.8		112.1		660	144	0	0	1140	122	0	0	240	111	480	75
364	1000.0	114.0		110.5		1020	135	0	0	1320	112	0	0	180	100	480	80
365	1120.0	119.7		114.9		1440	139	0	0	1080	122	0	0	300	87	540	82
366	1480.0	115.1		112.9		2160	128	0	0	1680	109	0	0	120	100	480	82
367	760.0	125.7		123.2		720	140	0	0	1020	129	0	0	420	106	120	80
368	1040.0	121.5		118.2		1080	140	0	0	1320	123	0	0	360	97	360	85
369	960.0	121.7		116.5		1260	140	0	0	1020	122	0	0	60	116	540	79
370	1040.0	119.3		116.0		1320	133	0	0	1200	122	0	0	360	84	240	84
371	1560.0	106.3		101.8		2160	121	0	0	1500	109	0	0	0	0	1020	71
372	900.0	114.7		110.3		780	140	0	0	1140	118	0	0	360	90	420	80
373	940.0	118.8		115.0		1260	134	0	0	900	121	60	92	120	103	480	82
374	1020.0	121.7		118.4		1200	139	0	0	1080	122	0	0	480	103	300	81
375	1060.0	119.9		115.8		1140	143	0	0	1320	117	0	0	180	106	540	83
376	1520.0	110.8		107.9		1980	127	0	0	1500	109	0	0	300	88	780	82
377	1100.0	118.3		116.1		1320	133	0	0	1440	113	0	0	300	110	240	79
378	1500.0	108.0		105.3		2220	119	0	0	1560	107	0	0	60	87	660	75
379	860.0	124.0		121.4		1200	139	0	0	1020	118	0	0	240	93	120	86
380	800.0	112.2		108.7		540	135	0	0	1200	116	0	0	480	93	180	70
381	1400.0	107.6		103.3		1860	123	0	0	1680	106	0	0	0	0	660	68
382	1400.0	100.6		98.0		1980	112	0	0	1380	101	0	0	0	0	840	73
383	1380.0	107.2		104.9		2040	120	0	0	1320	103	0	0	60	78	720	81
384	1380.0	104.7		102.3		1920	119	0	0	1260	101	60	97	60	79	840	80
385	1280.0	112.2		109.9		1560	127	0	0	1500	110	0	0	360	91	420	83
386	1340.0	103.2		101.5		1620	114	0	0	1380	105	0	0	60	111	960	82
387	1300.0	107.2		106.4		1920	111	0	0	1500	109	0	0	180	98	300	80
388	1380.0	111.6		109.4		2100	121	0	0	1260	113	0	0	120	101	660	81
389	1360.0	110.6		106.9		1620	126	0	0	1560	112	0	0	300	95	600	73
390	1620.0	106.9		106.1		2220	113	0	0	1860	106	0	0	360	103	420	82
391	1180.0	116.6		115.7		1860	123	0	0	1320	113	0	0	240	104	120	81
392	1760.0	96.0		95.4		2460	101	0	0	1800	97	0	0	540	87	480	77
393	1220.0	106.4		104.6		1560	117	0	0	1380	106	0	0	300	94	420	77
394	1660.0	101.8		101.2		2460	106	0	0	1920	102	0	0	120	86	480	83
395	1320.0	116.0		114.8		1860	123	0	0	1560	116	0	0	360	97	180	81
396	1160.0	112.6		111.6		1680	119	0	0	1320	112	0	0	300	96	180	84
397	1580.0	108.1		107.7		2400	113	0	0	1740	106	60	105	360	95	180	91
398	1180.0	104.4		104.2		1740	105	0	0	1320	107	0	0	480	95	0	0
399	1260.0	110.5		109.4		1800	119	0	0	1320	109	0	0	420	93	240	86
400	1180.0	116.3		115.4		1740	124	0	0	1440	111	0	0	240	109	120	82
401	1160.0	116.7		113.8		1440	129	0	0	1260	118	60	102	540	99	180	67
402	1280.0	111.0		109.7		1680	121	0	0	1440	110	0	0	420	94	300	84
403	1180.0	114.3		113.6		1680	121	0	0	1500	112	0	0	240	96	120	87
404	980.0	117.6		115.6		1380	127	0	0	1140	117	0	0	120	103	300	82
405	1480.0	102.3		101.7		1860	108	0	0	1920	101	0	0	360	100	300	78
406	1100.0	121.6		119.5		1440	135	0	0	1260	117	0	0	420	107	180	80
407	1220.0	111.9		109.6		1560	121	0	0	1440	112	0	0	180	122	480	78
408	1320.0	111.5		108.4		1800	124	0	0	1440	112	0	0	300	90	420	72
409	1280.0	109.8		108.0		1800	120	0	0	1320	108	0	0	300	99	420	79
410	1160.0	114.6		112.0		1500	129	0	0	1380	112	0	0	60	109	540	82
411	1460.0	106.0		104.4		2160	115	0	0	1440	106	0	0	120	83	660	81
412	1300.0	114.9		112.8		2040	124	0	0	1260	114	0	0	180	99	420	80
413	1140.0	122.7		119.4		1500	136	0	0	1320	123	0	0	240	103	360	79
414	1240.0	115.6		114.6		1560	123	0	0	1740	115	0	0	180	97	240	86
415	1100.0	118.7		117.7		1440	127	0	0	1440	117	0	0	300	101	120	85
416	1100.0	114.5		113.4		1500	121	0	0	1260	115	0	0	300	104	240	84
417	1260.0	119.9		118.8		1920	127	0	0	1380	116	0	0	360	112	120	75
418	1040.0	116.9		115.9		1500	125	0	0	1080	115	0	0	420	102	120	85
419	1160.0	113.0		110.7		1500	125	0	0	1440	112	0	0	300	87	240	77
420	1540.0	107.0		105.9		1980	118	0	0	1980	102	0	0	360	95	300	82
421	1240.0	118.5		117.5		1860	126	0	0	1440	116	0	0	240	102	180	84
422	1160.0	116.3		114.9		1860	126	0	0	1140	109	0	0	300	103	180	84
423	1500.0	108.4		107.4		2100	116	0	0	1680	107	0	0	420	96	300	81
424	1080.0	117.4		115.6		1380	129	0	0	1320	115	0	0	240	107	300	83
425	1160.0	109.9		109.0		1560	115	0	0	1500	111	0	0	180	96	240	81
426	1220.0	115.9		114.5		1860	123	0	0	1200	116	60	113	240	99	300	85
427	1160.0	113.5		112.3		1500	124	0	0	1260	111	0	0	480	101	240	86
428	860.0	117.4		114.8		900	130	0	0	1020	119	120	85	240	123	300	83
429	1640.0	108.0		105.8		2220	122	0	0	1920	103	0	0	180	79	600	81
430	1440.0	115.8		115.3		2400	120	0	0	1440	113	60	96	300	112	120	85
431	1220.0	112.1		109.8		1560	126	0	0	1380	110	0	0	180	95	540	83
432	1200.0	114.1		112.4		1800	126	0	0	1200	108	60	106	300	91	240	87
433	1280.0	113.5		112.1		1680	124	0	0	1560	111	0	0	300	96	300	85
434	1140.0	102.9		102.8		1620	104	0	0	1440	102	0	0	300	106	60	81
435	1040.0	118.7		118.3		1140	126	0	0	1560	117	0	0	360	107	60	94
436	1460.0	109.7		108.6		2280	116	0	0	1500	109	0	0	240	97	360	81
437	940.0	111.4		109.9		1320	117	0	0	1260	112	0	0	0	0	240	77
438	1300.0	113.4		111.3		1860	126	0	0	1380	109	0	0	120	101	540	84
439	1240.0	114.2		113.6		2100	118	0	0	1320	113	0	0	240	95	60	82
440	1300.0	117.1		115.1		2100	128	0	0	1320	110	0	0	180	104	300	80
441	1300.0	110.5		109.4		1620	122	0	0	1800	105	0	0	240	98	240	86
442	1380.0	118.7		117.6		1980	126	0	0	1440	117	0	0	540	110	180	79
443	880.0	120.2		118.1		1080	133	0	0	1080	118	0	0	240	111	240	82
444	1140.0	103.2		102.6		1620	108	0	0	1140	104	120	91	300	99	240	79
445	1380.0	98.4		98.3		2160	99	0	0	1380	99	0	0	480	97	120	85
446	1220.0	106.7		105.6		1620	115	0	0	1440	104	0	0	300	101	300	80
447	1220.0	106.8		106.0		1860	109	0	0	1320	109	0	0	300	103	180	74
448	1280.0	102.6		101.7		1500	108	0	0	1680	105	0	0	120	99	540	81
449	1040.0	103.0		102.8		1560	106	0	0	1200	101	0	0	240	102	120	86
450	1080.0	88.7		88.1		1380	95	0	0	1440	87	0	0	180	78	240	71
451	1000.0	70.9		70.8		1200	73	0	0	1200	68	0	0	300	77	300	68
452	1200.0	53.0		52.9		1500	52	0	0	1380	52	0	0	420	58	300	55
453	720.0	19.8		17.9		600	14	0	0	720	15	0	0	480	28	360	28
454	700.0	17.9		17.5		840	20	0	0	780	15	0	0	300	18	180	20
455	1240.0	38.5		38.2		1200	43	0	0	1560	37	0	0	660	38	300	30
456	1260.0	48.7		48.6		1560	48	0	0	1320	47	0	0	840	53	60	47
457	1060.0	35.8		35.7		1260	35	0	0	1200	37	0	0	540	36	180	32
458	1040.0	34.9		34.5		1260	34	0	0	1020	31	0	0	660	41	180	41
459	1300.0	55.0		54.7		1620	56	0	0	1500	51	0	0	660	60	120	63
460	1380.0	51.6		51.3		1680	48	0	0	1500	52	0	0	540	59	420	55
461	1060.0	34.5		31.0		1080	21	60	31	1500	40	0	0	300	48	240	45
462	1040.0	28.7		26.4		1200	26	0	0	1140	21	0	0	480	45	300	43
463	1000.0	24.5		23.1		1200	24	0	0	1020	18	0	0	360	36	420	32
464	1240.0	29.3		27.6		1380	22	0	0	1380	28	0	0	780	42	180	41
465	820.0	16.8		15.0		840	14	0	0	780	11	0	0	840	25	0	0
466	1100.0	24.9		24.5		1200	23	60	13	1140	24	0	0	720	30	180	27
467	1180.0	37.7		37.4		1440	36	0	0	1260	35	0	0	360	46	480	44
468	1120.0	34.7		31.7		1260	29	0	0	1320	27	0	0	540	58	240	54
469	1100.0	26.7		21.9		1260	17	0	0	1020	20	60	12	540	44	420	52
470	1100.0	22.4		19.6		1200	17	0	0	1140	16	0	0	660	38	300	34
471	1020.0	21.0		19.8		1260	21	0	0	960	15	60	18	600	28	180	30
472	960.0	18.8		17.7		1080	18	0	0	1020	14	0	0	660	26	120	27
473	900.0	19.3		18.2		960	15	0	0	960	18	60	16	240	23	480	29
474	720.0	14.6		14.5		960	15	60	13	840	15	0	0	120	11	180	13
475	980.0	19.7		19.5		1140	19	60	17	1080	22	0	0	300	18	360	17
476	1140.0	23.7		23.6		1260	26	0	0	1320	22	0	0	600	23	240	23
477	1160.0	26.1		25.9		1320	29	0	0	1260	25	0	0	600	23	300	24
478	1300.0	31.6		31.5		1500	31	0	0	1320	30	0	0	900	35	180	31
479	920.0	19.5		19.3		1200	18	0	0	840	19	0	0	360	23	360	22
480	760.0	17.4		16.4		780	17	0	0	840	13	0	0	480	22	180	28
481	1340.0	35.9		34.7		1560	36	0	0	1500	29	0	0	660	47	300	45
482	1080.0	21.3		19.5		1080	15	0	0	1200	19	0	0	540	29	420	34
483	560.0	20.7		20.3		780	24	0	0	840	18	0	0	60	16	0	0
484	1340.0	43.4		42.2		1560	49	0	0	1620	44	60	41	480	34	300	27
485	1000.0	29.1		29.0		1200	31	0	0	1020	28	0	0	420	25	360	31
486	1160.0	29.1		28.9		1200	27	0	0	1380	28	0	0	600	35	300	31
487	760.0	16.3		13.7		960	13	0	0	660	10	120	13	300	30	240	31
488	600.0	11.9		11.5		660	12	60	16	840	10	0	0	120	15	120	20
489	800.0	21.2		20.4		1020	26	0	0	900	18	0	0	300	18	180	15
490	800.0	18.3		18.2		960	20	0	0	840	17	0	0	240	18	360	17
491	1160.0	24.5		23.9		1440	29	0	0	1320	21	60	22	540	21	120	25
492	740.0	14.3		14.1		1020	16	0	0	780	12	0	0	240	15	180	14
493	1000.0	24.0		23.3		1140	29	0	0	1200	21	0	0	300	24	360	18
494	1100.0	28.5		28.3		1260	31	0	0	1440	26	0	0	180	30	420	29
495	860.0	18.3		17.1		1140	23	0	0	780	13	60	10	480	18	120	14
496	1000.0	24.2		23.3		1200	30	0	0	1260	21	0	0	420	19	120	18
497	1040.0	20.2		20.1		1260	19	0	0	1200	21	0	0	240	18	420	23
498	980.0	22.4		22.3		1020	20	0	0	1200	23	0	0	540	25	180	25
499	980.0	21.6		21.1		1080	21	0	0	960	18	60	17	720	27	120	26
500	1020.0	19.6		18.9		960	16	0	0	1080	19	60	10	600	24	360	25
501	1180.0	31.5		31.2		1380	34	0	0	1260	32	0	0	540	27	360	27
502	1020.0	19.7		19.4		1140	23	0	0	1200	18	0	0	600	17	120	20
503	860.0	15.7		15.4		1020	18	0	0	1020	14	60	14	120	13	360	15
504	680.0	14.4		13.1		960	19	60	14	840	10	0	0	60	11	120	11
505	840.0	15.8		15.5		1080	18	0	0	900	14	0	0	300	16	240	12
506	360.0	11.5		8.2		540	17	60	14	480	5	0	0	0	0	0	0
507	620.0	20.9		20.5		720	24	0	0	720	18	0	0	300	19	120	24
508	1160.0	30.8		30.8		1440	32	0	0	1320	30	0	0	360	30	360	30
509	780.0	15.0		14.8		840	17	0	0	1140	14	0	0	180	11	180	16
510	1000.0	18.9		18.5		1320	21	0	0	1140	19	0	0	180	15	360	13
511	1000.0	24.5		24.3		1140	27	0	0	1320	24	0	0	120	19	420	21
512	320.0	13.6		13.5		420	13	0	0	540	14	0	0	0	0	0	0
513	1000.0	26.1		25.9		1200	28	0	0	1140	24	60	32	300	27	300	24
514	1100.0	24.0		23.9		1380	24	0	0	1260	22	0	0	240	28	420	28
515	860.0	18.2		18.0		1140	20	60	22	1140	17	0	0	120	14	120	15
516	880.0	21.2		20.8		1080	23	60	15	960	22	0	0	180	16	360	17
517	940.0	20.7		19.8		1140	25	0	0	1080	20	0	0	300	14	300	14
518	920.0	22.5		21.9		1200	26	0	0	1140	21	0	0	180	15	240	18
519	720.0	21.4		20.9		960	24	0	0	1080	20	0	0	0	0	120	13
520	880.0	15.2		15.1		1140	16	0	0	900	15	0	0	300	15	300	13
521	760.0	19.2		18.4		1200	23	0	0	840	15	0	0	0	0	240	15
522	1080.0	26.7		26.7		1260	27	0	0	1200	26	0	0	360	29	420	26
523	940.0	19.0		18.6		1140	17	60	17	1020	18	60	22	240	25	300	25
524	1040.0	19.5		18.9		1260	22	0	0	1020	15	60	16	600	22	180	20
525	900.0	18.4		17.2		1140	24	0	0	900	14	60	12	360	14	240	17
526	940.0	21.6		21.3		1140	23	0	0	1020	21	0	0	420	17	240	25
527	740.0	15.8		15.7		660	15	0	0	960	15	0	0	240	18	360	18
528	940.0	18.2		17.9		1140	21	0	0	1020	16	0	0	360	16	300	18
529	920.0	23.5		20.7		1320	32	0	0	1080	16	0	0	180	14	180	15
530	940.0	21.5		19.4		1260	29	0	0	1080	16	0	0	240	13	240	15
531	980.0	19.2		18.0		1200	25	0	0	1140	16	0	0	300	13	300	14
532	640.0	16.2		14.2		1080	21	0	0	780	10	0	0	60	11	0	0
533	920.0	22.3		21.6		1080	18	0	0	1080	27	0	0	300	23	300	20
534	1080.0	33.1		33.0		1320	34	0	0	1320	33	0	0	120	37	480	30
535	1000.0	17.6		17.4		1200	20	0	0	1200	16	0	0	360	15	240	18
536	1180.0	23.8		23.3		1500	27	0	0	1200	24	0	0	360	18	480	18
537	840.0	24.5		24.1		1080	28	0	0	840	23	60	22	240	22	300	19
538	920.0	17.3		17.1		1080	20	0	0	900	16	0	0	600	15	180	16
539	960.0	21.4		21.4		1140	22	0	0	960	21	0	0	780	21	0	0
540	960.0	20.8		20.5		1200	19	0	0	1020	21	60	13	600	25	0	0
541	640.0	15.3		15.2		900	17	0	0	960	14	0	0	60	12	0	0
542	1040.0	29.0		28.2		1500	32	0	0	1140	29	0	0	60	24	420	19
543	920.0	23.0		21.6		1140	30	0	0	1140	19	0	0	240	16	240	16
544	1060.0	29.4		26.5		1380	39	0	0	1140	25	0	0	360	17	300	17
545	1100.0	26.2		25.5		1380	26	0	0	960	30	240	33	240	20	480	19
546	820.0	24.7		23.7		1200	26	0	0	840	27	0	0	120	19	300	15
547	780.0	22.8		22.8		1200	23	0	0	1020	23	0	0	0	0	120	20
548	780.0	22.4		21.7		1080	23	120	16	900	24	120	21	0	0	120	12
549	1000.0	24.8		24.0		1080	29	0	0	1260	25	0	0	420	17	240	19
550	940.0	18.3		18.0		1200	21	0	0	1020	16	0	0	300	18	300	16
551	920.0	23.9		23.0		1140	27	0	0	1020	25	0	0	180	17	420	16
552	940.0	21.9		21.5		1080	21	60	18	1200	25	0	0	120	16	360	17
553	1020.0	22.8		22.0		1320	25	0	0	1140	24	0	0	300	16	300	15
554	1200.0	27.5		27.4		1380	27	0	0	1320	29	0	0	420	27	480	25
555	1060.0	21.4		21.3		1320	21	0	0	1200	23	0	0	240	18	420	20
556	940.0	19.5		19.5		1200	20	0	0	1020	19	0	0	240	20	360	19
557	1280.0	25.1		24.8		1500	28	0	0	1380	24	0	0	540	22	420	22
558	900.0	22.8		22.4		1140	22	0	0	720	21	60	12	660	26	120	28
559	780.0	16.2		15.7		960	19	0	0	780	13	60	13	420	16	120	16
560	860.0	19.4		19.3		960	21	0	0	720	18	60	20	660	18	180	21
561	1060.0	22.7		22.7		1080	22	0	0	1200	23	0	0	720	23	180	24
562	800.0	25.4		25.1		900	27	0	0	900	22	0	0	540	29	60	22
563	620.0	15.9		13.6		840	16	0	0	480	8	60	16	420	24	60	22
564	660.0	14.0		13.6		840	15	0	0	660	11	0	0	120	17	360	16
565	700.0	22.1		21.7		660	19	0	0	840	21	0	0	240	27	360	27
566	900.0	22.0		20.9		960	17	0	0	1080	21	0	0	180	31	480	31
567	940.0	20.1		19.1		1020	16	0	0	960	18	0	0	660	28	180	25
568	900.0	22.9		22.5		900	19	0	0	1020	24	0	0	540	27	240	24
569	860.0	18.8		18.4		1020	17	60	13	900	18	0	0	420	24	180	23
570	1000.0	30.3		30.1		1140	30	0	0	1080	28	0	0	600	33	180	37
571	980.0	35.3		35.2		1140	34	0	0	1080	34	0	0	540	39	180	40
572	1160.0	39.8		39.7		1260	39	0	0	1320	39	0	0	600	43	300	40
573	1060.0	39.1		38.6		1320	34	0	0	1200	41	0	0	360	46	300	46
574	1000.0	29.6		27.7		1080	24	0	0	1140	25	0	0	420	44	360	44
575	1000.0	29.2		26.8		1140	21	0	0	1260	28	0	0	420	46	180	51
576	880.0	30.7		29.7		1200	31	0	0	1140	26	0	0	180	51	120	43
577	1100.0	31.3		30.3		1200	32	0	0	1260	25	0	0	480	41	360	38
578	1100.0	36.0		35.3		1440	36	0	0	1200	31	0	0	360	45	300	45
579	1160.0	60.8		60.8		1560	62	0	0	1200	61	0	0	360	60	360	56
580	880.0	65.5		64.5		1140	72	0	0	900	66	0	0	120	54	480	52
581	720.0	56.2		54.5		660	68	0	0	960	56	0	0	300	45	240	39
582	720.0	71.4		71.1		960	76	0	0	840	69	0	0	120	62	240	66
583	1080.0	71.6		71.4		1380	75	0	0	1080	71	0	0	360	68	420	65
584	1240.0	68.7		68.6		1620	71	0	0	1560	69	0	0	300	59	240	64
585	700.0	84.4		84.1		720	87	0	0	960	87	0	0	120	72	300	75
586	860.0	78.3		77.8		1020	84	0	0	960	78	60	70	240	71	300	67
587	900.0	74.3		74.1		1140	78	0	0	1080	71	0	0	300	75	180	69
588	1020.0	81.4		80.9		1320	88	0	0	1320	77	0	0	360	73	60	81
589	780.0	90.7		89.9		840	100	0	0	1020	89	60	87	120	81	300	75
590	960.0	86.3		85.5		1200	95	0	0	1080	84	0	0	180	71	420	74
591	960.0	99.5		98.7		1200	108	0	0	1080	98	0	0	540	86	60	79
592	860.0	97.1		96.7		1200	100	0	0	900	100	0	0	240	88	240	81
593	800.0	99.7		98.5		840	112	0	0	1020	98	0	0	360	85	180	81
594	1000.0	101.2		100.2		1260	110	0	0	1200	100	0	0	360	84	180	82
595	1060.0	104.5		103.2		1440	115	0	0	1260	101	0	0	300	84	180	80
596	840.0	101.0		100.0		1260	109	0	0	900	98	0	0	300	81	60	79
597	880.0	102.6		100.6		1080	116	0	0	1080	100	0	0	360	77	120	82
598	960.0	102.3		101.2		1200	110	0	0	1200	102	0	0	120	102	360	78
599	840.0	100.6		98.0		1080	111	0	0	960	102	0	0	120	93	360	68
600	720.0	104.8		101.7		600	120	0	0	780	116	0	0	300	82	480	82
601	900.0	101.9		100.5		900	115	0	0	1140	101	120	98	120	85	420	82
602	740.0	100.2		99.5		780	108	0	0	1140	99	0	0	120	93	180	79
603	1300.0	98.6		97.9		1860	104	0	0	1320	99	0	0	240	89	480	81
604	960.0	103.0		101.9		1260	113	0	0	900	100	0	0	420	95	300	81
605	860.0	107.9		105.8		1080	121	0	0	1020	106	0	0	180	90	300	78
606	1020.0	102.6		101.2		1320	112	0	0	1200	102	0	0	180	87	360	78
607	980.0	110.3		109.4		1200	118	0	0	1320	110	0	0	180	97	240	84
608	980.0	107.2		104.6		1260	124	0	0	1020	101	0	0	300	93	360	78
609	760.0	105.9		104.2		780	120	0	0	1140	104	0	0	60	90	300	80
610	960.0	106.7		105.7		960	117	0	0	1380	107	0	0	300	90	240	85
611	920.0	105.3		104.6		1080	113	0	0	1260	104	0	0	300	92	120	83
612	900.0	108.6		107.5		1140	118	0	0	960	107	0	0	300	103	300	84
613	860.0	110.2		108.2		900	127	0	0	1080	108	0	0	180	93	420	87
614	1060.0	103.5		102.3		1380	112	0	0	1140	104	60	94	60	82	540	84
615	900.0	106.9		105.2		900	122	60	106	1080	106	0	0	180	96	480	85
616	1180.0	99.3		98.5		1740	106	0	0	1200	97	60	87	120	94	420	81
617	1240.0	106.5		105.0		1800	115	0	0	1260	106	60	102	180	88	420	80
618	1060.0	107.1		106.0		1680	115	0	0	960	104	60	97	300	90	180	81
619	1280.0	105.4		103.7		1740	116	0	0	1260	105	120	98	120	85	600	81
620	1240.0	108.1		106.0		1740	119	0	0	1260	108	0	0	180	81	540	82
621	1320.0	104.5		102.5		1680	117	0	0	1440	102	60	95	240	96	540	77
622	920.0	109.4		106.8		1020	122	0	0	1260	111	0	0	180	79	300	78
623	1020.0	109.2		107.8		1080	122	0	0	1200	108	0	0	480	99	300	84
624	1040.0	107.2		104.5		1380	120	0	0	1080	108	0	0	120	84	540	78
625	840.0	118.1		116.4		1140	129	0	0	960	117	0	0	180	97	240	87
626	860.0	111.8		108.7		1140	129	0	0	780	107	60	112	120	98	480	82
627	1140.0	107.5		106.6		1560	116	0	0	1440	104	0	0	180	91	240	85
628	1320.0	101.0		99.5		1680	111	0	0	1500	101	60	96	240	81	480	77
629	1020.0	103.8		101.2		1440	118	0	0	960	100	0	0	120	79	540	78
630	1100.0	110.0		106.7		1500	125	0	0	1140	108	0	0	60	103	600	77
631	900.0	110.6		110.4		840	114	0	0	1260	111	0	0	540	107	60	88
632	1080.0	103.5		101.6		1440	115	0	0	1020	101	120	97	240	96	420	76
633	960.0	111.9		109.6		1260	126	0	0	1020	108	0	0	180	102	420	83
634	1100.0	114.1		111.7		1560	128	0	0	840	113	60	107	300	95	540	87
635	1100.0	115.5		114.3		1440	128	0	0	1260	110	60	102	420	96	120	99
636	400.0	125.5		125.1		300	131	0	0	600	129	0	0	300	113	0	0
637	960.0	106.0		103.5		1020	122	0	0	1140	107	0	0	120	81	600	82
638	1000.0	106.2		103.7		1260	121	0	0	1200	102	0	0	60	114	480	77
639	1040.0	106.8		104.6		1440	120	0	0	900	106	0	0	300	86	480	82
640	720.0	104.8		102.8		720	122	0	0	840	104	0	0	240	89	360	83
641	920.0	107.4		104.4		1020	127	0	0	960	106	60	95	180	84	540	82
642	1000.0	101.1		99.9		1020	112	0	0	1380	101	0	0	60	91	540	82
643	1360.0	100.1		99.7		1920	105	0	0	1320	99	120	93	480	94	240	83
644	1000.0	109.6		108.5		1320	118	0	0	1080	109	0	0	300	99	300	85
645	1120.0	103.4		101.8		1680	115	0	0	1140	94	0	0	180	101	360	80
646	1180.0	98.2		96.7		1200	112	0	0	1500	97	0	0	240	82	600	80
647	1340.0	99.0		98.6		2040	104	0	0	1320	95	0	0	540	94	120	79
648	1240.0	106.4		105.9		1860	113	0	0	1440	102	0	0	300	96	120	84
649	1200.0	92.9		87.8		1500	110	0	0	1020	99	0	0	120	66	960	63
650	1400.0	101.9		100.4		1920	113	0	0	1380	99	120	92	180	86	600	80
651	1040.0	103.8		103.3		1320	110	0	0	1380	102	0	0	360	91	60	85
652	1180.0	104.6		101.8		1740	116	0	0	1080	106	0	0	60	76	660	75
653	840.0	97.1		95.0		660	113	0	0	900	104	60	85	180	77	720	80
654	1500.0	104.0		103.2		2100	112	0	0	1560	102	0	0	300	93	540	85
655	1000.0	106.7		105.5		1200	115	0	0	1440	106	0	0	180	82	180	81
656	1240.0	100.6		98.9		1680	110	0	0	1020	104	60	92	360	88	600	77
657	720.0	112.7		110.3		900	124	0	0	840	114	0	0	180	98	240	77
658	1200.0	95.1		92.5		1500	107	0	0	1020	101	0	0	240	77	840	72
659	1500.0	98.3		96.9		1920	108	0	0	1680	97	0	0	300	90	600	75
660	1200.0	107.8		106.9		1680	116	0	0	1260	106	0	0	420	95	240	83
661	1100.0	101.9		99.8		1440	113	0	0	1020	101	0	0	180	109	660	77
662	1140.0	88.9		88.3		1560	92	0	0	1320	91	0	0	180	84	360	70
663	1220.0	92.7		91.3		1380	105	0	0	1620	90	0	0	240	77	420	72
664	1420.0	91.4		91.1		1980	96	0	0	1680	89	0	0	300	90	300	76
665	1220.0	103.5		99.1		1680	119	0	0	1080	106	0	0	180	82	720	69
666	1480.0	102.0		99.7		2160	111	0	0	1380	103	0	0	300	97	600	70
667	1120.0	102.5		99.7		1320	118	0	0	1380	101	0	0	120	72	540	75
668	1100.0	103.7		102.1		1200	115	0	0	1320	105	0	0	240	94	540	80
669	1200.0	105.1		104.1		1680	113	0	0	1140	106	0	0	180	87	600	87
670	560.0	103.3		101.7		300	125	0	0	840	104	60	102	180	100	300	82
671	1320.0	100.9		100.1		1860	106	0	0	1560	101	0	0	360	90	180	70
672	900.0	104.4		100.1		840	125	0	0	840	113	60	117	60	77	900	78
673	1400.0	105.5		104.5		1920	114	0	0	1620	103	0	0	180	95	480	84
674	880.0	111.2		108.4		900	130	0	0	1260	109	0	0	120	88	360	80
675	1380.0	98.3		97.3		1680	107	0	0	1620	98	0	0	120	84	720	81
676	1160.0	112.1		110.0		1320	126	0	0	1380	112	0	0	360	97	420	82
677	1120.0	107.4		105.1		1500	119	0	0	1140	107	0	0	120	107	600	79
678	1200.0	110.8		108.3		1560	126	0	0	1260	107	60	113	180	91	540	82
679	1060.0	99.8		98.6		1260	111	0	0	1380	97	0	0	180	79	360	82
680	1260.0	101.8		99.2		1500	116	0	0	1260	104	0	0	240	75	780	79
681	1520.0	104.0		103.3		2280	110	0	0	1440	102	120	99	300	99	420	83
682	1100.0	112.3		111.1		1380	121	0	0	1440	112	0	0	240	93	240	84
683	980.0	110.0		107.6		1080	125	0	0	1320	109	60	97	60	84	420	80
684	1140.0	105.1		103.1		1380	118	0	0	1080	107	60	88	300	91	600	81
685	1260.0	102.3		101.1		1680	113	0	0	1260	100	0	0	240	86	600	84
686	1460.0	101.6		100.4		1980	110	0	0	1620	101	0	0	120	79	660	82
687	1060.0	111.0		108.9		1200	125	0	0	1500	109	0	0	240	88	240	77
688	1400.0	102.4		100.3		1740	115	0	0	1440	103	0	0	360	88	660	76
689	1180.0	102.9		101.3		1500	114	0	0	1140	103	120	101	120	87	660	81
690	1280.0	101.5		100.7		1500	110	0	0	1620	99	0	0	420	98	300	78
691	1200.0	93.9		92.5		1380	107	0	0	1260	91	120	90	300	80	540	76
692	920.0	100.0		98.6		1020	109	0	0	1080	102	120	99	60	72	480	80
693	1060.0	104.2		102.6		1560	112	0	0	1020	105	0	0	180	98	420	76
694	1320.0	64.5		64.4		1920	62	0	0	1320	68	60	60	0	0	660	65
695	1040.0	43.8		43.1		1140	41	60	47	1260	50	0	0	240	39	420	35
696	1000.0	36.2		36.1		1200	34	0	0	1260	38	0	0	180	35	360	38
697	860.0	22.4		22.3		1020	21	0	0	960	23	0	0	180	23	420	24
698	1120.0	42.9		42.7		1560	41	0	0	1260	43	0	0	60	57	480	47
699	1300.0	41.6		41.2		1920	39	0	0	1260	48	0	0	60	44	660	37
700	1260.0	59.2		57.8		1560	66	0	0	1200	60	180	63	120	48	720	44
701	1040.0	57.6		55.5		1200	70	0	0	1140	54	0	0	180	49	600	42
702	1040.0	53.6		50.5		1200	61	0	0	1140	58	0	0	120	50	660	33
703	860.0	51.7		44.8		1260	59	0	0	1080	51	0	0	0	0	240	16
704	920.0	55.8		49.0		1260	69	0	0	720	59	60	60	120	29	600	29
705	960.0	70.0		69.2		960	75	0	0	960	74	240	65	180	67	540	57
706	880.0	86.2		85.8		840	93	0	0	1200	86	0	0	240	82	360	74
707	580.0	83.0		82.4		360	97	0	0	960	81	0	0	300	78	120	70
708	940.0	87.0		86.3		720	100	0	0	1500	85	0	0	360	79	240	73
709	820.0	92.8		91.2		780	108	0	0	1200	90	0	0	420	75	60	74
710	1220.0	86.7		85.3		1320	98	0	0	1560	85	0	0	60	94	720	69
711	920.0	115.1		113.7		960	124	0	0	1200	117	0	0	300	109	300	85
712	1060.0	102.0		100.1		1020	118	0	0	1200	101	0	0	660	92	300	74
713	720.0	98.7		96.0		360	119	0	0	780	109	120	98	300	91	600	77
714	520.0	107.6		105.0		420	131	0	0	780	105	0	0	120	98	240	80
715	580.0	115.0		113.1		480	129	0	0	780	119	0	0	240	101	240	88
716	1080.0	100.7		100.2		1020	106	0	0	1620	101	0	0	360	99	240	79
717	760.0	108.1		104.1		660	130	0	0	960	113	0	0	60	81	600	79
718	800.0	109.0		103.9		600	132	0	0	1200	115	0	0	0	0	600	74
719	1080.0	106.7		105.2		960	122	0	0	1560	106	0	0	360	93	360	83
720	660.0	112.7		110.7		300	137	0	0	1260	114	0	0	120	108	300	85
721	800.0	106.1		103.1		540	121	0	0	1140	115	0	0	120	86	600	80
722	800.0	112.4		109.6		780	125	0	0	1140	117	0	0	60	82	420	81
723	700.0	108.4		106.3		660	117	0	0	960	115	0	0	300	86	180	79
724	940.0	113.2		111.0		900	130	0	0	1260	113	60	106	300	95	300	83
725	640.0	124.0		120.0		480	144	0	0	1080	128	0	0	120	92	240	82
726	660.0	110.6		106.4		420	138	0	0	780	120	60	100	240	92	480	82
727	620.0	114.5		111.7		420	136	0	0	960	118	0	0	300	92	180	83
728	900.0	118.8		117.3		780	131	0	0	1260	121	0	0	480	106	180	85
729	680.0	112.2		109.8		720	128	0	0	780	114	60	102	0	0	480	87
730	800.0	120.4		117.5		480	139	0	0	1140	125	0	0	420	118	360	84
731	720.0	116.4		114.9		420	136	0	0	1140	119	0	0	540	99	60	88
732	660.0	121.1		116.8		420	149	0	0	1020	125	0	0	120	116	420	85
733	780.0	111.5		105.9		600	140	0	0	660	121	120	88	420	108	540	76
734	760.0	110.1		106.8		480	118	0	0	960	123	60	107	120	125	660	83
735	1020.0	115.1		111.7		1020	134	0	0	1320	116	0	0	300	97	420	79
736	980.0	112.2		108.5		960	127	0	0	1260	119	0	0	240	88	480	77
737	1080.0	115.9		113.6		1080	132	0	0	1320	117	120	102	240	102	480	87
738	1020.0	116.0		112.9		1320	131	0	0	1140	115	0	0	180	97	420	80
739	1120.0	113.8		112.0		900	128	0	0	1800	115	0	0	180	104	480	86
740	920.0	110.9		106.1		480	137	0	0	1380	119	0	0	240	108	660	76
741	640.0	118.3		116.5		420	137	0	0	1020	120	0	0	240	107	240	90
742	760.0	117.9		115.1		600	138	0	0	1020	119	0	0	420	108	240	80
743	940.0	95.5		90.9		840	113	0	0	1140	104	0	0	60	61	780	67
744	960.0	103.0		99.5		480	127	0	0	1440	111	60	92	120	85	780	77
745	600.0	114.5		111.1		420	136	0	0	900	118	0	0	240	101	240	77
746	500.0	98.9		95.0		180	131	0	0	600	110	60	72	300	94	360	73
747	600.0	98.4		97.9		420	110	0	0	780	99	0	0	240	89	360	90
748	760.0	96.9		95.8		720	112	0	0	1200	92	0	0	360	83	0	0
749	760.0	94.8		93.5		540	106	0	0	960	99	60	101	420	84	300	75
750	840.0	101.8		98.1		900	123	0	0	1020	99	0	0	120	81	480	73
751	640.0	91.5		86.8		300	109	0	0	960	104	0	0	120	71	540	64
752	580.0	90.0		89.3		300	105	0	0	1020	90	0	0	300	80	120	78
753	720.0	86.6		82.8		900	105	0	0	840	80	0	0	240	64	180	55
754	740.0	80.4		79.2		660	94	0	0	1080	78	0	0	120	74	360	65
755	620.0	84.2		82.9		240	99	60	105	900	88	0	0	480	73	180	68
756	700.0	87.9		87.8		540	89	0	0	1140	90	0	0	300	83	120	76
757	960.0	73.2		70.2		900	91	0	0	1080	74	0	0	420	56	480	53
758	880.0	69.6		68.0		600	85	0	0	1500	68	0	0	240	48	300	64
759	600.0	54.6		52.0		480	69	0	0	900	53	0	0	180	53	240	33
760	840.0	31.0		23.9		1200	46	0	0	1020	19	0	0	60	11	240	12
761	740.0	28.4		28.2		900	29	0	0	960	27	60	45	60	27	240	28
762	740.0	66.4		64.8		600	84	0	0	1080	62	0	0	360	56	180	55
763	840.0	53.6		53.3		900	58	0	0	1140	53	0	0	0	0	480	47
764	400.0	26.3		25.1		360	35	0	0	720	22	0	0	60	30	60	22
765	600.0	35.0		27.1		660	58	0	0	840	24	60	15	0	0	240	15
766	680.0	26.6		23.9		1080	34	0	0	840	19	0	0	0	0	120	13
767	360.0	12.6		11.9		420	16	0	0	540	10	60	14	60	10	0	0
768	620.0	14.1		13.5		960	17	0	0	780	11	0	0	0	0	120	11
769	380.0	12.7		11.1		600	17	0	0	540	8	0	0	0	0	0	0
770	480.0	11.3		11.0		540	14	60	9	660	10	0	0	0	0	180	9
771	420.0	10.5		10.3		600	12	0	0	600	9	0	0	0	0	60	10
772	880.0	24.5		24.2		1320	26	0	0	1080	24	0	0	120	21	120	16
773	920.0	56.7		53.7		960	66	0	0	1140	59	120	56	60	46	480	34
774	780.0	68.5		62.0		780	82	0	0	900	76	120	67	0	0	540	37
775	640.0	65.0		54.3		720	81	0	0	960	63	0	0	60	12	180	29
776	600.0	62.1		61.7		900	67	0	0	840	57	60	61	0	0	0	0
777	740.0	54.8		38.7		780	67	0	0	720	60	0	0	360	60	360	13
778	1100.0	47.0		43.7		1200	49	60	60	900	53	120	41	540	53	480	24
779	740.0	30.5		27.9		1320	28	0	0	780	38	0	0	0	0	120	10
780	820.0	40.9		32.4		1260	45	0	0	780	48	60	36	0	0	360	12
781	660.0	55.4		50.8		1020	60	0	0	900	53	0	0	0	0	60	12
782	820.0	60.9		50.0		1320	70	0	0	780	56	180	63	60	14	120	13
783	840.0	54.6		43.2		1200	70	0	0	660	55	120	54	0	0	540	20
784	840.0	60.1		50.0		960	79	0	0	840	64	60	65	60	30	600	27
785	520.0	69.1		68.1		1020	75	0	0	540	58	0	0	0	0	0	0
786	760.0	48.7		46.5		840	53	0	0	660	52	60	51	360	52	360	29
787	520.0	20.2		19.5		600	20	60	15	720	22	60	24	0	0	120	11
788	940.0	30.6		29.5		1260	37	0	0	1080	26	0	0	60	32	420	23
789	600.0	63.8		58.2		600	83	0	0	720	65	0	0	0	0	480	38
790	580.0	72.1		61.9		960	88	0	0	420	67	60	64	0	0	300	30
791	580.0	63.3		53.4		660	77	0	0	960	60	0	0	0	0	120	15
792	380.0	73.4		72.9		360	83	0	0	780	69	0	0	0	0	0	0
793	540.0	60.0		47.4		540	75	0	0	540	65	0	0	240	65	300	20
794	640.0	56.6		36.6		600	74	0	0	660	68	0	0	180	68	480	15
795	620.0	66.9		56.2		900	76	0	0	840	62	60	57	0	0	60	9
796	660.0	66.4		49.3		960	77	0	0	780	66	60	66	0	0	180	12
797	540.0	68.6		57.6		840	75	0	0	720	66	0	0	0	0	60	10
798	540.0	62.5		45.6		540	73	0	0	720	70	120	65	0	0	240	15
799	640.0	67.7		52.2		600	91	0	0	900	71	60	59	60	21	300	22
800	640.0	70.1		56.7		840	81	0	0	900	69	60	49	0	0	120	13
801	580.0	59.6		49.5		600	75	0	0	840	62	0	0	0	0	300	22
802	880.0	71.2		64.7		1020	86	0	0	840	77	120	74	120	34	540	42
803	660.0	78.0		72.9		540	94	0	0	840	87	0	0	0	0	600	51
804	620.0	83.7		77.9		360	110	0	0	900	90	0	0	360	67	240	46
805	520.0	91.7		88.7		300	110	0	0	600	98	0	0	360	89	300	64
806	920.0	82.0		79.9		960	92	0	0	1380	82	120	75	0	0	300	53
807	640.0	89.6		85.5		240	130	0	0	960	95	0	0	420	73	300	63
808	560.0	98.1		96.2		240	113	0	0	960	104	0	0	240	84	240	74
809	720.0	87.2		84.3		480	108	0	0	960	92	0	0	120	67	600	67
810	740.0	82.7		81.6		480	97	0	0	1200	83	0	0	120	70	420	69
811	480.0	77.9		72.5		420	95	0	0	720	80	0	0	120	62	180	40
812	600.0	75.6		68.8		420	98	0	0	900	82	0	0	0	0	480	44
813	640.0	90.2		88.4		540	104	0	0	900	91	60	86	180	80	240	65
814	680.0	67.8		65.1		120	108	0	0	1320	71	120	65	120	57	360	47
815	620.0	95.1		93.0		240	114	0	0	1200	99	0	0	180	80	240	68
816	600.0	97.8		95.2		180	131	0	0	900	105	0	0	360	84	360	77
817	680.0	103.1		101.8		360	117	0	0	1140	107	0	0	240	88	300	84
818	580.0	103.0		101.4		240	114	0	0	900	110	0	0	360	95	240	78
819	860.0	101.3		99.8		540	119	0	0	1140	104	120	89	360	94	420	81
820	620.0	99.6		97.3		360	123	0	0	900	103	0	0	180	84	420	79
821	560.0	101.4		99.3		180	121	0	0	900	109	0	0	420	88	180	75
822	560.0	106.0		103.7		240	126	0	0	960	112	0	0	180	89	300	81
823	660.0	97.5		95.1		480	111	0	0	840	102	60	88	120	110	480	74
824	480.0	107.4		106.0		180	129	0	0	780	108	0	0	360	105	120	78
825	760.0	101.8		99.9		480	119	0	0	1200	105	0	0	360	82	240	81
826	940.0	103.0		101.1		780	123	0	0	1260	102	0	0	180	87	600	84
827	660.0	100.8		99.5		180	121	0	0	1140	105	0	0	300	98	360	80
828	680.0	102.5		100.4		300	130	0	0	900	107	0	0	540	91	300	82
829	600.0	102.1		100.4		300	112	0	0	720	109	0	0	540	100	240	74
830	400.0	104.3		99.8		180	125	0	0	660	113	0	0	180	91	180	65
831	380.0	109.9		106.8		120	155	0	0	720	112	0	0	180	92	120	79
832	880.0	116.0		112.4		720	135	0	0	1200	119	0	0	360	108	360	76
833	420.0	113.5		110.6		120	166	0	0	600	117	0	0	360	103	180	88
834	620.0	116.5		111.2		480	145	0	0	960	117	0	0	120	104	300	74
835	520.0	103.3		100.9		300	123	0	0	660	111	0	0	60	93	540	84
836	480.0	117.9		114.3		240	152	0	0	840	119	0	0	240	101	120	76
837	680.0	115.9		112.9		240	129	0	0	1080	128	0	0	420	100	300	84
838	880.0	110.7		107.9		720	125	0	0	1200	117	120	102	180	84	420	82
839	820.0	114.1		111.6		600	137	0	0	1200	115	0	0	300	100	360	85
840	680.0	119.6		117.3		480	144	0	0	840	118	0	0	480	114	240	88
841	800.0	112.3		109.3		540	130	0	0	1140	119	0	0	180	105	540	83
842	680.0	106.7		101.5		240	142	0	0	840	119	60	83	300	110	600	76
843	500.0	129.1		125.0		360	165	0	0	720	126	0	0	360	108	60	78
844	640.0	107.2		103.1		240	149	0	0	900	115	120	93	240	91	420	80
845	900.0	104.0		97.5		600	132	0	0	1020	119	60	85	60	83	960	73
846	860.0	111.4		108.2		480	138	0	0	1260	117	60	102	300	93	480	83
847	740.0	117.8		114.0		660	139	0	0	1020	121	60	93	0	0	480	85
848	480.0	115.8		113.3		180	138	0	0	840	121	0	0	180	110	240	85
849	480.0	121.1		118.6		180	159	0	0	840	121	0	0	300	113	120	85
850	700.0	107.5		104.0		420	130	0	0	1080	113	60	107	0	0	540	79
851	540.0	112.9		110.3		420	134	0	0	540	116	0	0	420	105	240	83
852	920.0	118.3		113.7		780	142	0	0	1200	123	0	0	180	106	600	82
853	720.0	111.9		108.4		240	134	0	0	1260	122	0	0	180	89	480	83
854	740.0	121.7		118.7		420	142	0	0	1140	129	0	0	420	102	240	86
855	440.0	122.7		120.0		180	148	0	0	720	129	0	0	300	107	120	86
856	620.0	117.2		114.1		300	133	0	0	1020	126	0	0	240	103	300	83
857	700.0	114.1		110.7		480	137	0	0	960	120	60	109	60	105	540	85
858	820.0	110.4		108.2		480	131	0	0	1320	114	120	94	60	87	480	87
859	680.0	108.6		106.5		360	127	0	0	960	115	0	0	300	99	420	85
860	540.0	118.0		115.5		240	128	0	0	780	130	0	0	360	106	240	87
861	760.0	116.3		112.9		480	145	0	0	1140	119	60	87	240	99	360	86
862	540.0	110.1		106.3		300	144	0	0	600	119	0	0	240	90	480	88
863	860.0	119.9		118.5		780	133	0	0	1200	120	0	0	360	112	240	89
864	620.0	105.8		103.0		420	130	0	0	720	110	120	86	240	98	360	81
865	760.0	108.7		104.6		360	142	0	0	1020	116	180	88	180	107	540	80
866	520.0	111.7		110.3		60	111	0	0	1080	119	0	0	180	97	240	90
867	760.0	114.3		112.7		420	128	0	0	1260	117	180	100	180	118	240	84
868	840.0	115.5		112.1		780	131	0	0	840	125	120	108	360	101	420	82
869	560.0	126.2		118.8		360	168	0	0	720	132	0	0	240	114	360	81
870	920.0	114.4		111.9		840	127	0	0	1260	119	0	0	120	115	540	84
871	580.0	120.1		117.4		180	137	0	0	1080	127	0	0	180	119	300	86
872	540.0	123.3		121.4		120	138	0	0	1020	130	0	0	360	113	120	83
873	660.0	126.1		122.2		420	152	0	0	1080	128	60	102	180	121	240	82
874	740.0	112.4		107.4		600	136	0	0	960	120	0	0	0	0	660	80
875	520.0	117.4		112.7		120	142	0	0	660	135	0	0	420	113	360	82
876	680.0	118.5		115.3		360	142	0	0	1080	125	0	0	240	103	360	86
877	740.0	119.9		117.7		540	136	0	0	1140	123	0	0	300	107	240	85
878	600.0	120.1		115.9		360	149	0	0	900	124	0	0	180	115	360	84
879	520.0	118.9		116.3		300	131	0	0	960	123	0	0	120	116	180	79
880	760.0	113.8		109.8		480	140	0	0	1020	122	0	0	300	92	480	84
881	800.0	116.2		112.0		600	143	0	0	1380	116	0	0	180	78	240	79
882	640.0	115.6		112.7		240	139	0	0	1140	123	0	0	120	99	420	87
883	720.0	120.8		117.1		660	145	0	0	900	121	60	88	300	104	240	83
884	580.0	121.3		118.7		360	139	0	0	960	126	0	0	240	104	180	84
885	760.0	113.3		106.7		420	149	0	0	900	128	0	0	300	95	660	79
886	700.0	115.6		109.9		480	145	0	0	960	121	0	0	180	111	480	77
887	440.0	121.9		120.5		240	141	0	0	600	123	0	0	420	115	60	83
888	680.0	118.3		116.9		420	133	0	0	1020	120	0	0	420	113	180	87
889	640.0	131.2		128.0		420	149	0	0	1080	135	0	0	240	118	180	84
890	760.0	116.7		111.1		420	150	0	0	1140	125	0	0	240	92	480	80
891	640.0	116.7		109.8		300	163	0	0	840	129	0	0	240	94	540	82
892	420.0	127.8		123.7		360	151	0	0	600	131	0	0	60	108	240	90
893	800.0	127.4		123.6		960	143	0	0	960	130	60	83	120	104	300	87
894	760.0	128.0		123.3		480	153	0	0	1260	132	60	110	120	130	360	83
895	800.0	119.8		113.8		660	149	0	0	900	128	60	82	180	103	600	84
896	760.0	126.2		122.6		480	154	0	0	1200	130	0	0	420	100	180	88
897	540.0	127.4		124.5		120	176	0	0	1200	129	0	0	180	115	120	82
898	800.0	115.5		111.0		540	142	0	0	1260	120	0	0	60	93	540	81
899	540.0	118.0		115.7		240	133	0	0	960	124	0	0	180	110	240	85
900	600.0	115.8		112.7		180	144	0	0	960	124	0	0	360	107	300	83
901	780.0	119.8		116.3		540	143	0	0	1200	124	0	0	240	99	360	85
902	620.0	121.5		117.9		360	143	0	0	1080	127	60	105	60	87	300	86
903	740.0	114.7		108.5		300	145	0	0	1200	128	0	0	60	79	660	80
904	700.0	121.1		116.5		660	144	0	0	840	124	120	95	120	118	360	82
905	780.0	115.2		111.4		360	144	0	0	1440	120	0	0	60	84	480	83
906	680.0	121.5		117.3		420	150	0	0	1020	126	0	0	300	106	300	82
907	440.0	137.0		132.5		480	150	0	0	540	143	0	0	180	123	120	79
908	500.0	122.6		118.4		120	173	0	0	780	132	60	100	300	112	240	86
909	740.0	124.9		121.3		720	140	0	0	960	131	0	0	240	108	300	83
910	620.0	119.9		117.2		420	134	0	0	1020	126	0	0	120	104	300	86
911	540.0	114.4		110.6		420	141	0	0	660	115	60	112	120	113	360	83
912	620.0	113.2		109.4		420	145	0	0	600	118	120	93	420	101	300	84
913	600.0	128.1		126.7		540	141	0	0	1020	125	0	0	180	123	60	80
914	740.0	110.1		104.9		540	145	0	0	720	111	0	0	300	111	660	80
915	880.0	115.1		112.0		660	132	0	0	1140	120	60	100	360	112	420	80
916	680.0	110.9		104.0		240	135	0	0	1200	125	0	0	120	81	480	71
917	760.0	111.6		106.8		300	148	0	0	1260	120	0	0	180	87	540	80
918	860.0	110.9		104.3		360	147	0	0	1500	120	0	0	120	89	600	71
919	840.0	119.5		115.8		660	138	0	0	1140	126	0	0	300	107	420	82
920	560.0	119.0		115.6		360	145	0	0	900	121	0	0	120	111	300	85
921	740.0	120.2		117.3		480	130	0	0	1380	126	0	0	240	90	120	74
922	700.0	120.1		115.8		300	157	0	0	1080	125	0	0	360	113	360	82
923	440.0	115.4		113.2		120	148	0	0	600	123	0	0	420	107	180	88
924	540.0	113.3		108.0		300	142	0	0	600	127	0	0	180	114	540	82
925	600.0	120.2		117.9		360	136	0	0	840	126	0	0	420	111	180	83
926	680.0	116.5		113.2		480	136	0	0	900	123	0	0	300	106	360	83
927	540.0	119.9		118.0		300	142	0	0	840	123	0	0	420	103	60	85
928	640.0	126.9		123.3		360	149	0	0	960	132	0	0	300	125	300	86
929	800.0	124.6		122.3		660	143	0	0	1080	124	0	0	540	114	120	77
930	580.0	117.4		112.3		240	164	0	0	960	123	0	0	180	86	360	87
931	460.0	121.9		119.9		120	143	0	0	600	129	0	0	540	118	120	83
932	540.0	117.5		113.2		180	157	0	0	900	126	0	0	120	101	420	87
933	820.0	122.1		117.4		780	146	0	0	1020	125	60	85	360	98	240	78
934	440.0	124.4		122.2		120	147	0	0	780	132	0	0	360	107	60	84
935	620.0	114.0		112.2		180	135	0	0	1020	120	0	0	360	108	300	88
936	520.0	127.8		122.0		420	161	0	0	600	131	0	0	240	114	300	86
937	640.0	138.8		131.6		720	168	0	0	840	134	0	0	120	112	240	81
938	760.0	117.7		112.9		600	139	0	0	1020	126	60	100	180	93	420	80
939	720.0	111.9		107.4		480	141	0	0	1140	115	0	0	120	78	420	80
940	600.0	118.9		116.8		480	140	0	0	780	118	0	0	420	106	120	85
941	660.0	116.1		112.6		420	136	0	0	1080	121	0	0	180	104	300	78
942	520.0	124.8		123.7		300	139	0	0	900	127	0	0	300	111	60	90
943	540.0	118.3		115.6		600	133	0	0	720	119	0	0	120	92	180	84
944	620.0	118.1		115.1		480	138	0	0	900	121	0	0	120	113	360	86
945	660.0	108.8		104.4		300	134	0	0	960	121	0	0	240	86	480	80
946	560.0	114.5		113.6		360	122	0	0	840	119	0	0	420	103	60	86
947	540.0	117.7		113.8		420	136	0	0	780	125	60	90	60	96	300	83
948	760.0	114.3		112.0		480	132	0	0	1200	119	0	0	360	96	240	83
949	520.0	105.7		101.6		120	152	0	0	720	119	0	0	300	90	420	81
950	500.0	121.4		119.3		360	141	0	0	720	123	60	118	240	106	120	86
951	420.0	115.6		113.2		180	136	0	0	780	120	60	90	120	105	120	80
952	600.0	112.0		109.4		360	132	0	0	900	116	0	0	180	110	360	83
953	540.0	114.2		109.5		420	141	0	0	660	121	120	92	0	0	420	83
954	700.0	121.3		117.6		900	138	0	0	900	118	0	0	0	0	300	81
955	580.0	123.7		121.5		480	141	0	0	780	125	0	0	360	111	120	84
956	520.0	121.6		120.3		360	140	0	0	780	120	60	106	240	117	120	94
957	720.0	116.2		113.7		660	137	0	0	840	114	60	88	420	106	180	83
958	700.0	106.2		102.2		420	139	0	0	960	109	120	81	180	97	420	78
959	380.0	120.7		119.4		120	145	0	0	420	126	0	0	540	115	60	87
960	720.0	111.7		109.3		600	134	0	0	1080	109	60	104	60	99	360	86
961	720.0	111.0		108.7		420	127	0	0	1140	117	60	100	360	89	180	83
962	740.0	116.9		115.7		660	132	0	0	1080	115	0	0	240	108	240	93
963	840.0	111.4		108.6		960	126	0	0	1080	112	0	0	300	84	180	76
964	680.0	121.6		119.8		480	139	0	0	1020	124	0	0	420	105	120	89
965	680.0	114.9		112.6		540	135	0	0	1080	114	0	0	120	108	300	85
966	860.0	115.9		112.9		840	137	0	0	1140	114	0	0	300	98	300	82
967	680.0	114.4		112.8		600	127	0	0	840	118	0	0	480	100	120	83
968	480.0	114.9		113.0		360	124	0	0	720	120	0	0	180	108	180	83
969	700.0	106.5		103.7		660	126	0	0	780	109	60	90	240	84	360	83
970	520.0	104.0		101.5		300	126	0	0	720	109	0	0	120	100	420	81
971	520.0	110.4		108.8		240	119	0	0	840	118	0	0	300	98	180	84
972	620.0	112.9		110.4		420	141	0	0	900	110	60	87	240	107	240	87
973	620.0	108.5		106.8		360	128	0	0	900	111	60	104	240	102	300	84
974	900.0	104.6		102.9		900	120	0	0	1080	103	60	102	360	89	300	83
975	660.0	103.8		101.3		360	128	0	0	900	108	60	80	420	92	240	78
976	1100.0	102.6		101.2		1380	110	0	0	1260	105	180	83	60	115	420	78
977	800.0	109.3		105.7		840	124	0	0	1020	114	0	0	120	79	420	77
978	520.0	121.5		119.2		300	139	0	0	780	125	60	101	300	115	120	81
979	480.0	110.7		107.2		300	134	0	0	660	118	120	95	0	0	360	83
980	800.0	111.8		108.6		660	127	0	0	1140	118	0	0	120	96	480	80
981	600.0	114.9		113.2		360	132	0	0	960	115	0	0	360	110	120	77
982	460.0	113.7		110.9		180	129	0	0	720	125	0	0	240	95	240	87
983	720.0	108.5		105.1		360	130	0	0	1020	119	0	0	60	82	720	85
984	720.0	111.7		107.6		480	136	0	0	960	120	60	86	240	90	420	81
985	480.0	126.7		125.1		240	150	0	0	900	127	0	0	240	111	60	91
986	920.0	105.0		101.5		660	126	0	0	1260	111	0	0	180	89	660	77
987	760.0	112.7		107.6		540	141	0	0	1200	116	0	0	0	0	540	77
988	600.0	123.1		120.1		420	149	0	0	1080	122	0	0	180	97	120	82
989	680.0	115.6		113.3		540	133	0	0	780	122	0	0	540	99	180	86
990	700.0	115.9		113.2		300	135	0	0	1200	121	0	0	240	116	360	83
991	820.0	121.4		117.1		720	144	0	0	1260	123	60	88	60	94	360	81
992	760.0	119.6		116.7		420	144	0	0	1320	123	0	0	360	98	180	81
993	540.0	118.1		110.3		300	155	0	0	600	126	60	118	300	121	360	72
994	560.0	113.9		110.1		240	132	0	0	900	125	60	78	300	94	180	79
995	340.0	110.6		102.1		180	164	0	0	300	130	120	86	0	0	420	81
996	660.0	118.2		115.0		480	141	0	0	1080	120	0	0	120	97	300	84
997	560.0	120.7		118.8		300	138	0	0	840	124	0	0	360	116	180	86
998	800.0	121.5		118.3		720	140	0	0	1200	123	120	91	120	108	240	81
999	560.0	117.4		112.9		360	142	0	0	840	125	0	0	120	97	360	82
1000	820.0	109.4		105.9		600	129	0	0	1020	117	60	102	120	107	660	81
1001	660.0	119.2		114.6		420	139	0	0	1020	125	0	0	180	122	360	78
1002	540.0	118.7		115.0		60	135	0	0	1020	129	0	0	240	118	300	81
1003	700.0	119.8		116.8		420	142	0	0	1140	124	0	0	360	100	180	81
1004	600.0	109.8		106.4		180	131	0	0	960	119	0	0	180	116	480	81
1005	600.0	112.5		109.1		300	139	0	0	960	119	0	0	60	95	480	85
1006	560.0	120.2		118.1		300	140	0	0	840	124	0	0	360	112	180	86
1007	740.0	116.0		112.8		600	134	0	0	840	123	0	0	540	102	240	78
1008	600.0	120.1		115.4		480	149	0	0	840	119	0	0	240	109	240	77
1009	520.0	120.3		118.1		360	135	0	0	840	125	0	0	180	101	180	88
1010	620.0	116.2		113.1		480	137	0	0	720	123	0	0	360	100	300	86
1011	600.0	122.7		119.9		240	152	0	0	900	126	0	0	420	120	240	86
1012	860.0	119.2		116.7		900	133	0	0	1020	123	0	0	300	105	360	86
1013	500.0	125.9		122.5		240	155	0	0	780	132	60	102	180	115	240	91
1014	520.0	118.4		115.8		360	138	0	0	780	119	0	0	180	121	240	85
1015	680.0	119.3		114.4		540	143	0	0	960	122	0	0	120	128	420	80
1016	980.0	119.5		115.5		1140	139	0	0	1260	117	60	106	120	85	360	80
1017	680.0	114.0		106.8		480	135	0	0	840	125	60	82	240	120	420	69
1018	580.0	121.3		115.4		540	145	0	0	720	129	0	0	180	85	300	82
1019	880.0	118.0		114.9		780	139	0	0	1320	117	0	0	120	111	420	84
1020	620.0	116.3		112.8		120	149	0	0	960	125	0	0	480	114	300	79
1021	500.0	108.3		105.8		180	132	0	0	780	116	0	0	300	95	240	82
1022	700.0	125.1		123.1		600	141	0	0	960	127	0	0	420	109	120	86
1023	600.0	115.2		111.4		300	137	0	0	1080	122	0	0	0	0	420	82
1024	720.0	108.3		103.8		660	134	0	0	780	111	60	100	120	85	540	79
1025	560.0	121.7		118.6		240	141	0	0	720	130	0	0	480	119	240	83
1026	640.0	113.9		111.3		540	132	0	0	780	116	0	0	300	108	300	82
1027	740.0	108.9		100.8		360	140	0	0	1080	124	0	0	300	84	480	67
1028	800.0	120.6		117.4		720	137	0	0	1140	123	0	0	300	107	240	77
1029	460.0	117.6		116.6		300	130	0	0	600	118	0	0	420	113	60	83
1030	900.0	118.1		115.9		900	135	0	0	1200	117	60	90	300	104	240	85
1031	780.0	115.4		113.0		420	136	0	0	1380	119	0	0	300	95	240	84
1032	480.0	119.8		116.0		120	151	0	0	840	129	0	0	300	106	180	79
1033	600.0	112.3		108.3		300	133	0	0	900	124	60	89	0	0	540	84
1034	660.0	116.1		112.9		180	139	0	0	1140	126	60	100	300	102	300	82
1035	860.0	114.3		110.8		720	137	0	0	1080	114	60	91	240	118	480	82
1036	540.0	119.8		116.0		240	150	0	0	720	130	0	0	420	105	240	85
1037	660.0	119.7		117.8		420	130	0	0	1140	123	0	0	180	121	240	85
1038	980.0	113.9		110.4		900	133	0	0	1260	117	60	87	240	100	480	80
1039	800.0	124.4		122.1		480	148	0	0	1380	125	0	0	360	110	180	86
1040	700.0	115.5		113.0		540	136	0	0	840	117	120	96	300	113	300	85
1041	740.0	122.9		120.9		540	135	0	0	1140	127	0	0	240	119	300	89
1042	420.0	126.5		123.2		240	142	0	0	660	132	0	0	240	120	120	78
1043	620.0	112.7		108.4		300	127	0	0	840	130	120	88	180	94	420	83
1044	720.0	126.2		124.1		360	153	0	0	960	128	0	0	720	117	120	86
1045	840.0	122.7		118.7		660	148	0	0	1260	124	60	94	240	104	300	82
1046	520.0	115.3		114.3		240	127	0	0	1080	117	0	0	120	106	120	86
1047	580.0	118.4		117.0		420	133	0	0	900	120	0	0	300	106	120	87
1048	560.0	113.5		110.0		180	135	0	0	960	124	60	109	0	0	480	85
1049	640.0	114.7		109.6		300	142	0	0	900	127	60	89	180	109	480	80
1050	540.0	113.7		110.4		360	129	0	0	840	122	0	0	180	87	240	82
1051	820.0	124.2		122.2		780	136	0	0	1140	127	0	0	300	113	240	87
1052	440.0	120.1		114.9		360	138	0	0	540	134	60	88	120	94	240	83
1053	780.0	117.1		113.7		540	136	0	0	1140	122	60	84	240	114	360	81
1054	400.0	114.3		110.1		300	141	0	0	540	119	0	0	0	0	360	85
1055	640.0	126.2		123.4		840	143	0	0	780	117	0	0	120	129	180	86
1056	640.0	118.7		114.9		420	142	0	0	840	127	0	0	360	102	300	83
1057	700.0	125.7		122.8		600	139	0	0	1200	129	0	0	0	0	300	86
1058	880.0	120.1		117.4		960	133	0	0	1140	123	60	109	180	98	300	83
1059	460.0	126.2		124.0		180	147	0	0	720	130	0	0	360	122	120	85
1060	600.0	123.9		121.1		300	152	0	0	960	128	0	0	420	106	120	84
1061	600.0	118.1		115.7		540	136	0	0	780	116	0	0	240	118	240	85
1062	680.0	114.6		111.4		300	124	0	0	1140	126	0	0	180	101	420	83
1063	720.0	120.1		115.4		600	144	0	0	1080	123	60	102	0	0	420	81
1064	660.0	122.6		120.5		420	143	0	0	1020	125	0	0	480	105	60	79
1065	600.0	120.5		115.8		420	155	0	0	780	123	60	105	180	101	360	87
1066	700.0	116.1		111.8		420	133	0	0	1080	127	120	87	120	97	360	80
1067	860.0	118.3		114.0		600	133	0	0	1200	130	60	86	300	104	420	79
1068	640.0	120.8		116.4		240	140	0	0	1200	131	0	0	240	86	240	85
1069	840.0	115.8		112.1		600	139	0	0	1140	121	0	0	360	101	420	81
1070	800.0	123.0		121.8		420	136	0	0	1560	125	0	0	300	110	120	85
1071	620.0	117.9		116.1		240	134	0	0	1200	121	0	0	240	113	180	82
1072	920.0	121.3		118.8		1080	134	0	0	1260	120	0	0	120	119	300	82
1073	800.0	110.1		105.4		480	137	0	0	1140	119	60	88	0	0	720	80
1074	520.0	111.5		107.1		0	0	0	0	780	131	0	0	360	105	420	81
1075	860.0	112.4		109.8		840	127	0	0	1020	116	0	0	180	109	540	84
1076	760.0	122.5		118.9		660	146	0	0	780	125	60	88	480	114	300	85
1077	320.0	112.5		106.9		0	0	0	0	540	131	0	0	120	113	300	79
1078	740.0	118.0		114.2		600	141	0	0	840	124	60	102	300	106	420	84
1079	580.0	113.5		108.8		180	151	0	0	1020	123	0	0	0	0	540	83
1080	700.0	120.5		118.1		540	139	0	0	1080	122	0	0	240	108	240	85
1081	600.0	118.7		114.8		120	178	0	0	1200	123	0	0	300	102	180	78
1082	840.0	119.9		116.6		600	140	0	0	1380	124	0	0	300	89	240	85
1083	740.0	123.3		121.9		360	146	0	0	1080	125	0	0	720	113	60	81
1084	540.0	122.7		118.6		180	130	0	0	960	135	0	0	240	111	240	80
1085	660.0	118.9		115.1		180	149	0	0	1140	130	0	0	420	96	240	84
1086	380.0	109.6		107.3		0	0	0	0	480	125	0	0	420	106	240	85
1087	540.0	117.5		115.5		180	125	0	0	1140	123	0	0	60	121	240	85
1088	780.0	120.5		115.6		600	147	0	0	1080	125	60	87	240	103	360	80
1089	580.0	111.4		106.6		240	136	0	0	960	123	0	0	0	0	540	80
1090	660.0	118.2		114.3		300	147	0	0	960	128	0	0	480	98	240	83
1091	560.0	123.5		118.8		420	148	0	0	780	130	60	90	180	105	240	82
1092	680.0	124.4		121.1		720	145	0	0	840	123	0	0	240	106	240	86
1093	660.0	119.5		116.3		480	139	0	0	900	126	0	0	360	100	240	85
1094	520.0	112.7		109.4		180	132	0	0	780	125	0	0	300	100	300	82
1095	860.0	117.3		113.8		600	140	0	0	1320	121	0	0	300	99	360	81
1096	580.0	122.3		119.1		480	148	0	0	840	120	0	0	240	108	180	84
1097	460.0	132.3		129.6		120	177	0	0	900	135	0	0	300	116	60	84
1098	500.0	122.8		119.7		180	145	0	0	780	133	0	0	300	111	240	88
1099	760.0	120.9		117.3		420	147	0	0	1260	125	0	0	240	111	360	83
1100	700.0	120.5		116.5		480	143	0	0	1080	126	120	87	120	108	300	83
1101	460.0	116.0		109.6		240	147	0	0	660	129	60	90	120	90	300	78
1102	620.0	108.6		103.1		300	146	0	0	720	122	120	91	120	95	600	80
1103	640.0	116.1		112.6		300	152	0	0	900	121	60	108	300	102	360	87
1104	540.0	110.6		107.5		300	130	0	0	840	118	0	0	120	96	360	82
1105	520.0	121.6		117.6		240	147	0	0	720	129	60	110	240	124	300	84
1106	480.0	121.0		114.0		240	160	0	0	780	130	0	0	60	81	360	82
1107	480.0	116.0		113.1		240	126	0	0	840	125	0	0	180	97	180	80
1108	860.0	118.9		116.2		900	137	0	0	840	119	60	94	600	106	180	79
1109	460.0	114.3		109.8		120	144	0	0	720	127	60	86	120	116	360	83
1110	920.0	116.4		112.7		840	133	0	0	1140	124	120	89	300	96	360	80
1111	640.0	110.6		107.4		480	131	0	0	900	115	0	0	120	100	420	81
1112	820.0	127.7		122.8		900	152	0	0	1020	126	0	0	240	100	300	83
1113	580.0	130.7		129.1		720	142	0	0	720	131	0	0	300	103	0	0
1114	740.0	132.8		128.8		900	157	0	0	900	123	0	0	300	109	120	84
1115	640.0	116.1		113.0		420	137	0	0	900	122	60	88	300	102	240	82
1116	640.0	104.2		97.4		600	127	0	0	600	119	0	0	120	87	600	70
1117	740.0	102.3		94.1		480	139	0	0	720	113	60	88	420	96	540	62
1118	720.0	114.3		111.8		720	127	0	0	900	118	0	0	180	110	360	82
1119	600.0	117.6		115.0		240	139	0	0	1080	121	60	99	240	115	180	78
1120	660.0	113.6		109.3		540	137	0	0	840	120	0	0	120	82	480	84
1121	680.0	117.5		115.6		600	132	0	0	960	119	0	0	300	104	180	84
1122	620.0	117.9		115.1		360	136	0	0	1020	120	60	106	120	137	300	84
1123	580.0	118.0		114.2		420	143	0	0	780	123	0	0	240	99	300	85
1124	700.0	104.5		99.3		480	131	0	0	780	117	0	0	120	82	720	77
1125	440.0	127.2		121.4		420	155	0	0	480	133	0	0	120	105	300	88
1126	740.0	127.5		122.8		660	154	0	0	1080	127	0	0	120	114	360	85
1127	720.0	116.8		113.1		360	151	0	0	1200	119	0	0	120	115	480	86
1128	600.0	118.6		116.2		600	138	0	0	720	117	0	0	300	102	180	88
1129	540.0	126.6		121.7		180	142	0	0	900	142	60	87	240	108	240	86
1130	620.0	126.2		123.7		360	138	0	0	960	133	0	0	300	121	240	88
1131	840.0	120.4		116.5		960	135	0	0	720	132	180	99	180	112	480	85
1132	640.0	113.8		109.9		600	118	0	0	660	135	180	87	120	105	360	84
1133	760.0	125.4		121.7		600	143	0	0	1140	131	60	88	180	111	300	85
1134	760.0	115.4		112.6		300	128	0	0	1080	127	0	0	480	109	420	84
1135	700.0	120.9		116.0		540	144	0	0	960	128	0	0	60	121	540	85
1136	580.0	112.0		108.9		360	137	0	0	780	116	60	87	180	109	360	84
1137	580.0	116.8		114.4		780	128	0	0	540	118	60	96	120	114	240	84
1138	780.0	110.8		107.1		840	125	0	0	720	123	120	91	0	0	660	83
1139	520.0	143.2		141.5		420	160	0	0	720	147	0	0	420	120	0	0
1140	780.0	113.8		107.5		420	157	0	0	960	124	60	103	120	87	780	83
1141	720.0	120.5		118.5		420	135	0	0	900	127	0	0	660	113	180	82
1142	660.0	108.1		103.8		360	132	0	0	720	124	0	0	360	93	540	81
1143	440.0	128.9		127.1		180	141	0	0	840	133	0	0	240	118	60	79
1144	700.0	136.1		131.0		600	164	0	0	900	140	0	0	240	118	360	92
1145	440.0	140.4		135.1		180	176	0	0	780	150	0	0	300	104	60	90
1146	660.0	130.7		125.1		480	168	0	0	780	135	0	0	540	107	180	84
1147	460.0	114.3		110.6		0	0	0	0	780	128	0	0	240	117	360	83
1148	420.0	107.5		102.4		180	147	0	0	420	124	60	100	60	102	540	83
1149	300.0	113.9		107.5		60	142	0	0	420	138	0	0	180	88	240	84
1150	480.0	119.7		112.3		240	157	0	0	540	136	0	0	180	122	480	82
1151	540.0	121.1		116.2		360	149	0	0	720	129	0	0	240	103	300	83
1152	520.0	128.6		118.4		300	200	0	0	540	133	60	118	240	103	420	88
1153	640.0	126.5		120.2		600	153	0	0	780	131	0	0	60	135	480	85
1154	500.0	140.0		131.0		180	187	0	0	780	156	0	0	240	120	300	86
1155	520.0	154.3		145.7		300	212	0	0	780	158	0	0	300	124	180	93
1156	400.0	153.2		149.1		420	184	0	0	480	147	0	0	300	120	0	0
1157	580.0	138.2		130.3		540	185	0	0	540	131	0	0	540	111	120	83
1158	440.0	144.1		134.4		420	184	0	0	480	144	60	107	120	140	240	86
1159	440.0	137.5		128.0		300	185	0	0	540	144	0	0	300	114	180	78
1160	360.0	117.2		112.0		300	153	0	0	240	119	60	95	360	103	120	78
1161	560.0	129.9		121.9		300	179	0	0	900	136	0	0	120	96	360	85
1162	560.0	149.6		144.5		660	176	0	0	660	145	0	0	240	118	120	93
1163	700.0	135.6		127.3		600	176	0	0	1080	133	0	0	60	88	360	84
1164	760.0	126.6		120.5		840	153	0	0	720	127	180	91	180	125	360	83
1165	640.0	132.4		124.0		420	173	0	0	840	141	60	85	180	124	420	85
1166	520.0	139.6		129.2		360	190	0	0	780	142	0	0	120	117	300	82
1167	440.0	150.7		145.0		180	207	0	0	720	155	0	0	360	125	60	85
1168	680.0	130.1		125.1		480	164	0	0	900	131	0	0	300	124	360	88
1169	460.0	131.1		123.5		360	168	0	0	540	139	0	0	240	105	240	84
1170	480.0	153.3		148.2		420	183	0	0	780	151	0	0	180	118	60	82
1171	580.0	135.1		129.6		300	171	0	0	960	141	60	104	180	118	240	87
1172	500.0	135.8		128.6		480	167	0	0	600	136	0	0	180	124	240	82
1173	440.0	142.5		138.9		240	169	0	0	780	147	0	0	240	116	60	85
1174	400.0	117.6		106.9		180	181	0	0	420	140	120	87	0	0	480	82
1175	440.0	138.5		132.0		480	162	0	0	480	146	120	93	120	113	120	86
1176	680.0	123.9		112.8		600	172	0	0	540	136	0	0	120	89	780	84
1177	540.0	144.7		138.6		420	185	0	0	840	142	0	0	180	115	180	93
1178	760.0	122.8		117.0		540	158	0	0	1080	126	0	0	360	95	300	81
1179	560.0	129.9		122.8		540	164	0	0	600	130	0	0	300	108	240	80
1180	420.0	119.2		111.1		300	163	0	0	300	125	0	0	300	118	360	79
1181	520.0	125.9		119.8		240	164	0	0	720	137	0	0	240	116	360	85
1182	420.0	120.2		112.6		180	160	0	0	600	135	0	0	60	121	420	82
1183	540.0	129.9		121.4		480	173	0	0	720	126	0	0	60	106	360	84
1184	520.0	138.7		128.4		360	176	0	0	840	147	0	0	60	87	300	81
1185	700.0	134.7		127.6		600	164	0	0	780	145	60	96	300	117	360	85
1186	520.0	136.3		132.3		480	163	0	0	720	135	0	0	240	110	120	90
1187	640.0	114.6		108.6		660	134	0	0	480	137	60	89	0	0	720	84
1188	460.0	119.3		113.7		300	164	0	0	540	120	120	87	240	104	180	85
1189	420.0	120.2		115.6		180	154	0	0	660	127	0	0	120	120	300	85
1190	440.0	119.4		114.4		240	148	0	0	540	133	120	92	180	106	240	84
1191	420.0	118.9		115.9		180	127	0	0	720	129	0	0	180	107	180	82
1192	620.0	131.2		124.6		660	160	0	0	660	134	60	93	180	103	300	86
1193	460.0	124.8		115.5		180	161	0	0	720	144	60	85	0	0	420	82
1194	640.0	134.8		127.4		720	165	0	0	600	122	0	0	300	141	300	82
1195	360.0	140.5		131.9		180	193	0	0	540	150	0	0	180	112	180	88
1196	420.0	136.4		122.3		480	184	0	0	360	134	60	90	0	0	360	83
1197	400.0	126.4		120.2		300	164	0	0	600	127	0	0	60	94	240	86
1198	440.0	144.0		133.5		360	176	0	0	540	159	0	0	180	116	240	83
1199	500.0	134.1		128.0		300	159	0	0	780	144	0	0	180	118	240	83
1200	500.0	122.0		117.8		360	147	0	0	720	127	0	0	120	107	300	86
1201	540.0	114.5		109.1		360	151	0	0	660	119	0	0	60	121	540	84
1202	540.0	118.1		114.2		180	147	0	0	840	130	0	0	120	108	480	89
1203	400.0	130.0		122.6		120	161	0	0	600	149	0	0	180	121	300	85
1204	500.0	136.3		124.8		420	183	0	0	540	146	60	102	60	109	420	86
1205	360.0	129.0		122.6		180	162	0	0	480	144	0	0	180	112	240	87
1206	400.0	116.8		110.3		180	142	0	0	420	144	60	91	180	100	360	85
1207	360.0	135.8		130.0		180	180	0	0	480	141	0	0	300	122	120	83
1208	200.0	130.9		122.5		60	189	0	0	360	143	0	0	60	88	120	87
1209	580.0	132.8		124.2		420	170	0	0	720	144	0	0	180	113	420	85
1210	480.0	141.1		133.9		420	174	0	0	720	142	0	0	60	117	240	87
1211	480.0	159.3		154.8		480	189	0	0	540	150	0	0	360	146	60	86
1212	460.0	125.3		116.1		360	173	0	0	480	129	60	88	60	129	420	85
1213	380.0	143.1		133.8		240	192	0	0	540	150	0	0	180	114	180	86
1214	440.0	129.7		119.8		420	157	0	0	420	152	60	87	120	94	300	83
1215	620.0	133.3		124.1		600	159	0	0	600	153	60	96	180	112	420	83
1216	400.0	132.6		125.9		120	171	0	0	540	152	0	0	360	115	180	84
1217	340.0	132.5		116.9		180	197	0	0	420	155	0	0	60	84	360	82
1218	380.0	126.2		113.3		120	191	0	0	540	151	0	0	0	0	480	82
1219	580.0	125.5		115.1		420	175	0	0	660	135	0	0	60	100	600	83
1220	640.0	117.7		107.4		360	176	0	0	600	137	60	85	120	82	780	84
1221	380.0	146.3		140.2		60	244	0	0	660	157	0	0	360	120	60	88
1222	360.0	112.5		107.3		60	169	0	0	360	138	60	88	240	103	360	88
1223	380.0	126.5		117.8		180	187	0	0	540	135	0	0	120	101	300	85
1224	400.0	147.7		141.8		300	185	0	0	420	157	0	0	420	120	60	90
1225	440.0	134.8		129.9		300	175	0	0	540	136	0	0	300	117	180	94
1226	360.0	119.2		110.0		120	199	0	0	480	132	0	0	60	104	420	84
1227	500.0	125.8		121.2		360	152	0	0	600	135	0	0	300	108	240	86
1228	360.0	129.1		120.6		240	170	0	0	540	136	0	0	0	0	300	84
1229	360.0	149.9		140.4		240	206	0	0	480	149	0	0	240	129	120	83
1230	500.0	135.4		128.3		540	163	0	0	540	140	0	0	240	103	180	82
1231	580.0	131.9		122.1		420	164	0	0	600	153	0	0	180	127	540	85
1232	480.0	140.2		133.3		540	165	0	0	420	140	60	91	240	139	180	84
1233	440.0	138.5		130.3		300	182	0	0	720	141	0	0	60	102	240	86
1234	360.0	126.1		122.9		240	157	0	0	240	136	0	0	540	112	60	89
1235	560.0	125.9		121.6		480	150	0	0	840	127	0	0	60	116	300	86
1236	340.0	120.7		114.0		180	154	0	0	480	134	0	0	60	103	300	83
1237	280.0	124.1		119.5		60	128	0	0	420	137	0	0	180	133	180	84
1238	500.0	131.9		122.4		480	167	0	0	540	141	60	98	0	0	420	85
1239	540.0	128.0		118.2		480	176	0	0	540	127	60	90	180	108	360	82
1240	400.0	126.5		115.8		180	202	0	0	420	142	60	87	180	107	360	87
1241	420.0	144.0		135.6		240	198	0	0	660	148	0	0	240	108	120	86
1242	420.0	130.9		121.6		300	183	0	0	540	133	60	102	60	110	300	85
1243	320.0	115.1		106.1		180	160	0	0	300	139	60	85	0	0	420	83
1244	220.0	110.5		106.7		60	144	0	0	240	123	60	88	120	118	180	85
1245	200.0	129.3		121.8		60	197	0	0	360	135	0	0	60	122	120	82
1246	480.0	123.4		116.5		240	174	0	0	600	128	0	0	300	116	300	81
1247	520.0	119.7		111.5		180	161	0	0	660	142	60	87	120	117	540	83
1248	440.0	127.9		120.8		420	162	0	0	360	136	60	87	240	107	240	87
1249	400.0	122.1		113.9		300	164	0	0	420	133	0	0	60	90	420	86
1250	520.0	136.0		127.7		540	167	0	0	540	140	0	0	180	119	300	83
1251	100.0	129.4		122.2		60	173	0	0	120	135	0	0	60	121	60	83
1252	440.0	134.0		127.6		180	186	0	0	540	144	0	0	360	123	240	89
1253	520.0	139.3		127.8		540	164	0	0	480	161	240	88	60	171	240	84
1254	280.0	139.4		124.8		240	208	0	0	300	133	0	0	60	107	240	87
1255	460.0	130.6		121.4		180	191	0	0	660	145	60	87	180	106	300	86
1256	420.0	134.4		125.2		480	169	0	0	420	135	0	0	60	90	300	87
1257	480.0	146.2		137.9		360	193	0	0	780	143	0	0	120	119	180	85
1258	480.0	132.2		122.9		360	172	0	0	540	143	0	0	180	119	360	83
1259	400.0	128.8		120.3		240	172	0	0	480	144	60	101	120	103	300	86
1260	300.0	113.8		106.9		180	168	0	0	180	123	60	91	180	106	300	85
1261	400.0	122.4		112.0		180	179	0	0	480	143	60	92	60	86	420	84
1262	380.0	151.1		143.5		240	186	0	0	600	157	0	0	180	130	120	83
1263	360.0	125.1		115.8		180	177	60	113	360	146	60	83	180	104	240	84
1264	400.0	125.1		116.8		360	155	0	0	360	138	0	0	60	150	420	85
1265	420.0	133.1		123.3		300	178	0	0	540	142	60	85	180	100	180	81
1266	420.0	136.1		128.2		240	189	0	0	660	139	0	0	180	105	180	86
1267	340.0	137.4		127.5		240	170	0	0	420	157	0	0	120	104	240	87
1268	320.0	115.5		108.5		240	156	0	0	240	121	0	0	120	121	360	83
1269	200.0	140.6		134.3		60	160	0	0	360	157	0	0	120	109	60	86
1270	540.0	122.5		116.5		420	145	0	0	600	138	60	87	180	107	360	84
1271	220.0	127.5		124.8		60	141	0	0	360	141	0	0	240	104	0	0
1272	300.0	120.7		113.6		60	151	0	0	360	146	0	0	180	121	300	84
1273	500.0	107.7		96.6		240	187	0	0	300	132	0	0	60	84	900	80
1274	300.0	113.9		107.4		0	0	0	0	420	143	0	0	180	94	300	85
1275	320.0	110.2		104.6		60	142	0	0	420	134	0	0	300	87	180	83
1276	380.0	139.6		128.5		240	188	0	0	480	152	0	0	180	119	240	82
1277	480.0	134.9		124.7		360	179	0	0	600	142	0	0	120	123	360	83
1278	380.0	120.9		109.6		120	197	0	0	420	149	60	90	240	89	300	83
1279	540.0	127.1		117.9		420	164	0	0	660	138	0	0	120	99	420	81
1280	460.0	137.5		125.7		300	186	0	0	660	143	0	0	60	167	360	82
1281	600.0	126.7		119.9		480	162	0	0	660	133	0	0	300	109	360	83
1282	480.0	133.9		119.9		240	199	0	0	660	151	0	0	0	0	540	84
1283	620.0	133.2		122.2		300	203	0	0	780	143	60	107	240	119	480	84
1284	360.0	113.7		106.8		120	172	0	0	540	121	0	0	60	133	360	80
1285	380.0	135.6		128.6		120	193	0	0	540	149	60	86	240	121	180	93
1286	320.0	133.2		124.9		300	171	0	0	360	135	0	0	60	119	240	87
1287	100.0	121.6		118.6		0	0	0	0	120	133	0	0	120	127	60	88
1288	380.0	137.3		130.1		180	174	0	0	480	155	0	0	300	117	180	87
1289	520.0	101.6		98.9		720	105	0	0	420	119	60	74	180	74	180	84
1290	480.0	120.0		113.7		360	149	0	0	600	130	0	0	60	104	420	83
1291	420.0	115.8		109.0		180	155	0	0	480	137	0	0	0	0	600	87
1292	320.0	120.9		115.9		60	134	0	0	480	143	0	0	300	95	120	91
1293	360.0	130.2		122.2		240	167	0	0	300	150	0	0	300	118	240	84
1294	300.0	130.2		120.5		60	182	0	0	480	154	0	0	60	104	300	87
1295	480.0	128.2		114.9		480	173	0	0	300	145	60	88	60	141	540	82
1296	200.0	130.6		121.6		60	142	0	0	240	165	0	0	240	108	60	72
1297	240.0	154.8		146.9		120	208	0	0	420	161	0	0	180	105	0	0
1298	200.0	133.6		127.3		60	150	0	0	360	147	60	85	60	135	60	84
1299	340.0	129.3		119.4		180	190	0	0	480	137	0	0	60	107	300	85
1300	340.0	139.2		134.0		120	184	0	0	540	150	0	0	300	112	60	88
1301	460.0	125.8		117.3		240	165	0	0	660	140	0	0	60	113	420	83
1302	320.0	126.5		117.0		180	158	0	0	360	151	0	0	60	134	360	85
1303	260.0	135.0		130.4		60	173	0	0	360	153	0	0	240	118	120	96
1304	360.0	130.1		122.6		240	173	0	0	420	140	0	0	180	106	240	88
1305	560.0	122.2		113.7		660	157	0	0	240	128	180	96	120	115	480	83
1306	440.0	135.3		124.8		540	169	0	0	360	141	0	0	0	0	420	87
1307	340.0	129.8		122.6		180	166	0	0	480	139	0	0	120	130	240	84
1308	260.0	112.7		104.5		60	169	0	0	360	135	0	0	0	0	360	81
1309	400.0	132.4		122.6		300	178	0	0	540	138	0	0	0	0	360	86
1310	300.0	129.6		120.0		60	182	0	0	480	150	0	0	60	137	300	85
1311	200.0	117.2		112.5		0	0	0	0	300	139	0	0	180	103	120	84
1312	340.0	104.6		97.4		120	174	0	0	300	122	180	87	0	0	420	80
1313	280.0	111.0		107.0		120	150	0	0	420	117	60	87	60	96	180	84
1314	360.0	124.6		115.7		120	156	0	0	540	148	60	88	0	0	360	85
1315	240.0	128.6		121.6		120	169	0	0	300	136	0	0	120	135	180	85
1316	380.0	136.9		127.9		360	183	0	0	360	133	0	0	240	112	180	86
1317	340.0	120.9		111.2		180	171	0	0	240	135	180	97	120	153	300	81
1318	300.0	120.9		112.6		240	152	0	0	300	139	0	0	60	100	300	82
1319	460.0	116.0		110.1		240	151	0	0	480	127	180	85	180	126	300	83
1320	360.0	139.6		131.4		240	190	0	0	480	143	0	0	240	109	120	86
1321	220.0	131.4		122.9		120	179	0	0	300	141	0	0	120	110	120	81
1322	480.0	122.0		110.7		300	180	0	0	420	138	60	94	60	138	600	83
1323	280.0	110.6		97.6		120	211	0	0	180	131	0	0	120	94	420	78
1324	340.0	134.4		123.9		180	197	0	0	480	142	0	0	120	111	240	84
1325	300.0	119.0		109.2		180	185	0	0	180	123	0	0	240	114	300	81
1326	280.0	109.5		98.8		60	189	0	0	180	148	0	0	120	134	480	79
1327	280.0	114.3		110.8		0	0	0	0	480	130	0	0	120	106	240	87
1328	280.0	123.2		118.5		60	165	0	0	540	132	0	0	120	106	120	80
1329	400.0	135.5		134.1		120	143	0	0	780	143	0	0	300	113	0	0
1330	460.0	115.0		109.9		120	146	0	0	660	131	0	0	180	110	420	83
1331	260.0	125.2		113.4		180	194	0	0	180	122	0	0	120	127	300	85
1332	440.0	124.9		115.9		360	166	0	0	480	128	0	0	60	146	420	83
1333	400.0	122.5		115.3		360	153	0	0	420	130	60	88	60	123	300	82
1334	400.0	138.2		128.6		300	172	0	0	600	148	0	0	0	0	300	85
1335	280.0	135.8		126.7		120	161	0	0	300	171	0	0	240	115	180	88
1336	280.0	131.3		122.4		120	181	0	0	360	152	0	0	180	97	180	91
1337	380.0	121.1		113.3		240	169	0	0	420	130	60	109	120	93	300	84
1338	240.0	116.8		113.0		120	157	0	0	360	119	0	0	120	101	120	86
1339	200.0	140.4		124.3		180	208	0	0	240	132	0	0	0	0	180	84
1340	340.0	115.8		112.1		180	156	0	0	300	118	0	0	300	111	240	89
1341	200.0	123.3		116.4		60	158	0	0	240	145	0	0	120	120	180	85
1342	320.0	122.3		115.1		180	164	0	0	360	138	0	0	120	101	300	87
1343	220.0	124.8		114.0		120	202	0	0	360	121	0	0	0	0	180	81
1344	220.0	119.8		111.0		120	170	0	0	180	131	60	105	60	148	240	83
1345	200.0	120.8		114.6		60	130	0	0	300	142	0	0	60	116	180	84
1346	320.0	116.8		108.7		120	183	0	0	420	129	0	0	60	77	360	87
1347	240.0	130.8		120.8		120	195	0	0	360	138	60	92	120	87	60	85
1348	240.0	117.3		109.7		60	182	0	0	300	136	0	0	120	109	240	82
1349	320.0	122.5		115.6		180	161	0	0	420	135	0	0	120	96	240	85
1350	360.0	105.2		100.4		0	0	0	0	480	131	60	90	0	0	540	84
1351	320.0	102.1		98.1		60	145	0	0	360	122	60	88	60	88	420	83
1352	300.0	125.2		117.0		180	171	0	0	360	132	60	89	60	144	240	85
1353	200.0	142.0		137.9		120	153	0	0	300	153	0	0	120	131	60	87
1354	360.0	131.1		118.5		300	159	60	105	360	162	120	86	0	0	240	79
1355	180.0	108.8		106.9		0	0	0	0	240	119	0	0	180	111	120	85
1356	260.0	127.7		121.1		60	228	0	0	480	130	0	0	120	110	120	86
1357	260.0	127.6		118.0		180	179	0	0	360	131	0	0	0	0	240	84
1358	380.0	113.9		106.5		240	152	0	0	300	138	60	90	120	98	420	83
1359	240.0	128.6		124.9		180	154	0	0	300	132	0	0	180	113	60	82
1360	240.0	119.8		108.4		120	181	0	0	240	142	0	0	60	102	300	81
1361	340.0	129.2		118.5		360	173	0	0	240	129	0	0	120	114	300	83
1362	240.0	137.1		132.3		60	180	0	0	480	145	0	0	120	110	60	85
1363	420.0	126.9		119.0		240	177	0	0	660	131	0	0	60	90	300	85
1364	280.0	127.5		121.1		180	175	0	0	360	128	0	0	120	114	180	88
1365	420.0	130.8		123.3		420	172	0	0	300	128	0	0	360	107	180	87
1366	360.0	138.4		129.0		300	177	0	0	540	141	60	88	0	0	180	83
1367	440.0	126.0		121.8		300	151	0	0	720	130	60	109	0	0	240	87
1368	260.0	118.2		113.6		60	158	0	0	420	126	0	0	120	125	180	82
1369	240.0	122.2		114.1		120	185	0	0	240	127	0	0	120	122	240	86
1370	220.0	142.2		136.7		60	225	0	0	420	141	0	0	120	131	60	90
1371	300.0	117.8		108.7		120	175	0	0	300	143	0	0	120	99	360	84
1372	200.0	104.6		96.0		60	189	0	0	120	138	0	0	0	0	420	83
1373	240.0	123.2		115.5		120	160	0	0	360	137	0	0	0	0	240	84
1374	480.0	113.8		105.8		480	138	0	0	180	157	180	85	120	127	480	81
1375	200.0	132.8		124.2		120	166	0	0	300	147	0	0	0	0	180	87
1376	300.0	119.9		113.5		180	149	0	0	300	140	60	94	60	122	300	87
1377	380.0	124.8		118.1		420	155	0	0	360	122	60	89	60	130	240	84
1378	320.0	122.2		115.3		180	175	0	0	360	123	0	0	180	119	240	84
1379	300.0	150.8		150.2		240	167	0	0	420	146	0	0	240	143	0	0
1380	420.0	119.7		112.6		180	166	0	0	540	134	60	85	180	105	300	82
1381	200.0	99.7		93.2		180	135	0	0	60	122	60	88	60	82	240	75
1382	360.0	117.4		110.5		120	143	0	0	480	139	60	89	60	128	360	83
1383	300.0	112.6		105.6		180	152	0	0	240	136	0	0	60	87	420	86
1384	260.0	131.0		123.8		60	182	0	0	540	141	0	0	0	0	180	84
1385	260.0	128.1		115.9		120	184	0	0	360	146	0	0	60	105	240	79
1386	140.0	119.1		112.4		60	142	0	0	180	142	0	0	60	100	120	83
1387	280.0	122.9		115.5		120	179	0	0	360	133	0	0	120	112	240	85
1388	240.0	126.9		119.3		180	163	0	0	300	136	0	0	60	99	180	85
1389	160.0	124.5		107.1		60	211	0	0	120	180	0	0	0	0	300	85
1390	180.0	120.2		116.3		120	150	0	0	120	126	0	0	180	118	120	88
1391	400.0	111.0		102.8		240	158	0	0	240	130	60	89	60	148	600	83
1392	200.0	147.0		136.6		120	194	0	0	240	166	0	0	180	111	60	85
1393	200.0	113.5		106.8		0	0	0	0	300	141	0	0	0	0	300	86
1394	100.0	122.4		108.3		60	177	0	0	60	177	0	0	0	0	180	86
1395	260.0	109.7		105.3		240	126	0	0	240	126	0	0	60	94	240	81
1396	500.0	116.6		105.6		300	181	0	0	420	133	60	84	0	0	720	83
1397	120.0	128.3		120.8		120	163	0	0	180	122	0	0	0	0	60	78
1398	360.0	107.3		102.1		240	144	0	0	300	119	0	0	120	90	420	83
1399	140.0	119.4		111.9		60	182	0	0	180	128	0	0	60	102	120	84
1400	260.0	109.3		101.4		120	171	0	0	300	119	0	0	60	89	300	79
1401	340.0	102.9		100.0		0	0	0	0	420	122	0	0	120	108	480	85
1402	320.0	126.6		119.9		180	160	0	0	420	142	0	0	60	96	300	91
1403	220.0	122.0		112.1		120	200	0	0	180	116	0	0	180	115	180	83
1404	240.0	111.4		105.5		60	156	0	0	300	133	0	0	0	0	360	86
1405	220.0	104.0		97.3		60	138	0	0	120	158	0	0	60	102	420	84
1406	440.0	111.6		103.8		300	158	0	0	480	117	60	90	120	68	360	84
1407	220.0	126.5		120.1		0	0	0	0	360	151	0	0	120	108	180	90
1408	180.0	112.0		109.4		180	121	0	0	180	121	0	0	60	116	120	83
1409	120.0	131.8		128.5		60	177	0	0	240	128	0	0	60	102	0	0
1410	160.0	94.8		93.7		0	0	0	0	60	100	0	0	180	106	240	85
1411	200.0	114.5		108.6		60	160	0	0	300	129	0	0	0	0	240	85
1412	240.0	113.9		108.8		0	0	0	0	420	133	0	0	60	100	240	84
1413	240.0	101.3		96.6		60	167	0	0	180	121	60	90	60	80	360	86
1414	360.0	114.9		110.4		240	146	0	0	420	123	0	0	120	97	300	86
1415	180.0	118.6		110.9		120	163	0	0	180	131	0	0	0	0	240	87
1416	120.0	114.0		106.5		60	153	0	0	120	138	0	0	0	0	180	85
1417	340.0	108.3		104.3		180	131	0	0	360	126	120	88	0	0	360	86
1418	240.0	115.2		108.4		60	142	0	0	360	137	0	0	60	82	240	84
1419	180.0	129.8		125.8		60	148	0	0	240	147	0	0	180	115	60	87
1420	160.0	129.2		126.5		0	0	0	0	300	141	0	0	120	119	60	91
1421	160.0	126.5		120.1		60	163	0	0	240	143	0	0	60	97	120	90
1422	220.0	117.9		113.0		0	0	0	0	420	135	0	0	0	0	240	88
1423	300.0	106.6		102.2		240	131	0	0	240	122	60	86	60	81	300	84
1424	200.0	112.7		107.6		0	0	0	0	420	127	0	0	60	76	120	81
1425	220.0	103.5		99.5		60	151	0	0	180	123	60	91	60	103	300	85
1426	320.0	109.4		102.7		180	156	0	0	300	123	0	0	60	86	420	83
1427	240.0	109.0		102.1		120	161	0	0	240	122	0	0	0	0	360	83
1428	280.0	106.6		103.4		60	145	0	0	480	116	0	0	0	0	300	84
1429	240.0	105.8		101.6		0	0	0	0	300	128	0	0	60	119	360	85
1430	340.0	121.1		115.7		360	136	0	0	360	136	0	0	60	90	240	84
1431	320.0	95.4		92.4		60	158	0	0	120	123	180	91	60	85	540	85
1432	160.0	101.5		97.5		0	0	0	0	180	129	0	0	0	0	300	85
1433	240.0	124.8		119.5		180	163	0	0	360	120	0	0	60	118	120	85
1434	260.0	107.2		103.0		120	145	0	0	240	122	0	0	180	89	240	87
1435	260.0	118.6		109.4		120	157	0	0	300	145	60	88	0	0	300	83
1436	120.0	101.2		97.4		60	139	0	0	60	121	60	90	60	87	120	85
1437	300.0	119.4		112.3		120	164	0	0	480	131	0	0	60	79	240	84
1438	280.0	125.3		115.6		120	178	0	0	360	145	60	91	60	101	240	84
1439	200.0	119.2		112.9		60	169	0	0	360	129	0	0	0	0	180	83
1440	320.0	121.2		111.7		60	160	0	0	480	149	0	0	0	0	420	84
1441	200.0	114.5		106.9		0	0	0	0	300	144	0	0	0	0	300	85
1442	300.0	118.6		112.8		180	164	0	0	420	120	0	0	60	107	240	85
1443	240.0	122.5		119.0		120	144	0	0	300	133	0	0	180	115	120	86
1444	220.0	108.8		105.0		0	0	0	0	360	127	0	0	0	0	300	87
1445	160.0	132.8		128.8		180	144	0	0	180	144	0	0	60	110	60	88
1446	120.0	127.2		113.6		60	184	0	0	60	184	0	0	60	134	180	87
1447	220.0	95.8		92.8		60	151	0	0	120	110	60	88	0	0	420	85
1448	120.0	136.0		123.4		60	218	0	0	240	131	0	0	0	0	60	74
1449	300.0	123.1		113.3		180	158	0	0	240	158	60	106	60	124	360	85
1450	120.0	111.7		104.6		0	0	0	0	120	151	60	113	0	0	180	85
1451	140.0	119.3		110.8		60	182	0	0	120	134	0	0	60	127	180	86
1452	180.0	130.7		121.3		60	225	0	0	300	134	0	0	60	109	120	86
1453	200.0	124.6		109.0		60	236	0	0	180	163	60	91	0	0	300	86
1454	40.0	122.0		111.4		0	0	0	0	60	158	0	0	0	0	60	86
1455	40.0	123.5		112.7		0	0	0	0	60	160	0	0	0	0	60	87
1456	160.0	104.8		94.4		60	208	0	0	60	132	60	88	0	0	300	82
1457	320.0	114.4		106.4		180	172	0	0	360	121	0	0	0	0	420	84
1458	200.0	121.4		116.0		60	146	0	0	360	135	0	0	0	0	180	86
1459	260.0	109.8		100.7		120	184	60	108	120	136	0	0	60	92	420	84
1460	240.0	129.8		115.0		180	179	0	0	180	168	0	0	0	0	360	86
1461	140.0	143.3		129.2		60	205	0	0	180	163	0	0	60	141	120	84
1462	200.0	111.9		107.9		60	144	0	0	240	130	0	0	0	0	300	91
1463	280.0	106.3		96.2		60	200	0	0	180	149	60	85	60	116	480	80
1464	180.0	113.1		104.7		60	167	0	0	180	142	0	0	0	0	300	85
1465	160.0	102.5		98.8		0	0	0	0	180	129	60	89	0	0	240	86
1466	220.0	142.0		120.1		180	233	0	0	180	134	0	0	60	133	240	82
1467	80.0	94.5		92.6		0	0	0	0	60	120	0	0	0	0	180	86
1468	120.0	95.3		92.5		0	0	0	0	120	120	0	0	0	0	240	83
1469	200.0	113.2		104.1		0	0	0	0	240	152	60	114	0	0	300	82
1470	100.0	107.6		102.5		0	0	0	0	120	132	60	112	0	0	120	81
1471	240.0	110.0		102.9		180	138	0	0	180	138	0	0	0	0	360	82
1472	200.0	117.1		111.8		60	175	0	0	180	126	0	0	180	120	180	86
1473	180.0	93.9		90.5		0	0	0	0	120	132	0	0	0	0	420	83
1474	360.0	104.1		98.4		120	164	0	0	240	129	60	84	0	0	660	86
1475	160.0	115.4		106.2		60	182	0	0	180	135	0	0	60	81	180	85
1476	120.0	94.8		91.2		0	0	0	0	60	144	0	0	0	0	300	85
1477	140.0	163.4		159.8		180	172	0	0	180	172	0	0	60	112	0	0
1478	420.0	100.6		96.6		300	131	0	0	120	131	180	84	60	84	600	86
1479	240.0	109.1		104.7		60	169	0	0	300	120	0	0	60	105	300	87
1480	100.0	125.4		118.0		0	0	0	0	180	149	0	0	0	0	120	90
1481	240.0	92.8		88.9		60	167	0	0	60	117	120	83	0	0	480	83
1482	260.0	114.2		107.6		120	151	0	0	240	141	0	0	60	91	360	88
1483	140.0	111.0		102.7		60	189	0	0	180	114	0	0	0	0	180	82
1484	280.0	113.4		102.6		120	194	0	0	180	135	0	0	120	114	420	81
1485	180.0	114.4		109.5		0	0	0	0	240	136	0	0	120	117	180	84
1486	200.0	104.4		91.4		60	200	0	0	60	200	0	0	60	77	420	81
1487	220.0	110.5		103.2		120	147	0	0	180	139	60	90	0	0	300	83
1488	80.0	132.5		124.8		120	157	0	0	60	130	0	0	0	0	60	86
1489	140.0	109.3		100.7		60	153	0	0	60	173	60	88	60	99	180	84
1490	180.0	86.3		85.8		0	0	0	0	60	106	60	90	0	0	420	83
1491	120.0	125.3		113.9		60	186	0	0	120	149	0	0	60	102	120	83
1492	100.0	123.2		108.7		60	186	0	0	60	171	0	0	60	89	120	85
1493	140.0	118.9		106.2		120	186	0	0	60	110	0	0	60	101	180	83
1494	80.0	99.0		91.8		0	0	0	0	60	153	0	0	0	0	180	81
1495	180.0	104.2		98.1		60	158	0	0	120	135	0	0	0	0	360	85
1496	240.0	108.3		104.3		120	139	0	0	300	117	0	0	60	109	240	82
1497	100.0	107.8		99.4		60	156	0	0	60	137	0	0	0	0	180	82
1498	320.0	100.8		94.7		180	157	0	0	60	125	120	88	0	0	600	84
1499	80.0	138.0		138.0		0	0	0	0	240	138	0	0	0	0	0	0
