#File created from auswertNew
# Temporary input file:
# tmp18.dat
# Created from repository file
# /home/vwitme/data/workdata/trafficData/Invent_A5/intermediatedata/A5frankfurt_06_01/daten/F18_1106.dat.gz
# Infrastructure description file:
# /home/vwitme/data/workdata/trafficData/Invent_A5/intermediatedata/A5frankfurt_06_01/daten/A5frankfurt_06_01.dsc
#
# Date: 11.06.2001
# Direction: Frankfurt
# Detector cross section 18
# Position (m)= 484.100000
# Number of main lanes=3
# Number of ramp lanes=0
# The lane indices are ordered from left to right
# NOTICE: The time has been increased by 1 hour 
# since summertime was not taken care of  in the original data!
# Velocity averages: Over veh types and lanes, weighted with flow
# vAvg=arithmetic average; vHarm=harmonic average
#===========================================
#t(min)	Qav(/h)	vAvg(km/h)	vHarm(km/h)	Q1car	v1car	Q1truck	v1truck	Q2car	v2car	Q2truck	v2truck	Q3car	v3car	Q3truck	v3truck
60	360.0	98.8		97.5		60	124	0	0	600	103	0	0	180	100	240	81
61	220.0	98.1		97.9		0	0	0	0	300	103	0	0	300	94	60	94
62	460.0	94.0		93.3		180	108	0	0	420	101	0	0	60	87	720	87
63	380.0	94.1		92.8		60	124	0	0	360	106	0	0	120	84	600	86
64	360.0	91.8		91.7		180	99	0	0	360	92	0	0	480	89	60	91
65	440.0	90.0		88.7		120	124	0	0	300	97	0	0	120	84	780	83
66	260.0	93.1		92.5		60	121	0	0	420	93	0	0	60	86	240	88
67	420.0	94.9		94.2		240	107	0	0	420	99	0	0	240	92	360	84
68	560.0	90.2		88.7		240	102	0	0	540	101	0	0	120	97	780	78
69	460.0	85.1		84.8		60	84	0	0	540	92	0	0	360	81	420	80
70	380.0	87.6		87.0		120	100	0	0	180	101	0	0	0	0	840	83
71	400.0	90.0		89.7		180	92	0	0	180	92	60	87	300	96	480	85
72	380.0	95.6		95.2		180	98	0	0	600	100	0	0	180	86	180	88
73	320.0	84.2		83.9		0	0	0	0	240	93	0	0	180	79	540	82
74	700.0	87.7		85.9		180	125	0	0	600	97	120	83	0	0	1200	78
75	560.0	84.4		83.2		180	93	0	0	720	94	0	0	60	81	720	73
76	400.0	92.8		91.8		180	115	0	0	600	93	0	0	60	83	360	83
77	240.0	93.0		92.7		0	0	0	0	240	101	0	0	0	0	480	89
78	340.0	91.8		91.1		0	0	0	0	300	105	0	0	120	88	600	86
79	400.0	84.5		83.4		60	134	0	0	180	86	0	0	180	86	780	80
80	360.0	92.6		91.5		120	119	0	0	240	94	0	0	180	99	540	84
81	320.0	89.2		88.4		180	101	0	0	240	90	0	0	180	97	360	79
82	300.0	83.3		83.2		0	0	0	0	180	90	0	0	60	78	660	82
83	160.0	99.0		98.3		60	119	0	0	0	0	60	105	120	100	240	92
84	260.0	107.2		104.1		120	143	0	0	300	113	0	0	120	97	240	87
85	200.0	97.0		96.5		0	0	0	0	240	106	0	0	0	0	360	91
86	400.0	91.3		90.6		60	94	0	0	480	101	0	0	0	0	660	84
87	400.0	85.4		84.8		120	94	0	0	360	89	60	105	0	0	660	80
88	220.0	80.2		80.0		0	0	0	0	240	76	0	0	60	80	360	83
89	440.0	90.3		89.5		120	110	0	0	420	91	120	104	60	81	600	84
90	560.0	96.8		96.1		300	110	0	0	600	100	0	0	120	96	660	88
91	340.0	88.7		87.8		0	0	0	0	360	101	0	0	0	0	660	82
92	320.0	92.4		91.0		120	124	0	0	240	96	0	0	60	82	540	85
93	360.0	91.6		91.5		120	98	0	0	420	93	0	0	0	0	540	89
94	440.0	92.9		92.6		120	99	0	0	540	98	60	94	120	91	480	86
95	340.0	86.6		86.6		0	0	0	0	180	86	0	0	120	91	720	86
96	300.0	92.3		91.6		60	115	0	0	240	101	60	83	0	0	540	87
97	440.0	89.2		88.1		180	115	0	0	360	92	0	0	0	0	780	82
98	200.0	92.6		92.1		0	0	0	0	240	101	0	0	0	0	360	87
99	320.0	94.3		93.4		0	0	0	0	420	105	0	0	0	0	540	86
100	300.0	93.1		92.3		60	116	0	0	420	98	0	0	300	87	120	80
101	460.0	90.6		90.0		120	116	0	0	480	90	0	0	0	0	780	87
102	380.0	93.6		92.8		60	125	0	0	300	102	0	0	0	0	780	88
103	360.0	93.5		93.0		120	109	0	0	240	99	60	90	0	0	660	89
104	400.0	87.9		86.5		60	142	0	0	180	95	0	0	60	85	900	83
105	320.0	85.7		85.2		60	92	0	0	120	84	0	0	360	93	420	79
106	340.0	85.5		85.2		60	105	0	0	180	90	0	0	0	0	780	83
107	440.0	88.5		87.9		120	105	0	0	240	98	0	0	0	0	960	84
108	240.0	88.2		88.0		0	0	0	0	240	92	0	0	120	81	360	88
109	360.0	88.8		88.5		60	111	0	0	300	92	0	0	240	85	480	86
110	100.0	94.8		94.1		60	111	0	0	60	95	0	0	60	90	120	89
111	400.0	89.3		86.7		60	144	0	0	180	113	60	92	120	92	780	79
112	300.0	88.1		88.0		0	0	0	0	240	94	0	0	0	0	660	86
113	260.0	86.8		86.6		60	99	0	0	120	95	0	0	0	0	600	84
114	300.0	93.3		92.7		60	99	0	0	300	103	0	0	300	90	240	84
115	220.0	92.1		91.6		0	0	0	0	240	101	0	0	0	0	420	87
116	80.0	93.5		92.7		0	0	0	0	60	109	0	0	60	91	120	87
117	160.0	91.2		90.8		0	0	0	0	180	100	0	0	0	0	300	86
118	260.0	95.8		94.6		0	0	0	0	420	106	0	0	0	0	360	84
119	180.0	99.9		95.4		60	137	0	0	120	129	0	0	240	86	120	80
120	280.0	95.4		94.1		60	104	0	0	240	107	60	115	0	0	480	86
121	360.0	94.2		93.3		180	98	0	0	120	120	120	91	0	0	660	89
122	320.0	91.0		90.5		60	97	0	0	180	93	60	92	240	100	420	84
123	400.0	95.0		93.6		120	134	0	0	480	94	0	0	0	0	600	88
124	240.0	93.8		92.2		0	0	0	0	360	102	0	0	120	103	240	77
125	340.0	94.6		94.0		180	108	0	0	360	94	0	0	60	104	420	88
126	260.0	89.2		88.4		60	94	0	0	120	109	0	0	60	91	540	84
127	300.0	96.7		95.4		60	124	60	96	240	102	60	100	120	106	360	85
128	280.0	89.6		89.1		0	0	0	0	240	99	0	0	120	93	480	84
129	100.0	101.0		96.8		0	0	0	0	60	148	0	0	60	84	180	91
130	220.0	91.3		91.2		0	0	0	0	180	94	60	92	0	0	420	90
131	280.0	94.1		94.0		0	0	0	0	360	99	0	0	120	92	360	90
132	440.0	81.7		80.7		60	93	0	0	180	105	0	0	180	73	900	78
133	240.0	90.5		89.5		0	0	0	0	240	104	0	0	60	75	420	85
134	220.0	96.8		96.4		0	0	0	0	60	110	180	103	60	94	360	92
135	240.0	89.8		89.1		0	0	0	0	60	121	0	0	0	0	660	87
136	200.0	98.5		98.0		0	0	0	0	360	104	0	0	60	88	180	91
137	400.0	93.2		92.8		120	99	0	0	240	101	0	0	120	103	720	88
138	380.0	88.4		87.0		60	137	0	0	120	87	60	111	180	87	720	83
139	440.0	86.0		85.9		60	94	0	0	240	92	0	0	60	87	960	84
140	200.0	85.5		85.4		0	0	0	0	180	89	0	0	0	0	420	84
141	340.0	87.6		87.1		60	116	0	0	300	88	0	0	60	83	600	85
142	320.0	91.6		90.6		120	116	0	0	300	83	0	0	240	96	300	87
143	300.0	96.8		95.3		120	120	0	0	240	105	60	104	240	86	240	86
144	380.0	85.0		84.8		0	0	0	0	360	91	0	0	180	83	600	82
145	120.0	96.0		95.3		0	0	0	0	120	107	0	0	180	92	60	86
146	260.0	89.0		88.1		0	0	60	112	180	96	60	101	0	0	480	82
147	560.0	92.4		90.2		60	110	0	0	540	107	60	102	120	113	900	79
148	160.0	95.9		95.2		0	0	0	0	60	97	0	0	120	110	300	90
149	360.0	91.6		91.0		60	74	0	0	360	101	0	0	120	84	540	89
150	260.0	92.1		91.4		60	93	0	0	360	100	0	0	120	84	240	84
151	160.0	114.2		111.2		0	0	0	0	360	124	0	0	60	86	60	84
152	340.0	88.6		88.6		0	0	0	0	360	88	0	0	0	0	660	89
153	320.0	94.4		92.2		60	142	0	0	300	106	0	0	60	82	540	84
154	300.0	83.9		83.7		0	0	0	0	180	92	0	0	60	92	660	81
155	180.0	90.4		90.0		60	110	0	0	120	88	0	0	120	90	240	87
156	260.0	92.8		92.6		0	0	0	0	120	100	0	0	240	96	420	89
157	200.0	88.1		88.0		0	0	0	0	180	93	0	0	0	0	420	86
158	260.0	96.4		94.4		60	148	0	0	180	88	60	114	180	94	300	89
159	240.0	93.5		93.1		0	0	0	0	360	99	0	0	60	83	300	89
160	220.0	88.4		87.9		0	0	0	0	120	102	0	0	60	88	480	85
161	220.0	92.5		90.6		60	130	0	0	120	108	0	0	0	0	480	84
162	200.0	91.7		90.5		60	127	0	0	60	92	0	0	60	96	420	86
163	260.0	92.5		91.9		0	0	0	0	120	106	60	111	0	0	600	88
164	240.0	93.5		93.4		0	0	0	0	360	97	0	0	0	0	360	90
165	220.0	91.8		91.4		0	0	0	0	180	102	0	0	0	0	480	88
166	180.0	92.8		92.3		0	0	0	0	240	100	0	0	0	0	300	87
167	40.0	88.5		88.4		0	0	0	0	0	0	0	0	60	91	60	86
168	100.0	81.2		80.4		0	0	0	0	60	82	0	0	120	90	120	72
169	120.0	91.8		91.8		0	0	0	0	120	92	0	0	60	88	180	93
170	340.0	90.8		90.6		0	0	0	0	300	97	0	0	120	89	600	88
171	380.0	88.8		88.1		0	0	0	0	240	105	120	88	0	0	780	84
172	100.0	104.6		103.3		0	0	0	0	180	114	0	0	60	90	60	91
173	300.0	89.7		89.4		0	0	0	0	240	97	60	97	60	78	540	87
174	120.0	92.2		91.7		0	0	0	0	120	95	0	0	60	105	180	86
175	320.0	94.4		92.9		0	0	0	0	360	110	0	0	0	0	600	85
176	280.0	102.2		100.8		60	95	0	0	420	114	0	0	60	88	300	90
177	340.0	91.4		91.0		0	0	0	0	360	100	0	0	60	84	600	87
178	200.0	99.5		98.8		0	0	0	0	180	112	0	0	180	97	240	92
179	200.0	94.2		93.8		0	0	0	0	120	106	0	0	60	100	420	90
180	240.0	89.5		89.4		0	0	0	0	360	93	0	0	0	0	360	86
181	320.0	108.6		105.4		60	128	0	0	420	127	0	0	0	0	480	90
182	320.0	89.4		88.9		180	102	0	0	300	87	60	94	60	79	360	86
183	340.0	92.4		91.3		0	0	0	0	300	108	0	0	60	84	660	86
184	280.0	96.6		94.3		120	115	0	0	300	109	60	75	60	77	300	85
185	200.0	100.2		99.2		60	97	0	0	240	112	60	97	60	84	180	92
186	320.0	91.9		91.2		60	121	0	0	240	98	0	0	0	0	660	87
187	380.0	94.3		93.4		60	96	0	0	240	110	120	104	120	89	600	87
188	240.0	92.7		92.3		0	0	0	0	240	100	0	0	120	95	360	87
189	180.0	91.1		91.0		60	93	0	0	180	94	0	0	0	0	300	89
190	220.0	89.5		88.5		0	0	0	0	120	99	120	103	120	90	300	80
191	320.0	89.6		89.5		60	96	0	0	420	92	0	0	60	78	420	88
192	260.0	87.8		87.8		0	0	0	0	240	86	0	0	180	92	360	87
193	200.0	92.4		92.1		60	108	0	0	240	94	0	0	0	0	300	88
194	160.0	98.0		97.2		120	108	0	0	60	113	0	0	0	0	300	91
195	360.0	89.5		88.7		120	108	0	0	180	101	0	0	180	84	600	84
196	260.0	93.5		92.8		60	125	0	0	180	92	0	0	60	95	480	90
197	320.0	89.9		89.7		0	0	0	0	480	94	0	0	180	84	300	87
198	260.0	91.3		90.8		60	101	0	0	120	101	0	0	120	98	480	86
199	380.0	94.2		93.6		60	108	0	0	540	100	0	0	300	85	240	89
200	260.0	91.1		90.8		0	0	0	0	240	98	0	0	180	86	360	89
201	320.0	94.8		94.2		60	117	0	0	300	102	0	0	0	0	600	89
202	380.0	96.4		94.6		0	0	0	0	300	120	0	0	0	0	840	88
203	280.0	93.8		93.4		60	105	0	0	240	99	60	100	0	0	480	89
204	240.0	96.5		95.4		0	0	0	0	360	107	0	0	0	0	360	86
205	360.0	90.8		90.0		60	105	0	0	420	100	0	0	120	83	480	83
206	240.0	88.2		88.0		0	0	0	0	180	95	0	0	180	90	360	84
207	260.0	96.7		94.9		60	117	0	0	420	105	0	0	0	0	300	81
208	220.0	99.4		99.0		60	109	0	0	240	102	0	0	180	101	180	91
209	200.0	90.2		89.7		0	0	0	0	60	102	60	100	60	77	420	89
210	100.0	96.4		95.3		60	117	0	0	60	88	0	0	60	99	120	89
211	220.0	99.9		99.6		60	117	0	0	360	99	0	0	120	96	120	98
212	320.0	89.1		89.0		60	101	0	0	180	92	0	0	60	81	660	88
213	180.0	93.0		92.8		0	0	0	0	180	99	0	0	180	88	180	92
214	180.0	92.4		91.3		60	122	0	0	120	97	0	0	120	86	240	86
215	300.0	95.6		94.6		60	122	0	0	300	103	0	0	240	93	300	85
216	260.0	94.9		94.1		60	122	0	0	60	104	60	104	240	88	360	92
217	280.0	95.4		94.4		0	0	0	0	240	111	60	92	120	88	420	89
218	240.0	92.7		92.0		60	105	0	0	120	105	0	0	60	101	480	87
219	240.0	100.8		98.5		120	117	0	0	180	105	0	0	180	112	240	81
220	280.0	89.0		88.9		0	0	0	0	300	91	60	79	0	0	480	89
221	320.0	100.3		99.1		120	122	0	0	300	103	0	0	180	106	360	88
222	340.0	87.6		87.6		60	91	0	0	360	88	0	0	0	0	600	87
223	340.0	96.8		96.6		0	0	0	0	660	99	0	0	120	96	240	91
224	320.0	91.8		91.1		120	111	0	0	360	93	0	0	0	0	480	86
225	260.0	92.0		91.5		0	0	0	0	420	98	0	0	0	0	360	85
226	500.0	78.2		76.9		120	103	0	0	300	90	60	92	0	0	1020	71
227	220.0	95.3		94.0		0	0	0	0	360	105	0	0	60	90	240	82
228	240.0	96.1		95.3		60	117	0	0	360	100	0	0	120	86	180	88
229	440.0	92.0		91.4		60	112	0	0	360	101	120	84	60	93	720	87
230	320.0	96.2		95.6		0	0	60	114	420	102	0	0	0	0	480	89
231	520.0	93.8		92.1		120	125	0	0	780	100	60	92	60	78	540	80
232	260.0	89.3		89.3		0	0	0	0	240	91	0	0	60	85	480	89
233	260.0	100.4		98.6		60	97	0	0	360	114	60	97	60	79	240	87
234	480.0	92.7		92.4		120	105	0	0	360	98	0	0	60	92	900	89
235	360.0	89.9		89.2		60	121	0	0	300	96	0	0	120	84	600	85
236	360.0	87.4		86.9		60	96	0	0	300	90	0	0	120	104	600	82
237	260.0	97.8		96.5		60	125	0	0	360	104	0	0	0	0	360	87
238	320.0	95.8		93.9		240	115	0	0	240	102	0	0	60	83	420	83
239	280.0	91.4		90.9		60	100	0	0	300	99	0	0	60	82	420	86
240	260.0	86.3		85.3		0	0	0	0	180	100	0	0	180	92	420	78
241	240.0	91.3		90.4		60	99	0	0	240	97	60	96	60	108	300	81
242	120.0	98.3		96.3		60	120	0	0	180	102	0	0	60	75	60	89
243	400.0	96.8		96.1		120	112	0	0	540	102	0	0	300	90	240	86
244	300.0	90.3		90.1		0	0	0	0	360	92	60	100	120	90	360	87
245	180.0	99.4		99.1		60	111	0	0	180	98	0	0	240	101	60	86
246	280.0	98.4		97.9		0	0	0	0	360	107	0	0	240	91	240	93
247	340.0	97.9		97.0		180	113	0	0	360	103	0	0	120	84	360	90
248	300.0	99.5		98.2		60	103	0	0	420	109	0	0	60	110	360	86
249	180.0	97.4		97.2		0	0	0	0	240	100	0	0	120	102	180	91
250	180.0	101.0		100.9		60	103	0	0	240	104	0	0	180	99	60	93
251	200.0	96.9		96.3		0	0	0	0	180	108	0	0	60	99	360	91
252	260.0	94.5		94.4		60	87	0	0	240	99	0	0	180	97	300	91
253	320.0	92.2		91.8		60	87	0	0	420	99	0	0	240	83	240	91
254	220.0	89.8		89.4		60	87	0	0	240	98	60	89	0	0	300	84
255	400.0	87.0		86.8		60	80	0	0	540	91	0	0	180	84	420	84
256	220.0	103.5		102.9		0	0	0	0	360	108	0	0	120	109	180	91
257	340.0	99.2		98.2		120	123	0	0	480	97	60	106	180	100	180	86
258	260.0	101.1		99.9		120	111	0	0	300	111	0	0	180	89	180	90
259	260.0	92.8		92.2		120	102	0	0	120	106	60	94	0	0	480	87
260	240.0	94.6		93.8		120	110	0	0	420	94	0	0	60	95	120	81
261	380.0	90.6		90.4		0	0	0	0	660	94	60	80	60	86	360	87
262	220.0	75.0		59.6		120	94	0	0	120	94	60	101	180	31	180	85
263	520.0	94.2		93.8		60	115	0	0	840	96	60	101	120	96	480	87
264	460.0	92.0		91.8		120	101	0	0	540	94	0	0	60	100	660	88
265	360.0	95.1		94.5		0	0	0	0	540	101	60	106	180	89	300	86
266	300.0	96.5		95.4		60	130	0	0	360	102	0	0	180	92	300	86
267	360.0	89.0		88.9		60	91	0	0	540	92	60	82	240	85	180	87
268	660.0	97.2		96.6		480	108	0	0	960	97	60	105	0	0	480	86
269	460.0	97.6		96.9		120	117	0	0	540	102	0	0	360	94	360	88
270	440.0	90.6		89.5		60	118	0	0	600	98	0	0	60	85	600	81
271	420.0	102.7		101.0		180	134	0	0	660	102	0	0	60	98	360	89
272	180.0	89.4		88.5		0	0	0	0	120	107	0	0	180	81	240	87
273	300.0	98.3		97.0		60	135	0	0	300	106	0	0	180	92	360	89
274	240.0	107.6		105.7		120	135	0	0	360	105	0	0	60	121	180	90
275	560.0	95.3		94.4		180	119	0	0	720	98	0	0	240	88	540	87
276	380.0	104.0		102.9		180	121	0	0	540	108	0	0	300	91	120	93
277	320.0	96.9		96.4		0	0	0	0	420	105	0	0	180	92	360	90
278	320.0	93.6		93.4		180	101	0	0	360	93	60	94	60	92	300	90
279	440.0	95.7		94.1		180	128	0	0	360	94	120	99	180	85	480	88
280	400.0	101.1		100.2		120	116	0	0	420	111	0	0	60	94	600	92
281	620.0	93.1		92.6		180	104	0	0	780	97	60	105	180	80	660	88
282	480.0	95.2		94.9		120	90	0	0	900	99	0	0	180	89	240	88
283	360.0	94.3		93.0		60	137	0	0	480	98	0	0	120	94	420	84
284	640.0	92.4		91.8		180	117	0	0	840	92	120	84	180	90	600	88
285	620.0	99.1		98.3		300	108	0	0	1080	102	60	95	60	102	360	83
286	400.0	95.9		95.5		60	111	0	0	540	98	0	0	300	98	300	87
287	440.0	95.3		94.9		180	107	0	0	660	97	0	0	420	89	60	85
288	520.0	101.2		100.8		60	114	0	0	540	109	0	0	720	97	240	93
289	360.0	99.5		99.1		60	105	0	0	480	105	0	0	180	98	360	92
290	640.0	93.0		91.9		180	107	0	0	780	102	0	0	120	83	840	83
291	500.0	96.5		95.4		0	0	0	0	720	105	0	0	180	104	600	84
292	280.0	105.8		104.7		120	114	0	0	180	124	60	99	420	98	60	96
293	640.0	93.3		92.3		240	114	0	0	540	95	180	95	180	104	780	83
294	660.0	90.4		89.1		240	108	0	0	780	98	0	0	60	92	900	79
295	380.0	94.8		94.5		0	0	0	0	660	98	0	0	120	101	360	87
296	380.0	97.2		97.0		60	116	0	0	720	96	0	0	300	97	60	93
297	600.0	94.5		92.6		300	111	60	112	480	104	120	102	120	92	720	79
298	620.0	92.3		92.0		300	101	0	0	780	94	0	0	240	90	540	86
299	520.0	98.7		97.3		240	119	0	0	540	105	0	0	300	93	480	85
300	500.0	97.2		96.5		120	114	0	0	780	101	0	0	240	95	360	85
301	480.0	98.1		97.3		420	105	0	0	660	101	0	0	120	80	240	87
302	820.0	97.5		94.7		360	122	0	0	780	111	60	102	120	90	1140	81
303	560.0	90.7		90.5		120	94	0	0	660	95	60	81	360	91	480	85
304	420.0	97.7		97.4		60	109	0	0	540	100	0	0	420	98	240	89
305	540.0	97.7		97.3		60	120	0	0	780	101	180	99	180	95	420	89
306	800.0	85.6		85.5		480	89	0	0	1140	86	60	80	300	82	420	84
307	620.0	89.6		89.3		240	89	0	0	900	93	60	81	360	92	300	79
308	560.0	101.9		100.8		240	120	0	0	600	109	0	0	300	93	540	91
309	560.0	96.5		95.9		120	113	0	0	780	102	0	0	240	92	540	87
310	580.0	97.1		96.5		0	0	0	0	960	101	0	0	180	110	600	87
311	780.0	95.3		94.1		360	112	0	0	1140	100	0	0	240	84	600	81
312	760.0	97.6		96.7		300	115	0	0	1080	101	0	0	480	90	420	85
313	620.0	99.7		99.2		120	115	0	0	840	102	60	88	300	105	540	91
314	740.0	95.4		94.3		540	112	0	0	840	95	0	0	540	85	300	85
315	760.0	97.0		96.6		180	106	0	0	1140	101	180	98	180	88	600	89
316	980.0	91.1		90.7		720	99	0	0	1440	91	0	0	120	89	660	83
317	460.0	98.9		97.9		60	135	0	0	720	104	0	0	420	90	180	87
318	540.0	94.8		94.2		60	107	0	0	660	102	0	0	300	94	600	86
319	500.0	92.3		92.3		120	95	0	0	780	92	60	85	360	94	180	91
320	740.0	96.0		95.6		480	107	0	0	1200	95	0	0	180	87	360	89
321	900.0	93.4		92.9		660	104	0	0	1080	92	180	97	120	88	660	85
322	760.0	91.8		91.3		420	101	60	92	960	92	60	83	60	115	720	85
323	720.0	94.8		94.5		480	100	0	0	1080	97	60	93	180	90	360	84
324	820.0	97.6		97.1		540	107	0	0	1080	99	0	0	180	96	660	88
325	700.0	94.4		93.9		360	107	0	0	780	96	60	97	240	93	660	86
326	680.0	99.3		98.5		180	118	0	0	1140	103	0	0	120	83	600	90
327	680.0	95.0		94.8		300	97	0	0	840	95	180	107	540	92	180	89
328	980.0	92.8		92.3		780	104	0	0	1380	88	0	0	660	90	120	90
329	980.0	91.5		90.0		360	107	60	105	1440	96	0	0	60	125	1020	77
330	860.0	102.7		102.0		600	117	0	0	1200	98	60	104	540	102	180	88
331	1120.0	91.9		91.2		660	106	0	0	1620	92	60	104	0	0	1020	82
332	1540.0	96.0		95.2		1740	106	0	0	1740	94	60	93	240	88	840	82
333	1220.0	91.3		90.7		900	103	0	0	1560	91	0	0	480	83	720	83
334	760.0	101.8		101.4		480	108	60	109	1020	105	0	0	420	93	300	92
335	1140.0	94.0		93.0		1080	102	0	0	1260	98	0	0	240	89	840	79
336	1140.0	87.3		85.7		1200	100	0	0	1020	86	120	90	180	89	900	71
337	1280.0	95.5		94.0		900	113	60	105	1800	95	60	97	180	91	840	78
338	1080.0	88.2		88.0		840	94	0	0	1560	87	60	85	180	83	600	85
339	1420.0	89.5		88.7		1380	98	0	0	1260	89	300	94	480	89	840	75
340	1460.0	87.5		86.5		1140	99	60	88	1980	89	0	0	240	79	960	73
341	740.0	93.5		93.2		480	102	0	0	660	91	120	98	600	93	360	86
342	1120.0	93.1		92.2		1320	99	0	0	1020	98	60	90	60	92	900	79
343	1420.0	90.9		90.3		1380	99	0	0	1800	91	120	92	180	84	780	78
344	1180.0	87.7		87.2		1140	96	120	89	1140	88	60	79	60	78	1020	79
345	1360.0	87.6		86.5		1200	99	60	100	1620	87	60	96	60	98	1080	74
346	1280.0	93.2		92.8		1500	100	0	0	1260	89	180	97	240	95	660	84
347	1240.0	90.0		89.7		1200	94	0	0	1500	90	120	106	240	87	660	81
348	800.0	95.5		95.1		600	104	0	0	1200	95	0	0	420	89	180	85
349	1420.0	92.9		92.0		1500	100	60	96	1680	94	0	0	480	89	540	73
350	1540.0	88.9		86.4		1680	101	0	0	1440	94	180	90	120	65	1200	68
351	1380.0	84.9		83.3		1380	96	60	93	1320	88	60	94	180	71	1140	69
352	1440.0	91.8		91.3		1500	99	0	0	1800	91	120	84	300	87	600	80
353	1260.0	90.7		90.0		1140	101	0	0	1380	91	60	84	120	89	1080	80
354	1660.0	89.4		89.0		2040	96	0	0	1800	87	0	0	300	83	840	81
355	1000.0	94.5		94.2		660	98	0	0	1320	97	180	103	360	89	480	84
356	1080.0	99.3		98.8		780	109	60	106	1440	99	120	91	480	94	360	88
357	1380.0	97.8		97.3		1140	106	60	97	1680	98	180	100	720	90	360	85
358	1380.0	91.0		90.5		1320	99	0	0	1620	90	180	86	300	90	720	80
359	1560.0	85.7		85.5		1560	89	0	0	1740	87	0	0	360	87	1020	78
360	1200.0	93.7		93.4		780	101	0	0	1860	94	0	0	600	89	360	84
361	1340.0	93.1		92.4		1140	103	0	0	1680	94	60	93	840	81	300	84
362	1140.0	92.3		92.0		1080	99	0	0	1500	90	60	99	180	90	600	86
363	1620.0	86.1		86.0		1860	88	60	84	1860	86	60	84	420	83	600	83
364	1800.0	87.5		87.4		2100	92	60	88	1920	86	120	89	180	82	1020	82
365	960.0	95.3		95.0		720	100	0	0	1200	97	180	96	480	90	300	85
366	1660.0	85.9		85.8		2160	88	0	0	1800	85	60	87	240	85	720	82
367	1520.0	85.3		84.9		1500	92	0	0	1800	85	0	0	300	80	960	77
368	1900.0	81.6		81.6		2340	83	120	85	2340	81	0	0	360	79	540	79
369	1220.0	98.3		97.6		1200	106	0	0	1500	100	0	0	660	89	300	80
370	1100.0	90.3		90.2		1020	93	0	0	1320	90	60	78	540	90	360	86
371	1120.0	94.3		93.5		960	103	60	118	1320	94	120	98	300	90	600	80
372	1560.0	90.0		89.8		1560	93	60	119	2100	90	0	0	480	85	480	82
373	1720.0	86.8		86.6		2040	91	0	0	1800	85	180	85	540	86	600	79
374	1400.0	93.2		92.8		1260	101	0	0	1740	92	60	91	480	93	660	82
375	1540.0	90.4		90.2		1560	95	60	97	1800	89	60	88	360	86	780	86
376	1540.0	91.0		90.9		1860	93	0	0	1740	92	120	89	480	86	420	84
377	1300.0	93.1		92.9		1260	99	0	0	1380	92	240	87	420	91	600	87
378	1760.0	86.6		86.5		2220	88	60	96	1920	86	0	0	180	85	900	84
379	2040.0	77.5		77.4		2340	79	120	77	2220	76	120	76	840	76	480	80
380	1920.0	82.1		82.0		2160	83	60	81	2100	84	240	82	420	81	780	75
381	1340.0	89.3		89.2		1380	92	0	0	1860	89	0	0	540	85	240	85
382	1500.0	93.1		93.0		1380	96	120	98	1980	94	0	0	660	86	360	89
383	1580.0	91.3		91.1		1800	95	0	0	1860	89	60	115	420	90	600	86
384	2020.0	83.8		83.7		2940	85	0	0	2040	84	60	90	180	81	840	79
385	2120.0	81.7		81.6		3000	84	60	78	1920	79	120	77	240	80	1020	81
386	2060.0	85.3		85.2		2460	89	60	89	2160	84	180	83	540	82	780	80
387	1900.0	84.0		83.9		2220	87	120	84	2280	81	0	0	120	84	960	84
388	1680.0	87.9		87.3		1740	97	120	92	2100	85	0	0	360	77	720	79
389	2220.0	76.5		76.4		2880	77	60	70	2520	74	0	0	660	83	540	78
390	2060.0	76.1		76.1		2520	76	0	0	1920	74	240	73	780	80	720	79
391	1920.0	86.6		86.5		2340	90	0	0	2280	85	60	107	480	85	600	79
392	1740.0	85.9		85.7		1680	88	0	0	2340	87	60	81	360	84	780	79
393	1920.0	83.6		83.5		2340	86	0	0	2220	81	60	77	960	84	180	85
394	1860.0	86.2		86.0		2100	90	60	99	1740	86	60	100	1140	83	480	75
395	2180.0	77.9		77.8		2640	79	0	0	2400	78	0	0	1020	78	480	71
396	2160.0	77.8		77.7		2700	78	60	80	2280	77	120	78	540	79	780	78
397	2280.0	72.0		71.9		3000	70	0	0	2280	73	120	75	960	73	480	77
398	1780.0	84.2		84.1		1920	85	60	90	2220	84	60	91	780	80	300	89
399	1960.0	86.1		86.1		2400	89	0	0	2040	84	240	90	1020	83	180	85
400	1880.0	85.4		85.1		2160	91	120	88	1920	81	60	89	1140	82	240	83
401	1920.0	86.1		86.0		2280	89	60	91	2280	85	120	74	540	81	480	86
402	1660.0	88.0		88.0		2160	88	120	88	1860	88	120	80	660	90	60	86
403	2040.0	87.7		87.7		2520	89	60	88	2280	87	0	0	840	87	420	85
404	1740.0	85.2		85.2		2340	87	0	0	1980	83	0	0	480	87	420	84
405	1960.0	83.6		83.5		2400	86	60	86	2460	82	0	0	480	82	480	81
406	1580.0	84.4		84.4		2040	85	0	0	1680	85	0	0	840	82	180	84
407	1600.0	89.1		88.9		1860	93	0	0	1620	88	240	89	540	85	540	83
408	2060.0	83.7		83.6		2700	85	0	0	1980	83	120	90	1140	81	240	84
409	1840.0	78.6		78.6		2460	80	0	0	1740	77	180	76	600	81	540	76
410	1840.0	81.5		81.5		2220	83	60	94	2100	81	0	0	540	79	600	79
411	2000.0	83.0		82.7		2580	88	0	0	2040	78	120	81	600	82	660	80
412	1540.0	87.5		87.4		2100	90	0	0	1560	85	0	0	540	86	420	86
413	1900.0	86.3		86.2		2340	90	0	0	2160	84	120	86	360	83	720	83
414	2140.0	77.6		77.5		2760	78	0	0	2520	78	0	0	300	74	840	76
415	1780.0	78.9		78.8		2040	82	0	0	1920	78	0	0	1020	78	360	69
416	1440.0	90.5		90.4		1560	93	0	0	1620	90	60	88	420	92	660	85
417	1980.0	79.3		79.1		2580	77	60	80	1980	77	60	73	1020	87	240	92
418	1880.0	76.7		76.7		2220	78	0	0	2460	75	0	0	360	80	600	77
419	1620.0	78.8		78.7		2100	80	0	0	1860	78	180	70	360	77	360	82
420	1740.0	80.0		79.9		2040	83	60	71	1740	78	0	0	960	77	420	82
421	1800.0	77.7		77.6		2280	77	0	0	1800	77	60	68	900	79	360	84
422	1840.0	79.2		78.9		2160	85	0	0	2160	75	120	78	480	77	600	75
423	2000.0	72.1		72.0		2340	74	0	0	2220	68	0	0	1260	75	180	78
424	1920.0	70.7		70.7		2340	73	60	70	1920	68	180	67	900	71	360	72
425	2080.0	72.5		72.4		2460	76	0	0	2340	70	0	0	1080	73	360	64
426	1800.0	78.0		77.9		2460	80	0	0	1740	77	180	79	420	79	600	72
427	1900.0	80.8		80.8		2160	82	60	83	2160	80	0	0	960	81	360	78
428	1860.0	83.3		83.2		2340	85	60	84	2100	82	120	81	480	81	480	83
429	1860.0	83.2		83.0		2400	86	0	0	1680	82	60	77	720	77	720	83
430	1580.0	83.8		83.6		1680	88	0	0	1800	80	240	87	600	84	420	81
431	1720.0	87.5		87.2		2100	92	0	0	1740	87	240	88	300	80	780	79
432	2200.0	72.0		71.9		2700	71	0	0	2460	72	60	76	840	74	540	73
433	2260.0	66.9		66.7		2880	64	0	0	2460	67	120	62	780	75	540	71
434	2080.0	65.9		65.8		2520	67	0	0	2160	64	120	74	720	64	720	68
435	2140.0	70.8		70.7		2700	69	60	68	1920	70	120	70	1200	76	420	72
436	2240.0	73.3		73.2		2820	77	0	0	2100	70	60	69	1260	71	480	73
437	2040.0	76.2		76.1		2640	78	0	0	2160	74	60	72	960	75	300	81
438	2140.0	73.1		73.1		2640	74	0	0	2220	71	120	73	780	73	660	77
439	2080.0	62.5		62.1		2400	57	60	45	2340	64	60	67	960	70	420	71
440	1780.0	77.3		77.1		2100	80	60	87	1980	77	120	75	420	77	660	69
441	2100.0	73.5		73.5		2580	73	0	0	2160	74	180	73	720	74	660	73
442	1720.0	77.7		77.7		2220	79	60	80	1980	77	0	0	540	76	360	76
443	1600.0	81.6		81.4		1800	86	180	88	1560	80	120	79	660	76	480	76
444	1720.0	75.3		75.0		1740	82	0	0	2100	72	60	62	780	73	480	71
445	1700.0	82.4		82.2		1860	87	0	0	1680	83	60	83	1200	76	300	76
446	1600.0	79.4		79.2		1860	84	60	83	1560	78	60	86	1020	74	240	74
447	1700.0	75.1		75.1		1860	78	60	77	1980	74	0	0	600	73	600	72
448	1700.0	77.0		76.9		1980	81	0	0	1680	76	60	77	1080	72	300	75
449	1940.0	73.8		73.6		2100	78	0	0	1980	74	0	0	1380	67	360	75
450	1620.0	84.5		84.4		2220	87	0	0	1560	83	60	92	840	81	180	81
451	1880.0	83.2		83.1		2340	85	0	0	2040	81	60	89	1020	83	180	83
452	1660.0	85.8		85.8		2460	87	0	0	1620	86	60	87	420	84	420	80
453	1480.0	85.6		85.6		1800	87	0	0	1740	86	180	84	240	85	480	80
454	1680.0	84.4		84.2		2040	89	60	90	1800	82	60	79	720	81	360	77
455	1800.0	78.2		78.2		2280	80	0	0	1860	76	120	76	660	79	480	78
456	1960.0	81.7		81.7		2460	84	0	0	1860	80	120	81	1020	81	420	78
457	1800.0	82.9		82.8		2520	85	0	0	1860	80	120	81	480	80	420	87
458	1660.0	83.8		83.7		1740	86	60	90	2280	82	60	86	300	82	540	84
459	1920.0	79.8		79.7		2280	82	0	0	1860	80	0	0	1200	76	420	78
460	1940.0	81.3		81.3		2160	81	120	86	2100	81	120	87	840	81	480	82
461	2020.0	80.1		80.0		2400	82	60	81	2340	79	60	77	720	80	480	76
462	1780.0	78.1		78.1		2280	79	0	0	1860	79	60	77	900	75	240	75
463	1720.0	78.7		78.7		2100	79	60	83	1800	79	0	0	1020	78	180	75
464	1960.0	68.2		68.2		2280	70	0	0	2160	67	60	59	660	68	720	67
465	1780.0	65.3		65.2		1860	68	0	0	1980	62	60	57	1320	67	120	65
466	1840.0	74.5		74.3		1920	79	0	0	1860	73	120	73	1080	71	540	71
467	1680.0	76.2		76.2		1980	77	60	83	1920	75	0	0	960	77	120	74
468	1720.0	76.5		76.3		2040	79	0	0	1680	78	120	79	360	64	960	73
469	2060.0	71.2		71.2		2460	72	0	0	2040	71	60	72	1140	70	480	71
470	2080.0	70.7		70.7		2460	73	60	66	2160	68	120	72	1140	71	300	71
471	1980.0	67.3		67.2		2700	68	0	0	1860	64	60	70	960	70	360	71
472	1740.0	78.9		78.9		2280	79	0	0	1620	79	60	80	840	80	420	76
473	2000.0	77.9		77.8		2460	80	0	0	2100	76	0	0	900	77	540	77
474	2000.0	83.6		83.5		2700	87	0	0	1980	81	120	78	540	81	660	81
475	1900.0	78.0		77.9		2160	80	60	87	1920	75	120	79	1260	79	180	74
476	1780.0	82.4		82.3		2040	84	0	0	1980	82	60	79	900	81	360	79
477	1820.0	81.9		81.8		2160	85	0	0	1980	81	60	86	840	77	420	79
478	1680.0	81.7		81.5		2100	86	0	0	1680	80	180	79	540	79	540	74
479	1900.0	76.9		76.8		2220	79	0	0	2040	76	120	80	840	75	480	73
480	1900.0	71.1		71.0		2400	73	0	0	2160	69	0	0	660	71	480	71
481	1740.0	69.2		69.2		1800	70	0	0	2100	68	60	77	840	69	420	71
482	1760.0	70.1		69.9		2160	73	60	80	1680	68	120	76	780	66	480	68
483	1800.0	63.1		63.0		2100	64	0	0	2100	60	0	0	660	66	540	68
484	1840.0	63.2		63.2		2100	65	0	0	2160	61	0	0	780	64	480	64
485	1860.0	70.0		70.0		2340	70	0	0	1980	69	60	69	840	71	360	74
486	1480.0	73.7		73.7		1980	75	0	0	1620	73	0	0	360	75	480	70
487	1740.0	68.3		68.2		1980	71	0	0	1920	67	60	68	900	67	360	64
488	1980.0	69.6		69.6		2520	71	0	0	2100	68	0	0	960	70	360	68
489	1620.0	71.0		70.9		2100	69	0	0	1740	70	0	0	780	77	240	76
490	1660.0	73.2		73.2		2040	73	60	86	1800	74	60	77	420	72	600	71
491	1660.0	72.6		72.5		1920	76	120	73	1560	71	120	75	900	70	360	67
492	1680.0	67.1		67.0		1980	70	60	72	1680	65	60	70	960	65	300	65
493	1680.0	68.0		67.8		1980	71	60	73	1680	68	60	65	720	64	540	62
494	1640.0	71.0		70.8		1920	75	0	0	1620	70	0	0	1080	67	300	65
495	1520.0	66.6		66.4		1860	69	0	0	1620	67	60	66	720	62	300	60
496	1620.0	65.7		65.6		1920	69	0	0	1680	63	60	65	960	65	240	61
497	1660.0	66.9		66.8		1860	70	0	0	1740	66	0	0	1080	64	300	64
498	1580.0	65.2		65.2		1560	67	60	72	1800	64	60	66	600	65	660	64
499	1640.0	68.5		68.4		1740	71	60	83	1860	67	180	67	720	67	360	66
500	1640.0	68.5		68.4		1740	72	60	70	1560	68	60	79	720	63	780	66
501	1720.0	66.9		66.8		1980	70	0	0	2100	65	0	0	660	65	420	65
502	1520.0	69.3		69.1		1560	72	0	0	1800	71	0	0	780	63	420	64
503	1740.0	67.7		67.6		1980	70	0	0	1980	68	0	0	900	63	360	65
504	1700.0	64.7		64.7		1980	65	60	63	1560	66	180	62	780	64	540	62
505	1840.0	67.3		67.2		2100	70	0	0	1920	66	0	0	1140	66	360	62
506	1620.0	69.5		69.1		1680	75	60	77	1680	69	120	68	840	61	480	66
507	1620.0	68.5		68.5		1980	70	0	0	1740	67	60	69	300	71	780	67
508	1720.0	68.1		68.0		1620	71	60	70	1800	67	60	70	1260	66	360	67
509	1760.0	67.3		67.2		1800	72	0	0	1920	66	0	0	1260	64	300	62
510	1580.0	69.8		69.6		1620	74	60	79	1680	68	120	67	780	67	480	66
511	1820.0	68.7		68.6		2160	72	0	0	1920	68	120	70	840	65	420	62
512	1660.0	69.0		68.9		1860	72	0	0	1800	67	0	0	540	70	780	66
513	1780.0	68.3		68.3		1920	70	0	0	1860	68	60	70	1080	67	420	65
514	1700.0	67.0		66.9		1740	71	60	73	2040	65	60	73	840	63	360	67
515	1680.0	70.6		70.4		1620	75	120	76	1860	70	60	72	1080	66	300	64
516	1660.0	66.3		66.3		1800	68	60	68	1860	66	0	0	840	64	420	65
517	1600.0	67.6		67.4		1620	73	0	0	1920	66	120	68	780	63	360	62
518	1780.0	62.4		62.4		2160	65	0	0	1860	61	120	63	600	60	600	60
519	1640.0	65.2		65.2		1980	66	0	0	1620	63	180	65	600	68	540	66
520	1840.0	64.3		64.2		1920	68	0	0	1980	63	0	0	1320	62	300	60
521	1840.0	65.0		64.9		2160	67	0	0	1740	65	180	68	960	62	480	61
522	1600.0	62.0		61.9		1920	63	0	0	1920	62	0	0	360	61	600	59
523	1800.0	63.0		62.9		1980	66	60	66	1980	63	0	0	780	59	600	58
524	1620.0	70.0		70.0		2100	71	0	0	1560	70	120	71	540	68	540	68
525	1780.0	69.2		69.2		2100	70	0	0	1680	69	180	69	780	67	600	70
526	1440.0	72.3		72.3		1560	73	0	0	1620	71	180	69	300	72	660	75
527	1700.0	77.0		76.9		1980	78	0	0	1680	75	60	82	900	79	480	75
528	1600.0	75.2		75.1		1860	77	0	0	1560	76	120	74	1080	72	180	70
529	1660.0	69.8		69.8		1920	70	0	0	1740	68	120	71	840	73	360	70
530	1660.0	69.5		69.4		1980	70	0	0	1800	67	60	67	780	73	360	72
531	1680.0	69.4		69.3		2040	71	0	0	1800	66	60	59	720	72	420	73
532	1820.0	74.4		74.2		2100	79	60	81	1980	72	120	72	720	70	480	70
533	1680.0	70.8		70.5		1980	76	60	71	1920	67	60	66	300	68	720	68
534	1740.0	66.1		66.1		2040	66	0	0	1920	65	60	65	660	69	540	67
535	1540.0	67.2		67.1		1740	69	60	69	1740	68	0	0	660	63	420	63
536	1800.0	68.5		68.4		2040	71	0	0	1980	66	60	68	780	68	540	69
537	1760.0	71.5		71.4		2040	73	60	70	1980	69	60	72	840	72	300	76
538	1560.0	75.1		75.0		1680	77	0	0	1800	73	0	0	780	74	420	78
539	1420.0	74.4		74.3		2040	76	0	0	1200	73	300	77	480	72	240	69
540	1700.0	74.6		74.4		2040	79	0	0	1680	74	0	0	840	68	540	70
541	1700.0	74.6		74.5		1980	77	60	79	1620	73	120	75	720	74	600	71
542	1580.0	73.9		73.9		1920	75	60	77	1380	74	120	68	660	74	600	71
543	1480.0	75.0		74.9		1860	78	60	83	1500	73	120	80	480	70	420	72
544	1580.0	69.4		69.0		1620	74	60	76	1560	70	120	73	900	66	480	57
545	1960.0	51.2		50.9		2280	56	0	0	1620	50	180	50	1380	46	420	48
546	1660.0	68.7		68.5		1800	72	60	77	1620	68	180	68	900	64	420	66
547	1620.0	70.7		70.6		1920	73	0	0	1680	71	60	75	720	68	480	64
548	1660.0	72.2		72.2		1980	74	0	0	1620	72	120	73	780	70	480	69
549	1500.0	72.4		72.1		1440	78	120	81	1680	70	180	72	300	67	780	68
550	1500.0	74.3		74.2		1800	77	0	0	1560	73	60	77	480	72	600	71
551	1640.0	69.2		69.2		2220	71	0	0	1500	67	120	67	540	71	540	67
552	1640.0	71.8		71.6		2040	75	0	0	1680	71	0	0	420	66	780	68
553	1600.0	71.8		71.7		1800	75	0	0	1680	71	120	73	540	68	660	68
554	1620.0	72.3		72.3		1980	74	0	0	1620	72	120	76	720	68	420	72
555	1640.0	71.9		71.4		1740	79	0	0	1500	71	60	73	1080	65	540	65
556	1600.0	69.4		69.3		1800	73	0	0	2100	67	0	0	300	67	600	68
557	1520.0	76.6		76.5		1980	79	0	0	1500	76	180	75	480	71	420	74
558	1500.0	73.3		73.1		1620	78	60	81	1740	71	60	72	480	71	540	68
559	1660.0	67.2		67.2		1980	69	60	80	1680	67	120	66	480	64	660	64
560	1840.0	65.5		65.3		2220	68	60	66	1800	65	60	63	840	64	540	59
561	1420.0	76.4		76.3		1680	79	0	0	1380	74	180	76	480	76	540	75
562	1480.0	82.4		82.3		1980	85	0	0	1260	79	180	84	780	81	240	82
563	1440.0	80.7		79.6		1800	88	0	0	1500	82	60	78	480	65	480	65
564	1260.0	80.2		80.0		1440	84	0	0	1140	80	180	83	720	75	300	73
565	1160.0	82.0		81.8		1200	86	60	91	1140	82	60	76	660	79	360	74
566	1480.0	80.1		79.9		1620	84	0	0	1860	78	60	85	480	75	420	79
567	1340.0	79.8		79.6		1260	84	60	88	1500	80	0	0	900	74	300	77
568	1360.0	80.2		79.6		1680	88	0	0	1200	76	60	76	840	73	300	74
569	1280.0	71.3		71.1		1320	74	0	0	1620	68	120	61	240	74	540	76
570	1420.0	77.6		77.5		1680	81	0	0	1560	77	0	0	480	71	540	75
571	1620.0	75.2		74.7		1920	80	0	0	1500	76	180	68	600	72	660	64
572	1440.0	73.8		73.4		1620	80	0	0	1440	73	60	69	720	67	480	66
573	1680.0	73.5		73.1		1920	79	60	84	1560	72	120	77	840	67	540	66
574	1500.0	74.1		73.7		1620	79	60	98	1380	75	60	77	960	67	420	65
575	1640.0	75.4		75.4		1860	78	0	0	1860	73	60	78	900	75	240	75
576	1600.0	72.1		72.0		1860	75	60	76	1680	72	0	0	780	68	420	67
577	1520.0	74.5		73.9		1560	82	0	0	1440	75	60	73	1080	66	420	67
578	1360.0	73.4		73.3		1200	78	60	77	1620	71	120	70	540	72	540	72
579	1500.0	74.8		74.3		1860	81	0	0	1320	74	120	74	780	67	420	65
580	1640.0	74.9		74.4		1860	82	0	0	1740	73	0	0	900	67	420	68
581	1460.0	78.5		78.4		1920	82	60	86	1320	77	60	72	600	74	420	74
582	1640.0	74.9		74.9		2040	76	0	0	1800	74	120	73	240	76	720	74
583	1560.0	76.8		76.7		1920	78	0	0	1620	76	0	0	780	77	360	73
584	1440.0	79.2		78.6		1740	86	0	0	1080	77	240	82	540	71	720	71
585	1360.0	77.6		77.4		1740	81	60	77	1380	74	60	77	300	79	540	75
586	1580.0	74.5		74.2		2040	80	0	0	1440	72	60	67	480	68	720	69
587	1580.0	67.0		66.7		1920	72	0	0	1680	63	60	73	600	64	480	64
588	1460.0	78.1		78.0		1740	82	0	0	1320	76	180	75	720	75	420	75
589	1440.0	79.3		79.2		1800	81	0	0	1440	80	60	90	480	79	540	71
590	1600.0	76.1		76.0		2040	80	0	0	1560	75	0	0	780	70	420	73
591	1720.0	71.9		71.8		1980	75	120	75	1560	71	120	69	960	68	420	69
592	1680.0	73.4		73.2		2220	75	0	0	1680	74	120	78	600	69	420	67
593	1840.0	72.3		71.7		2100	80	0	0	2160	69	0	0	600	66	660	64
594	1280.0	82.1		81.9		1200	89	0	0	1380	79	60	85	780	77	420	82
595	1480.0	80.9		80.7		1200	88	0	0	1560	80	60	81	1380	76	240	80
596	1240.0	88.5		88.3		1500	92	0	0	1080	89	240	85	600	82	300	85
597	1640.0	79.5		79.4		1680	81	60	93	1920	79	0	0	780	76	480	80
598	1300.0	80.7		80.5		1320	84	0	0	1440	79	60	77	720	76	360	85
599	1360.0	87.6		87.5		1440	91	120	91	1560	87	60	85	660	84	240	80
600	1500.0	80.3		80.2		1740	83	0	0	1620	80	60	83	660	75	420	78
601	1400.0	83.0		82.8		1380	87	60	92	1740	82	60	82	780	78	180	80
602	1240.0	85.1		84.9		1200	90	0	0	1200	84	240	89	420	82	660	79
603	1340.0	78.9		78.8		1200	83	0	0	1440	78	60	73	600	76	720	77
604	1100.0	84.3		84.2		1020	88	0	0	1320	84	120	83	480	81	360	80
605	1500.0	79.9		79.7		1380	85	60	88	1980	78	60	74	420	74	600	78
606	1600.0	79.5		79.3		1740	85	0	0	1860	76	180	77	600	77	420	77
607	1440.0	85.9		85.6		1500	92	0	0	1740	84	120	86	240	79	720	80
608	1100.0	81.9		81.9		1080	84	0	0	1380	81	60	90	420	82	360	78
609	1500.0	78.6		78.5		1560	81	0	0	1800	79	0	0	660	75	480	74
610	1500.0	80.3		80.2		1560	84	120	91	1440	80	60	81	780	75	540	76
611	1120.0	86.4		86.0		900	96	60	90	1380	84	60	88	480	79	480	82
612	1340.0	85.0		84.9		1260	89	0	0	1620	86	60	82	420	81	660	78
613	1300.0	77.3		77.3		1440	79	0	0	1260	76	0	0	780	76	420	78
614	1380.0	83.4		83.4		1560	86	0	0	1560	83	60	77	780	80	180	82
615	1220.0	81.5		81.3		1020	88	0	0	1560	79	60	83	240	78	780	79
616	1460.0	83.7		83.6		1500	84	60	87	1620	84	120	92	300	83	780	81
617	1460.0	80.8		80.6		1080	86	180	80	1860	78	120	81	420	81	720	80
618	1560.0	84.8		84.8		1800	87	0	0	1680	85	180	86	300	82	720	80
619	1560.0	79.3		79.2		1800	83	0	0	1620	78	180	80	480	74	600	76
620	1800.0	76.1		76.0		2160	78	0	0	1740	75	60	78	1020	75	420	73
621	1440.0	85.9		85.5		1320	93	60	102	1680	85	0	0	420	85	840	76
622	1780.0	80.4		80.2		2100	85	0	0	1740	79	240	74	420	76	840	76
623	1640.0	80.8		80.3		1440	88	120	99	2100	79	60	87	480	75	720	72
624	1460.0	79.4		78.4		1200	91	60	87	1500	80	240	81	780	68	600	68
625	1580.0	79.8		79.7		1560	84	60	87	1740	76	180	80	660	81	540	78
626	1240.0	79.1		79.1		1200	82	0	0	1740	78	0	0	240	78	540	77
627	1340.0	79.5		79.0		1320	87	0	0	1620	78	180	86	240	67	660	71
628	1100.0	82.8		82.8		840	84	0	0	1560	83	60	82	360	79	480	83
629	1600.0	80.2		80.0		1800	85	0	0	1740	78	0	0	840	76	420	77
630	1380.0	78.5		78.3		1560	83	0	0	1380	77	60	87	360	73	780	74
631	1600.0	74.2		73.9		1920	79	0	0	1500	72	240	77	360	69	780	68
632	1660.0	79.4		78.9		1920	87	0	0	1740	77	60	79	420	68	840	73
633	1300.0	81.9		81.7		1260	87	0	0	1560	79	120	85	360	80	600	79
634	1400.0	83.2		82.6		1620	89	0	0	1320	85	120	91	720	74	420	69
635	1400.0	83.2		82.4		1080	95	120	89	1560	83	180	80	360	74	900	73
636	1480.0	80.7		80.5		1920	85	0	0	1500	77	120	78	360	74	540	81
637	1640.0	83.3		83.1		1860	88	0	0	1620	82	240	82	660	78	540	78
638	680.0	86.6		86.6		300	90	0	0	1080	86	0	0	660	86	0	0
639	1320.0	83.6		83.3		1380	89	0	0	1740	79	60	83	420	86	360	82
640	1520.0	80.2		80.0		1800	85	120	89	1740	77	120	80	240	75	540	75
641	1560.0	76.6		76.2		1800	83	0	0	1680	74	60	79	420	67	720	72
642	1120.0	84.8		84.7		720	87	60	77	1620	84	60	98	300	84	600	84
643	1060.0	86.5		86.4		840	89	0	0	1320	85	120	94	420	87	480	84
644	1420.0	80.6		80.5		1620	83	0	0	1320	80	120	78	480	80	720	77
645	1400.0	80.6		80.5		1380	81	60	85	1560	82	60	84	660	79	480	76
646	1840.0	75.1		75.0		2280	76	0	0	1920	73	120	73	480	75	720	78
647	1440.0	79.4		79.3		1560	82	0	0	1320	79	180	85	720	75	540	77
648	1280.0	82.0		81.8		1080	87	0	0	1560	83	120	80	420	74	660	77
649	1780.0	75.9		75.7		1980	80	0	0	2040	74	0	0	660	72	660	73
650	1720.0	75.4		75.3		2100	77	0	0	1800	73	180	78	960	76	120	73
651	1200.0	82.9		82.9		1320	83	0	0	1260	84	60	96	180	83	780	80
652	1460.0	75.1		74.5		1680	82	0	0	1500	75	180	68	120	66	900	65
653	1580.0	66.6		65.4		1620	76	60	75	1380	68	120	70	600	57	960	54
654	1820.0	67.2		67.0		2160	72	60	72	1680	64	120	65	1380	64	60	61
655	1320.0	74.2		72.5		1020	87	0	0	1560	78	60	82	300	58	1020	60
656	1660.0	80.5		80.3		1980	85	0	0	1620	81	120	80	300	73	960	73
657	1760.0	77.3		77.0		1920	83	0	0	1800	75	180	77	600	74	780	71
658	1460.0	82.6		82.3		1680	88	60	91	1200	81	120	87	600	77	720	76
659	1300.0	83.1		82.8		600	90	60	92	1800	85	60	75	660	76	720	79
660	1300.0	80.5		79.8		1140	91	0	0	1740	77	120	87	360	76	540	71
661	1640.0	78.1		77.7		1800	84	0	0	1680	77	60	84	240	73	1140	71
662	1640.0	74.5		74.4		2040	77	0	0	1500	76	120	70	780	70	480	68
663	1440.0	76.1		75.9		1500	82	0	0	1620	74	120	74	600	71	480	72
664	1420.0	83.0		82.6		1260	91	0	0	1800	81	180	84	300	82	720	74
665	1320.0	78.1		77.9		1320	82	0	0	1440	76	120	81	600	77	480	74
666	1760.0	79.0		78.5		2160	85	0	0	1800	78	60	73	420	75	840	68
667	1900.0	73.2		73.1		2220	75	60	77	2040	70	60	65	1140	76	180	71
668	1540.0	77.8		76.9		1680	87	0	0	1440	78	180	76	180	68	1140	66
669	1780.0	75.7		75.4		1860	78	120	79	1920	76	60	97	660	75	720	67
670	1680.0	79.8		78.5		1800	89	60	94	2040	80	60	76	300	62	780	64
671	1620.0	73.6		72.7		1560	82	60	87	1740	75	0	0	540	64	960	62
672	1020.0	84.0		83.5		660	94	0	0	1260	85	120	86	360	80	660	74
673	1400.0	82.0		81.8		1440	86	60	94	1320	79	240	82	780	79	360	81
674	1500.0	74.2		74.1		1560	78	60	76	1380	74	180	73	600	69	720	71
675	1620.0	84.4		84.0		1860	91	60	86	1680	82	0	0	420	79	840	77
676	1500.0	82.3		82.2		1500	86	60	87	1740	82	0	0	540	78	660	78
677	1820.0	79.4		79.3		1740	83	60	85	2220	76	180	83	600	79	660	80
678	1440.0	69.3		69.2		1440	72	0	0	1620	69	60	55	480	69	720	66
679	1480.0	74.3		74.0		1500	80	0	0	1740	73	120	76	480	67	600	69
680	1560.0	71.6		71.1		1560	80	0	0	2100	67	120	70	120	75	780	67
681	1280.0	80.1		80.0		900	86	0	0	1440	80	0	0	1020	78	480	74
682	1400.0	75.9		75.8		1320	76	120	87	1320	77	300	77	360	75	780	72
683	1620.0	51.5		50.5		1980	53	0	0	1740	50	180	57	360	33	600	60
684	640.0	26.5		21.7		660	28	120	34	960	27	60	30	120	5	0	0
685	1000.0	36.0		35.4		1260	40	0	0	1200	35	0	0	120	31	420	28
686	1300.0	51.6		51.4		1680	54	0	0	1200	52	60	51	540	45	420	49
687	1380.0	59.2		58.5		1680	64	60	66	1440	60	60	57	480	48	420	49
688	1400.0	62.0		61.6		1800	66	60	71	1500	61	120	65	0	0	720	53
689	1380.0	60.8		59.8		1620	68	0	0	1500	61	60	56	120	47	840	49
690	1520.0	61.1		60.3		1920	66	0	0	1500	63	60	65	240	51	840	49
691	1400.0	57.3		56.8		1680	62	60	54	1440	57	120	61	240	51	660	48
692	1520.0	55.8		55.3		1620	62	60	60	1800	54	180	50	60	50	840	49
693	1540.0	58.4		58.3		1980	61	0	0	1560	58	120	62	180	51	780	54
694	1420.0	68.2		67.1		1500	77	120	75	1560	68	60	63	120	55	900	55
695	1500.0	67.5		66.6		1800	73	0	0	1500	70	60	48	180	59	960	56
696	1640.0	55.8		55.7		1980	55	60	48	1620	58	60	58	240	49	960	56
697	1480.0	72.8		72.6		1920	76	60	76	1500	72	60	70	240	70	660	66
698	1380.0	60.1		59.3		1440	61	60	54	1680	65	60	67	240	42	660	52
699	1160.0	50.9		45.2		1320	58	120	63	1500	53	60	55	0	0	480	21
700	1040.0	50.3		41.5		1560	55	120	57	1140	49	120	51	60	5	120	17
701	1400.0	49.7		45.9		1680	60	0	0	1440	51	120	53	360	31	600	28
702	1380.0	57.7		55.9		1440	65	120	61	1560	60	120	59	300	38	600	43
703	1400.0	51.1		45.4		1920	61	60	61	1620	48	120	49	360	18	120	31
704	1420.0	59.9		54.2		1980	69	0	0	1320	66	60	59	180	32	720	31
705	1520.0	60.4		57.9		1920	69	0	0	1440	62	240	62	120	42	840	40
706	1360.0	63.0		60.8		1560	71	60	82	1260	67	60	69	180	53	960	45
707	1720.0	58.8		57.7		2100	65	0	0	1860	59	180	62	240	42	780	46
708	1480.0	57.6		51.7		1860	69	180	67	1260	60	180	61	60	26	900	30
709	1600.0	60.1		56.1		1860	72	0	0	1680	63	60	61	240	39	960	37
710	1800.0	65.4		64.9		2100	71	0	0	2040	65	180	62	0	0	1080	56
711	1880.0	67.1		66.2		2160	75	0	0	1800	67	60	64	960	58	660	55
712	1460.0	78.0		77.5		1320	86	60	102	1860	75	0	0	540	75	600	70
713	1480.0	83.8		83.6		1260	83	0	0	1980	87	180	84	240	86	780	76
714	1320.0	85.4		85.2		900	94	0	0	2160	83	0	0	360	85	540	81
715	1440.0	81.3		80.9		1260	88	120	82	1440	83	180	81	360	79	960	71
716	960.0	81.0		80.4		360	91	60	105	1440	83	0	0	180	74	840	73
717	1000.0	71.0		69.8		420	85	60	69	1200	77	0	0	1080	61	240	62
718	1260.0	56.9		55.1		1260	70	0	0	1800	52	120	62	300	46	300	40
719	1260.0	77.6		77.2		1080	85	60	97	1500	75	120	86	300	73	720	71
720	1200.0	70.3		69.3		840	84	0	0	1800	68	60	45	120	56	780	65
721	780.0	46.3		37.0		960	60	0	0	1080	40	60	40	60	5	180	27
722	1200.0	44.4		42.6		1620	51	60	53	1200	43	60	47	420	32	240	26
723	1080.0	60.7		58.5		1140	72	0	0	1260	61	60	58	120	48	660	43
724	940.0	60.1		56.5		1200	68	0	0	1020	62	120	53	300	30	180	51
725	980.0	54.5		38.5		1260	64	60	66	1200	57	60	51	120	8	240	13
726	900.0	54.5		42.7		1080	68	0	0	840	63	120	59	120	19	540	21
727	1200.0	55.1		49.0		1440	65	60	65	1260	60	60	57	120	40	660	26
728	980.0	56.2		49.0		1140	73	0	0	960	55	240	55	240	26	360	27
729	880.0	55.7		46.1		1260	64	0	0	1080	54	120	47	120	10	60	20
730	860.0	41.0		33.5		1260	44	0	0	960	45	120	39	240	10	0	0
731	860.0	21.8		18.5		1020	28	60	39	1020	20	60	12	180	7	240	12
732	900.0	25.1		23.1		1140	22	60	35	1020	32	120	25	180	14	180	13
733	1020.0	29.1		27.7		1440	34	0	0	1020	28	60	20	180	21	360	18
734	1160.0	51.6		48.4		1260	61	300	56	1020	52	180	58	0	0	720	31
735	1120.0	42.4		39.1		1320	50	0	0	1320	44	120	27	180	18	420	28
736	840.0	30.7		29.3		960	34	0	0	1080	32	60	30	60	12	360	21
737	780.0	16.9		16.1		840	16	120	15	720	17	240	22	60	5	360	18
738	940.0	28.3		27.1		1320	32	0	0	1140	27	60	31	0	0	300	16
739	960.0	27.2		25.5		1260	30	0	0	1020	28	240	29	180	12	180	16
740	620.0	20.8		16.7		960	25	0	0	540	21	120	16	240	6	0	0
741	260.0	6.8		5.8		120	13	0	0	480	5	0	0	120	5	60	12
742	1160.0	33.4		33.4		1500	34	0	0	1320	34	60	31	0	0	600	31
743	940.0	32.1		30.6		1200	37	0	0	1140	30	120	28	120	13	240	29
744	900.0	23.0		18.9		1200	25	60	28	960	25	180	24	180	5	120	11
745	600.0	16.6		16.0		600	19	60	12	600	18	180	15	120	14	240	11
746	380.0	8.9		8.1		420	12	0	0	420	8	60	10	240	5	0	0
747	640.0	13.0		9.7		600	22	120	18	780	9	0	0	360	5	60	13
748	980.0	19.2		18.9		1140	22	0	0	1140	17	60	22	180	19	420	17
749	880.0	21.5		19.8		960	26	60	24	1020	21	120	17	60	5	420	16
750	1280.0	30.8		27.3		1800	37	0	0	1380	29	180	29	240	10	240	17
751	800.0	27.9		17.5		960	36	0	0	1020	28	60	32	360	5	0	0
752	840.0	22.8		22.2		840	20	0	0	840	25	120	31	240	16	480	25
753	1120.0	38.2		36.1		1500	41	60	36	1320	41	0	0	180	18	300	24
754	1080.0	26.3		21.1		1620	27	0	0	960	31	300	29	180	5	180	11
755	220.0	16.0		10.9		300	20	60	21	120	5	60	27	60	5	60	13
756	220.0	13.0		11.6		60	11	0	0	480	13	60	23	60	5	0	0
757	900.0	39.0		30.4		1020	41	0	0	1260	43	60	37	120	5	240	27
758	800.0	56.2		45.4		1020	72	0	0	480	70	120	64	240	26	540	26
759	740.0	52.3		42.1		1440	57	120	57	420	45	180	44	60	5	0	0
760	940.0	45.4		32.9		1320	53	60	24	900	48	120	50	120	5	300	23
761	820.0	28.6		23.8		900	27	60	34	1140	32	120	34	120	5	120	24
762	1220.0	35.8		33.3		1680	41	0	0	1200	37	120	35	120	14	540	22
763	840.0	24.7		21.1		780	24	180	18	1080	29	120	25	120	5	240	22
764	440.0	15.5		12.5		420	18	60	21	480	18	60	21	300	6	0	0
765	820.0	16.1		13.0		1260	18	0	0	780	18	60	17	360	5	0	0
766	960.0	20.3		19.0		1440	23	0	0	960	19	180	20	180	8	120	18
767	1340.0	43.2		38.6		1560	54	60	57	1560	42	120	44	0	0	720	21
768	1100.0	47.8		42.2		1320	57	120	70	1440	46	0	0	0	0	420	19
769	680.0	31.2		24.7		840	34	0	0	1080	32	0	0	120	5	0	0
770	500.0	16.4		12.6		780	23	0	0	480	9	0	0	120	5	120	15
771	1440.0	41.4		40.9		1620	45	60	49	1680	42	120	32	180	28	660	36
772	1620.0	49.4		49.1		1920	53	0	0	1680	49	240	50	420	45	600	42
773	1020.0	26.3		24.2		1260	28	60	15	1320	25	60	17	60	5	300	33
774	560.0	13.0		11.3		600	20	0	0	1020	9	60	10	0	0	0	0
775	460.0	14.3		11.9		660	19	60	21	540	10	0	0	120	5	0	0
776	1220.0	33.0		31.3		1620	39	60	45	1320	31	60	22	180	27	420	19
777	1360.0	32.5		30.3		1380	43	60	36	1680	30	60	30	420	22	480	20
778	1400.0	49.6		47.2		1740	58	60	59	1440	50	60	49	300	31	600	33
779	980.0	38.0		33.4		1560	49	0	0	1140	26	60	37	120	14	60	27
780	400.0	15.8		13.2		240	18	0	0	840	13	0	0	60	5	60	56
781	400.0	13.1		11.2		300	20	60	18	660	11	0	0	120	5	60	13
782	1240.0	33.7		33.1		1500	38	0	0	1320	33	180	31	60	33	660	26
783	1340.0	40.3		37.4		1740	43	0	0	1440	43	180	29	120	10	540	35
784	800.0	23.8		23.1		1380	27	0	0	960	19	60	26	0	0	0	0
785	420.0	14.2		12.3		540	20	0	0	600	9	60	15	60	13	0	0
786	720.0	15.2		14.3		660	19	60	18	780	11	120	12	120	17	420	17
787	1220.0	30.8		30.6		1620	30	60	31	1320	33	120	21	0	0	540	30
788	1060.0	29.5		29.0		1020	33	120	18	1320	28	60	30	0	0	660	29
789	740.0	26.1		23.8		1440	27	120	29	360	28	240	22	60	5	0	0
790	1160.0	39.7		38.7		1560	42	0	0	1440	41	60	43	0	0	420	26
791	1400.0	56.4		54.3		1740	64	60	61	1380	58	180	56	240	38	600	38
792	1340.0	53.8		52.3		1620	60	60	39	1500	56	60	47	240	37	540	39
793	1020.0	31.2		27.5		1260	24	0	0	1140	39	180	37	60	5	420	33
794	1300.0	29.2		26.8		1860	31	0	0	1320	33	120	32	240	15	360	14
795	380.0	33.1		25.4		0	0	0	0	660	26	60	11	240	70	180	17
796	900.0	33.3		32.7		1140	37	0	0	780	34	60	23	120	31	600	27
797	1180.0	37.1		36.9		1380	36	0	0	1500	39	180	40	0	0	480	33
798	1000.0	23.4		23.2		1440	25	0	0	900	22	60	14	180	27	420	21
799	1420.0	42.6		40.9		1860	50	60	56	1680	38	120	38	180	22	360	35
800	980.0	28.2		25.8		1200	36	0	0	1380	25	120	18	180	13	60	12
801	980.0	30.3		29.8		1200	32	120	32	1020	30	180	35	240	20	180	28
802	320.0	13.7		11.3		300	18	0	0	420	15	0	0	240	6	0	0
803	560.0	13.6		12.5		420	17	120	13	660	13	120	14	120	5	240	14
804	1220.0	33.7		33.0		1440	36	60	48	1380	35	120	34	120	28	540	24
805	1080.0	33.4		32.7		1380	36	60	29	1260	34	120	23	60	17	360	28
806	460.0	15.0		13.0		600	18	120	17	300	16	120	11	120	5	120	10
807	1200.0	28.2		28.0		1200	31	0	0	1260	26	240	24	360	28	540	29
808	1520.0	56.6		56.2		1800	62	60	49	1860	55	120	50	0	0	720	49
809	1260.0	50.4		50.1		1560	52	0	0	1380	51	120	60	300	39	420	48
810	1020.0	32.6		24.8		1620	37	60	32	1080	32	60	30	180	5	60	10
811	400.0	27.2		16.6		300	23	0	0	600	38	60	23	180	5	60	12
812	1240.0	31.9		31.0		1380	34	0	0	1620	34	60	33	0	0	660	22
813	960.0	25.4		24.8		1560	26	0	0	1140	26	60	26	120	12	0	0
814	1360.0	37.5		33.5		1620	45	120	40	1680	38	0	0	120	18	540	17
815	620.0	22.4		20.6		660	20	0	0	720	28	180	26	180	13	120	11
816	520.0	19.8		18.0		720	23	0	0	360	19	60	13	60	5	360	18
817	1200.0	43.0		42.9		1560	41	60	48	1140	45	180	47	60	42	600	43
818	1540.0	54.8		54.7		1800	57	0	0	1560	53	180	56	300	52	780	54
819	1280.0	53.0		52.6		1560	56	120	53	1440	54	0	0	120	53	600	43
820	680.0	38.3		36.3		540	34	60	23	1140	43	120	46	60	19	120	22
821	640.0	43.2		43.0		1380	41	0	0	540	49	0	0	0	0	0	0
822	780.0	50.9		30.0		1260	57	0	0	720	61	0	0	120	5	240	12
823	1240.0	54.0		50.0		1680	59	60	68	780	70	120	50	60	39	1020	34
824	1160.0	71.0		68.3		1620	83	0	0	660	73	60	66	60	53	1080	53
825	1400.0	69.4		68.0		1620	79	0	0	1440	69	180	69	60	55	900	54
826	1580.0	71.6		70.6		1800	78	0	0	1680	73	180	80	60	64	1020	57
827	1440.0	61.2		60.4		1800	66	60	66	1440	61	120	69	120	59	780	49
828	1180.0	45.0		32.9		1860	49	0	0	1320	45	180	43	180	5	0	0
829	960.0	56.6		55.8		1260	64	60	71	1320	50	240	51	0	0	0	0
830	1080.0	53.1		49.4		1560	58	120	57	1080	55	60	72	0	0	420	26
831	1200.0	52.1		48.5		1200	59	60	55	1440	58	60	66	0	0	840	31
832	1160.0	48.0		42.3		1440	57	60	59	1380	45	240	50	180	13	180	27
833	1120.0	41.4		30.5		1620	48	0	0	1500	39	60	31	180	5	0	0
834	1200.0	35.2		33.8		1440	42	0	0	1380	34	120	29	60	23	600	24
835	1080.0	35.4		35.1		1260	38	0	0	1260	34	120	46	0	0	600	31
836	600.0	17.5		17.1		720	17	60	12	840	19	60	22	120	11	0	0
837	840.0	19.4		18.0		660	18	0	0	1380	22	60	22	60	5	360	14
838	1220.0	33.5		32.7		1620	35	0	0	1080	37	240	35	60	28	660	24
839	1420.0	49.5		49.3		1860	52	0	0	1440	50	0	0	60	43	900	44
840	1440.0	59.3		58.3		1860	66	60	68	1380	58	240	53	120	45	660	47
841	1260.0	70.9		69.0		1440	78	0	0	1020	79	120	79	60	51	1140	55
842	880.0	64.3		41.8		1140	75	0	0	660	74	60	65	120	5	660	47
843	760.0	50.4		39.6		1560	57	120	59	360	39	180	26	60	5	0	0
844	860.0	33.7		27.2		1440	38	60	36	660	31	300	30	120	5	0	0
845	700.0	31.1		28.5		1260	38	0	0	600	22	0	0	0	0	240	18
846	1180.0	45.4		43.9		1380	54	0	0	1440	43	180	38	0	0	540	32
847	920.0	61.5		60.4		1200	65	0	0	660	68	120	73	0	0	780	49
848	1340.0	60.4		58.9		1620	70	0	0	1440	59	0	0	180	48	780	46
849	1000.0	51.3		34.9		1800	61	0	0	480	52	180	54	120	5	420	21
850	1300.0	47.2		45.9		1740	54	60	64	1500	43	120	46	60	25	420	35
851	860.0	41.1		41.0		1380	42	0	0	960	40	240	40	0	0	0	0
852	660.0	57.4		43.4		660	69	0	0	1140	56	60	40	60	5	60	27
853	1040.0	69.2		66.2		1380	77	120	82	1080	70	60	66	0	0	480	42
854	880.0	64.7		61.9		1020	77	0	0	480	70	180	70	0	0	960	48
855	1200.0	69.4		67.8		1620	76	0	0	1200	70	180	65	60	74	540	49
856	1140.0	71.8		70.3		1320	78	60	100	1380	73	0	0	60	65	600	53
857	1280.0	76.9		76.3		1500	82	0	0	1500	78	60	78	120	76	660	63
858	1380.0	72.7		72.4		1680	74	60	80	1440	75	60	72	60	79	840	65
859	1020.0	72.6		67.5		840	88	0	0	1200	82	60	81	0	0	960	47
860	960.0	64.0		56.8		840	84	0	0	960	72	120	72	120	40	840	37
861	1440.0	52.7		51.4		1800	62	0	0	1380	49	180	45	0	0	960	42
862	1360.0	66.3		61.5		1860	76	0	0	1380	70	0	0	60	23	780	40
863	780.0	56.4		56.3		1020	59	0	0	1260	54	60	62	0	0	0	0
864	920.0	67.6		66.4		840	81	0	0	900	63	60	66	660	63	300	54
865	640.0	64.2		31.0		1020	76	60	85	540	71	0	0	240	7	60	10
866	780.0	54.7		36.0		1320	62	0	0	600	57	120	58	120	5	180	25
867	1340.0	56.5		53.9		1680	64	60	68	1560	58	0	0	0	0	720	35
868	1620.0	67.5		66.9		2040	72	0	0	1680	68	60	69	60	40	1020	59
869	1200.0	81.3		79.6		1200	91	60	105	1200	85	60	80	60	67	1020	65
870	1360.0	83.9		82.6		1740	92	120	98	1140	84	120	82	180	69	780	67
871	1060.0	73.6		71.3		840	89	0	0	1020	79	60	82	240	61	1020	58
872	1360.0	85.9		85.7		1200	90	0	0	1680	86	60	90	480	84	660	79
873	1080.0	85.4		85.3		780	92	0	0	1680	84	0	0	300	82	480	82
874	960.0	86.2		86.0		360	94	0	0	1800	83	0	0	360	95	360	86
875	880.0	91.8		91.4		480	103	0	0	1080	93	0	0	780	86	300	85
876	960.0	95.2		94.2		720	109	0	0	1140	96	120	96	120	83	780	83
877	960.0	87.5		87.1		540	97	60	109	1500	85	0	0	240	86	540	83
878	1160.0	85.7		85.6		660	91	0	0	1740	86	60	79	480	86	540	79
879	1240.0	92.6		92.0		960	104	0	0	1680	90	60	104	720	86	300	84
880	880.0	90.6		90.5		300	100	0	0	1500	90	60	93	360	89	420	87
881	820.0	88.0		87.4		360	96	60	80	1380	91	0	0	300	83	360	74
882	1040.0	90.7		90.0		780	105	60	88	1560	87	60	99	120	83	540	82
883	1020.0	93.5		92.6		720	109	0	0	1260	91	180	80	480	91	420	83
884	1180.0	90.1		89.2		660	103	120	104	1620	91	120	90	540	80	480	77
885	900.0	91.3		91.1		420	99	0	0	1380	92	60	86	660	88	180	82
886	1120.0	92.4		92.1		960	96	0	0	1200	97	120	89	780	84	300	86
887	1060.0	93.9		92.9		480	113	60	109	1380	96	0	0	720	85	540	82
888	1120.0	88.1		87.3		600	104	60	103	1260	88	120	93	540	81	780	79
889	1020.0	94.3		94.0		600	102	60	113	1140	94	120	93	660	94	480	84
890	960.0	94.7		94.3		600	103	0	0	1200	95	60	109	780	90	240	84
891	1060.0	95.1		94.5		480	109	0	0	1320	98	60	99	900	87	420	87
892	980.0	90.9		90.8		420	93	60	104	1620	90	0	0	480	95	360	85
893	1080.0	88.3		87.8		600	100	60	102	1260	88	180	88	480	79	660	84
894	1000.0	88.6		87.6		660	102	0	0	1260	91	120	85	180	80	780	76
895	1200.0	94.2		93.7		780	104	0	0	1620	95	60	80	780	88	360	85
896	1020.0	89.5		89.4		480	92	0	0	1380	90	120	89	720	89	360	85
897	1100.0	95.1		94.6		840	105	0	0	1440	94	60	100	180	100	780	85
898	1100.0	87.8		87.6		360	93	0	0	1680	90	0	0	840	83	420	84
899	1260.0	87.7		87.2		720	100	180	97	1800	85	60	85	600	81	420	84
900	860.0	90.2		89.8		420	102	0	0	1320	90	120	91	360	82	360	85
901	1060.0	87.8		87.7		600	90	0	0	1560	90	60	83	360	87	600	81
902	1120.0	91.4		91.0		600	106	60	88	1500	89	0	0	660	86	540	89
903	1080.0	90.4		89.6		420	114	60	83	1500	89	180	88	480	83	600	85
904	860.0	90.0		89.4		360	101	120	90	960	94	180	95	480	79	480	83
905	820.0	89.7		89.2		240	101	180	104	900	90	0	0	480	83	660	86
906	1340.0	83.4		83.4		900	82	0	0	1920	85	180	83	480	84	540	80
907	1120.0	92.1		91.8		720	101	60	94	1440	92	0	0	540	88	600	85
908	1080.0	89.9		89.5		600	96	180	98	1380	90	240	93	180	97	660	79
909	960.0	90.2		90.0		480	94	0	0	1380	91	120	105	420	86	480	84
910	760.0	95.9		95.6		240	104	0	0	1260	98	60	102	480	90	240	87
911	1080.0	87.9		87.8		540	86	60	86	1680	89	60	79	360	95	540	83
912	1000.0	88.7		88.5		60	109	0	0	1800	91	120	84	300	84	720	84
913	840.0	91.8		91.4		180	103	60	80	1080	96	120	93	780	88	300	82
914	1080.0	81.7		81.5		480	87	60	90	1440	81	180	88	300	83	780	77
915	900.0	91.9		91.7		540	98	60	92	1080	92	60	80	780	88	180	94
916	1100.0	86.6		86.4		540	93	0	0	1620	87	60	91	540	84	540	81
917	1280.0	89.2		88.8		1020	97	60	100	1380	88	120	89	480	88	780	81
918	1040.0	91.3		90.7		780	103	0	0	1260	90	0	0	1020	84	60	90
919	1260.0	81.5		80.8		1080	87	0	0	1380	87	60	75	180	72	1080	71
920	1040.0	83.0		82.3		360	98	0	0	1680	84	60	68	660	82	360	68
921	1400.0	85.1		84.1		1140	97	0	0	1620	86	120	85	420	75	900	73
922	1220.0	92.2		91.2		1080	107	0	0	1500	89	60	85	660	82	360	81
923	1000.0	94.5		94.2		360	107	0	0	1680	93	60	94	720	94	180	85
924	820.0	87.9		87.8		180	93	0	0	1260	90	60	81	540	85	420	84
925	600.0	87.6		87.5		0	0	0	0	1080	88	60	75	360	88	300	88
926	880.0	91.4		91.1		240	102	0	0	1440	93	60	91	300	90	600	84
927	760.0	87.9		87.8		120	95	0	0	1320	89	60	93	300	89	480	82
928	1340.0	84.7		84.4		1140	90	0	0	1560	86	120	81	900	78	300	79
929	880.0	88.1		87.7		600	98	0	0	1200	88	60	85	480	81	300	81
930	1080.0	93.9		93.6		660	104	0	0	1440	93	60	96	660	90	420	87
931	980.0	90.9		90.5		600	103	0	0	1260	90	0	0	840	85	240	86
932	880.0	89.2		89.0		300	100	0	0	1140	91	120	87	420	84	660	85
933	840.0	90.2		89.6		420	100	0	0	780	96	60	97	840	83	420	83
934	1040.0	91.1		90.6		600	102	0	0	1500	92	120	84	420	86	480	81
935	1000.0	89.1		88.7		480	97	0	0	1620	92	0	0	240	82	660	79
936	1060.0	87.4		87.1		540	97	0	0	1740	86	60	94	540	85	300	81
937	1180.0	87.4		87.2		840	96	0	0	1500	85	60	89	660	83	480	86
938	980.0	91.7		91.2		420	108	0	0	1620	90	0	0	420	87	480	87
939	1160.0	91.7		91.3		900	100	60	108	1620	90	0	0	540	86	360	84
940	1180.0	85.3		84.8		1020	95	0	0	1380	83	60	84	540	82	540	76
941	1220.0	91.1		90.2		900	103	0	0	1620	92	0	0	420	86	720	77
942	980.0	88.8		88.6		300	99	0	0	1860	88	0	0	540	87	240	86
943	1340.0	87.8		87.6		960	94	0	0	2040	88	60	92	480	80	480	82
944	880.0	91.3		91.1		180	99	60	83	1380	94	0	0	840	88	180	81
945	920.0	95.0		93.6		480	117	120	115	1080	88	180	105	900	87	0	0
946	840.0	83.0		82.9		0	0	0	0	1440	84	60	87	300	82	720	81
947	860.0	95.0		94.8		480	92	60	105	1200	98	60	99	600	92	180	88
948	1260.0	83.9		83.5		900	91	0	0	1620	84	60	80	600	82	600	75
949	1000.0	89.3		89.1		600	95	60	90	1440	90	60	94	360	82	480	85
950	1100.0	86.9		86.7		720	93	0	0	1500	85	60	94	660	89	360	78
951	1080.0	88.8		88.2		660	101	0	0	1500	89	120	88	180	85	780	79
952	780.0	90.7		90.7		240	93	0	0	1080	92	60	94	720	89	240	87
953	820.0	93.0		92.8		480	100	0	0	960	92	120	97	600	91	300	87
954	1220.0	84.1		83.9		1020	90	0	0	1560	82	0	0	540	84	540	79
955	1180.0	86.3		86.1		960	90	0	0	1500	88	60	87	360	81	660	80
956	1140.0	87.6		87.4		960	94	0	0	1500	86	120	86	360	84	480	83
957	940.0	90.1		89.2		240	109	120	92	1380	95	60	89	780	79	240	79
958	1120.0	84.6		84.5		960	91	0	0	1620	82	120	80	420	82	240	84
959	900.0	89.0		88.2		540	98	60	88	1320	92	0	0	540	74	240	86
960	820.0	93.6		92.9		480	108	0	0	1080	93	120	92	420	91	360	80
961	1220.0	84.7		84.4		900	91	0	0	1800	85	60	84	240	83	660	76
962	1060.0	87.4		87.1		720	96	0	0	1380	86	0	0	660	83	420	84
963	1140.0	81.1		80.7		540	90	0	0	1500	84	0	0	1140	74	240	77
964	1120.0	85.1		84.8		720	95	0	0	1380	84	60	87	780	78	420	85
965	1340.0	86.0		85.7		1080	93	60	84	1380	87	60	86	1140	79	300	83
966	1200.0	85.3		85.0		840	94	60	96	1140	84	120	88	960	82	480	78
967	1180.0	87.5		87.3		840	94	180	97	1440	84	0	0	660	84	420	88
968	1300.0	86.9		86.7		900	94	0	0	1740	86	0	0	840	82	420	85
969	1500.0	82.9		82.5		1080	91	60	90	1680	83	60	77	1320	78	300	74
970	1060.0	87.0		86.8		480	95	60	85	1440	87	60	99	780	84	360	81
971	1140.0	93.5		93.2		900	99	0	0	1260	95	180	97	600	87	480	86
972	1140.0	85.3		85.1		720	92	0	0	1740	84	60	80	300	82	600	83
973	1040.0	90.3		89.7		660	97	0	0	1440	93	120	99	420	82	480	78
974	1140.0	87.8		87.7		960	93	0	0	1260	88	60	83	540	83	600	84
975	920.0	96.3		96.2		600	103	0	0	960	96	60	90	840	95	300	89
976	1340.0	91.5		91.3		960	96	60	105	1680	91	60	101	720	88	540	87
977	1260.0	93.8		93.5		1080	103	0	0	1260	89	120	96	900	92	420	88
978	1380.0	83.6		82.2		1080	96	60	86	1560	83	240	95	540	78	660	65
979	1900.0	82.3		82.3		2280	85	0	0	1920	81	60	81	780	79	660	81
980	1140.0	89.2		89.0		480	97	0	0	1680	89	60	102	780	87	420	83
981	1240.0	91.0		90.8		840	96	0	0	1800	92	120	92	300	91	660	82
982	900.0	88.3		88.2		540	92	0	0	1140	89	60	87	480	88	480	83
983	1160.0	84.2		83.9		720	91	60	115	1680	83	0	0	540	80	480	79
984	920.0	93.1		92.8		420	101	60	111	1320	95	0	0	600	86	360	86
985	1140.0	82.6		82.5		720	86	0	0	1620	81	60	93	420	85	600	80
986	1200.0	88.9		88.8		780	93	0	0	1800	90	60	91	480	83	480	84
987	1280.0	86.7		86.4		1260	93	0	0	1680	84	0	0	360	84	540	82
988	1360.0	86.4		86.3		1140	92	0	0	1380	83	180	84	780	86	600	85
989	1500.0	89.5		89.0		1500	98	60	107	1620	86	60	89	660	82	600	84
990	1320.0	86.5		86.3		1020	92	0	0	1800	87	60	93	660	81	420	79
991	1160.0	85.8		85.4		780	96	0	0	1800	84	120	84	300	80	480	80
992	1080.0	90.8		90.5		780	96	0	0	1500	92	60	101	480	86	420	81
993	1140.0	96.0		95.6		780	103	0	0	1440	98	0	0	720	93	480	83
994	1580.0	85.6		85.1		1680	94	0	0	2100	81	0	0	600	79	360	84
995	1040.0	90.0		89.3		660	101	0	0	1380	91	60	105	660	82	360	78
996	1000.0	91.8		91.6		540	97	0	0	1320	93	60	105	720	87	360	87
997	740.0	90.0		89.8		540	95	0	0	720	92	120	90	300	87	540	84
998	1120.0	89.3		89.1		480	94	60	107	1920	90	60	88	180	87	660	83
999	1180.0	91.7		91.6		900	97	0	0	1620	91	120	88	840	88	60	91
1000	1320.0	89.7		89.5		1380	95	0	0	1260	89	180	91	540	85	600	83
1001	1000.0	92.6		92.4		480	100	0	0	1380	94	0	0	900	88	240	87
1002	1340.0	88.9		88.7		1020	95	0	0	1920	89	0	0	420	83	660	83
1003	1120.0	84.7		84.5		1020	90	0	0	1200	84	120	87	360	82	660	79
1004	940.0	84.6		84.4		360	97	0	0	1260	83	0	0	660	83	540	82
1005	1700.0	87.5		87.3		1920	93	120	94	2040	84	60	90	540	83	420	83
1006	1120.0	97.0		96.2		1200	108	0	0	1500	93	0	0	420	87	240	84
1007	1160.0	88.6		88.2		660	99	0	0	1740	88	60	81	420	85	600	82
1008	920.0	90.6		90.5		300	97	0	0	1620	91	0	0	480	88	360	87
1009	1200.0	84.3		84.2		960	88	0	0	1620	83	0	0	780	85	240	76
1010	1180.0	87.2		87.1		1140	90	0	0	1260	88	60	78	840	83	240	87
1011	960.0	97.4		96.8		780	108	60	112	1200	96	0	0	600	90	240	85
1012	1260.0	94.0		93.9		1260	100	0	0	1620	92	0	0	540	89	360	90
1013	960.0	99.6		99.2		720	108	0	0	1440	99	60	114	240	91	420	90
1014	1520.0	91.3		90.5		1380	100	0	0	1680	93	120	96	720	80	660	80
1015	1180.0	85.7		85.2		420	102	60	107	1860	84	60	84	540	82	600	81
1016	820.0	88.6		88.5		300	98	0	0	1500	87	0	0	360	87	300	89
1017	1080.0	92.3		92.2		840	95	60	105	1440	93	60	88	720	89	120	81
1018	1240.0	88.7		88.3		720	99	0	0	1740	89	120	90	540	82	600	81
1019	1140.0	90.4		89.9		1320	97	0	0	1320	90	0	0	300	83	480	78
1020	940.0	97.5		97.3		540	106	0	0	1500	97	120	95	480	95	180	85
1021	1480.0	81.2		79.9		1380	92	0	0	1740	82	120	89	420	68	780	66
1022	900.0	81.8		81.8		240	85	0	0	1620	83	0	0	600	79	240	78
1023	1120.0	88.5		88.3		420	96	0	0	1800	89	60	93	540	87	540	82
1024	1180.0	89.0		88.6		840	99	0	0	1560	87	60	85	660	87	420	80
1025	1120.0	92.7		92.1		600	108	0	0	1800	91	180	89	240	87	540	85
1026	1200.0	89.0		88.7		1260	96	0	0	1380	87	0	0	180	91	780	81
1027	1200.0	84.2		83.7		840	93	0	0	1980	84	0	0	240	75	540	75
1028	1120.0	94.1		93.8		1020	101	0	0	1320	92	0	0	660	93	360	84
1029	980.0	93.5		93.2		420	97	60	97	1620	96	0	0	540	88	300	84
1030	1660.0	82.1		81.5		1620	89	60	91	1980	83	60	67	600	73	660	71
1031	1260.0	88.4		88.1		960	95	120	97	1560	88	120	90	840	82	180	80
1032	1200.0	91.5		91.4		900	96	0	0	1740	91	0	0	780	88	180	89
1033	1320.0	87.3		86.9		720	99	0	0	1860	88	0	0	960	80	420	81
1034	1040.0	90.4		90.3		360	101	180	89	1500	90	0	0	780	88	300	87
1035	1040.0	93.1		92.9		420	104	0	0	1560	93	60	94	540	90	540	88
1036	1600.0	87.1		87.1		1500	91	0	0	2100	86	120	87	540	84	540	84
1037	1120.0	85.1		84.6		840	96	0	0	1380	82	60	76	720	82	360	79
1038	1200.0	88.0		87.5		660	102	60	80	1800	87	120	89	300	78	660	82
1039	1280.0	89.5		89.2		960	99	60	95	1860	87	0	0	660	84	300	86
1040	1560.0	87.8		87.6		1500	93	0	0	2220	85	0	0	480	90	480	82
1041	1680.0	85.8		85.5		1440	93	0	0	2160	84	120	78	780	80	540	84
1042	1260.0	92.9		92.4		1200	103	0	0	1680	90	0	0	480	83	420	87
1043	1420.0	93.1		93.0		1320	98	0	0	1680	91	120	98	660	91	480	89
1044	1220.0	89.2		89.1		840	90	0	0	1740	91	0	0	720	84	360	89
1045	1300.0	94.2		94.1		1140	100	0	0	1500	92	120	94	780	93	360	88
1046	1500.0	91.5		91.0		1380	101	0	0	2220	88	120	82	480	87	300	84
1047	1300.0	91.7		91.7		1020	95	0	0	1800	90	0	0	540	92	540	91
1048	1180.0	94.1		94.0		1140	99	0	0	1440	93	0	0	720	91	240	87
1049	1180.0	85.2		85.2		900	86	0	0	1620	84	0	0	780	86	240	88
1050	1020.0	88.9		88.9		720	90	60	101	1440	88	0	0	540	89	300	88
1051	1380.0	84.2		83.9		1020	92	60	84	1920	81	60	87	420	81	660	83
1052	1060.0	89.4		88.8		720	103	0	0	1680	86	60	84	360	84	360	84
1053	1300.0	89.0		88.7		900	96	120	107	1920	86	0	0	660	86	300	87
1054	1100.0	91.7		91.5		720	100	0	0	1620	90	0	0	720	89	240	86
1055	1140.0	91.0		90.7		660	100	60	102	1800	89	60	95	600	87	240	87
1056	1300.0	90.5		90.1		840	102	0	0	1620	89	180	90	480	83	780	86
1057	1020.0	88.4		88.3		780	94	0	0	1380	87	60	87	480	84	360	88
1058	1080.0	89.3		88.9		720	99	0	0	1320	90	0	0	720	80	480	87
1059	1220.0	93.9		93.4		960	105	0	0	1800	92	120	92	360	85	420	85
1060	1340.0	85.4		85.2		1140	91	0	0	2040	84	0	0	240	81	600	81
1061	1060.0	95.9		95.3		840	108	0	0	1560	94	0	0	600	88	180	83
1062	1320.0	90.5		89.9		1140	102	60	103	1920	85	0	0	540	85	300	89
1063	1280.0	86.8		86.8		1080	88	0	0	1800	86	60	86	420	84	480	90
1064	1440.0	90.5		90.4		1260	95	0	0	1800	90	120	93	840	86	300	86
1065	1280.0	93.4		92.8		1380	103	0	0	1440	89	60	90	480	91	480	82
1066	1360.0	90.5		90.0		1200	101	0	0	1740	87	0	0	720	86	420	83
1067	800.0	96.7		96.4		540	104	0	0	960	97	60	98	480	95	360	87
1068	1360.0	86.8		86.3		1140	96	60	90	1560	87	0	0	960	79	360	77
1069	1560.0	89.7		89.4		1560	96	0	0	2100	88	60	90	180	83	780	83
1070	1100.0	89.6		89.4		840	94	60	95	1320	90	0	0	780	85	300	86
1071	1220.0	87.2		86.6		1140	94	180	106	1080	86	0	0	780	81	480	77
1072	1380.0	83.9		83.8		840	90	0	0	1980	83	60	91	960	82	300	78
1073	1080.0	92.2		92.0		840	94	0	0	1620	90	60	80	540	100	180	85
1074	1180.0	93.9		93.4		900	104	60	100	1500	93	0	0	840	87	240	84
1075	1460.0	85.5		85.2		1260	92	0	0	2100	85	0	0	180	80	840	78
1076	1320.0	85.7		85.6		1080	88	60	105	1860	86	0	0	420	77	540	85
1077	1220.0	91.0		90.6		1020	100	0	0	1740	89	0	0	300	88	600	83
1078	1340.0	94.9		94.4		900	108	0	0	1980	93	60	94	540	87	540	88
1079	940.0	90.4		90.2		360	101	0	0	1320	92	0	0	1020	85	120	88
1080	1060.0	90.3		90.0		780	94	0	0	1380	93	0	0	300	83	720	84
1081	1020.0	88.0		88.0		660	93	0	0	1620	86	0	0	540	89	240	86
1082	1200.0	88.2		87.9		840	94	0	0	1680	89	0	0	420	88	660	79
1083	1200.0	89.4		89.3		1080	93	0	0	1680	89	0	0	480	88	360	82
1084	1400.0	86.4		86.3		1140	89	0	0	1680	87	60	81	840	87	480	78
1085	1220.0	90.1		89.7		600	102	0	0	1740	90	180	92	840	82	300	88
1086	680.0	93.8		93.2		360	107	0	0	900	95	60	89	480	88	240	82
1087	1100.0	91.1		91.0		600	99	0	0	1740	91	0	0	480	88	480	85
1088	900.0	91.7		90.9		420	113	0	0	1200	89	0	0	900	86	180	89
1089	1500.0	86.4		86.0		1620	92	60	115	1860	81	60	86	480	86	420	85
1090	940.0	93.5		92.9		540	106	0	0	1440	94	0	0	540	86	300	82
1091	1200.0	93.8		93.5		1140	100	0	0	1620	94	180	93	180	83	480	83
1092	1240.0	93.7		93.1		1020	104	0	0	1500	94	60	94	420	86	720	83
1093	1120.0	91.6		91.3		720	99	60	113	1500	91	180	88	540	86	360	86
1094	1240.0	90.8		90.2		900	103	0	0	1440	87	180	92	1020	85	180	91
1095	1120.0	91.4		91.3		780	96	60	101	1620	90	0	0	360	91	540	88
1096	880.0	94.0		93.8		360	103	60	105	1380	92	60	97	480	93	300	91
1097	1460.0	89.1		89.0		1440	90	60	105	1740	90	60	80	720	87	360	84
1098	1060.0	91.6		91.1		540	99	60	104	1440	93	60	114	900	84	180	84
1099	1180.0	98.7		97.7		960	110	60	115	1560	100	0	0	660	84	300	85
1100	1020.0	91.9		91.4		480	104	0	0	1380	93	180	96	780	85	240	81
1101	1380.0	91.9		91.7		840	98	60	109	2040	91	0	0	780	89	420	87
1102	980.0	97.3		96.9		660	110	0	0	1440	94	0	0	300	95	540	92
1103	1000.0	96.4		95.7		480	112	0	0	1500	97	60	109	720	88	240	84
1104	1160.0	91.2		90.8		780	103	0	0	1740	89	0	0	420	85	540	86
1105	1040.0	94.1		93.8		960	102	0	0	1200	93	0	0	420	86	540	89
1106	1140.0	98.7		97.3		960	117	0	0	1560	95	60	102	240	83	600	85
1107	940.0	93.9		93.1		360	106	0	0	1500	98	60	91	420	84	480	81
1108	1060.0	100.0		99.1		840	114	0	0	1500	99	0	0	480	89	360	86
1109	1020.0	98.1		97.5		780	110	0	0	1260	97	0	0	600	95	420	84
1110	1160.0	91.5		90.8		720	108	0	0	1620	89	60	78	780	85	300	85
1111	1300.0	91.6		91.5		1200	94	0	0	1620	90	0	0	660	94	420	87
1112	1300.0	89.6		89.4		1080	93	60	92	1800	90	180	91	240	84	540	83
1113	1260.0	92.4		92.1		1140	99	0	0	1620	93	120	87	180	87	720	83
1114	1360.0	95.0		94.6		1320	100	0	0	1920	95	0	0	420	93	420	81
1115	1020.0	95.8		95.5		660	106	0	0	1320	96	0	0	960	89	120	93
1116	1080.0	92.6		92.2		900	100	0	0	1080	94	0	0	1260	86	0	0
1117	1060.0	92.6		92.1		780	105	0	0	1560	90	120	81	300	91	420	84
1118	800.0	96.0		95.7		420	104	0	0	1080	97	0	0	840	91	60	90
1119	1340.0	86.4		84.7		1140	103	60	111	1680	84	0	0	0	0	1140	72
1120	1360.0	91.4		90.7		840	106	60	97	1740	90	60	94	1080	85	300	80
1121	1060.0	90.6		90.4		1020	97	0	0	1080	88	60	85	660	89	360	84
1122	1240.0	92.2		91.5		960	101	0	0	1740	94	60	81	300	85	660	79
1123	1400.0	88.0		87.9		1320	92	0	0	2040	86	0	0	480	85	360	89
1124	980.0	98.1		97.5		600	113	0	0	1380	95	120	101	420	95	420	89
1125	920.0	95.2		94.7		540	104	0	0	1500	97	60	96	300	85	360	83
1126	1220.0	92.7		91.1		960	111	0	0	1500	91	120	97	300	82	780	77
1127	1260.0	91.4		91.0		1200	100	0	0	1680	89	60	100	420	85	420	82
1128	980.0	92.5		91.9		540	108	0	0	1380	91	60	86	600	87	360	85
1129	1380.0	92.7		92.6		1320	98	0	0	1860	91	0	0	420	90	540	88
1130	1000.0	89.1		88.8		540	99	60	96	1260	88	60	95	720	85	360	84
1131	1060.0	97.6		97.4		900	98	60	118	1320	98	120	104	600	96	180	87
1132	1080.0	99.7		99.4		900	103	0	0	1560	102	0	0	360	95	420	88
1133	1380.0	97.1		96.6		1020	107	60	98	2100	96	0	0	360	90	600	88
1134	880.0	94.4		93.9		240	108	0	0	1320	97	0	0	420	95	660	84
1135	1160.0	93.1		92.9		900	99	0	0	1740	92	60	94	480	87	300	91
1136	1580.0	89.7		89.5		1200	96	0	0	2100	89	60	94	840	85	540	85
1137	820.0	95.7		95.5		480	103	0	0	1260	97	0	0	240	90	480	88
1138	980.0	91.0		90.6		720	98	0	0	1320	92	0	0	240	89	660	82
1139	960.0	95.6		95.0		840	98	0	0	1200	100	60	106	360	92	420	80
1140	1180.0	90.5		90.4		900	93	0	0	1740	91	60	87	240	87	600	87
1141	1060.0	95.6		94.4		900	108	0	0	1320	95	120	83	420	95	420	75
1142	1160.0	91.7		91.5		540	101	0	0	1740	92	60	93	480	88	660	86
1143	1120.0	89.9		89.2		600	104	60	109	1620	89	0	0	600	85	480	79
1144	1260.0	87.1		86.8		780	95	0	0	1800	87	0	0	600	83	600	81
1145	780.0	93.9		93.6		120	101	0	0	1320	98	0	0	840	87	60	87
1146	1060.0	96.2		95.7		480	110	0	0	1560	97	60	112	600	89	480	87
1147	980.0	92.8		92.5		480	103	0	0	1380	92	0	0	900	89	180	90
1148	760.0	95.1		94.7		300	105	0	0	900	98	0	0	900	91	180	84
1149	740.0	93.6		93.3		480	100	0	0	900	95	0	0	660	89	180	86
1150	820.0	92.0		91.3		480	104	0	0	960	95	0	0	360	81	660	85
1151	680.0	98.2		96.2		180	116	60	97	960	105	60	90	300	103	480	76
1152	1160.0	95.2		94.7		600	106	0	0	1620	98	0	0	600	86	660	87
1153	940.0	95.0		94.6		840	103	0	0	1080	94	0	0	540	91	360	85
1154	760.0	88.7		88.3		540	94	0	0	900	91	120	97	360	79	360	82
1155	960.0	95.2		94.7		660	108	0	0	1500	93	0	0	240	88	480	88
1156	840.0	89.1		88.7		240	105	0	0	1200	91	0	0	480	84	600	83
1157	920.0	92.3		92.1		720	97	60	97	960	94	60	91	600	90	360	82
1158	680.0	104.6		104.2		360	116	0	0	720	108	60	95	900	98	0	0
1159	980.0	95.9		95.2		480	114	0	0	1620	95	0	0	540	88	300	86
1160	720.0	97.0		96.7		360	104	0	0	840	100	0	0	660	94	300	87
1161	780.0	93.1		92.7		420	105	0	0	1260	93	0	0	420	86	240	85
1162	680.0	97.1		96.8		420	107	0	0	660	98	120	94	660	93	180	88
1163	940.0	97.4		96.8		600	108	60	119	1200	97	60	100	540	90	360	88
1164	900.0	89.4		89.1		720	97	0	0	1140	88	0	0	540	88	300	79
1165	940.0	94.7		94.3		540	104	0	0	1440	95	60	85	420	92	360	84
1166	1180.0	91.8		91.7		600	99	0	0	1800	91	0	0	540	93	600	86
1167	940.0	92.4		91.5		420	107	0	0	1440	95	60	92	600	83	300	78
1168	1060.0	90.8		90.0		420	105	60	108	1500	94	0	0	360	83	840	80
1169	720.0	98.1		98.0		180	104	0	0	1380	99	0	0	420	92	180	100
1170	920.0	98.2		97.7		480	111	0	0	1200	99	60	91	780	94	240	84
1171	900.0	92.3		91.7		480	108	0	0	1380	91	0	0	300	88	540	84
1172	820.0	105.6		104.4		540	110	0	0	1320	112	60	96	360	88	180	84
1173	720.0	98.3		97.7		300	113	0	0	1020	101	0	0	600	90	240	89
1174	880.0	100.3		99.6		300	121	0	0	1620	101	0	0	420	91	300	89
1175	840.0	94.5		94.0		420	107	0	0	1080	96	60	96	720	88	240	85
1176	420.0	91.9		90.7		120	95	0	0	540	101	60	79	240	93	300	76
1177	860.0	96.9		96.1		600	109	0	0	1140	97	120	106	180	89	540	84
1178	1060.0	94.8		94.1		720	108	0	0	1500	93	60	107	240	96	660	83
1179	860.0	90.9		90.3		420	106	0	0	1080	91	60	100	480	83	540	85
1180	920.0	94.6		94.1		540	103	0	0	1380	97	60	91	420	83	360	87
1181	780.0	97.3		97.0		540	108	0	0	1200	95	0	0	480	93	120	90
1182	740.0	92.4		92.0		60	102	0	0	1320	96	0	0	480	89	360	82
1183	840.0	92.7		92.6		180	96	60	92	1140	95	0	0	480	94	660	87
1184	620.0	98.0		97.4		420	111	0	0	720	97	0	0	300	96	420	88
1185	1200.0	92.9		92.2		840	105	0	0	1740	93	0	0	480	86	540	80
1186	1060.0	91.5		90.9		840	104	0	0	1320	89	60	88	600	84	360	85
1187	1060.0	93.4		92.9		780	99	0	0	1500	97	0	0	300	80	600	84
1188	960.0	95.4		94.8		720	105	60	109	1200	96	0	0	720	87	180	82
1189	660.0	99.1		98.6		180	111	60	115	1080	100	60	101	120	104	480	89
1190	820.0	90.5		90.1		360	104	0	0	1260	90	60	100	180	86	600	84
1191	780.0	89.4		88.9		180	100	0	0	1020	95	60	91	720	83	360	81
1192	620.0	95.4		94.8		180	102	0	0	660	102	0	0	840	92	180	80
1193	740.0	100.1		98.6		420	124	0	0	1020	100	0	0	240	88	540	87
1194	740.0	88.7		88.5		120	102	0	0	1380	90	0	0	480	84	240	84
1195	720.0	92.1		91.7		240	104	0	0	840	95	60	88	660	90	360	82
1196	1240.0	93.5		93.0		1080	101	0	0	1500	95	60	94	480	85	600	83
1197	600.0	93.5		92.9		240	105	0	0	840	98	0	0	360	87	360	82
1198	660.0	93.7		93.6		360	94	0	0	960	96	0	0	360	93	300	87
1199	760.0	96.6		95.2		360	122	0	0	1020	97	0	0	480	84	420	88
1200	680.0	92.4		92.0		540	95	0	0	960	95	0	0	240	78	300	91
1201	720.0	98.1		97.5		180	91	0	0	1200	105	0	0	420	91	360	87
1202	860.0	94.4		94.3		540	101	0	0	1080	94	0	0	780	91	180	92
1203	840.0	95.2		94.7		540	108	60	92	1020	95	0	0	420	88	480	88
1204	780.0	91.5		91.0		240	102	0	0	1200	95	0	0	420	85	480	83
1205	740.0	99.5		96.7		420	134	0	0	900	98	0	0	480	90	420	79
1206	600.0	105.5		104.0		300	115	0	0	840	114	0	0	120	101	540	88
1207	500.0	103.3		102.2		60	127	0	0	720	112	0	0	480	95	240	88
1208	720.0	92.5		91.6		300	112	0	0	960	95	0	0	360	87	540	81
1209	400.0	106.7		105.7		240	124	0	0	300	112	0	0	660	98	0	0
1210	600.0	93.7		93.4		240	91	0	0	780	99	0	0	420	92	360	86
1211	820.0	95.0		94.9		420	92	0	0	1080	99	60	91	660	93	240	89
1212	680.0	98.2		97.7		420	107	0	0	900	101	0	0	480	93	240	83
1213	700.0	94.6		94.2		180	112	0	0	960	95	120	99	540	89	300	91
1214	660.0	94.5		94.1		360	105	0	0	1080	95	0	0	180	82	360	89
1215	800.0	91.5		91.1		420	100	60	102	960	90	60	112	300	83	600	89
1216	700.0	94.7		93.8		300	113	0	0	900	98	60	86	540	85	300	86
1217	860.0	91.8		91.4		480	101	60	103	1140	91	60	100	480	87	360	85
1218	740.0	94.2		94.0		480	97	0	0	780	98	0	0	780	91	180	84
1219	620.0	101.0		99.9		300	118	0	0	1020	102	0	0	120	106	420	85
1220	600.0	97.9		96.8		180	100	0	0	840	107	0	0	120	102	660	85
1221	620.0	96.5		95.7		240	119	0	0	960	96	60	105	180	89	420	87
1222	1060.0	94.5		93.7		840	105	0	0	1380	96	0	0	60	85	900	83
1223	480.0	100.2		97.8		0	0	0	0	540	118	60	110	480	94	360	80
1224	640.0	102.4		102.0		180	111	0	0	900	107	0	0	540	97	300	93
1225	620.0	93.3		92.4		240	110	0	0	840	98	0	0	300	85	480	82
1226	420.0	94.6		93.4		60	130	0	0	420	104	0	0	660	86	120	91
1227	460.0	99.9		99.6		60	86	0	0	420	106	0	0	780	97	120	104
1228	600.0	95.8		95.5		120	103	0	0	540	102	60	97	600	95	480	88
1229	900.0	96.2		96.1		540	98	0	0	1320	97	0	0	720	95	120	86
1230	540.0	100.9		99.5		180	113	0	0	960	107	0	0	0	0	480	84
1231	720.0	95.5		94.5		300	116	0	0	1020	97	60	105	600	85	180	85
1232	660.0	95.3		94.9		300	105	60	117	840	96	0	0	480	90	300	88
1233	700.0	94.9		93.7		240	116	0	0	900	101	0	0	300	84	660	84
1234	700.0	97.0		96.0		60	126	0	0	1200	103	60	96	660	86	120	83
1235	600.0	100.2		97.4		180	160	0	0	720	94	60	109	480	95	360	88
1236	820.0	92.9		92.8		360	98	0	0	1260	93	60	91	600	91	180	89
1237	600.0	86.2		86.1		0	0	0	0	960	89	60	90	360	83	420	82
1238	680.0	97.2		96.6		240	112	0	0	960	100	0	0	360	95	480	86
1239	540.0	105.9		105.3		480	113	0	0	600	108	0	0	300	103	240	90
1240	620.0	95.3		95.0		120	101	0	0	900	99	0	0	480	93	360	87
1241	780.0	89.1		88.7		240	104	0	0	1200	91	120	85	120	84	660	82
1242	520.0	104.2		103.3		180	126	0	0	840	106	60	105	180	96	300	91
1243	740.0	98.2		97.9		360	108	0	0	1020	100	0	0	480	94	360	89
1244	480.0	99.5		99.2		180	111	0	0	660	100	60	108	420	93	120	98
1245	560.0	91.9		91.7		180	99	0	0	780	95	0	0	60	84	660	87
1246	460.0	98.9		98.2		0	0	0	0	780	106	0	0	240	92	360	88
1247	500.0	102.8		102.5		180	116	0	0	720	101	0	0	480	103	120	93
1248	600.0	93.2		92.9		240	104	0	0	840	95	0	0	360	89	360	86
1249	620.0	96.5		96.1		300	109	60	113	720	96	0	0	480	91	300	91
1250	820.0	92.2		91.9		360	95	0	0	1140	97	120	90	240	87	600	84
1251	680.0	93.5		93.2		300	99	0	0	1020	97	0	0	300	88	420	85
1252	500.0	94.5		94.1		180	106	0	0	780	97	60	96	240	85	240	87
1253	440.0	102.8		102.3		120	111	0	0	720	107	0	0	300	99	180	87
1254	720.0	95.4		94.4		300	116	0	0	1320	96	0	0	240	83	300	82
1255	660.0	95.2		94.8		360	105	0	0	900	97	0	0	240	92	480	86
1256	440.0	94.8		94.4		120	93	0	0	600	101	0	0	480	91	120	81
1257	560.0	100.1		99.7		300	109	0	0	900	102	0	0	300	93	180	88
1258	840.0	99.7		98.6		720	113	0	0	1020	100	60	100	240	88	480	85
1259	600.0	94.5		94.3		60	105	0	0	1020	98	0	0	540	89	180	88
1260	540.0	104.0		103.6		180	117	0	0	840	106	0	0	180	103	420	95
1261	540.0	97.5		96.7		60	105	0	0	540	109	60	102	540	92	420	88
1262	620.0	95.4		95.1		180	111	0	0	840	96	0	0	540	94	300	87
1263	760.0	92.6		92.0		300	104	0	0	840	98	0	0	360	89	780	84
1264	540.0	96.1		95.6		180	114	0	0	720	98	0	0	660	90	60	88
1265	560.0	103.6		102.0		240	133	0	0	780	105	0	0	240	90	420	92
1266	540.0	94.2		93.9		120	106	0	0	840	97	0	0	120	91	540	88
1267	580.0	92.2		90.9		180	118	0	0	900	96	0	0	240	80	420	80
1268	720.0	96.0		94.6		240	129	0	0	1320	95	60	98	360	85	180	81
1269	340.0	102.9		102.6		0	0	0	0	480	108	0	0	240	104	300	94
1270	460.0	101.2		99.1		120	152	0	0	720	100	60	106	180	94	300	87
1271	520.0	106.2		105.4		120	107	0	0	840	114	0	0	480	97	120	88
1272	600.0	100.3		100.1		300	100	0	0	780	104	0	0	480	99	240	91
1273	480.0	95.8		95.3		60	92	0	0	780	96	60	88	180	112	360	89
1274	560.0	95.3		94.8		300	106	0	0	780	97	60	90	240	92	300	84
1275	480.0	97.9		96.6		60	112	0	0	360	111	60	87	360	104	600	86
1276	540.0	92.9		92.0		120	119	0	0	600	98	0	0	300	90	600	84
1277	460.0	99.6		98.8		180	116	0	0	540	103	60	86	300	98	300	88
1278	520.0	93.3		92.9		0	0	0	0	780	99	0	0	360	92	420	84
1279	560.0	97.2		96.3		120	128	0	0	720	101	60	103	480	89	300	88
1280	580.0	95.9		95.6		420	101	60	114	780	94	0	0	180	94	300	91
1281	680.0	100.9		100.2		240	98	0	0	900	108	0	0	540	101	360	85
1282	740.0	95.3		94.1		240	101	0	0	780	107	120	100	420	90	660	82
1283	660.0	100.1		99.3		360	115	0	0	840	103	0	0	540	92	240	86
1284	780.0	96.2		94.8		300	114	0	0	1080	103	0	0	240	83	720	83
1285	660.0	99.2		98.8		240	107	60	115	1080	101	60	105	120	93	420	89
1286	600.0	94.4		94.1		360	103	0	0	720	95	0	0	420	89	300	90
1287	560.0	96.4		95.8		60	103	60	118	720	102	0	0	360	93	480	87
1288	400.0	94.0		93.4		60	122	0	0	540	97	0	0	420	90	180	85
1289	520.0	106.9		104.8		240	138	0	0	660	110	0	0	480	93	180	91
1290	460.0	93.7		93.5		180	104	0	0	720	93	0	0	360	90	120	93
1291	640.0	95.6		95.4		420	99	0	0	840	97	0	0	240	96	420	89
1292	720.0	91.8		91.6		480	91	60	80	1020	95	60	82	300	90	240	87
1293	500.0	97.2		96.2		120	116	0	0	660	105	0	0	0	0	720	87
1294	600.0	91.9		91.4		360	106	0	0	780	88	0	0	480	88	180	91
1295	540.0	92.6		92.2		60	117	0	0	840	95	0	0	300	90	420	86
1296	460.0	107.6		107.0		300	119	0	0	540	105	60	119	360	106	120	90
1297	580.0	95.1		94.7		180	101	0	0	900	99	0	0	120	93	540	87
1298	540.0	93.3		92.9		240	102	0	0	420	98	180	88	480	92	300	85
1299	300.0	92.7		92.5		0	0	0	0	300	97	0	0	420	92	180	87
1300	400.0	91.5		91.4		0	0	0	0	480	93	0	0	660	91	60	84
1301	460.0	94.2		93.9		60	96	0	0	540	99	60	106	360	91	360	88
1302	460.0	97.1		96.3		60	129	0	0	660	102	0	0	480	89	180	90
1303	560.0	94.0		93.5		240	102	0	0	720	98	120	96	300	87	300	84
1304	520.0	90.2		89.6		120	112	0	0	540	95	0	0	360	85	540	84
1305	360.0	91.4		90.4		120	119	0	0	480	93	0	0	480	83	0	0
1306	740.0	90.9		90.8		240	91	0	0	960	93	120	97	660	88	240	87
1307	640.0	94.9		93.8		300	115	0	0	600	99	180	91	180	84	660	86
1308	520.0	87.0		86.8		180	96	0	0	660	84	0	0	360	92	360	83
1309	380.0	91.8		91.8		0	0	0	0	540	94	60	92	180	93	360	88
1310	460.0	95.2		94.3		300	110	0	0	420	99	60	92	300	86	300	85
1311	500.0	91.8		91.1		240	110	0	0	600	89	60	88	120	94	480	86
1312	340.0	93.3		93.1		60	102	0	0	540	93	60	107	120	90	240	90
1313	360.0	91.3		90.9		60	95	0	0	420	99	120	84	240	84	240	88
1314	460.0	93.0		93.0		120	87	0	0	720	94	0	0	60	86	480	94
1315	620.0	88.9		88.2		360	102	0	0	720	91	0	0	300	79	480	82
1316	460.0	98.5		97.6		300	108	0	0	540	104	0	0	240	91	300	85
1317	400.0	93.8		93.7		180	100	0	0	420	93	0	0	300	92	300	93
1318	360.0	94.8		94.2		0	0	0	0	480	103	60	88	180	93	360	86
1319	400.0	102.7		101.4		120	127	0	0	420	103	180	115	300	95	180	86
1320	520.0	98.2		96.7		120	111	0	0	660	109	60	108	240	86	480	85
1321	680.0	94.1		93.7		240	98	0	0	960	98	60	84	420	93	360	84
1322	440.0	93.5		92.8		60	130	0	0	720	92	60	102	240	94	240	86
1323	340.0	97.0		95.9		0	0	0	0	600	105	0	0	240	89	180	81
1324	560.0	94.0		93.0		60	126	0	0	660	103	0	0	420	87	540	85
1325	560.0	100.1		98.2		360	123	0	0	600	102	0	0	180	96	540	84
1326	480.0	98.6		96.8		180	136	0	0	720	96	0	0	300	94	240	84
1327	600.0	89.2		89.1		120	103	0	0	1020	89	0	0	240	87	420	87
1328	420.0	91.3		90.3		120	108	0	0	420	99	0	0	240	90	480	81
1329	480.0	100.2		100.0		180	108	0	0	480	101	60	113	600	98	120	90
1330	420.0	96.1		95.8		120	112	0	0	660	97	0	0	240	93	240	89
1331	640.0	94.0		93.6		360	103	0	0	780	96	60	87	540	90	180	82
1332	500.0	98.5		97.8		240	105	0	0	600	104	0	0	240	100	420	86
1333	480.0	94.1		92.9		120	119	0	0	780	98	0	0	240	78	300	87
1334	600.0	101.7		99.8		480	121	0	0	840	100	60	102	180	80	240	85
1335	500.0	91.1		90.8		60	81	0	0	780	94	60	111	120	88	480	86
1336	500.0	96.4		95.8		240	102	0	0	780	100	60	100	120	93	300	83
1337	460.0	93.0		91.8		60	121	0	0	600	101	60	94	300	83	360	83
1338	380.0	87.4		87.3		0	0	0	0	300	92	0	0	720	86	120	84
1339	500.0	82.1		82.0		300	83	0	0	360	84	60	83	540	82	240	78
1340	540.0	90.1		89.1		300	108	0	0	600	91	60	73	420	83	240	82
1341	380.0	95.0		94.4		60	103	0	0	360	103	0	0	480	94	240	83
1342	480.0	96.0		95.5		240	107	0	0	660	96	0	0	360	87	180	99
1343	320.0	91.5		91.4		0	0	0	0	360	95	0	0	480	89	120	91
1344	360.0	99.5		98.1		180	119	0	0	420	101	60	118	0	0	420	87
1345	400.0	95.1		95.0		60	106	0	0	600	93	60	97	300	100	180	90
1346	380.0	94.8		94.0		120	106	0	0	300	106	0	0	300	90	420	87
1347	400.0	96.5		95.9		60	117	0	0	540	102	60	95	360	90	180	87
1348	500.0	89.1		89.0		0	0	0	0	840	87	0	0	300	94	360	90
1349	500.0	94.2		93.3		240	111	0	0	720	96	0	0	240	82	300	86
1350	380.0	96.5		95.8		0	0	0	0	540	104	0	0	420	93	180	82
1351	440.0	91.9		91.7		60	96	0	0	540	95	180	92	240	91	300	86
1352	420.0	90.1		89.1		0	0	0	0	600	99	0	0	60	102	600	80
1353	560.0	90.6		90.2		240	97	0	0	600	95	60	94	300	88	480	83
1354	380.0	93.9		93.3		120	101	0	0	540	100	0	0	180	91	300	82
1355	480.0	95.5		94.6		300	111	0	0	600	97	0	0	300	87	240	83
1356	340.0	94.0		93.8		0	0	0	0	540	97	60	88	120	96	300	89
1357	280.0	93.5		92.9		180	106	0	0	180	96	0	0	420	89	60	80
1358	520.0	81.0		80.1		180	101	0	0	720	83	60	64	420	74	180	75
1359	460.0	96.3		95.8		60	129	0	0	780	97	120	97	180	93	240	88
1360	420.0	93.9		93.6		120	108	0	0	480	97	0	0	300	88	360	90
1361	540.0	95.9		95.6		180	103	0	0	900	98	0	0	240	91	300	89
1362	460.0	89.7		88.9		0	0	0	0	660	98	0	0	540	82	180	82
1363	520.0	90.9		90.5		180	99	0	0	840	94	0	0	300	86	240	80
1364	500.0	95.1		94.7		180	105	0	0	600	97	60	92	360	96	300	85
1365	380.0	97.8		97.3		120	117	0	0	540	99	60	97	180	95	240	88
1366	600.0	99.6		98.9		240	113	0	0	840	104	0	0	360	91	360	89
1367	500.0	97.2		96.6		240	104	60	113	540	98	60	116	240	97	360	86
1368	400.0	94.8		94.7		0	0	0	0	600	97	0	0	300	95	300	90
1369	600.0	87.0		86.9		120	93	0	0	1020	88	60	81	180	89	420	83
1370	380.0	92.6		91.4		60	81	0	0	480	104	60	102	240	85	300	81
1371	560.0	94.8		94.0		300	99	0	0	660	103	0	0	360	82	360	89
1372	260.0	106.8		106.2		60	96	0	0	300	117	0	0	420	101	0	0
1373	400.0	88.1		87.8		180	98	0	0	360	91	60	84	240	85	360	83
1374	200.0	94.5		93.7		0	0	0	0	300	103	0	0	0	0	300	86
1375	520.0	89.3		87.2		240	99	0	0	660	97	60	109	420	69	180	89
1376	420.0	95.3		94.9		60	118	0	0	660	97	0	0	180	96	360	88
1377	540.0	92.6		91.1		240	117	0	0	600	95	180	74	0	0	600	86
1378	400.0	97.8		96.9		120	117	0	0	720	100	0	0	60	96	300	85
1379	480.0	85.1		80.1		360	102	0	0	540	92	120	87	300	52	120	84
1380	420.0	96.4		95.8		60	119	0	0	600	101	60	104	180	88	360	88
1381	440.0	93.2		92.9		60	96	0	0	660	98	0	0	420	88	180	87
1382	500.0	91.6		91.6		180	93	0	0	660	94	0	0	360	88	300	90
1383	440.0	88.8		88.3		180	101	0	0	360	94	0	0	180	89	600	82
1384	380.0	94.8		94.8		0	0	0	0	840	95	0	0	180	98	120	89
1385	580.0	88.1		87.9		240	94	0	0	720	91	0	0	180	86	600	83
1386	360.0	93.9		93.6		120	103	0	0	360	99	0	0	240	89	360	89
1387	340.0	94.8		94.7		0	0	0	0	480	97	0	0	480	94	60	84
1388	320.0	95.2		94.5		0	0	0	0	480	102	0	0	240	95	240	82
1389	440.0	96.1		96.0		0	0	0	0	720	97	60	96	360	98	180	89
1390	280.0	94.8		94.5		0	0	0	0	480	99	0	0	60	85	300	90
1391	320.0	102.8		102.4		0	0	0	0	660	107	0	0	60	100	240	92
1392	460.0	93.0		92.4		60	115	0	0	720	97	60	94	360	84	180	87
1393	540.0	95.8		95.2		60	99	0	0	720	103	0	0	180	98	660	87
1394	400.0	101.9		101.3		60	99	0	0	540	109	0	0	360	101	240	88
1395	200.0	102.3		101.9		60	107	0	0	360	106	0	0	60	96	120	92
1396	300.0	95.9		95.7		0	0	0	0	420	99	60	108	60	92	360	91
1397	320.0	94.5		93.7		120	99	0	0	360	103	0	0	360	90	120	78
1398	540.0	90.6		90.2		180	102	0	0	540	94	60	99	120	94	720	84
1399	380.0	92.9		92.5		0	0	0	0	660	98	0	0	180	84	300	87
1400	340.0	95.4		95.0		60	100	0	0	600	97	0	0	180	101	180	83
1401	520.0	93.2		92.6		120	100	0	0	660	99	60	99	240	95	480	82
1402	440.0	89.4		88.8		180	100	0	0	540	91	120	100	180	81	300	81
1403	480.0	95.7		95.2		120	101	0	0	780	99	60	90	180	99	300	84
1404	440.0	92.5		90.8		60	135	0	0	480	100	60	112	300	87	420	79
1405	420.0	95.3		94.9		180	101	0	0	600	96	60	114	180	95	240	85
1406	340.0	98.3		97.1		0	0	0	0	420	111	0	0	240	93	360	87
1407	400.0	96.5		95.1		60	112	0	0	480	108	60	90	240	93	360	82
1408	460.0	94.9		93.8		60	112	0	0	660	103	60	99	60	91	540	83
1409	440.0	91.1		90.8		120	102	0	0	600	93	60	95	240	85	300	87
1410	300.0	91.0		89.7		120	122	0	0	360	88	0	0	300	83	120	89
1411	160.0	94.6		93.7		60	116	0	0	180	97	0	0	120	91	120	84
1412	380.0	103.4		102.1		60	111	0	0	420	118	0	0	360	92	300	95
1413	360.0	93.7		93.3		120	101	0	0	360	95	0	0	360	97	240	83
1414	260.0	91.3		91.0		60	102	60	100	120	93	120	94	180	89	240	86
1415	420.0	87.8		87.5		180	93	0	0	300	93	60	100	240	86	480	82
1416	380.0	89.3		89.2		0	0	0	0	540	93	0	0	300	84	300	88
1417	400.0	92.8		92.2		60	121	0	0	720	95	0	0	0	0	420	85
1418	200.0	95.3		94.9		60	112	0	0	180	92	120	99	60	91	180	92
1419	340.0	96.0		95.3		0	0	0	0	180	110	240	95	60	112	540	90
1420	400.0	96.4		95.4		120	121	0	0	540	100	0	0	360	87	180	88
1421	280.0	88.9		88.7		60	81	0	0	300	93	0	0	300	84	180	93
1422	200.0	94.3		93.8		60	86	0	0	180	90	60	111	240	97	60	88
1423	220.0	105.6		104.5		60	138	0	0	300	106	0	0	240	102	60	86
1424	400.0	98.8		98.2		120	101	0	0	480	105	60	104	300	97	240	86
1425	380.0	91.7		91.6		0	0	0	0	540	93	120	101	120	85	360	89
1426	340.0	95.2		94.6		120	106	0	0	600	98	0	0	120	90	180	82
1427	360.0	90.4		90.2		60	95	0	0	480	90	60	105	300	88	180	89
1428	380.0	85.5		85.4		0	0	0	0	420	85	60	73	0	0	660	87
1429	500.0	90.0		89.9		120	100	0	0	900	90	0	0	120	86	360	88
1430	400.0	95.7		94.9		0	0	0	0	420	103	180	104	240	94	360	84
1431	320.0	89.0		89.0		0	0	0	0	300	89	120	88	120	90	420	89
1432	300.0	98.5		96.5		60	141	60	112	180	111	60	105	300	87	240	88
1433	440.0	86.0		85.5		0	0	0	0	540	94	0	0	60	86	720	80
1434	380.0	93.3		93.1		0	0	0	0	300	101	240	92	120	90	480	90
1435	340.0	98.9		97.9		60	115	0	0	600	105	0	0	180	86	180	86
1436	320.0	95.0		94.8		0	0	0	0	420	100	120	92	60	90	360	91
1437	240.0	91.0		90.5		0	0	0	0	180	101	0	0	180	93	360	85
1438	360.0	103.7		102.3		0	0	0	0	600	113	0	0	240	99	240	85
1439	280.0	99.9		99.0		0	0	0	0	480	107	60	95	120	98	180	84
1440	420.0	95.5		95.0		60	117	0	0	600	100	60	91	180	88	360	89
1441	340.0	101.8		101.4		60	120	0	0	600	103	0	0	120	104	240	93
1442	280.0	101.9		99.5		120	135	0	0	300	108	60	89	60	87	300	88
1443	260.0	96.9		95.8		120	112	0	0	240	97	120	108	60	96	240	84
1444	440.0	92.0		88.9		240	112	0	0	660	92	60	94	60	44	300	85
1445	200.0	96.7		96.4		0	0	0	0	420	100	0	0	0	0	180	89
1446	280.0	94.6		93.7		60	126	0	0	240	94	60	102	240	94	240	86
1447	240.0	93.1		88.6		60	126	0	0	300	105	0	0	120	59	240	87
1448	140.0	66.7		15.4		60	101	0	0	240	89	0	0	120	5	0	0
1449	160.0	85.8		82.4		0	0	0	0	240	98	0	0	120	60	120	87
1450	200.0	76.0		68.7		60	94	0	0	240	95	0	0	240	49	60	90
1451	280.0	97.1		93.5		240	107	0	0	300	110	0	0	60	57	240	81
1452	260.0	93.4		90.4		0	0	0	0	540	100	60	110	120	62	60	80
1453	320.0	96.6		95.7		180	97	0	0	360	108	0	0	60	91	360	86
1454	280.0	95.7		95.5		0	0	0	0	660	95	0	0	120	105	60	85
1455	200.0	93.7		93.5		0	0	0	0	180	98	60	97	60	86	300	92
1456	100.0	113.2		110.8		0	0	0	0	120	133	0	0	120	104	60	92
1457	120.0	90.8		24.3		0	0	0	0	240	113	0	0	60	5	60	88
1458	180.0	89.8		86.3		60	104	0	0	240	102	0	0	120	62	120	86
1459	300.0	91.9		91.8		0	0	0	0	420	95	60	99	60	87	360	88
1460	300.0	95.3		94.4		120	100	0	0	360	105	0	0	60	83	360	86
1461	280.0	95.2		95.2		0	0	0	0	420	97	0	0	120	92	300	94
1462	320.0	99.9		97.5		120	113	0	0	240	120	60	77	180	102	360	85
1463	180.0	97.9		97.3		0	0	0	0	240	106	0	0	120	89	180	93
1464	260.0	114.2		112.2		60	125	0	0	360	128	60	92	120	104	180	97
1465	300.0	100.7		100.2		60	125	0	0	420	101	60	109	0	0	360	95
1466	280.0	101.1		99.1		0	0	0	0	300	120	0	0	60	103	480	89
1467	380.0	97.5		96.2		0	0	0	0	420	111	0	0	240	99	480	85
1468	140.0	99.1		96.9		0	0	0	0	120	118	60	113	180	85	60	90
1469	140.0	93.4		92.2		0	0	0	0	60	72	0	0	180	102	180	92
1470	320.0	99.2		99.1		60	100	0	0	420	104	0	0	0	0	480	95
1471	160.0	100.9		100.4		0	0	0	0	60	85	0	0	120	106	300	102
1472	200.0	179.9		150.8		60	139	0	0	120	85	0	0	360	231	60	104
1473	280.0	73.7		67.8		0	0	0	0	300	95	60	117	480	55	0	0
1474	280.0	103.8		103.2		60	91	0	0	360	109	0	0	300	106	120	89
1475	260.0	90.0		89.3		60	117	0	0	120	96	0	0	60	87	540	86
1476	280.0	98.2		97.2		0	0	0	0	300	107	0	0	180	106	360	87
1477	300.0	92.5		91.8		0	0	0	0	300	103	0	0	60	80	540	88
1478	160.0	99.4		99.0		60	99	0	0	240	105	0	0	0	0	180	92
1479	200.0	109.7		107.8		0	0	0	0	300	120	0	0	120	115	180	89
1480	300.0	94.7		93.7		60	118	0	0	60	108	120	106	60	102	600	88
1481	320.0	91.7		91.4		0	0	0	0	480	95	0	0	60	77	420	90
1482	180.0	95.6		94.8		60	115	0	0	300	89	0	0	60	108	120	96
1483	300.0	96.7		95.9		120	115	0	0	120	106	0	0	60	98	600	91
1484	340.0	96.1		95.4		180	115	0	0	420	92	0	0	0	0	420	92
1485	220.0	98.5		96.7		60	150	0	0	240	96	0	0	60	90	300	92
1486	300.0	94.2		93.6		60	111	0	0	240	103	0	0	60	89	540	89
1487	240.0	98.2		97.9		60	111	0	0	300	97	0	0	120	105	240	93
1488	200.0	102.6		101.4		0	0	0	0	120	108	0	0	120	123	360	94
1489	240.0	94.8		94.8		60	97	0	0	240	91	60	95	0	0	360	97
1490	220.0	101.8		101.5		0	0	0	0	300	104	120	110	0	0	240	95
1491	160.0	96.0		95.8		0	0	0	0	180	101	0	0	0	0	300	93
1492	200.0	113.4		112.1		0	0	0	0	300	116	0	0	60	146	240	102
1493	220.0	100.1		98.7		0	0	0	0	240	116	0	0	0	0	420	91
1494	100.0	91.4		91.3		0	0	0	0	120	92	0	0	60	87	120	93
1495	180.0	106.4		104.9		0	0	0	0	180	112	0	0	120	125	240	93
1496	60.0	91.3		91.2		0	0	0	0	0	0	0	0	60	96	120	89
1497	240.0	102.7		102.1		0	0	0	0	240	109	0	0	120	113	360	95
1498	240.0	99.5		98.5		0	0	0	0	240	110	60	116	60	86	360	92
1499	240.0	102.8		101.7		0	0	0	0	300	113	0	0	180	104	240	89
