#File created from auswertNew
# Temporary input file:
# tmp04.dat
# Created from repository file
# /home/vwitme/data/workdata/trafficData/Invent_A5/intermediatedata/A5frankfurt_06_01/daten/F04_1106.dat.gz
# Infrastructure description file:
# /home/vwitme/data/workdata/trafficData/Invent_A5/intermediatedata/A5frankfurt_06_01/daten/A5frankfurt_06_01.dsc
#
# Date: 11.06.2001
# Direction: Frankfurt
# Detector cross section 4
# Position (m)= 469.880000
# Number of main lanes=3
# Number of ramp lanes=0
# The lane indices are ordered from left to right
# NOTICE: The time has been increased by 1 hour 
# since summertime was not taken care of  in the original data!
# Velocity averages: Over veh types and lanes, weighted with flow
# vAvg=arithmetic average; vHarm=harmonic average
#===========================================
#t(min)	Qav(/h)	vAvg(km/h)	vHarm(km/h)	Q1car	v1car	Q1truck	v1truck	Q2car	v2car	Q2truck	v2truck	Q3car	v3car	Q3truck	v3truck
60	340.0	120.7		113.6		180	174	0	0	240	132	60	93	180	125	360	89
61	460.0	120.3		113.9		240	157	0	0	480	140	0	0	120	104	540	90
62	340.0	136.4		131.5		180	166	0	0	420	151	0	0	300	116	120	92
63	500.0	114.9		103.3		120	205	0	0	480	147	0	0	60	139	840	82
64	660.0	113.9		105.7		240	191	0	0	540	135	0	0	0	0	1200	89
65	460.0	114.3		108.3		240	168	0	0	360	126	60	90	120	95	600	92
66	320.0	141.4		129.7		240	193	0	0	360	148	0	0	60	152	300	90
67	420.0	140.7		130.8		180	214	0	0	360	161	0	0	420	126	300	93
68	540.0	112.6		106.4		180	163	0	0	600	132	0	0	120	100	720	86
69	480.0	115.0		107.4		240	161	0	0	360	145	0	0	0	0	840	89
70	420.0	138.2		124.5		360	189	0	0	300	166	60	111	0	0	540	92
71	420.0	131.9		124.2		240	173	0	0	480	143	0	0	180	133	360	89
72	260.0	108.5		103.7		60	149	0	0	120	151	0	0	180	112	420	89
73	320.0	115.0		108.8		180	145	0	0	300	139	60	101	0	0	420	87
74	280.0	137.4		133.8		60	154	0	0	480	148	0	0	180	133	120	93
75	440.0	123.6		117.3		480	153	0	0	300	127	60	101	60	136	420	89
76	320.0	112.0		105.9		120	164	0	0	240	139	120	90	0	0	480	91
77	300.0	99.4		98.0		60	118	0	0	60	131	0	0	120	115	660	92
78	300.0	124.4		116.9		180	176	0	0	300	136	0	0	0	0	420	94
79	460.0	118.0		109.7		300	168	0	0	360	135	60	96	0	0	660	88
80	400.0	112.5		106.7		60	180	0	0	360	142	60	119	120	99	600	90
81	400.0	111.9		105.2		60	182	0	0	360	145	60	119	0	0	720	89
82	260.0	117.6		114.6		60	161	0	0	360	127	0	0	60	126	300	96
83	280.0	122.7		118.3		240	148	0	0	240	136	60	97	0	0	300	97
84	300.0	109.7		104.4		120	166	0	0	180	131	120	92	0	0	480	92
85	620.0	119.5		112.9		540	154	0	0	420	133	240	89	60	133	600	90
86	260.0	102.6		101.3		0	0	0	0	300	118	0	0	0	0	480	93
87	580.0	121.0		114.3		300	147	0	0	600	143	0	0	180	129	660	87
88	240.0	109.9		105.6		60	150	0	0	240	133	0	0	0	0	420	91
89	340.0	111.1		105.0		120	147	0	0	240	148	0	0	60	112	600	89
90	260.0	125.2		119.5		60	156	0	0	300	149	60	107	240	114	120	82
91	420.0	102.1		98.4		180	143	0	0	120	138	180	94	0	0	780	89
92	340.0	106.5		101.2		60	178	0	0	240	138	0	0	0	0	720	90
93	380.0	113.2		106.4		300	155	0	0	180	130	120	99	60	76	480	89
94	640.0	106.0		101.5		300	153	0	0	240	132	120	97	60	85	1200	91
95	320.0	114.8		109.9		120	148	0	0	420	131	0	0	0	0	420	89
96	420.0	108.8		101.9		120	170	0	0	240	147	0	0	60	125	840	88
97	280.0	99.7		94.5		120	170	0	0	0	0	0	0	0	0	720	88
98	300.0	122.8		112.7		240	178	0	0	120	127	0	0	120	130	420	88
99	460.0	124.8		114.9		240	187	0	0	540	138	0	0	60	98	540	87
100	280.0	115.1		107.7		120	170	0	0	120	155	0	0	60	133	540	92
101	340.0	104.8		100.4		60	198	0	0	180	120	0	0	120	117	660	90
102	500.0	112.6		102.9		180	202	0	0	360	136	0	0	0	0	960	87
103	320.0	110.9		103.7		60	181	0	0	180	150	0	0	60	154	660	90
104	200.0	104.7		101.4		0	0	0	0	180	131	0	0	60	120	360	89
105	300.0	118.4		111.7		180	166	0	0	240	133	0	0	120	103	360	90
106	160.0	102.4		99.1		120	119	0	0	60	141	0	0	0	0	300	88
107	220.0	114.6		110.1		0	0	0	0	240	142	0	0	120	119	300	91
108	200.0	110.4		104.7		60	146	0	0	120	146	0	0	60	132	360	89
109	240.0	131.0		123.0		60	146	0	0	300	160	0	0	120	133	240	90
110	200.0	105.9		101.3		0	0	0	0	180	143	0	0	0	0	420	90
111	320.0	108.4		104.8		60	151	0	0	360	124	0	0	60	128	480	89
112	260.0	106.7		100.8		120	151	0	0	120	145	60	91	0	0	480	88
113	400.0	113.2		104.9		120	160	0	0	300	158	240	93	0	0	540	87
114	220.0	116.9		110.7		0	0	0	0	360	141	0	0	0	0	300	88
115	260.0	106.1		101.9		60	150	0	0	180	131	0	0	60	124	480	89
116	480.0	120.4		110.5		360	165	0	0	300	151	0	0	0	0	780	88
117	280.0	123.1		115.1		60	171	0	0	360	150	0	0	60	119	360	89
118	300.0	115.9		109.1		60	163	0	0	360	142	0	0	60	115	420	87
119	220.0	126.7		119.3		120	175	0	0	180	144	0	0	180	116	180	88
120	140.0	104.1		100.6		0	0	0	0	180	127	0	0	0	0	240	87
121	340.0	138.5		125.1		420	181	0	0	180	151	60	94	0	0	360	90
122	340.0	102.1		97.7		0	0	0	0	180	155	120	101	0	0	720	89
123	360.0	113.6		106.2		120	152	0	0	300	152	60	86	60	93	540	89
124	160.0	101.6		97.9		60	141	0	0	60	133	0	0	60	104	300	87
125	460.0	105.3		100.5		180	144	0	0	240	136	300	96	60	65	600	90
126	180.0	131.9		122.7		60	183	0	0	300	148	0	0	0	0	180	88
127	240.0	97.5		95.8		0	0	0	0	120	130	0	0	0	0	600	91
128	420.0	104.4		100.2		60	168	0	0	300	134	120	98	60	90	720	89
129	440.0	109.6		104.1		180	160	0	0	360	129	0	0	0	0	780	89
130	320.0	102.8		99.4		0	0	0	0	240	134	0	0	120	114	600	88
131	280.0	109.6		104.4		60	172	0	0	300	130	0	0	0	0	480	89
132	320.0	120.1		114.6		120	193	0	0	360	118	0	0	240	116	240	91
133	200.0	124.6		121.9		0	0	0	0	300	137	60	119	120	128	120	93
134	340.0	103.6		98.7		60	200	0	0	180	130	60	92	0	0	720	90
135	260.0	146.1		141.9		180	183	0	0	300	148	0	0	240	128	60	98
136	400.0	118.5		113.5		120	157	0	0	660	131	0	0	0	0	420	88
137	560.0	112.9		108.2		540	140	0	0	240	133	180	88	0	0	720	92
138	220.0	110.1		103.4		0	0	0	0	120	167	0	0	120	127	420	89
139	280.0	104.1		96.8		60	158	0	0	180	139	120	105	120	63	360	91
140	260.0	99.5		96.7		0	0	0	0	180	133	60	93	0	0	540	89
141	260.0	151.0		150.4		120	163	0	0	480	154	0	0	180	135	0	0
142	360.0	111.4		103.5		120	186	0	0	180	145	60	91	60	128	660	89
143	280.0	99.6		96.7		60	133	0	0	120	137	60	97	0	0	600	89
144	340.0	113.9		108.7		180	150	0	0	300	134	60	89	0	0	480	91
145	360.0	119.4		114.1		60	172	0	0	540	135	0	0	60	133	420	90
146	260.0	106.1		102.6		120	141	0	0	120	130	60	101	120	101	360	89
147	340.0	113.7		106.7		60	197	0	0	300	143	0	0	120	110	540	89
148	280.0	121.8		114.7		120	179	0	0	300	135	60	92	60	125	300	91
149	180.0	112.7		107.9		0	0	0	0	180	144	0	0	60	122	300	92
150	260.0	104.2		100.4		60	124	0	0	180	140	0	0	0	0	540	90
151	300.0	111.1		105.1		120	135	0	0	180	158	60	88	60	115	480	90
152	220.0	127.7		118.1		0	0	0	0	300	164	0	0	60	130	300	91
153	300.0	114.1		106.3		180	162	0	0	120	157	60	102	0	0	540	90
154	260.0	112.3		105.2		60	204	0	0	180	141	60	93	60	103	420	91
155	220.0	95.9		95.1		0	0	0	0	60	125	0	0	60	102	540	92
156	300.0	109.6		105.0		120	144	0	0	120	147	120	109	60	124	480	90
157	80.0	121.0		120.3		0	0	0	0	0	0	0	0	180	126	60	106
158	200.0	143.0		140.0		180	151	0	0	180	151	0	0	180	144	60	92
159	100.0	143.2		132.3		60	201	0	0	60	168	0	0	120	130	60	87
160	220.0	94.3		93.4		0	0	0	0	60	127	0	0	0	0	600	91
161	360.0	99.1		96.7		60	167	0	0	180	115	180	94	0	0	660	90
162	120.0	117.0		113.9		0	0	0	0	180	127	0	0	60	137	120	92
163	280.0	116.3		111.9		180	136	0	0	180	136	0	0	120	133	360	91
164	220.0	112.7		106.9		120	153	0	0	180	131	60	106	0	0	300	87
165	260.0	111.2		105.9		60	149	0	0	240	142	0	0	0	0	480	91
166	280.0	126.7		121.1		60	177	0	0	480	138	0	0	60	133	240	90
167	300.0	102.9		99.4		120	143	0	0	120	132	60	94	0	0	600	90
168	120.0	141.0		131.2		0	0	0	0	240	165	0	0	0	0	120	93
169	280.0	118.1		112.8		120	151	0	0	240	138	60	93	120	128	300	90
170	300.0	110.1		106.9		60	154	0	0	420	123	0	0	0	0	420	91
171	340.0	115.4		109.3		240	142	0	0	180	153	60	95	60	120	480	90
172	300.0	107.3		103.8		0	0	0	0	360	131	120	100	0	0	420	89
173	280.0	100.5		97.7		60	135	0	0	120	136	180	96	0	0	480	89
174	80.0	92.8		92.5		0	0	0	0	0	0	0	0	60	101	180	90
175	280.0	131.9		123.8		60	193	0	0	420	152	0	0	60	124	300	93
176	360.0	118.9		111.7		300	163	0	0	240	125	180	99	0	0	360	88
177	300.0	99.7		96.4		0	0	0	0	180	141	120	91	0	0	600	89
178	260.0	116.7		109.0		180	157	0	0	120	157	60	95	0	0	420	91
179	440.0	132.2		125.1		360	162	0	0	480	147	60	110	0	0	420	93
180	280.0	125.2		118.3		60	160	0	0	360	152	0	0	60	123	360	93
181	300.0	113.3		108.6		180	150	0	0	180	125	0	0	120	122	420	90
182	280.0	105.9		101.7		60	159	0	0	180	134	0	0	120	105	480	89
183	180.0	103.7		101.7		0	0	0	0	180	125	0	0	0	0	360	93
184	260.0	130.6		123.1		120	199	0	0	360	132	60	100	120	117	120	87
185	320.0	117.2		107.8		120	176	0	0	240	157	120	92	0	0	480	89
186	300.0	117.7		110.2		120	166	0	0	300	143	60	88	0	0	420	90
187	200.0	104.7		99.9		0	0	0	0	120	157	0	0	60	96	420	91
188	240.0	115.2		109.3		60	184	0	0	180	139	60	89	60	129	360	94
189	260.0	112.4		104.9		60	213	0	0	240	132	0	0	0	0	480	90
190	280.0	114.8		109.2		60	165	0	0	360	135	0	0	120	96	300	88
191	240.0	127.0		119.2		60	180	0	0	300	149	0	0	60	139	300	92
192	460.0	105.3		101.9		240	140	0	0	240	124	240	92	60	87	600	91
193	280.0	114.4		109.5		120	153	0	0	300	130	0	0	60	112	360	89
194	300.0	112.8		105.7		180	158	0	0	120	154	0	0	0	0	600	91
195	320.0	116.5		112.3		60	164	0	0	360	135	0	0	60	130	480	95
196	240.0	101.7		99.5		60	142	0	0	60	118	0	0	180	110	420	90
197	160.0	119.2		113.9		60	151	0	0	120	139	0	0	120	129	180	89
198	220.0	118.5		110.4		120	172	0	0	240	131	0	0	0	0	300	87
199	360.0	114.7		107.8		240	156	0	0	180	141	120	91	60	123	480	89
200	120.0	136.2		133.5		0	0	0	0	180	146	0	0	120	140	60	99
201	240.0	132.2		126.3		120	160	0	0	360	143	0	0	60	139	180	90
202	300.0	108.6		102.1		180	160	0	0	120	132	60	93	0	0	540	88
203	140.0	134.6		121.6		60	213	0	0	120	165	0	0	60	123	180	92
204	200.0	107.2		103.9		0	0	0	0	180	135	0	0	180	105	240	88
205	240.0	118.8		113.2		60	159	0	0	360	136	0	0	0	0	300	90
206	180.0	125.1		118.6		0	0	0	0	300	150	0	0	0	0	240	94
207	260.0	107.8		103.3		180	149	0	0	120	114	60	96	0	0	420	90
208	220.0	94.5		94.0		0	0	0	0	60	110	0	0	60	110	540	91
209	340.0	124.3		116.0		120	172	0	0	360	153	60	115	0	0	480	92
210	340.0	123.9		113.8		180	184	0	0	240	150	120	93	60	139	420	90
211	80.0	91.0		91.0		0	0	0	0	0	0	0	0	0	0	240	91
212	360.0	117.9		111.9		120	167	0	0	360	141	120	103	0	0	480	92
213	160.0	112.0		108.9		0	0	0	0	240	130	0	0	120	99	120	89
214	440.0	122.0		114.5		360	154	0	0	300	149	120	102	0	0	540	90
215	360.0	115.7		110.7		120	136	0	0	360	129	60	97	180	141	360	86
216	480.0	102.3		97.5		180	159	0	0	240	125	0	0	0	0	1020	87
217	360.0	130.4		120.2		240	181	0	0	420	143	0	0	0	0	420	89
218	220.0	148.0		141.7		120	172	0	0	360	156	0	0	60	160	120	94
219	440.0	114.0		107.2		240	160	0	0	420	130	0	0	0	0	660	87
220	340.0	113.5		109.1		60	132	0	0	420	136	120	99	60	120	360	88
221	300.0	103.5		98.1		0	0	0	0	180	157	0	0	60	114	660	88
222	340.0	110.7		105.9		120	148	0	0	300	133	0	0	60	120	540	89
223	200.0	127.1		119.6		0	0	0	0	240	158	0	0	180	126	180	87
224	360.0	108.2		103.2		120	157	0	0	300	131	0	0	0	0	660	89
225	440.0	108.8		103.3		180	147	0	0	300	141	120	90	0	0	720	89
226	460.0	118.8		111.2		300	157	0	0	360	145	120	94	0	0	600	89
227	320.0	109.6		105.3		120	145	0	0	300	130	60	102	0	0	480	89
228	440.0	120.3		116.0		420	143	0	0	480	127	0	0	0	0	420	90
229	260.0	114.1		107.2		60	194	0	0	300	133	0	0	60	90	360	89
230	300.0	109.9		105.0		60	135	0	0	180	149	0	0	180	118	480	89
231	220.0	119.8		112.1		60	181	0	0	180	148	0	0	60	141	360	92
232	260.0	146.8		141.6		120	204	0	0	360	141	0	0	240	141	60	90
233	160.0	118.9		111.0		60	175	0	0	180	140	0	0	0	0	240	89
234	260.0	113.6		109.3		60	143	0	0	240	139	0	0	120	116	360	91
235	120.0	113.8		110.0		60	140	0	0	180	123	0	0	0	0	120	87
236	160.0	134.0		130.3		0	0	0	0	240	152	0	0	180	124	60	92
237	280.0	129.1		125.6		60	182	0	0	540	135	0	0	60	119	180	97
238	380.0	124.7		118.4		120	157	0	0	480	149	120	95	60	109	360	94
239	360.0	123.3		118.3		180	151	0	0	420	140	60	98	120	117	300	91
240	200.0	143.2		137.4		60	182	0	0	300	156	0	0	120	139	120	96
241	340.0	124.2		116.4		120	174	0	0	480	142	0	0	60	93	360	89
242	360.0	122.7		114.9		120	166	0	0	420	148	60	82	60	122	420	91
243	220.0	127.1		123.9		60	154	0	0	300	135	0	0	180	129	120	91
244	220.0	117.5		112.6		60	146	0	0	300	135	0	0	120	108	180	85
245	280.0	118.8		112.3		60	164	0	0	240	152	0	0	180	117	360	90
246	160.0	117.5		113.8		0	0	0	0	240	134	0	0	60	128	180	92
247	260.0	106.5		102.5		180	144	0	0	120	114	120	95	0	0	360	89
248	140.0	125.6		122.3		0	0	0	0	240	139	0	0	120	118	60	87
249	540.0	113.4		110.2		600	136	0	0	360	114	180	94	0	0	480	92
250	240.0	138.4		134.7		0	0	0	0	480	151	0	0	180	122	60	87
251	260.0	116.0		112.6		60	158	0	0	240	126	0	0	180	127	300	93
252	360.0	110.5		103.3		180	181	0	0	180	120	60	96	0	0	660	90
253	360.0	127.2		120.5		180	162	0	0	480	144	0	0	0	0	420	93
254	320.0	121.6		111.7		120	203	0	0	360	138	0	0	0	0	480	89
255	360.0	114.2		109.3		60	177	0	0	480	132	0	0	60	87	480	92
256	280.0	128.1		117.9		60	167	0	0	420	157	0	0	0	0	360	88
257	440.0	136.6		133.9		300	148	0	0	780	143	60	115	60	106	120	93
258	380.0	113.1		109.0		180	150	0	0	420	125	60	96	0	0	480	91
259	300.0	130.6		126.1		120	159	0	0	480	141	0	0	60	133	240	95
260	380.0	117.8		109.3		240	179	0	0	180	120	120	99	120	130	480	88
261	440.0	123.7		119.6		360	145	0	0	540	132	60	118	0	0	360	91
262	540.0	125.5		114.7		300	177	0	0	600	145	120	98	120	69	480	90
263	400.0	138.1		131.9		300	170	0	0	540	143	0	0	180	121	180	87
264	400.0	136.2		124.0		240	187	0	0	480	157	0	0	0	0	480	90
265	380.0	124.4		117.0		180	169	0	0	360	143	0	0	180	125	420	89
266	200.0	130.2		121.8		60	210	0	0	300	138	0	0	60	135	180	89
267	360.0	117.2		112.6		60	146	60	118	480	137	60	96	60	120	360	89
268	260.0	116.8		112.1		0	0	0	0	420	138	0	0	0	0	360	92
269	440.0	124.1		119.3		240	154	0	0	540	132	0	0	180	131	360	89
270	460.0	122.3		114.0		240	166	0	0	360	149	60	102	120	131	600	89
271	520.0	133.3		122.6		600	174	0	0	300	142	60	102	60	104	540	90
272	340.0	121.6		116.4		60	158	0	0	480	141	0	0	60	130	420	93
273	460.0	128.3		119.5		420	167	0	0	420	139	120	93	0	0	420	89
274	620.0	120.8		116.6		180	157	0	0	840	132	0	0	300	123	540	90
275	420.0	116.6		111.3		180	168	0	0	420	127	60	92	120	118	480	91
276	380.0	134.6		129.3		120	181	0	0	600	145	0	0	180	123	240	94
277	340.0	132.7		129.1		120	168	0	0	540	140	0	0	180	124	180	96
278	280.0	135.9		132.7		120	173	0	0	480	137	0	0	180	124	60	88
279	360.0	128.2		122.4		180	159	0	0	360	136	120	90	240	142	180	89
280	600.0	115.6		108.6		420	161	0	0	480	127	60	94	0	0	840	88
281	560.0	118.7		113.8		300	141	0	0	540	143	60	96	120	106	660	93
282	320.0	158.9		158.4		300	172	0	0	480	156	0	0	180	145	0	0
283	600.0	108.0		102.7		360	149	0	0	240	137	360	90	60	101	780	89
284	660.0	111.7		107.5		540	141	0	0	360	127	240	95	300	95	540	89
285	480.0	143.5		136.7		420	181	0	0	600	143	0	0	240	119	180	90
286	500.0	121.1		116.2		240	147	0	0	720	133	60	81	120	117	360	88
287	400.0	104.2		100.0		180	141	0	0	300	124	0	0	60	95	660	86
288	460.0	128.4		121.0		300	172	0	0	480	137	0	0	180	125	420	89
289	580.0	124.8		118.2		300	170	0	0	780	134	0	0	120	113	540	89
290	520.0	131.3		127.3		420	155	0	0	720	135	0	0	120	122	300	93
291	380.0	117.6		114.1		120	150	0	0	420	130	0	0	300	116	300	89
292	560.0	113.5		106.3		360	159	0	0	360	135	180	94	0	0	780	87
293	580.0	129.0		122.8		420	157	0	0	720	140	0	0	120	125	480	89
294	380.0	127.7		122.3		180	174	0	0	480	136	0	0	240	113	240	91
295	340.0	140.5		132.3		180	194	0	0	360	147	0	0	240	139	240	92
296	520.0	126.0		118.5		300	150	0	0	660	144	0	0	60	160	540	87
297	540.0	131.4		124.8		420	167	0	0	540	141	60	118	240	113	360	90
298	800.0	125.6		121.9		720	153	0	0	780	128	0	0	540	106	360	95
299	640.0	119.1		113.4		420	158	0	0	780	126	0	0	0	0	720	89
300	600.0	124.1		121.0		540	143	0	0	780	129	60	95	0	0	420	95
301	560.0	117.3		110.9		360	151	0	0	360	145	240	100	60	130	660	89
302	340.0	124.1		118.8		180	163	0	0	360	138	60	92	240	107	180	91
303	620.0	131.0		124.1		420	167	0	0	840	137	0	0	120	135	480	88
304	580.0	128.1		123.9		300	155	0	0	840	139	0	0	300	107	300	92
305	900.0	123.9		119.5		900	144	0	0	960	130	60	105	180	120	600	87
306	600.0	123.9		119.6		360	157	0	0	900	128	0	0	120	113	420	90
307	660.0	129.4		125.3		660	155	0	0	840	126	60	92	180	118	240	89
308	440.0	127.3		120.5		240	168	0	0	600	139	0	0	60	101	420	91
309	660.0	135.2		131.5		720	157	0	0	840	133	0	0	180	116	240	92
310	700.0	130.1		125.0		720	155	0	0	660	136	120	96	300	112	300	89
311	600.0	127.9		119.6		600	164	0	0	420	137	0	0	180	119	600	88
312	720.0	117.5		112.4		600	143	0	0	660	132	120	88	120	96	660	89
313	720.0	115.6		109.5		480	155	0	0	660	126	60	116	60	113	900	87
314	500.0	119.1		115.4		60	158	0	0	720	136	0	0	360	107	360	91
315	580.0	126.9		118.7		420	156	0	0	600	144	0	0	180	131	540	84
316	860.0	125.8		121.2		960	152	0	0	900	122	0	0	240	109	480	89
317	600.0	146.3		140.6		600	180	0	0	600	148	0	0	480	112	120	106
318	700.0	132.4		125.2		600	167	0	0	840	137	0	0	120	123	540	89
319	680.0	126.8		119.1		540	161	0	0	720	134	0	0	240	127	540	83
320	960.0	122.2		113.9		720	158	0	0	1020	136	0	0	300	105	840	81
321	680.0	133.2		128.4		480	166	0	0	840	140	0	0	480	108	240	94
322	1040.0	121.5		115.3		1140	144	0	0	960	133	0	0	60	78	960	86
323	680.0	124.2		120.6		540	149	0	0	900	128	0	0	180	106	420	92
324	1100.0	121.0		117.3		1500	138	0	0	900	123	180	98	120	93	600	88
325	1460.0	114.3		111.2		1800	131	0	0	1380	116	0	0	180	89	1020	87
326	780.0	127.7		123.7		660	153	0	0	1020	131	0	0	300	105	360	91
327	1180.0	117.1		111.4		1260	146	0	0	960	119	0	0	300	102	1020	84
328	980.0	119.2		111.9		1020	150	0	0	840	127	0	0	240	84	840	84
329	860.0	117.9		112.5		840	145	0	0	840	124	0	0	240	89	660	86
330	1020.0	129.1		125.3		1260	150	0	0	1020	126	60	102	240	113	480	92
331	960.0	122.6		119.7		900	138	0	0	1200	124	0	0	300	128	480	87
332	1220.0	119.0		113.6		1260	144	0	0	1320	120	0	0	420	105	660	78
333	1220.0	116.4		112.4		1320	136	0	0	1320	118	0	0	240	111	780	82
334	1000.0	115.5		111.2		780	138	0	0	1140	125	60	117	180	100	840	85
335	820.0	122.6		119.2		600	145	0	0	1140	128	120	107	120	105	480	90
336	1220.0	113.2		110.0		1620	128	0	0	1080	116	0	0	60	84	900	85
337	1420.0	123.8		121.6		1800	139	0	0	1440	120	60	109	660	109	300	86
338	720.0	118.3		112.3		660	143	0	0	720	130	0	0	120	106	660	83
339	1000.0	105.8		100.7		780	129	60	107	960	120	60	98	180	74	960	79
340	1360.0	112.1		109.3		1560	125	60	110	1260	119	60	117	240	96	900	84
341	900.0	124.5		120.6		960	146	0	0	900	127	0	0	300	110	540	90
342	1140.0	112.5		110.4		1380	126	0	0	1080	115	180	95	120	96	660	88
343	1540.0	111.3		109.8		2100	120	60	115	1560	113	0	0	120	93	780	87
344	1120.0	118.3		115.7		1200	135	0	0	1080	119	180	106	240	118	660	90
345	1240.0	117.2		115.7		1500	126	0	0	1140	122	60	118	660	104	360	89
346	980.0	115.3		113.0		960	132	0	0	1080	113	120	98	240	127	540	89
347	1220.0	116.2		113.6		1440	130	0	0	1320	117	0	0	300	111	600	84
348	1180.0	112.5		109.8		1140	132	0	0	1260	114	60	109	300	96	780	88
349	1220.0	122.9		121.3		1260	137	60	119	1440	122	0	0	600	113	300	89
350	1140.0	118.5		116.2		1380	134	0	0	1140	117	180	111	300	100	420	88
351	1600.0	112.3		110.7		1740	125	0	0	1500	114	120	104	840	102	600	87
352	900.0	120.8		118.7		780	139	0	0	1140	122	60	95	360	111	360	92
353	1340.0	112.3		110.6		1440	126	0	0	1260	112	240	111	540	103	540	86
354	1500.0	113.7		111.3		1500	131	0	0	1680	115	60	106	300	103	960	88
355	1240.0	118.0		116.6		1320	131	0	0	1500	115	0	0	540	114	360	89
356	1480.0	114.9		112.9		2160	126	0	0	1140	114	180	106	300	107	660	86
357	1120.0	118.3		115.4		1320	135	0	0	1020	120	60	102	360	107	600	87
358	1060.0	119.9		117.5		1080	138	0	0	1320	119	60	116	420	98	300	90
359	1300.0	122.5		120.5		1740	134	0	0	1320	123	0	0	420	108	420	88
360	1200.0	128.4		125.8		1260	146	0	0	1380	128	0	0	720	113	240	85
361	1500.0	116.7		114.3		2040	129	0	0	1440	118	0	0	360	98	660	86
362	920.0	119.6		116.8		840	136	0	0	840	126	60	111	600	112	420	86
363	1660.0	107.9		104.8		1980	122	0	0	1320	116	120	107	540	87	1020	81
364	1960.0	105.0		104.1		2400	114	120	106	1920	104	120	107	540	97	780	85
365	1040.0	118.5		116.6		1260	131	0	0	900	121	60	111	600	105	300	87
366	1280.0	116.6		113.6		1500	135	0	0	1140	117	60	113	540	98	600	87
367	1120.0	113.9		112.8		1380	121	0	0	1140	117	60	115	300	106	480	91
368	1600.0	102.7		101.0		1740	116	60	103	1320	106	120	99	540	86	1020	85
369	1400.0	103.5		102.8		1680	109	0	0	1140	105	240	109	660	99	480	84
370	1640.0	97.7		97.1		2460	102	0	0	1380	98	240	103	240	80	600	84
371	1560.0	97.8		97.5		1980	103	120	104	1680	95	180	94	480	91	240	87
372	980.0	116.8		115.7		1020	129	0	0	960	117	180	115	720	101	60	99
373	1520.0	99.9		98.3		1800	111	60	105	1560	100	120	97	60	80	960	80
374	1660.0	93.4		91.3		2100	104	0	0	1560	96	120	94	180	74	1020	71
375	1660.0	92.4		91.6		1860	101	120	96	1920	92	0	0	120	78	960	78
376	1600.0	90.5		89.6		1620	97	60	108	1380	95	120	95	660	82	960	77
377	1500.0	94.3		93.8		1980	100	0	0	1260	94	120	92	420	88	720	83
378	1660.0	86.1		85.8		1980	91	0	0	1680	86	0	0	540	82	780	77
379	1840.0	82.6		82.6		2400	83	120	75	1740	84	120	84	660	83	480	77
380	1620.0	82.4		82.3		2040	84	60	83	1860	82	120	81	180	83	600	78
381	1680.0	82.7		82.4		1920	86	120	81	1260	85	180	86	660	77	900	76
382	1660.0	86.3		86.2		1920	87	60	88	1680	87	60	87	660	85	600	83
383	1820.0	85.9		85.9		2340	86	60	92	1860	86	120	92	720	85	360	84
384	1660.0	89.4		89.3		1920	92	60	110	2040	88	60	89	420	89	480	83
385	1660.0	94.8		94.5		2220	99	0	0	1680	93	60	88	600	94	420	82
386	1520.0	92.1		91.9		1920	97	60	89	1620	90	0	0	300	88	660	85
387	1600.0	93.4		93.3		1980	98	0	0	1680	91	180	90	720	91	240	83
388	1720.0	90.1		89.9		2040	93	0	0	1500	92	120	96	1200	85	300	79
389	1540.0	90.3		90.2		1980	94	0	0	1560	89	60	87	840	86	180	83
390	1520.0	94.8		94.7		2040	96	60	105	1440	92	180	96	540	96	300	95
391	1600.0	97.4		96.9		2040	105	0	0	1620	94	60	91	780	90	300	85
392	1600.0	101.1		100.6		1980	107	60	113	1620	100	120	102	660	93	360	86
393	1580.0	98.9		98.8		1980	102	120	103	1620	98	60	103	720	96	240	86
394	1500.0	97.3		97.2		1920	100	0	0	1560	96	60	92	780	96	180	88
395	1540.0	88.5		88.4		1860	91	0	0	1620	89	180	92	600	85	360	78
396	1360.0	75.6		74.8		1680	69	0	0	1620	75	0	0	480	97	300	82
397	1260.0	75.4		75.0		1200	74	0	0	1440	71	60	70	1020	83	60	83
398	780.0	94.9		94.3		660	105	60	98	780	96	60	78	540	88	240	83
399	1340.0	95.0		94.3		1440	105	0	0	1200	94	0	0	720	86	660	85
400	1420.0	93.7		93.1		1680	100	0	0	1260	93	240	101	360	87	720	81
401	1740.0	91.4		91.1		2100	96	60	98	1860	91	60	98	480	84	660	82
402	1440.0	95.5		95.2		1680	102	0	0	1380	93	60	95	780	91	420	86
403	1660.0	86.5		86.0		1860	93	60	71	1800	86	60	81	540	77	660	79
404	1680.0	81.0		80.5		2040	85	0	0	1680	84	60	84	660	69	600	72
405	1740.0	76.6		76.3		2220	75	0	0	1740	76	0	0	960	85	300	65
406	1340.0	71.1		70.8		1620	66	60	70	1380	74	60	77	600	77	300	72
407	1520.0	59.3		58.7		1500	52	60	46	1440	62	120	68	1140	65	300	60
408	1320.0	49.2		42.2		1140	28	180	22	1320	53	120	43	960	71	240	66
409	1580.0	58.6		57.5		1680	49	60	57	1680	60	0	0	960	71	360	64
410	1280.0	73.7		73.7		1500	73	180	74	1140	74	240	77	300	71	480	75
411	1560.0	60.2		59.7		1380	58	180	69	1680	56	60	44	1260	67	120	68
412	1180.0	37.0		29.9		840	21	240	14	1320	32	60	25	960	61	120	63
413	1360.0	44.4		40.6		1500	30	0	0	1320	45	240	46	540	63	480	66
414	1420.0	46.9		41.9		1320	28	120	26	900	56	360	50	900	58	660	59
415	1280.0	45.0		41.5		900	34	60	8	1320	47	60	44	1200	51	300	53
416	1400.0	50.5		50.0		1620	45	0	0	1380	52	60	60	540	57	600	55
417	1500.0	43.2		42.3		1440	35	120	40	1560	45	60	47	840	49	480	52
418	1420.0	40.9		36.7		1440	25	60	23	1440	47	120	46	720	55	480	50
419	1060.0	39.0		31.3		600	16	180	16	1080	40	240	39	780	55	300	54
420	1280.0	34.9		29.6		1080	17	0	0	1440	39	180	40	720	46	420	46
421	1400.0	43.8		43.2		1500	40	60	30	1260	43	240	38	600	51	540	52
422	1220.0	36.2		35.4		1260	31	60	22	1020	36	120	32	600	40	600	46
423	840.0	28.6		22.1		720	26	0	0	420	12	300	12	720	43	360	38
424	920.0	24.7		21.0		900	23	60	20	540	15	240	10	780	34	240	38
425	1260.0	27.9		26.3		1260	26	60	27	1080	21	240	21	720	38	420	38
426	1520.0	34.5		34.2		1560	35	0	0	1380	30	180	31	1140	39	300	38
427	1440.0	44.0		44.0		1440	45	60	43	1740	43	0	0	720	45	360	43
428	880.0	31.8		31.2		780	35	120	23	720	27	120	26	420	36	480	34
429	1300.0	30.3		29.0		1320	27	60	21	1200	25	60	21	660	42	600	37
430	1160.0	31.2		29.6		1260	24	60	22	1080	30	240	34	600	44	240	42
431	1500.0	41.9		41.6		1500	37	60	39	1500	43	120	43	840	47	480	45
432	1300.0	39.3		39.0		1380	35	120	33	1260	41	0	0	780	44	360	42
433	980.0	26.5		23.2		480	13	240	18	600	27	300	19	1080	35	240	32
434	760.0	21.3		19.8		660	20	0	0	540	14	60	12	600	27	420	26
435	1360.0	45.3		45.1		1320	48	120	47	1320	46	120	42	720	42	480	41
436	1180.0	52.3		52.2		1440	54	0	0	1200	52	120	52	240	51	540	49
437	1460.0	55.2		55.1		1440	56	60	62	1500	52	60	53	1020	58	300	57
438	1220.0	58.2		58.2		1320	57	0	0	1140	57	300	58	240	61	660	62
439	1480.0	53.2		53.1		1740	52	0	0	1440	52	180	50	660	58	420	56
440	1220.0	43.8		42.8		1140	47	180	24	1020	42	240	41	840	47	240	42
441	880.0	27.8		26.5		780	23	0	0	540	23	300	22	660	34	360	39
442	1220.0	33.9		33.6		1020	32	60	40	1200	31	180	32	600	39	600	38
443	1380.0	48.2		48.1		1260	45	60	41	1380	49	180	48	840	52	420	49
444	1260.0	59.5		59.3		1320	57	60	49	960	58	120	56	960	63	360	66
445	1560.0	48.6		48.4		1680	48	0	0	1620	46	0	0	960	52	420	53
446	1460.0	49.3		49.2		1440	47	0	0	1740	50	0	0	1020	51	180	51
447	1360.0	41.9		40.9		1200	37	180	44	960	35	240	38	960	50	540	52
448	1480.0	33.4		30.9		1560	31	60	28	1500	25	120	18	780	49	420	49
449	1060.0	33.2		29.9		960	29	60	20	900	25	300	20	420	51	540	49
450	1320.0	40.7		39.8		1200	36	60	40	1260	36	180	41	780	50	480	50
451	1300.0	52.8		52.4		1440	49	60	52	1020	50	300	57	720	58	360	62
452	1180.0	53.3		52.9		1380	49	60	46	1200	54	120	57	420	61	360	58
453	1240.0	54.3		53.9		1440	49	120	48	960	57	240	58	420	60	540	59
454	1320.0	52.6		52.5		1440	50	60	60	1380	54	180	59	420	53	480	53
455	800.0	40.2		35.0		240	17	120	16	720	37	180	38	780	50	360	50
456	1040.0	32.9		29.5		1200	24	0	0	720	25	240	31	600	50	360	51
457	1280.0	27.2		26.0		1140	23	120	26	1020	22	300	25	720	36	540	36
458	1120.0	29.1		27.4		960	27	120	22	1200	23	120	21	540	39	420	43
459	1040.0	22.3		21.3		1140	27	0	0	840	23	240	19	540	15	360	19
460	1040.0	21.8		20.7		1200	27	60	29	660	15	300	17	480	22	420	20
461	800.0	15.4		11.9		960	21	60	16	420	5	180	11	480	16	300	14
462	380.0	10.6		8.7		660	13	120	14	360	5	0	0	0	0	0	0
463	440.0	12.5		11.9		600	12	0	0	360	13	60	23	180	8	120	15
464	1120.0	34.1		34.0		1140	36	120	26	1080	34	240	33	300	33	480	33
465	1200.0	44.2		44.2		1320	44	60	43	1080	45	180	44	780	44	180	43
466	1160.0	48.7		48.6		1320	49	60	45	900	49	300	46	540	51	360	46
467	1220.0	45.3		45.3		1320	44	0	0	1380	45	60	48	600	48	300	47
468	1160.0	40.5		38.0		840	29	120	19	1380	41	60	42	780	51	300	51
469	1300.0	37.5		37.0		1320	32	60	30	1380	41	60	37	600	41	480	39
470	1100.0	27.1		24.7		1140	19	120	17	780	24	240	29	420	41	600	38
471	1040.0	19.7		18.9		960	18	60	14	1260	17	60	14	240	27	540	27
472	1040.0	19.7		18.6		840	21	60	21	960	14	120	14	780	23	360	26
473	740.0	14.1		11.7		960	19	120	20	780	8	60	16	180	7	120	18
474	440.0	10.9		9.6		720	8	0	0	60	5	0	0	180	14	360	16
475	1260.0	38.8		38.8		1440	39	0	0	1380	38	120	37	420	38	420	42
476	1280.0	54.1		54.0		1260	55	240	56	1140	52	360	50	600	59	240	52
477	1240.0	52.0		51.9		1320	51	60	54	1320	50	60	55	480	55	480	57
478	1200.0	43.8		42.8		1080	39	60	17	1200	45	240	44	540	48	480	50
479	1100.0	43.9		42.4		1200	34	0	0	1200	47	180	53	300	53	420	53
480	1380.0	41.6		41.4		1440	39	120	39	1260	43	300	37	540	45	480	45
481	1360.0	42.9		42.9		1380	42	60	40	1260	44	240	42	600	44	540	42
482	1140.0	44.9		44.8		960	47	120	45	1080	45	300	44	420	44	540	42
483	840.0	36.4		35.2		780	33	60	25	600	31	120	26	480	44	480	45
484	1000.0	35.4		35.0		1080	34	60	28	900	32	60	40	600	39	300	44
485	1240.0	42.6		42.1		1200	36	0	0	1200	45	240	47	720	47	360	45
486	1340.0	42.1		41.7		1320	38	60	40	1020	41	420	41	780	49	420	46
487	1000.0	23.1		22.1		1260	24	120	24	600	19	360	15	540	29	120	31
488	1220.0	21.8		21.3		1080	19	180	21	1440	25	60	27	420	17	480	22
489	1380.0	25.8		25.2		1560	26	120	22	1080	30	240	30	540	18	600	24
490	1340.0	29.8		29.5		1500	32	60	36	1260	30	180	32	540	28	480	23
491	820.0	17.8		17.7		960	18	180	19	660	19	60	23	420	16	180	14
492	1380.0	44.1		44.0		1560	44	60	43	1320	46	180	37	540	43	480	43
493	1360.0	40.0		39.8		1560	38	60	37	1440	39	60	34	600	47	360	43
494	1100.0	35.4		30.3		660	19	120	13	1380	33	60	28	720	52	360	50
495	1360.0	41.8		40.8		1320	34	60	34	1440	43	180	42	600	52	480	48
496	1480.0	36.8		36.6		1620	35	60	36	1440	35	240	37	600	42	480	42
497	840.0	19.1		15.5		900	18	180	18	420	7	180	16	480	29	360	25
498	1000.0	21.6		20.9		780	26	60	11	1140	18	120	20	600	22	300	26
499	1440.0	37.9		37.7		1380	40	0	0	1440	37	240	30	540	38	720	38
500	1340.0	46.1		45.9		1380	49	180	52	1320	44	60	42	600	45	480	43
501	900.0	29.6		28.7		900	28	180	23	660	30	240	20	240	38	480	35
502	880.0	29.2		27.1		1140	35	0	0	900	27	120	38	420	16	60	27
503	1440.0	46.8		46.6		1380	51	60	46	1260	46	360	46	540	45	720	42
504	1420.0	50.6		50.5		1500	52	60	51	1380	48	120	48	480	52	720	52
505	1380.0	50.2		50.2		1440	52	120	53	1200	49	240	49	840	50	300	47
506	1440.0	46.5		46.3		1440	49	60	55	1440	43	240	43	660	48	480	48
507	1260.0	33.0		31.5		1560	32	0	0	1080	25	180	27	420	43	540	46
508	1180.0	30.1		25.1		1200	33	180	37	780	13	180	20	660	38	540	40
509	820.0	23.0		19.7		1020	28	180	27	480	12	240	11	240	25	300	29
510	980.0	24.1		23.6		1020	22	60	45	1140	26	60	24	300	18	360	26
511	1280.0	46.4		46.4		1260	47	120	49	1440	47	180	47	240	44	600	44
512	1380.0	53.3		53.2		1320	52	120	51	1440	55	60	65	660	51	540	54
513	1300.0	56.4		56.2		1500	55	120	53	1500	55	60	57	300	65	420	61
514	1020.0	40.1		39.4		1260	35	0	0	1140	44	60	27	300	46	300	43
515	1220.0	29.8		28.2		1140	25	180	16	960	29	240	23	600	38	540	40
516	1340.0	33.6		32.3		1260	28	180	30	1440	31	120	26	420	47	600	45
517	1400.0	37.0		36.1		1620	31	60	31	1320	38	120	32	600	46	480	45
518	1040.0	33.4		32.8		540	31	180	21	720	37	420	35	840	32	420	37
519	660.0	16.1		15.3		840	15	60	23	540	19	180	20	300	10	60	17
520	1260.0	26.0		25.8		1140	24	180	25	1440	27	60	30	420	32	540	23
521	1640.0	45.1		45.0		1500	43	180	41	1680	44	300	47	900	49	360	50
522	1340.0	57.5		57.5		1500	58	0	0	1560	59	180	56	60	54	720	54
523	1420.0	60.9		60.8		1440	58	120	58	1440	62	240	63	420	65	600	62
524	1600.0	58.6		58.6		1860	59	0	0	1680	58	120	59	300	58	840	59
525	1280.0	45.3		43.4		1080	39	60	12	1320	45	300	53	420	50	660	53
526	980.0	38.7		37.5		600	31	120	31	1140	35	240	47	420	48	420	48
527	1320.0	60.8		60.7		1560	57	0	0	1020	62	180	60	480	65	720	65
528	1420.0	62.7		62.5		1680	60	0	0	1440	62	180	57	480	71	480	68
529	1480.0	65.8		65.8		1620	64	60	64	1500	67	0	0	780	66	480	68
530	1240.0	57.8		57.6		1260	55	0	0	1200	58	120	47	540	63	600	61
531	1020.0	47.4		46.5		900	40	0	0	960	45	240	47	300	56	660	57
532	1120.0	31.7		28.6		960	23	0	0	1020	24	240	27	540	50	600	44
533	1540.0	51.7		51.5		1620	50	0	0	1740	50	180	47	660	59	420	56
534	1320.0	64.0		63.8		1560	62	60	50	1200	63	240	71	360	69	540	67
535	1560.0	69.2		69.0		1740	73	120	72	1440	68	300	71	360	63	720	64
536	1420.0	65.8		65.8		1440	67	60	61	1320	67	180	66	600	65	660	62
537	1460.0	54.1		54.0		1680	53	60	51	1260	54	300	52	540	57	540	56
538	1140.0	45.6		44.5		840	36	180	48	1080	47	360	41	420	57	540	51
539	260.0	15.1		9.4		300	5	0	0	300	19	60	20	60	33	60	23
540	300.0	7.0		7.0		540	7	0	0	360	7	0	0	0	0	0	0
541	320.0	7.9		7.0		480	6	60	15	120	5	0	0	240	10	60	14
542	360.0	7.8		7.3		360	8	0	0	360	8	60	14	240	5	60	10
543	300.0	10.3		8.7		300	10	0	0	360	14	0	0	240	5	0	0
544	1180.0	32.1		31.7		1200	35	60	46	1260	32	120	35	600	28	300	25
545	1000.0	44.2		43.9		1020	46	60	32	1140	46	60	48	240	40	480	39
546	1140.0	40.3		40.2		1380	42	0	0	1140	39	0	0	420	42	480	37
547	860.0	32.7		32.0		840	35	180	20	660	36	300	28	240	34	360	31
548	800.0	33.6		33.1		720	32	60	48	720	32	60	50	360	40	480	30
549	1360.0	55.9		55.7		1440	60	60	55	1320	55	180	53	300	55	780	51
550	1280.0	70.8		70.5		1500	75	60	73	1200	72	120	72	360	62	600	63
551	1260.0	73.5		73.3		1140	75	60	63	1440	75	0	0	900	72	240	65
552	1140.0	73.3		73.2		1260	75	0	0	1260	73	60	74	300	73	540	70
553	1240.0	70.8		70.1		1500	64	0	0	1260	71	120	70	480	84	360	81
554	1580.0	66.4		66.4		1680	66	0	0	1560	67	180	68	900	65	420	68
555	1300.0	61.4		61.3		1380	59	180	55	1380	62	180	64	360	65	420	66
556	1100.0	44.7		43.6		960	36	60	47	1080	47	180	35	480	51	540	53
557	300.0	16.5		11.2		120	5	0	0	120	5	0	0	360	22	300	19
558	460.0	8.0		7.9		360	7	0	0	480	8	60	10	360	8	120	10
559	1020.0	27.6		27.1		1080	27	120	42	1020	29	120	33	420	22	300	25
560	1340.0	52.4		51.9		1560	56	60	51	1260	53	180	48	480	51	480	42
561	1220.0	51.8		51.7		1320	54	60	58	1260	53	120	48	120	48	780	47
562	1240.0	61.0		61.0		1380	63	60	66	1080	59	180	57	480	61	540	61
563	1100.0	58.6		58.3		1020	58	60	60	900	55	420	53	420	66	480	65
564	1200.0	53.2		52.3		1200	47	60	33	1140	52	120	50	720	64	360	61
565	1080.0	36.2		31.5		660	20	60	14	840	32	420	29	720	51	540	51
566	1320.0	48.0		47.6		1320	44	0	0	1440	47	180	42	660	56	360	55
567	1260.0	51.9		51.6		1440	48	0	0	1440	52	60	51	360	60	480	57
568	1360.0	55.9		55.6		1440	54	0	0	1320	53	300	53	540	65	480	61
569	1420.0	49.8		49.6		1560	49	60	39	1320	47	240	51	840	54	240	58
570	740.0	23.1		21.2		720	18	180	20	240	13	180	22	360	29	540	32
571	400.0	10.0		8.5		420	14	60	10	420	7	0	0	180	5	120	14
572	340.0	9.5		8.9		600	11	60	12	300	7	0	0	60	5	0	0
573	440.0	11.8		8.4		420	5	0	0	360	8	60	12	300	19	180	23
574	960.0	30.5		29.5		1080	26	120	43	720	27	60	25	600	37	300	38
575	1160.0	47.3		47.3		1440	48	0	0	900	48	240	48	420	47	480	44
576	1140.0	43.3		43.1		1020	43	120	40	960	45	240	51	720	40	360	42
577	740.0	24.8		23.9		660	29	120	28	960	25	60	15	420	18	0	0
578	540.0	16.3		15.7		600	17	60	15	300	11	0	0	300	17	360	19
579	700.0	12.8		12.1		540	9	60	14	720	12	60	16	360	15	360	17
580	1000.0	21.5		21.3		1020	23	180	26	960	21	120	23	300	18	420	19
581	1060.0	38.1		37.2		1020	43	120	40	840	41	240	36	420	34	540	28
582	1200.0	48.1		48.0		1260	49	60	51	1020	49	240	50	240	43	780	46
583	1100.0	52.3		52.0		1320	51	120	52	1080	50	180	49	360	62	240	58
584	1340.0	53.2		53.1		1560	54	60	57	1440	51	60	50	360	54	540	56
585	1260.0	55.6		55.6		1500	54	0	0	1200	56	180	55	300	58	600	58
586	1320.0	52.9		52.9		1560	54	60	50	1260	52	300	51	360	52	420	54
587	1400.0	55.2		55.2		1440	57	60	54	1260	55	180	51	840	54	420	54
588	1240.0	49.1		49.0		1440	48	0	0	1260	50	60	41	540	50	420	50
589	820.0	36.1		34.9		660	34	0	0	840	29	120	35	480	45	360	45
590	200.0	9.8		8.4		60	5	0	0	180	6	0	0	180	11	180	14
591	420.0	9.5		8.1		780	12	0	0	420	5	0	0	0	0	60	9
592	160.0	10.0		9.6		420	9	60	17	0	0	0	0	0	0	0	0
593	380.0	10.3		7.4		480	16	60	17	360	5	0	0	240	5	0	0
594	640.0	11.1		9.7		600	16	0	0	660	7	120	13	300	8	240	13
595	900.0	21.7		18.7		960	30	60	28	840	12	60	12	240	23	540	22
596	1000.0	36.6		36.3		1020	40	0	0	1020	37	240	29	300	32	420	35
597	1180.0	57.3		57.2		1320	60	60	50	1140	57	180	51	300	56	540	55
598	1200.0	58.6		58.5		1320	61	0	0	1200	56	120	56	480	58	480	60
599	1140.0	64.8		64.7		1440	67	0	0	960	64	240	62	360	63	420	62
600	1260.0	58.5		58.4		1560	58	0	0	1020	58	300	57	300	57	600	62
601	1220.0	51.2		50.7		1500	47	60	48	960	51	420	50	240	60	480	62
602	1280.0	51.2		50.9		1440	48	0	0	1380	50	180	52	600	59	240	58
603	1100.0	42.9		41.7		1200	39	120	21	1320	45	0	0	240	51	420	49
604	580.0	28.9		26.4		600	24	0	0	360	19	180	24	240	40	360	42
605	40.0	10.5		7.6		60	5	0	0	0	0	0	0	0	0	60	16
606	180.0	10.2		10.1		180	9	0	0	300	11	60	10	0	0	0	0
607	160.0	5.0		5.0		120	5	0	0	180	5	0	0	180	5	0	0
608	420.0	8.3		7.3		480	12	0	0	420	7	0	0	360	5	0	0
609	980.0	39.9		39.3		1140	45	0	0	1020	39	180	40	120	35	480	31
610	1120.0	60.9		60.3		1440	65	0	0	1020	63	60	57	420	52	420	51
611	1240.0	72.1		72.0		1440	74	0	0	1260	73	120	75	480	68	420	67
612	1200.0	78.2		77.9		1260	82	120	86	1080	79	180	80	540	69	420	74
613	1240.0	78.4		78.2		1500	82	60	97	1380	77	60	73	300	72	420	73
614	1180.0	84.3		84.0		1380	90	60	98	1140	83	60	79	540	76	360	78
615	1220.0	76.5		76.5		1500	78	120	77	1320	76	120	78	180	73	420	74
616	1280.0	84.9		83.8		1680	84	120	81	900	78	180	81	540	110	420	74
617	1320.0	81.7		81.6		1620	85	0	0	1380	80	180	81	360	79	420	77
618	1260.0	92.9		92.7		1500	97	60	96	1380	92	120	94	300	91	420	82
619	920.0	99.8		99.3		1020	107	0	0	960	98	240	101	180	95	360	86
620	1040.0	98.6		98.2		1320	104	0	0	1020	99	180	96	120	83	480	88
621	1200.0	95.6		95.4		1620	99	180	96	1080	96	60	90	360	89	300	85
622	1200.0	92.4		92.3		1740	95	0	0	1200	93	60	91	180	89	420	82
623	1140.0	94.8		94.5		1500	99	0	0	1140	94	0	0	300	94	480	84
624	1080.0	99.0		98.2		1080	107	180	104	720	103	360	98	420	85	480	86
625	1000.0	99.2		98.0		1200	110	0	0	1080	96	120	104	120	79	480	83
626	1180.0	91.6		90.8		1440	96	0	0	1200	96	60	98	300	78	540	77
627	1160.0	82.0		81.7		1620	87	0	0	1020	78	60	75	240	80	540	76
628	1280.0	76.5		76.2		1440	79	60	69	1380	78	180	79	180	69	600	69
629	1220.0	68.4		68.2		1560	68	120	63	1140	67	120	56	360	77	360	72
630	960.0	34.3		33.8		1260	33	120	29	720	40	240	39	60	36	480	28
631	200.0	7.5		6.9		240	5	0	0	300	9	0	0	0	0	60	10
632	400.0	10.7		9.8		420	9	0	0	600	13	60	11	120	5	0	0
633	420.0	10.6		9.5		300	8	0	0	480	15	60	11	360	7	60	9
634	1100.0	33.7		32.0		1020	29	120	13	1320	38	60	39	420	39	360	31
635	1120.0	59.9		59.7		1380	63	60	55	960	60	180	60	240	58	540	53
636	1260.0	68.0		67.7		1440	72	60	80	1080	69	300	66	300	61	600	60
637	1360.0	81.9		81.6		1560	85	0	0	1620	83	120	79	240	73	540	74
638	1280.0	84.5		84.4		1500	86	0	0	1440	84	60	78	480	83	360	83
639	1220.0	79.1		78.8		1320	82	60	77	1320	80	120	89	240	74	600	71
640	1380.0	77.8		77.5		1380	82	120	86	1560	78	240	75	240	75	600	68
641	1360.0	85.1		84.8		1920	80	60	100	1440	90	0	0	360	91	300	84
642	1080.0	96.0		95.6		1440	99	0	0	840	101	60	97	420	88	480	85
643	900.0	100.3		99.8		1020	106	0	0	960	101	60	101	120	101	540	88
644	1140.0	102.2		101.0		1440	113	0	0	1080	100	0	0	240	94	660	85
645	1360.0	95.0		94.5		1620	100	60	113	1260	96	300	96	180	84	660	82
646	1320.0	97.4		97.2		1680	102	0	0	1380	97	180	96	120	88	600	88
647	1260.0	98.3		98.0		1680	103	0	0	1200	98	180	90	180	95	540	88
648	1460.0	99.1		98.8		2100	104	0	0	1440	96	180	98	300	93	360	88
649	1520.0	97.2		96.9		1980	102	0	0	1620	97	60	106	360	86	540	87
650	1160.0	98.7		98.3		1620	105	60	100	720	97	240	94	120	91	720	89
651	1500.0	96.0		95.8		1920	100	60	104	1500	95	180	90	240	92	600	88
652	1180.0	102.9		102.4		1440	109	0	0	960	105	240	99	540	93	360	90
653	1460.0	90.3		90.1		1800	93	0	0	1440	93	0	0	360	84	780	82
654	1420.0	98.3		98.2		1980	101	0	0	1320	98	240	97	420	91	300	93
655	1440.0	101.4		100.7		1860	110	0	0	1200	99	180	99	480	93	600	87
656	1380.0	99.1		98.5		1860	106	60	95	1260	97	180	97	240	88	540	86
657	1300.0	95.0		94.8		1860	98	0	0	1260	95	60	96	60	98	660	86
658	1340.0	95.9		95.5		1860	101	0	0	1320	95	60	95	120	94	660	84
659	900.0	109.5		108.2		660	125	0	0	1380	110	0	0	300	99	360	88
660	1240.0	100.0		99.3		1800	107	0	0	1080	97	300	95	180	97	360	80
661	1500.0	98.1		97.0		1860	107	0	0	1380	99	60	102	360	83	840	83
662	1280.0	100.6		100.3		1740	106	0	0	1380	98	120	99	60	92	540	91
663	1280.0	97.6		96.4		1680	107	0	0	1020	98	120	89	540	88	480	77
664	1300.0	93.6		92.4		1620	105	0	0	1140	90	180	71	240	83	720	83
665	1300.0	100.5		99.8		1560	108	120	115	1260	98	120	103	120	87	720	88
666	1200.0	93.2		92.5		1320	103	120	100	1260	88	60	82	420	91	420	80
667	1260.0	100.9		100.4		1740	107	0	0	1140	99	240	98	180	95	480	87
668	1500.0	94.7		93.4		1680	105	60	114	1440	95	180	92	240	84	900	77
669	1400.0	95.2		94.7		2040	100	0	0	1080	96	180	94	120	87	780	83
670	1560.0	93.9		93.6		1980	98	0	0	1620	94	180	92	300	87	600	84
671	1380.0	98.7		98.3		1860	104	0	0	1140	98	300	99	240	93	600	86
672	1420.0	99.2		98.7		1740	104	60	92	1620	101	0	0	180	92	660	85
673	1440.0	97.5		97.0		1740	104	0	0	1440	98	0	0	480	87	660	87
674	1460.0	94.9		94.6		1860	101	0	0	1560	92	180	92	420	87	360	87
675	1300.0	101.0		100.3		1620	108	60	101	1140	101	180	95	420	96	480	84
676	1500.0	96.8		96.2		1980	103	60	100	1380	97	180	89	60	85	840	84
677	1480.0	88.2		87.9		1980	92	0	0	1320	88	300	85	300	85	540	78
678	1540.0	95.1		94.6		1980	101	60	99	1500	95	60	100	180	84	840	83
679	1440.0	103.1		102.3		1560	113	0	0	1680	102	120	101	540	92	420	86
680	1080.0	102.8		100.0		1260	118	0	0	960	106	60	61	180	83	780	82
681	1500.0	95.3		94.9		1860	101	120	102	1440	93	180	95	240	90	660	85
682	1500.0	99.8		99.0		1440	110	0	0	1740	100	180	95	420	86	720	88
683	1200.0	103.1		102.0		1440	113	60	95	1200	104	0	0	300	90	600	85
684	1720.0	96.7		96.1		2220	104	0	0	1500	96	240	93	360	85	840	85
685	1100.0	102.4		101.5		1080	114	0	0	1320	102	0	0	60	92	840	89
686	1380.0	92.0		91.3		1920	99	60	107	1140	89	120	89	60	83	840	80
687	1460.0	95.7		94.7		1320	108	60	116	1680	94	60	93	540	83	720	85
688	1460.0	101.6		101.1		1860	107	0	0	1320	104	60	99	900	92	240	84
689	1200.0	94.8		94.4		1320	99	60	119	1440	95	240	88	120	88	420	83
690	1520.0	98.1		96.9		1860	107	120	103	1320	100	180	98	120	81	960	80
691	980.0	105.5		103.4		960	125	60	108	1200	102	0	0	60	88	660	85
692	1280.0	102.1		101.0		1380	114	0	0	1380	101	60	106	180	89	840	87
693	1420.0	107.0		105.8		1560	116	0	0	1680	109	120	108	300	93	600	85
694	1360.0	106.6		104.6		1800	117	0	0	1140	112	60	82	300	88	780	84
695	1240.0	102.7		101.4		900	119	0	0	1800	103	0	0	300	92	720	86
696	880.0	102.5		102.0		780	109	0	0	1020	105	60	108	540	92	240	93
697	1260.0	107.4		106.0		1080	122	60	109	1080	111	360	106	300	99	900	89
698	940.0	110.9		110.0		540	125	0	0	1380	113	60	111	420	104	420	93
699	860.0	117.4		116.3		540	134	0	0	1080	120	0	0	840	107	120	92
700	880.0	116.8		115.0		780	132	0	0	1200	118	60	109	300	104	300	87
701	800.0	116.3		114.8		540	138	0	0	1080	116	60	103	420	104	300	98
702	840.0	112.7		110.2		480	135	0	0	1260	117	60	119	60	111	660	88
703	1080.0	109.6		107.0		960	131	0	0	1320	109	0	0	480	95	480	83
704	1140.0	111.9		109.3		960	131	0	0	1440	114	120	107	180	109	720	84
705	1040.0	117.3		116.6		780	127	0	0	1440	119	60	102	600	111	240	95
706	1080.0	121.3		117.6		1020	146	0	0	1200	123	60	88	360	102	600	91
707	1160.0	142.3		138.6		1560	163	0	0	960	140	0	0	660	115	300	102
708	700.0	137.7		133.7		960	159	0	0	660	131	0	0	180	117	300	97
709	780.0	124.8		120.1		540	156	0	0	960	131	0	0	180	119	660	92
710	740.0	128.0		123.3		420	161	0	0	1020	136	60	104	360	110	360	89
711	1420.0	122.7		119.0		1860	142	0	0	1380	120	0	0	180	102	840	89
712	740.0	140.2		134.7		780	171	0	0	840	137	0	0	240	118	360	96
713	1360.0	127.2		124.0		1500	147	0	0	1680	124	0	0	420	114	480	88
714	1000.0	126.0		122.4		1080	147	0	0	1020	128	0	0	480	106	420	90
715	860.0	128.9		125.4		1080	146	0	0	720	130	60	117	360	117	360	89
716	1120.0	134.6		128.9		1140	163	0	0	1140	138	60	112	480	112	540	90
717	720.0	128.6		127.0		720	140	0	0	1020	131	0	0	60	118	360	101
718	1160.0	106.5		105.2		1500	117	0	0	660	109	240	101	240	101	840	89
719	840.0	121.2		116.8		660	146	0	0	1020	129	60	113	300	95	480	88
720	680.0	130.4		127.7		600	151	0	0	840	131	0	0	480	115	120	85
721	640.0	125.8		123.6		420	149	0	0	960	127	0	0	180	121	360	98
722	900.0	121.1		118.8		840	139	0	0	1020	124	120	107	300	103	420	95
723	980.0	126.9		125.5		720	146	0	0	1380	125	0	0	540	121	300	100
724	800.0	119.4		115.2		540	139	0	0	960	129	0	0	420	115	480	82
725	1220.0	108.9		105.3		1380	129	0	0	1140	109	180	106	180	83	780	80
726	1360.0	116.6		112.5		1500	134	60	119	1380	123	0	0	180	101	960	83
727	360.0	125.1		122.9		180	150	0	0	360	131	0	0	300	123	240	100
728	1040.0	112.7		109.0		1020	132	0	0	840	123	120	109	300	94	840	86
729	1100.0	120.1		118.6		960	132	0	0	1560	122	0	0	300	115	480	93
730	960.0	119.2		116.4		960	134	0	0	900	128	120	95	420	108	480	89
731	1160.0	116.3		111.9		1260	130	0	0	1020	128	240	106	300	111	660	78
732	1140.0	117.5		114.6		1020	135	0	0	1560	120	120	106	120	109	600	85
733	1200.0	124.3		120.8		1140	145	0	0	1560	125	0	0	360	113	540	86
734	940.0	122.0		116.3		840	148	0	0	1020	131	0	0	420	98	540	83
735	1180.0	122.4		118.6		1080	144	0	0	1500	124	0	0	240	121	720	87
736	1180.0	124.3		120.4		1260	144	0	0	1320	128	60	113	180	105	720	89
737	1020.0	129.4		124.8		900	159	0	0	1200	132	0	0	360	104	600	95
738	580.0	123.8		119.1		480	156	0	0	600	124	0	0	300	115	360	88
739	920.0	136.5		129.7		1020	165	0	0	960	138	0	0	300	114	480	87
740	760.0	126.6		122.1		540	163	0	0	780	131	0	0	420	111	540	96
741	680.0	122.1		115.6		600	161	0	0	480	127	240	99	180	109	540	89
742	820.0	131.9		128.5		420	155	0	0	1140	142	0	0	540	118	360	94
743	860.0	125.3		119.8		900	152	0	0	900	128	0	0	60	120	720	89
744	940.0	137.6		131.7		1020	165	0	0	960	141	60	91	420	107	360	94
745	680.0	136.0		131.3		600	163	0	0	900	136	0	0	180	132	360	93
746	840.0	141.5		135.8		960	171	0	0	600	143	0	0	780	116	180	89
747	760.0	136.9		129.6		540	184	0	0	1020	138	0	0	300	111	420	92
748	940.0	142.8		139.1		1020	159	0	0	900	150	60	98	660	127	180	88
749	960.0	131.2		126.2		960	156	0	0	1200	134	60	108	120	103	540	90
750	900.0	137.3		133.6		960	155	0	0	1260	139	0	0	120	111	360	93
751	900.0	131.1		127.8		540	161	0	0	1200	136	60	119	660	113	240	92
752	1180.0	130.9		126.0		1200	158	0	0	1380	131	60	96	300	109	600	91
753	840.0	142.7		138.1		1080	161	0	0	780	144	60	90	420	125	180	86
754	1040.0	133.0		130.2		1140	149	0	0	1260	134	240	104	240	124	240	90
755	1040.0	133.4		129.0		1380	153	0	0	1080	130	60	88	180	123	420	89
756	1260.0	123.7		119.1		1680	143	0	0	1020	126	120	99	240	104	720	86
757	860.0	127.7		124.3		660	154	0	0	960	132	60	115	480	114	420	94
758	940.0	125.0		118.5		1020	155	60	116	720	131	240	101	60	81	720	89
759	920.0	132.2		127.1		1080	158	0	0	1140	127	0	0	60	106	480	90
760	800.0	135.6		130.4		480	178	0	0	1320	135	0	0	420	111	180	84
761	1000.0	139.9		133.6		840	175	0	0	1320	143	0	0	540	104	300	93
762	700.0	138.0		130.5		660	168	0	0	720	140	0	0	360	134	360	83
763	860.0	129.2		123.2		840	156	0	0	900	130	0	0	360	126	480	83
764	1080.0	135.0		129.6		1020	161	0	0	1260	141	60	113	300	112	600	92
765	1040.0	128.2		120.3		1140	158	0	0	900	136	60	90	120	123	900	86
766	1040.0	122.6		116.3		720	158	0	0	1260	132	60	101	480	93	600	86
767	1060.0	132.2		127.6		1080	157	0	0	1140	130	0	0	480	126	480	88
768	1300.0	130.9		126.1		1320	160	0	0	1380	127	60	118	660	113	480	88
769	680.0	121.9		115.7		420	157	0	0	660	140	0	0	600	99	360	86
770	1040.0	118.5		112.4		840	152	0	0	960	128	0	0	180	111	1140	87
771	900.0	131.5		126.0		900	160	0	0	1080	131	0	0	180	116	540	90
772	1140.0	130.6		127.0		1140	153	0	0	1380	132	0	0	420	107	480	94
773	1100.0	133.1		129.8		1200	149	0	0	1380	135	0	0	360	118	360	88
774	900.0	120.3		114.5		900	144	0	0	720	133	120	98	180	119	780	85
775	880.0	136.6		129.5		780	173	0	0	1080	137	0	0	300	118	480	88
776	980.0	128.0		122.0		1020	157	0	0	900	133	120	103	120	110	780	91
777	1020.0	138.5		133.1		1020	170	0	0	1320	132	0	0	300	126	420	91
778	920.0	130.8		124.6		720	170	0	0	1200	132	0	0	420	101	420	90
779	760.0	141.5		138.4		480	163	0	0	1140	145	0	0	540	128	120	83
780	780.0	121.6		117.8		480	153	0	0	780	127	60	100	600	115	420	88
781	1080.0	129.9		125.0		1260	153	0	0	1020	133	60	99	180	113	720	92
782	800.0	123.5		119.9		360	148	0	0	1080	133	60	118	420	118	480	89
783	820.0	146.7		141.8		780	170	0	0	1080	150	60	115	300	125	240	91
784	840.0	126.9		121.4		660	158	0	0	960	134	120	94	240	112	540	90
785	760.0	143.6		139.9		660	166	0	0	960	146	0	0	480	128	180	90
786	660.0	136.9		132.0		300	174	0	0	1020	146	60	112	420	112	180	90
787	740.0	141.5		135.6		720	177	0	0	780	140	0	0	540	113	180	92
788	800.0	122.7		117.3		480	159	0	0	780	135	120	92	360	116	660	91
789	940.0	139.9		136.5		840	166	0	0	1440	137	0	0	240	120	300	97
790	880.0	134.0		130.1		720	163	0	0	1140	135	0	0	660	109	120	87
791	740.0	131.3		125.9		480	170	0	0	900	137	0	0	480	112	360	91
792	760.0	143.5		140.5		540	175	0	0	1080	142	0	0	420	129	240	105
793	1080.0	122.4		117.2		1080	151	0	0	1200	123	0	0	180	87	780	90
794	980.0	132.1		126.3		780	171	0	0	1020	135	0	0	720	110	420	91
795	1220.0	130.9		126.3		1200	154	0	0	1320	136	0	0	600	111	540	89
796	540.0	143.6		138.8		300	189	0	0	780	147	0	0	420	117	120	101
797	600.0	131.6		127.8		360	160	0	0	840	138	0	0	300	116	300	95
798	760.0	141.3		135.5		780	172	0	0	840	140	0	0	360	119	300	92
799	740.0	126.1		120.5		360	163	0	0	960	138	60	107	360	113	480	87
800	820.0	130.7		124.2		540	171	0	0	1080	138	60	107	300	95	480	94
801	840.0	143.7		134.9		720	181	0	0	960	155	0	0	300	102	540	97
802	740.0	133.8		129.8		480	157	0	0	1080	140	60	114	180	134	420	94
803	740.0	143.9		137.9		600	181	0	0	960	144	0	0	300	127	360	96
804	880.0	127.2		121.7		540	161	0	0	1140	136	0	0	360	112	600	89
805	620.0	147.5		142.8		480	185	0	0	840	145	0	0	420	125	120	94
806	740.0	139.0		135.3		600	159	0	0	840	149	60	100	540	121	180	93
807	1060.0	131.0		125.7		1020	162	0	0	1200	131	60	110	420	103	480	92
808	700.0	126.9		120.6		480	169	0	0	780	134	0	0	300	104	540	92
809	980.0	141.4		135.3		960	175	0	0	1200	139	0	0	480	113	300	89
810	620.0	135.2		131.5		300	174	0	0	960	139	0	0	420	116	180	95
811	840.0	132.6		128.1		600	164	0	0	1020	137	60	110	420	120	420	93
812	720.0	122.4		116.9		300	156	0	0	780	144	60	119	360	104	660	92
813	920.0	149.1		144.3		900	181	0	0	1080	147	0	0	720	117	60	92
814	720.0	136.9		131.3		360	161	0	0	960	148	120	101	300	148	420	93
815	820.0	151.0		144.1		840	182	0	0	1140	149	0	0	180	119	300	91
816	800.0	134.3		129.4		420	174	0	0	1080	141	60	113	480	118	360	93
817	580.0	134.4		130.5		300	163	0	0	780	144	0	0	420	120	240	93
818	680.0	133.7		128.7		540	167	0	0	840	135	0	0	300	119	360	93
819	1060.0	124.1		120.1		1020	145	0	0	1200	129	60	90	240	116	660	89
820	1020.0	137.5		130.7		900	170	0	0	1140	146	0	0	480	105	540	94
821	840.0	134.2		129.9		600	165	0	0	1020	139	0	0	600	117	300	91
822	680.0	136.4		129.2		540	175	0	0	720	137	0	0	300	138	480	91
823	820.0	133.0		126.7		660	172	0	0	900	137	0	0	540	106	360	92
824	760.0	135.4		128.9		600	170	0	0	960	139	0	0	300	121	420	88
825	480.0	134.7		129.7		240	178	0	0	600	141	0	0	420	120	180	90
826	460.0	136.5		129.0		120	197	0	0	780	149	0	0	120	128	360	92
827	940.0	126.0		113.3		840	172	0	0	720	144	60	116	180	103	1020	80
828	900.0	145.3		136.2		1020	179	0	0	1020	145	0	0	120	110	540	90
829	600.0	125.1		120.7		120	151	0	0	780	140	0	0	480	127	420	88
830	660.0	128.1		122.0		420	169	0	0	660	138	0	0	480	113	420	89
831	640.0	125.8		120.5		420	160	0	0	720	136	60	109	180	109	540	93
832	1020.0	130.7		126.7		960	156	0	0	1140	132	60	111	600	111	300	88
833	820.0	128.9		124.5		660	158	0	0	1080	130	0	0	360	113	360	88
834	1000.0	124.9		120.9		840	149	0	0	1200	129	0	0	240	122	720	91
835	800.0	129.0		123.6		600	160	0	0	900	136	60	118	300	118	540	90
836	640.0	135.3		130.0		360	174	0	0	960	140	0	0	240	122	360	93
837	800.0	119.5		114.8		600	143	0	0	780	132	60	97	240	120	720	88
838	780.0	121.6		114.9		600	164	0	0	540	132	120	109	300	105	780	90
839	720.0	142.4		136.5		660	177	0	0	1020	138	0	0	180	125	300	92
840	1000.0	124.4		120.3		780	151	0	0	1080	132	0	0	480	107	660	93
841	740.0	138.5		131.9		540	170	0	0	1020	147	60	118	240	111	360	89
842	1000.0	137.4		133.1		900	165	0	0	1260	139	0	0	540	111	300	95
843	960.0	128.7		124.1		1200	150	0	0	840	131	0	0	360	104	480	90
844	760.0	127.9		124.7		420	152	0	0	1020	137	0	0	540	112	300	92
845	680.0	129.1		123.1		600	157	0	0	720	136	60	102	180	127	480	88
846	780.0	136.2		129.2		540	184	0	0	960	139	0	0	360	112	480	95
847	680.0	128.6		120.4		600	169	0	0	480	143	60	92	480	104	420	88
848	900.0	149.8		144.3		1260	172	0	0	840	147	60	110	300	119	240	92
849	920.0	137.4		133.2		780	160	0	0	1320	141	0	0	300	117	360	92
850	780.0	132.6		126.1		600	170	0	0	840	138	0	0	300	124	600	92
851	780.0	132.8		127.1		780	161	0	0	720	130	180	105	180	156	480	93
852	1000.0	123.6		121.3		840	141	0	0	1140	129	60	99	540	110	420	95
853	400.0	143.0		139.2		180	160	0	0	480	160	0	0	480	127	60	84
854	920.0	132.0		122.9		780	175	60	112	840	137	180	87	300	127	600	87
855	720.0	140.4		135.0		600	171	0	0	900	143	0	0	420	121	240	88
856	720.0	136.2		130.1		480	171	0	0	1020	142	0	0	240	123	420	90
857	960.0	127.9		122.3		840	156	0	0	960	136	120	98	180	129	780	92
858	900.0	133.2		126.1		840	168	0	0	840	138	0	0	420	117	600	89
859	860.0	142.7		139.4		900	163	0	0	1020	143	0	0	420	125	240	96
860	780.0	133.1		129.2		660	160	0	0	1020	134	0	0	300	118	360	94
861	1000.0	127.0		120.7		840	163	0	0	1020	132	60	118	240	112	840	90
862	720.0	123.2		119.3		540	148	0	0	960	128	60	109	120	118	480	89
863	1060.0	133.3		130.3		1260	148	0	0	1320	134	0	0	300	114	300	88
864	760.0	128.0		123.4		600	156	0	0	780	134	60	113	420	118	420	89
865	740.0	141.5		137.8		720	167	0	0	1020	138	0	0	240	124	240	97
866	820.0	131.7		126.3		840	159	0	0	960	131	0	0	180	122	480	89
867	740.0	132.8		125.8		480	163	0	0	900	149	60	118	180	115	600	91
868	800.0	124.5		120.1		540	160	0	0	840	126	180	118	360	117	480	90
869	940.0	129.3		124.5		900	155	0	0	1080	132	120	98	360	111	360	86
870	640.0	125.9		120.3		480	156	0	0	720	136	60	91	180	113	480	90
871	620.0	140.6		135.1		420	185	0	0	660	141	0	0	600	124	180	91
872	880.0	140.1		135.6		900	162	0	0	960	143	0	0	420	128	360	92
873	840.0	136.8		131.7		960	154	0	0	900	138	60	95	240	149	360	87
874	740.0	133.3		126.7		600	167	0	0	840	140	60	110	300	115	420	88
875	840.0	127.4		123.6		720	151	0	0	900	134	60	103	360	112	480	94
876	1020.0	128.0		124.5		960	154	0	0	1080	128	60	95	420	113	540	97
877	740.0	138.6		133.9		840	160	0	0	660	146	0	0	480	115	240	91
878	1100.0	119.5		114.8		1260	147	0	0	660	120	240	95	420	97	720	92
879	740.0	135.5		130.2		480	173	0	0	840	144	0	0	600	115	300	93
880	500.0	140.5		136.9		180	182	0	0	660	150	0	0	600	123	60	87
881	540.0	129.3		123.8		240	175	0	0	720	137	0	0	300	120	360	91
882	800.0	129.2		123.0		840	158	0	0	900	131	0	0	0	0	660	90
883	620.0	127.8		123.9		300	154	0	0	900	133	0	0	360	128	300	86
884	1280.0	121.6		118.0		1380	146	0	0	1620	116	0	0	300	96	540	90
885	540.0	126.8		119.8		300	163	0	0	480	147	60	114	240	127	540	90
886	800.0	138.7		131.1		720	173	0	0	780	150	60	114	420	109	420	92
887	800.0	136.4		128.8		660	171	0	0	780	136	0	0	420	145	540	88
888	840.0	132.8		128.2		1020	153	0	0	840	135	0	0	180	120	480	91
889	900.0	139.2		134.1		720	171	0	0	1080	142	120	93	480	125	300	94
890	680.0	140.7		137.1		420	181	0	0	780	143	0	0	780	119	60	110
891	900.0	133.4		127.2		780	164	0	0	1020	139	0	0	180	130	720	93
892	900.0	125.7		120.5		720	151	0	0	960	137	60	107	300	113	660	89
893	600.0	134.0		130.3		420	155	0	0	840	137	0	0	300	132	240	89
894	660.0	133.5		123.6		360	171	0	0	1020	148	60	91	60	62	480	89
895	820.0	138.5		132.9		540	175	0	0	1140	145	60	107	360	112	360	95
896	860.0	126.0		121.4		840	148	0	0	900	134	120	84	120	114	600	94
897	660.0	134.0		126.8		360	174	0	0	960	145	0	0	240	109	420	89
898	680.0	128.9		122.3		480	169	0	0	780	137	60	107	240	104	480	91
899	760.0	136.9		129.8		660	169	0	0	780	144	60	94	420	123	360	86
900	840.0	139.5		137.0		840	160	0	0	960	136	0	0	600	126	120	91
901	700.0	126.8		122.3		420	140	0	0	960	144	60	92	120	108	540	94
902	760.0	138.8		134.2		720	163	0	0	780	144	0	0	540	121	240	89
903	600.0	126.7		119.0		600	161	0	0	540	134	60	92	180	95	420	87
904	940.0	131.3		125.4		960	156	0	0	1020	136	120	103	300	115	420	83
905	920.0	134.0		130.1		720	163	0	0	1140	136	60	103	540	118	300	92
906	800.0	127.0		121.1		480	155	0	0	840	147	180	101	300	114	600	91
907	680.0	128.7		120.0		660	170	0	0	660	127	0	0	60	141	660	88
908	560.0	132.1		124.9		420	178	0	0	660	133	0	0	180	115	420	92
909	1080.0	129.7		122.8		1080	163	0	0	1200	130	60	118	60	105	840	89
910	800.0	132.0		124.8		600	166	0	0	1140	139	0	0	0	0	660	89
911	780.0	126.1		122.6		600	151	0	0	900	130	60	113	360	118	420	91
912	800.0	134.8		129.3		660	167	0	0	840	137	120	112	360	129	420	91
913	540.0	146.6		144.3		420	174	0	0	600	146	0	0	540	130	60	109
914	760.0	137.2		133.3		420	164	0	0	900	148	0	0	720	123	240	92
915	740.0	136.3		132.3		600	162	0	0	900	142	0	0	540	113	180	92
916	820.0	138.0		132.0		780	173	0	0	1080	132	60	97	120	139	420	94
917	1180.0	130.9		125.0		1380	160	0	0	900	131	120	106	480	108	660	91
918	620.0	142.9		137.6		360	186	0	0	840	148	0	0	540	118	120	90
919	720.0	127.9		124.6		180	157	0	0	1140	139	0	0	540	116	300	90
920	540.0	133.3		127.7		300	168	0	0	600	146	0	0	480	119	240	87
921	760.0	153.5		148.6		480	195	0	0	1080	156	0	0	600	127	120	97
922	640.0	138.5		132.5		480	172	0	0	780	142	0	0	240	138	420	94
923	780.0	137.3		132.5		600	172	0	0	720	138	60	92	720	127	240	91
924	720.0	138.9		135.3		480	166	0	0	960	145	0	0	540	119	180	94
925	640.0	137.0		128.0		480	191	0	0	600	141	60	111	360	115	420	92
926	800.0	129.8		125.0		480	162	0	0	960	137	60	103	360	127	540	93
927	600.0	144.8		140.1		300	190	0	0	660	155	0	0	780	123	60	90
928	580.0	131.8		125.8		360	176	0	0	660	136	0	0	420	118	300	89
929	900.0	137.4		132.9		900	155	0	0	1140	145	0	0	360	110	300	89
930	740.0	133.0		125.1		480	180	0	0	900	141	0	0	360	109	480	89
931	580.0	129.4		123.8		420	170	0	0	660	133	0	0	120	114	540	97
932	520.0	137.8		132.9		240	191	0	0	720	142	0	0	420	117	180	99
933	720.0	137.8		127.6		600	176	0	0	840	151	0	0	180	89	540	91
934	780.0	147.3		142.5		720	174	0	0	900	152	0	0	540	122	180	93
935	740.0	141.9		137.2		540	173	0	0	1080	146	0	0	420	112	180	94
936	860.0	143.6		137.7		780	174	0	0	1140	145	0	0	300	121	360	92
937	840.0	137.6		132.6		960	160	0	0	780	144	60	92	420	113	300	93
938	680.0	132.9		126.7		540	167	0	0	540	138	120	93	480	131	360	90
939	680.0	131.0		122.7		540	173	0	0	600	143	0	0	420	109	480	88
940	660.0	141.2		135.9		420	191	0	0	660	144	0	0	780	118	120	102
941	720.0	132.5		126.1		600	160	0	0	780	143	60	111	180	130	540	90
942	640.0	124.7		121.3		540	152	0	0	720	125	0	0	420	109	240	90
943	680.0	133.6		130.4		720	156	0	0	900	128	0	0	240	120	180	90
944	720.0	134.4		130.4		600	154	0	0	960	141	0	0	360	115	240	88
945	720.0	120.1		115.1		600	158	0	0	780	117	180	93	180	100	420	92
946	740.0	122.7		119.0		600	149	0	0	660	126	60	105	480	117	420	89
947	480.0	121.0		118.2		180	146	0	0	660	132	60	119	300	102	240	96
948	600.0	122.9		118.9		360	151	0	0	840	130	0	0	360	102	240	87
949	640.0	127.7		125.4		420	147	0	0	780	135	0	0	600	112	120	91
950	1120.0	110.4		108.5		1380	124	0	0	1020	111	240	95	180	91	540	88
951	700.0	107.7		105.8		600	125	0	0	960	108	60	96	120	89	360	86
952	620.0	116.1		114.6		240	136	0	0	840	121	180	111	420	109	180	88
953	860.0	111.9		110.5		360	129	0	0	1140	119	0	0	600	104	480	92
954	640.0	111.1		110.0		240	135	0	0	840	113	60	107	480	107	300	94
955	680.0	109.6		108.5		120	130	0	0	900	118	60	114	720	102	240	90
956	700.0	120.1		118.9		660	135	0	0	780	119	60	119	480	107	120	98
957	720.0	123.3		121.4		420	151	0	0	960	123	60	119	600	111	120	93
958	1000.0	120.6		117.5		840	143	0	0	1200	120	60	94	360	122	540	89
959	760.0	133.5		130.8		780	152	0	0	780	137	0	0	480	116	240	97
960	760.0	127.0		124.0		660	148	0	0	960	129	0	0	420	111	240	89
961	780.0	129.9		125.5		660	157	0	0	960	133	60	95	480	108	180	84
962	820.0	127.6		122.4		720	149	0	0	720	140	120	92	360	128	540	90
963	660.0	123.2		117.2		180	173	0	0	840	143	0	0	480	102	480	91
964	860.0	117.0		114.0		660	138	0	0	600	133	120	101	600	104	600	94
965	620.0	127.9		125.3		300	148	0	0	780	131	0	0	480	132	300	93
966	480.0	133.8		129.3		420	166	0	0	600	131	0	0	180	120	240	95
967	960.0	133.8		129.3		1080	157	0	0	1200	132	0	0	300	100	300	91
968	860.0	127.6		122.5		780	156	0	0	1080	130	0	0	120	110	600	90
969	1000.0	120.5		117.4		960	139	0	0	1080	126	120	107	300	104	540	89
970	1160.0	128.7		125.0		1200	152	0	0	1140	128	180	105	540	117	420	89
971	840.0	134.7		128.9		840	161	0	0	960	139	0	0	240	115	480	90
972	960.0	126.8		121.5		960	152	0	0	960	134	60	100	240	105	660	90
973	660.0	132.8		126.8		540	170	0	0	720	135	0	0	300	116	420	93
974	740.0	145.5		142.8		480	173	0	0	960	149	0	0	720	127	60	91
975	940.0	121.8		117.6		1020	143	0	0	960	125	60	104	120	111	660	88
976	760.0	128.1		123.3		660	151	0	0	960	134	0	0	240	113	420	87
977	500.0	119.7		113.2		300	150	0	0	540	139	0	0	180	101	480	86
978	780.0	130.2		126.5		600	158	0	0	1140	131	0	0	180	114	420	95
979	760.0	127.3		121.4		540	163	0	0	1020	131	60	95	120	123	540	89
980	860.0	131.7		125.1		780	165	0	0	840	140	120	103	420	102	420	91
981	720.0	135.0		133.2		600	152	0	0	900	137	60	109	480	123	120	96
982	560.0	126.8		123.4		240	154	0	0	780	137	0	0	420	112	240	92
983	900.0	127.5		124.2		600	151	0	0	1260	134	0	0	420	109	420	93
984	740.0	119.7		114.4		540	157	0	0	660	128	60	113	480	97	480	90
985	720.0	131.9		124.5		540	175	0	0	840	135	0	0	300	116	480	88
986	780.0	139.4		136.4		660	165	0	0	960	137	0	0	540	127	180	95
987	980.0	128.1		124.0		960	147	0	0	1200	133	0	0	300	114	480	87
988	720.0	130.2		122.9		660	161	0	0	780	140	120	106	120	87	480	89
989	600.0	139.9		134.3		540	175	0	0	720	137	0	0	300	121	240	93
990	580.0	127.5		122.4		300	168	0	0	540	136	60	91	540	122	300	89
991	760.0	131.6		127.8		720	154	0	0	900	135	60	117	300	110	300	92
992	900.0	139.6		133.6		960	172	0	0	960	136	60	107	420	113	300	91
993	880.0	129.2		123.8		780	163	0	0	900	131	60	100	180	121	720	95
994	780.0	135.9		129.1		600	175	0	0	960	140	0	0	240	118	540	93
995	900.0	132.9		127.8		780	164	0	0	1200	132	0	0	300	117	420	89
996	520.0	128.9		123.4		180	174	0	0	660	142	60	90	300	124	360	93
997	1240.0	126.8		123.2		1200	150	0	0	1260	129	240	108	360	116	660	93
998	700.0	129.6		124.0		480	169	0	0	840	134	0	0	360	112	420	91
999	680.0	137.5		131.9		480	170	0	0	1080	141	0	0	180	109	300	90
1000	560.0	134.4		126.2		540	173	0	0	660	134	60	105	240	89	180	90
1001	680.0	130.5		127.6		300	164	0	0	1080	134	0	0	480	116	180	92
1002	780.0	133.8		131.0		780	152	0	0	960	133	0	0	360	125	240	91
1003	640.0	123.2		120.2		480	144	0	0	660	131	60	92	480	112	240	90
1004	560.0	128.2		121.1		300	160	0	0	840	142	0	0	60	107	480	87
1005	640.0	141.1		135.4		480	178	0	0	900	141	0	0	300	123	240	90
1006	740.0	133.2		129.7		540	163	0	0	960	133	60	118	420	121	240	92
1007	800.0	131.4		128.0		420	153	0	0	1260	140	0	0	300	116	420	95
1008	920.0	127.4		121.3		1020	158	0	0	840	127	0	0	360	96	540	91
1009	640.0	128.1		122.0		660	154	0	0	600	136	60	102	60	133	540	90
1010	900.0	135.7		131.7		600	163	0	0	1260	138	60	114	480	128	300	88
1011	800.0	131.5		126.9		720	155	0	0	1020	135	60	112	180	123	420	89
1012	920.0	123.7		120.7		900	141	0	0	960	130	60	97	420	110	420	90
1013	580.0	143.8		136.3		300	179	0	0	660	158	0	0	480	137	300	88
1014	900.0	139.1		136.1		720	160	0	0	1020	148	120	109	600	119	240	104
1015	740.0	138.6		134.0		600	167	0	0	1080	140	0	0	240	118	300	93
1016	760.0	134.5		129.6		720	156	0	0	720	144	60	92	360	128	420	93
1017	660.0	125.5		122.3		240	159	0	0	960	134	0	0	420	114	360	94
1018	1080.0	134.7		130.6		1140	156	0	0	1320	134	0	0	360	123	420	89
1019	620.0	131.0		123.7		360	171	0	0	840	143	0	0	300	101	360	88
1020	660.0	130.7		125.6		480	164	0	0	780	137	60	101	300	112	360	93
1021	520.0	133.0		128.7		240	172	0	0	660	142	0	0	480	116	180	93
1022	800.0	136.9		134.6		660	160	0	0	960	138	0	0	600	120	180	103
1023	1080.0	136.0		130.5		1140	163	0	0	1260	137	60	115	180	108	600	93
1024	680.0	135.1		128.8		600	173	0	0	600	138	0	0	420	118	420	94
1025	700.0	131.8		127.1		600	160	0	0	720	137	60	92	480	115	240	89
1026	900.0	129.2		124.7		840	153	0	0	1020	134	60	96	240	117	540	92
1027	800.0	143.5		138.1		660	175	0	0	900	147	0	0	420	133	420	97
1028	760.0	130.2		124.2		540	172	0	0	840	133	120	107	240	122	540	93
1029	580.0	143.5		140.5		180	181	0	0	960	150	0	0	480	128	120	97
1030	960.0	130.9		127.0		1080	152	0	0	1020	132	60	109	120	122	600	95
1031	880.0	135.2		128.6		780	173	0	0	1020	135	60	113	240	116	540	92
1032	860.0	133.7		127.8		540	178	0	0	1020	137	0	0	600	119	420	90
1033	960.0	138.0		134.7		780	168	0	0	1200	138	0	0	780	114	120	100
1034	880.0	140.5		134.2		960	168	0	0	900	142	60	101	300	127	420	90
1035	640.0	149.9		146.2		480	180	0	0	780	156	0	0	600	122	60	109
1036	1000.0	130.0		125.9		1140	148	0	0	1080	135	120	91	240	112	420	90
1037	780.0	139.4		133.8		720	171	0	0	720	140	60	118	540	127	300	89
1038	660.0	137.2		129.8		420	182	0	0	780	145	0	0	360	122	420	91
1039	880.0	139.0		135.5		720	168	0	0	1140	138	0	0	660	118	120	89
1040	740.0	136.3		131.7		480	172	0	0	1140	139	0	0	300	107	300	98
1041	1100.0	130.2		123.6		1260	159	0	0	900	135	180	94	420	102	540	89
1042	940.0	118.7		115.9		960	130	0	0	840	133	240	97	360	103	420	90
1043	580.0	140.0		131.6		540	179	0	0	600	144	0	0	300	114	300	88
1044	720.0	142.2		135.6		480	185	0	0	1080	145	0	0	300	113	300	93
1045	560.0	127.0		121.5		420	153	0	0	780	136	60	95	0	0	420	89
1046	920.0	131.5		126.8		720	153	0	0	1080	143	120	115	360	115	480	90
1047	820.0	139.4		133.6		900	166	0	0	780	144	0	0	480	113	300	90
1048	700.0	141.8		135.0		420	177	0	0	840	156	0	0	540	121	300	90
1049	560.0	154.4		148.8		480	189	0	0	900	150	0	0	180	127	120	90
1050	560.0	129.5		119.8		240	192	0	0	780	142	0	0	60	131	600	88
1051	740.0	146.4		141.0		960	173	0	0	540	140	60	92	540	124	120	90
1052	720.0	137.6		133.0		720	170	0	0	840	130	0	0	300	121	300	98
1053	780.0	149.3		147.1		600	170	0	0	1020	153	0	0	600	130	120	110
1054	820.0	131.0		124.1		720	164	0	0	900	139	60	93	180	105	600	91
1055	420.0	138.7		129.5		300	183	0	0	480	149	0	0	180	120	300	89
1056	840.0	135.5		130.3		840	163	0	0	1140	135	0	0	60	102	480	93
1057	1060.0	126.0		121.0		1140	154	0	0	1140	124	60	84	360	96	480	92
1058	900.0	129.9		125.3		900	146	0	0	1140	136	0	0	300	117	360	81
1059	920.0	126.4		119.9		960	155	0	0	840	132	120	105	120	69	720	95
1060	800.0	130.6		121.6		660	183	0	0	840	127	60	118	420	102	420	86
1061	740.0	137.8		130.6		660	181	0	0	780	134	60	112	360	117	360	92
1062	640.0	139.0		132.5		300	176	0	0	900	154	60	107	300	116	360	95
1063	1140.0	130.4		126.4		1140	151	0	0	1080	140	60	98	600	108	540	96
1064	820.0	147.2		143.8		840	172	0	0	1020	145	0	0	540	119	60	93
1065	1240.0	117.9		115.4		1380	138	0	0	1140	112	120	106	480	111	600	91
1066	940.0	122.2		119.1		1320	137	0	0	660	127	60	92	240	103	540	92
1067	920.0	131.7		128.7		900	151	0	0	1020	131	0	0	480	127	360	92
1068	640.0	128.7		122.0		420	167	0	0	840	136	0	0	120	122	540	89
1069	920.0	136.7		129.9		840	173	0	0	1080	136	60	118	420	112	360	86
1070	900.0	134.2		127.9		900	160	0	0	900	139	60	119	240	136	600	89
1071	660.0	139.8		133.7		360	187	0	0	840	146	0	0	540	121	240	90
1072	1060.0	130.8		125.6		1260	154	0	0	1020	132	60	101	180	122	660	90
1073	760.0	133.0		125.7		660	167	0	0	840	140	60	96	180	120	540	89
1074	840.0	136.4		130.5		660	177	0	0	1020	136	0	0	480	114	360	93
1075	660.0	157.2		150.3		660	185	0	0	720	168	0	0	420	120	180	99
1076	980.0	140.1		137.1		1020	158	0	0	1140	137	0	0	540	135	240	90
1077	820.0	135.4		131.0		780	158	0	0	960	140	60	91	300	122	360	93
1078	1080.0	142.1		139.5		1200	161	0	0	1320	140	0	0	540	120	180	98
1079	640.0	129.6		127.8		660	131	0	0	600	141	0	0	480	128	180	91
1080	540.0	138.5		128.9		180	196	0	0	960	152	0	0	0	0	480	90
1081	860.0	133.9		127.3		780	165	0	0	900	141	120	102	240	121	540	90
1082	720.0	127.2		120.8		420	176	0	0	720	136	60	95	540	110	420	90
1083	860.0	141.6		137.3		780	168	0	0	840	146	0	0	600	128	360	97
1084	840.0	141.5		137.9		600	168	0	0	1140	145	0	0	600	123	180	92
1085	740.0	127.4		123.3		420	161	0	0	780	135	0	0	540	121	480	93
1086	840.0	136.0		130.3		660	170	0	0	1080	139	0	0	360	117	420	91
1087	820.0	138.0		131.2		780	175	0	0	960	135	60	111	180	126	480	92
1088	880.0	135.7		130.1		600	177	0	0	1080	139	0	0	660	113	300	91
1089	620.0	140.0		135.1		480	166	0	0	720	152	0	0	600	110	60	88
1090	700.0	142.8		138.2		480	180	0	0	900	145	0	0	540	122	180	95
1091	600.0	137.0		129.4		420	172	0	0	720	149	0	0	300	118	360	88
1092	900.0	147.4		142.1		900	175	0	0	1080	149	60	115	360	123	300	95
1093	820.0	120.8		115.3		540	156	0	0	720	136	120	93	480	104	600	90
1094	820.0	139.6		135.1		900	165	0	0	840	138	0	0	480	119	240	91
1095	720.0	137.9		129.0		720	174	0	0	720	141	120	91	120	141	480	90
1096	780.0	137.7		128.0		660	178	0	0	720	151	0	0	240	127	720	91
1097	880.0	131.3		126.1		840	161	0	0	900	134	60	106	420	110	420	91
1098	460.0	130.8		124.8		300	160	0	0	540	145	0	0	300	111	240	87
1099	820.0	130.2		124.9		780	162	0	0	720	133	120	115	360	112	480	92
1100	460.0	127.3		121.5		240	156	0	0	660	140	0	0	120	118	360	88
1101	620.0	134.2		128.3		360	175	0	0	600	148	60	110	600	116	240	90
1102	980.0	119.4		115.9		780	145	0	0	1080	124	60	101	360	105	660	91
1103	800.0	124.5		118.8		960	150	0	0	540	131	180	93	120	105	600	91
1104	840.0	141.6		136.6		900	166	0	0	1080	142	0	0	360	106	180	89
1105	940.0	130.1		127.9		960	145	0	0	960	134	0	0	720	115	180	90
1106	620.0	129.7		127.7		120	165	0	0	1020	138	0	0	600	115	120	98
1107	1280.0	114.4		111.4		1500	130	60	119	900	123	300	92	360	101	720	87
1108	1060.0	118.3		114.5		900	144	0	0	1380	119	0	0	180	109	720	87
1109	700.0	145.2		140.7		480	177	0	0	1020	151	0	0	600	110	0	0
1110	640.0	134.2		130.1		300	186	0	0	720	135	0	0	720	121	180	97
1111	680.0	124.5		119.3		420	153	0	0	840	138	0	0	180	103	600	92
1112	720.0	137.2		133.4		540	166	0	0	780	142	0	0	600	122	240	95
1113	920.0	132.6		125.5		1020	161	0	0	900	138	60	109	180	98	600	89
1114	720.0	139.3		132.4		720	168	0	0	900	143	0	0	60	117	480	92
1115	660.0	132.9		129.8		540	149	0	0	960	137	60	115	240	121	180	85
1116	820.0	123.3		117.3		840	150	0	0	720	133	120	103	120	93	660	88
1117	820.0	138.7		132.9		900	166	0	0	900	139	0	0	300	113	360	91
1118	860.0	133.6		127.5		960	159	0	0	720	140	120	93	420	116	360	87
1119	520.0	132.9		128.3		240	171	0	0	720	142	0	0	360	116	240	93
1120	600.0	126.5		119.7		600	157	0	0	420	139	0	0	240	113	540	89
1121	740.0	140.6		136.9		780	167	0	0	660	137	0	0	600	124	180	95
1122	640.0	138.9		132.5		540	177	0	0	900	137	0	0	240	109	240	90
1123	860.0	129.9		124.3		900	157	0	0	900	133	0	0	180	108	600	91
1124	680.0	133.9		127.9		480	170	0	0	720	144	0	0	480	114	360	92
1125	780.0	121.1		114.3		600	159	0	0	660	134	60	119	240	96	780	89
1126	960.0	138.6		130.5		960	174	0	0	840	146	0	0	540	114	540	89
1127	980.0	139.3		133.7		1260	166	0	0	1020	131	0	0	180	120	480	94
1128	880.0	132.3		125.6		600	171	0	0	1260	137	0	0	180	115	600	89
1129	880.0	142.6		136.0		780	177	0	0	1140	145	0	0	300	112	420	94
1130	900.0	126.8		121.4		840	157	0	0	1020	128	60	111	240	107	540	88
1131	800.0	130.0		123.3		660	161	0	0	900	139	0	0	240	116	600	88
1132	760.0	137.3		132.9		660	166	0	0	720	140	60	98	600	124	240	93
1133	740.0	131.6		124.8		600	169	0	0	900	134	0	0	120	129	600	91
1134	800.0	130.2		124.0		600	166	0	0	840	139	60	92	540	109	360	88
1135	800.0	143.6		136.7		840	179	0	0	780	141	0	0	420	120	360	94
1136	800.0	144.7		141.4		720	169	0	0	840	146	0	0	720	128	120	90
1137	660.0	147.9		140.9		540	190	0	0	900	146	0	0	360	119	180	89
1138	500.0	140.2		134.8		480	167	0	0	600	144	60	104	60	135	300	98
1139	940.0	137.5		133.7		1200	156	0	0	780	137	120	89	480	126	240	94
1140	860.0	119.3		114.2		720	150	0	0	840	124	120	81	300	110	600	88
1141	780.0	144.6		133.1		900	179	0	0	660	157	120	109	60	120	600	89
1142	720.0	134.0		125.7		480	186	0	0	900	138	0	0	180	115	600	92
1143	440.0	131.1		124.6		300	144	0	0	540	155	60	107	120	106	300	90
1144	460.0	133.6		124.3		300	190	0	0	420	144	0	0	300	115	360	90
1145	600.0	127.6		122.8		360	168	0	0	600	135	60	101	420	115	360	94
1146	840.0	123.0		115.4		600	168	0	0	900	130	0	0	420	98	600	85
1147	520.0	130.9		124.1		360	172	0	0	420	145	120	113	300	117	360	91
1148	600.0	138.1		134.7		300	165	0	0	600	152	60	97	720	126	120	95
1149	540.0	144.2		139.0		420	181	0	0	600	146	0	0	480	123	120	91
1150	660.0	144.2		139.4		300	178	0	0	960	153	0	0	480	131	240	93
1151	600.0	137.0		129.4		300	195	0	0	900	142	0	0	240	113	360	92
1152	740.0	156.1		152.5		720	182	0	0	780	161	0	0	720	125	0	0
1153	660.0	134.0		128.1		420	178	0	0	660	142	60	116	420	118	420	96
1154	720.0	142.8		135.8		720	180	0	0	780	137	0	0	360	125	300	90
1155	580.0	136.3		132.1		360	170	0	0	660	143	0	0	480	122	240	96
1156	640.0	127.4		119.9		540	170	0	0	480	132	180	97	180	127	540	91
1157	640.0	142.9		135.9		480	181	0	0	780	148	0	0	420	122	240	87
1158	1060.0	126.4		123.0		1200	148	0	0	1140	124	60	96	360	107	420	92
1159	700.0	137.7		131.7		360	193	0	0	660	144	0	0	840	122	240	92
1160	700.0	150.8		145.6		480	187	0	0	780	161	0	0	780	123	60	89
1161	760.0	138.9		130.9		660	163	0	0	780	159	120	95	300	121	420	89
1162	640.0	160.7		157.8		720	184	0	0	720	157	0	0	420	133	60	118
1163	800.0	145.2		142.3		420	176	0	0	1020	151	0	0	900	128	60	87
1164	600.0	135.0		127.7		420	172	0	0	720	146	0	0	240	114	420	91
1165	560.0	144.4		138.0		540	173	0	0	540	151	0	0	360	127	240	91
1166	740.0	139.0		132.5		420	176	0	0	1080	147	0	0	360	123	360	88
1167	500.0	137.7		130.1		360	185	0	0	600	140	0	0	240	118	300	92
1168	840.0	136.8		130.8		780	162	0	0	840	144	0	0	360	134	540	91
1169	620.0	124.6		116.4		600	165	0	0	360	131	60	88	180	120	660	89
1170	600.0	143.4		136.8		420	182	0	0	660	153	60	117	480	120	180	89
1171	340.0	131.6		124.8		180	171	0	0	360	147	60	104	180	126	240	90
1172	800.0	145.2		138.9		960	175	0	0	960	138	0	0	180	112	300	93
1173	780.0	128.9		123.3		600	167	0	0	900	131	0	0	420	109	420	90
1174	620.0	137.8		132.5		600	168	0	0	540	141	0	0	420	122	300	94
1175	680.0	129.9		122.4		480	164	0	0	720	146	60	110	240	113	540	88
1176	600.0	137.1		128.1		480	181	0	0	660	145	0	0	300	107	360	89
1177	520.0	132.3		121.4		240	197	0	0	600	153	0	0	180	98	540	92
1178	520.0	135.0		125.6		480	174	0	0	540	144	0	0	60	94	480	91
1179	500.0	125.7		120.2		180	137	0	0	720	144	60	103	120	139	420	89
1180	800.0	139.9		132.0		900	169	0	0	780	146	60	96	180	116	480	90
1181	700.0	152.4		145.5		600	184	0	0	900	157	0	0	360	130	240	90
1182	560.0	137.1		130.2		360	177	0	0	900	141	0	0	120	111	300	88
1183	700.0	142.5		136.1		360	186	0	0	1140	148	0	0	240	125	360	93
1184	360.0	128.7		120.3		180	186	0	0	420	141	0	0	120	116	360	90
1185	600.0	143.9		137.0		480	181	0	0	840	146	0	0	180	122	300	92
1186	520.0	119.8		115.4		540	151	0	0	360	112	120	100	180	109	360	93
1187	760.0	146.7		139.9		540	182	0	0	1140	153	0	0	300	113	300	93
1188	760.0	135.6		129.0		780	165	0	0	900	136	0	0	180	120	420	87
1189	660.0	138.0		131.2		660	171	0	0	600	140	0	0	300	126	420	92
1190	340.0	139.7		129.5		180	199	0	0	540	147	0	0	0	0	300	91
1191	440.0	154.4		142.4		360	201	0	0	420	174	60	92	300	119	180	95
1192	560.0	137.3		128.8		360	190	0	0	480	151	60	92	540	116	240	90
1193	720.0	137.1		128.9		600	173	0	0	720	149	0	0	240	124	600	92
1194	620.0	141.4		131.9		480	191	0	0	540	152	60	94	480	118	300	90
1195	680.0	146.1		138.2		600	186	0	0	840	149	0	0	180	112	420	98
1196	660.0	137.3		128.6		600	177	0	0	600	144	60	100	180	131	540	92
1197	580.0	149.7		139.3		420	197	0	0	600	163	0	0	360	130	360	92
1198	600.0	139.5		130.0		600	170	0	0	540	159	60	100	60	117	540	93
1199	500.0	141.9		135.3		300	184	0	0	780	146	0	0	180	122	240	91
1200	540.0	158.2		151.8		300	192	0	0	900	167	0	0	300	125	120	91
1201	600.0	144.2		137.1		420	185	0	0	780	144	0	0	300	142	300	90
1202	620.0	130.8		124.9		420	167	0	0	900	136	0	0	60	110	480	92
1203	380.0	139.0		132.6		240	194	0	0	300	145	0	0	480	118	120	98
1204	420.0	137.6		130.5		240	184	0	0	420	155	0	0	420	112	180	95
1205	620.0	128.0		121.3		300	172	0	0	780	142	0	0	240	111	540	91
1206	580.0	141.8		130.8		420	194	0	0	780	148	0	0	180	99	360	89
1207	680.0	154.5		149.5		660	174	0	0	960	161	0	0	300	115	120	94
1208	460.0	138.2		125.9		420	176	0	0	300	171	120	96	180	126	360	87
1209	480.0	143.2		137.8		180	186	0	0	840	150	0	0	180	133	240	95
1210	860.0	118.8		114.0		960	140	0	0	540	133	60	85	60	129	960	91
1211	840.0	137.6		129.9		780	173	0	0	900	143	0	0	420	110	420	88
1212	620.0	133.5		122.4		480	179	0	0	660	149	0	0	0	0	720	89
1213	460.0	119.0		111.5		120	179	0	0	480	137	0	0	180	138	600	87
1214	640.0	136.2		127.7		420	179	0	0	780	148	0	0	240	115	480	90
1215	420.0	133.4		126.1		240	187	0	0	540	140	0	0	120	109	360	96
1216	600.0	148.4		141.6		300	188	0	0	720	167	0	0	540	124	240	98
1217	380.0	143.3		135.2		120	198	0	0	600	157	0	0	240	124	180	87
1218	480.0	127.8		119.2		120	218	0	0	360	151	0	0	420	128	540	92
1219	500.0	144.2		137.0		540	181	0	0	480	140	0	0	360	113	120	89
1220	640.0	137.4		128.8		480	179	0	0	780	143	0	0	120	143	540	91
1221	440.0	149.7		143.4		300	185	0	0	660	156	0	0	240	117	120	92
1222	420.0	138.1		133.6		120	187	0	0	600	147	0	0	360	129	180	94
1223	620.0	137.4		127.7		480	175	0	0	720	153	0	0	120	107	540	90
1224	460.0	135.5		127.1		300	178	0	0	540	148	60	92	120	125	360	92
1225	440.0	127.0		121.4		120	164	0	0	540	145	0	0	300	124	360	90
1226	480.0	162.5		153.2		480	207	0	0	600	153	0	0	240	135	120	87
1227	620.0	151.8		144.6		540	187	0	0	780	153	60	112	300	132	180	87
1228	700.0	125.0		118.6		780	155	0	0	480	129	60	95	180	114	600	89
1229	600.0	142.3		137.7		480	177	0	0	720	143	0	0	480	119	120	93
1230	520.0	127.6		120.7		420	152	0	0	300	168	60	92	420	109	360	93
1231	780.0	128.5		120.1		840	164	0	0	540	137	180	98	120	111	660	88
1232	320.0	134.4		125.7		180	178	0	0	300	157	60	92	240	119	180	88
1233	460.0	132.0		125.3		300	177	0	0	480	138	0	0	240	122	360	93
1234	500.0	150.2		144.3		420	177	0	0	660	159	0	0	240	118	180	98
1235	520.0	129.3		118.7		180	194	0	0	660	151	0	0	60	141	660	89
1236	420.0	130.4		124.8		120	192	0	0	660	140	0	0	120	119	360	96
1237	360.0	146.9		134.1		240	197	0	0	420	167	0	0	180	109	240	90
1238	580.0	146.9		136.3		540	190	0	0	660	150	0	0	180	122	360	89
1239	380.0	145.2		136.7		420	185	0	0	300	139	0	0	240	124	180	91
1240	480.0	117.8		111.5		180	172	0	0	420	140	120	95	60	119	660	93
1241	760.0	137.3		131.9		720	163	0	0	840	143	120	107	240	125	360	91
1242	320.0	121.8		114.7		180	158	0	0	360	139	0	0	60	119	360	87
1243	580.0	133.6		128.1		180	173	0	0	900	146	0	0	300	124	360	91
1244	440.0	141.7		135.0		300	182	0	0	600	144	60	98	180	133	180	90
1245	320.0	145.9		137.5		180	202	0	0	360	153	0	0	240	133	180	93
1246	780.0	135.5		128.9		780	164	0	0	540	145	180	103	420	131	420	89
1247	340.0	140.9		133.6		180	171	0	0	240	161	0	0	360	145	240	92
1248	420.0	133.2		120.8		240	200	0	0	420	153	0	0	180	99	420	90
1249	400.0	150.6		136.6		120	196	0	0	600	178	0	0	120	150	360	90
1250	500.0	132.3		122.1		420	170	0	0	300	159	180	90	240	131	360	88
1251	320.0	155.4		150.5		120	197	0	0	360	170	0	0	420	140	60	92
1252	640.0	141.2		134.1		540	171	0	0	720	153	0	0	240	121	420	94
1253	760.0	144.3		134.3		660	192	0	0	960	142	60	101	120	140	480	90
1254	300.0	145.8		135.3		0	0	0	0	420	177	0	0	240	146	240	91
1255	500.0	136.8		130.1		180	181	0	0	780	151	0	0	300	111	240	90
1256	400.0	135.9		123.9		120	201	0	0	480	166	0	0	120	130	480	91
1257	480.0	137.8		127.4		420	192	0	0	480	137	60	90	0	0	480	97
1258	340.0	149.6		143.7		180	189	0	0	540	156	0	0	180	128	120	94
1259	360.0	149.3		143.8		120	198	0	0	300	176	0	0	600	132	60	92
1260	380.0	130.7		121.0		240	164	0	0	360	164	60	91	0	0	480	94
1261	480.0	154.8		146.8		480	191	0	0	600	154	0	0	180	123	180	93
1262	380.0	153.9		145.2		240	207	0	0	420	161	0	0	300	137	180	95
1263	400.0	137.9		127.5		300	188	0	0	360	147	0	0	180	132	360	90
1264	340.0	135.1		126.6		120	201	0	0	300	153	0	0	300	134	300	92
1265	500.0	128.0		119.0		240	183	0	0	600	140	0	0	120	138	540	88
1266	500.0	125.4		115.1		240	179	0	0	540	150	0	0	0	0	720	89
1267	420.0	133.2		126.4		120	201	0	0	480	149	0	0	360	123	300	93
1268	440.0	119.3		113.2		180	160	0	0	420	139	0	0	120	131	600	91
1269	280.0	131.4		123.4		60	180	0	0	360	155	0	0	120	135	300	92
1270	380.0	130.0		123.9		120	176	0	0	540	146	0	0	180	113	300	93
1271	340.0	118.6		114.7		0	0	0	0	420	140	0	0	240	121	360	92
1272	480.0	118.5		110.8		240	150	0	0	360	158	60	99	180	102	600	89
1273	280.0	145.7		134.6		180	203	0	0	300	161	0	0	120	121	240	96
1274	560.0	143.1		131.9		540	177	0	0	600	158	0	0	60	121	480	89
1275	760.0	132.9		124.3		720	175	0	0	540	141	180	95	300	114	540	92
1276	620.0	146.9		139.9		660	175	0	0	720	150	0	0	180	123	300	92
1277	840.0	143.8		134.2		840	180	0	0	960	149	0	0	180	108	540	90
1278	460.0	137.3		133.0		120	187	0	0	540	153	0	0	600	122	120	93
1279	660.0	146.7		137.4		420	209	0	0	960	147	0	0	300	108	300	97
1280	340.0	140.2		139.6		0	0	0	0	420	152	0	0	600	132	0	0
1281	320.0	138.5		130.2		180	178	0	0	420	153	0	0	60	141	300	94
1282	460.0	127.2		119.7		360	171	0	0	480	126	60	88	120	135	360	89
1283	640.0	129.1		121.8		540	170	0	0	540	138	120	105	180	104	540	93
1284	540.0	141.0		132.4		360	181	0	0	720	152	0	0	120	127	420	92
1285	460.0	135.7		127.2		300	187	0	0	540	142	0	0	180	121	360	91
1286	420.0	146.3		136.9		300	199	0	0	420	157	0	0	300	119	240	96
1287	500.0	134.9		122.3		420	193	0	0	420	142	120	102	60	119	480	88
1288	360.0	128.1		120.5		180	172	0	0	420	141	0	0	120	134	360	89
1289	380.0	144.1		140.5		180	189	0	0	360	155	0	0	600	124	0	0
1290	280.0	142.9		138.2		0	0	0	0	420	160	0	0	240	145	180	100
1291	380.0	130.1		118.4		240	185	0	0	360	151	60	95	60	122	420	87
1292	260.0	152.5		143.2		180	196	0	0	300	166	0	0	180	127	120	92
1293	320.0	143.8		138.6		240	161	0	0	300	164	0	0	300	131	120	91
1294	500.0	143.7		133.2		240	181	0	0	660	167	120	89	180	131	300	92
1295	260.0	122.2		113.0		180	160	0	0	120	174	60	89	180	105	240	89
1296	400.0	138.6		131.2		180	184	0	0	480	157	0	0	420	113	120	86
1297	480.0	119.4		113.7		120	167	0	0	480	143	120	98	120	131	600	93
1298	360.0	125.1		118.0		300	156	0	0	360	140	120	93	0	0	300	89
1299	600.0	131.0		123.2		300	176	0	0	720	148	60	101	300	110	420	89
1300	440.0	141.2		133.7		180	179	0	0	720	152	0	0	180	134	240	86
1301	520.0	150.5		141.4		240	197	0	0	720	164	0	0	360	135	240	87
1302	320.0	143.1		136.2		300	182	0	0	300	138	0	0	180	135	180	95
1303	400.0	136.1		125.9		240	178	0	0	480	158	0	0	60	95	420	93
1304	260.0	148.0		138.1		240	185	0	0	120	168	0	0	240	143	180	92
1305	480.0	133.3		125.1		240	170	0	0	600	151	0	0	120	141	480	91
1306	620.0	125.4		119.4		600	146	0	0	480	149	120	99	180	106	480	90
1307	360.0	130.3		123.8		240	181	0	0	360	134	0	0	180	109	300	98
1308	260.0	130.4		123.4		60	182	0	0	300	156	0	0	180	119	240	94
1309	280.0	137.7		125.0		60	213	0	0	360	169	0	0	120	128	300	89
1310	400.0	128.5		121.6		180	156	0	0	540	149	60	107	60	114	360	90
1311	520.0	131.4		123.2		360	178	0	0	480	142	60	112	180	124	480	91
1312	500.0	134.0		123.4		420	182	0	0	480	144	60	92	180	99	360	89
1313	440.0	146.0		142.3		360	170	0	0	540	148	0	0	300	135	120	93
1314	300.0	137.3		130.0		60	211	0	0	360	156	0	0	240	133	240	95
1315	740.0	114.2		109.0		420	154	0	0	720	127	60	95	60	90	960	90
1316	380.0	135.7		125.7		180	195	0	0	420	152	0	0	180	130	360	90
1317	340.0	117.2		111.3		180	157	0	0	180	146	60	93	180	118	420	91
1318	360.0	134.1		123.6		240	179	0	0	360	153	0	0	120	126	360	88
1319	240.0	146.8		137.1		60	207	0	0	420	161	0	0	60	151	180	92
1320	540.0	132.9		126.2		240	187	0	0	900	139	0	0	60	98	420	94
1321	160.0	145.8		133.4		60	228	0	0	240	160	0	0	60	116	120	91
1322	520.0	138.8		131.4		300	191	0	0	540	146	0	0	300	132	420	97
1323	320.0	135.0		127.5		180	169	0	0	420	151	0	0	120	118	240	90
1324	440.0	127.1		121.0		240	163	0	0	660	137	0	0	0	0	420	91
1325	580.0	134.3		126.7		360	176	0	0	780	141	0	0	180	130	420	88
1326	520.0	136.5		128.2		300	178	0	0	660	151	0	0	180	120	420	91
1327	300.0	113.5		110.0		0	0	0	0	360	133	60	106	120	126	360	91
1328	400.0	143.9		141.0		120	184	0	0	780	146	0	0	240	131	60	88
1329	380.0	137.3		130.2		120	193	0	0	420	161	60	118	360	116	180	94
1330	320.0	130.3		122.4		60	183	0	0	540	150	0	0	0	0	360	92
1331	480.0	138.9		131.6		420	177	0	0	480	136	0	0	240	138	300	91
1332	360.0	147.3		138.0		240	185	0	0	480	162	0	0	180	115	180	90
1333	360.0	136.2		128.1		240	178	0	0	240	145	0	0	300	141	300	91
1334	400.0	131.3		123.2		240	166	60	114	300	160	0	0	240	127	360	90
1335	380.0	134.7		127.2		240	178	0	0	480	144	0	0	120	118	300	92
1336	300.0	126.2		112.7		180	191	0	0	120	180	60	92	120	126	420	88
1337	360.0	129.8		123.1		300	166	0	0	360	136	0	0	180	113	240	88
1338	300.0	133.1		125.4		180	182	0	0	300	146	0	0	180	116	240	93
1339	340.0	119.5		114.1		120	171	0	0	300	133	0	0	180	127	420	92
1340	300.0	139.4		129.5		120	191	0	0	420	160	60	90	180	107	120	89
1341	140.0	118.0		113.0		0	0	0	0	120	150	0	0	120	125	180	92
1342	280.0	110.0		104.1		180	154	0	0	120	134	180	94	0	0	360	88
1343	480.0	126.1		117.2		420	167	0	0	420	138	60	91	0	0	540	89
1344	380.0	120.8		115.8		240	153	0	0	240	141	60	95	300	115	300	90
1345	440.0	125.7		118.7		540	154	0	0	300	130	120	90	180	101	180	82
1346	280.0	132.9		124.4		60	164	0	0	300	171	0	0	180	122	300	95
1347	220.0	138.9		135.4		0	0	0	0	300	155	0	0	300	133	60	88
1348	240.0	125.6		119.1		120	160	0	0	240	141	60	116	60	147	240	90
1349	380.0	133.7		126.5		360	163	0	0	420	143	0	0	60	112	300	90
1350	380.0	130.4		122.5		300	172	0	0	300	143	60	94	180	118	300	91
1351	300.0	109.7		106.0		60	124	0	0	180	136	120	95	120	140	420	92
1352	220.0	138.1		132.3		120	163	0	0	240	156	0	0	180	129	120	91
1353	360.0	125.7		118.5		240	165	0	0	300	134	0	0	180	135	360	88
1354	360.0	132.8		127.3		60	205	0	0	660	142	0	0	120	128	240	92
1355	160.0	119.8		116.9		0	0	0	0	60	152	0	0	300	124	120	93
1356	380.0	132.5		123.0		300	183	0	0	420	137	0	0	0	0	420	92
1357	360.0	141.5		133.3		300	176	0	0	420	150	0	0	60	147	300	94
1358	440.0	138.2		132.5		180	182	0	0	600	149	0	0	360	123	180	89
1359	400.0	129.8		122.9		300	161	0	0	300	153	60	86	300	115	240	91
1360	300.0	150.0		138.0		180	190	0	0	480	165	0	0	0	0	240	90
1361	520.0	122.8		118.2		180	143	0	0	780	140	0	0	180	100	420	92
1362	540.0	142.9		136.3		540	179	0	0	540	142	0	0	360	115	180	93
1363	360.0	144.6		133.0		360	191	0	0	300	152	0	0	180	111	240	91
1364	240.0	116.0		110.2		0	0	0	0	360	142	0	0	0	0	360	90
1365	440.0	121.9		116.2		300	168	0	0	360	123	60	109	240	112	360	91
1366	400.0	109.8		103.4		120	188	0	0	240	133	120	93	180	100	540	89
1367	380.0	131.8		122.9		300	174	0	0	360	147	0	0	0	0	480	94
1368	200.0	111.8		108.3		0	0	0	0	240	137	0	0	0	0	360	95
1369	260.0	124.6		116.4		60	174	0	0	360	150	0	0	0	0	360	91
1370	440.0	124.6		118.9		420	149	0	0	480	134	60	90	60	91	300	89
1371	260.0	153.6		148.1		60	211	0	0	420	165	0	0	240	135	60	91
1372	220.0	130.5		122.3		0	0	0	0	300	166	0	0	240	107	120	89
1373	560.0	134.4		125.3		540	176	0	0	600	133	0	0	60	137	480	89
1374	420.0	138.1		130.1		420	172	0	0	180	156	120	116	240	134	300	92
1375	660.0	131.8		123.2		600	163	0	0	600	151	60	107	120	101	600	90
1376	320.0	121.4		113.2		240	171	0	0	180	135	60	94	60	122	420	91
1377	340.0	114.2		106.8		120	170	0	0	420	132	0	0	120	87	360	84
1378	140.0	123.0		120.4		0	0	0	0	180	139	0	0	180	118	60	90
1379	340.0	141.0		132.6		180	173	0	0	480	148	0	0	120	169	240	89
1380	240.0	145.5		140.7		120	173	0	0	360	156	0	0	180	125	60	89
1381	300.0	129.3		121.1		120	188	0	0	300	146	0	0	120	138	360	93
1382	240.0	118.3		112.9		60	144	0	0	240	141	60	92	120	132	240	89
1383	440.0	120.0		112.2		180	166	0	0	360	154	180	94	180	102	420	90
1384	220.0	145.4		132.0		180	200	0	0	180	166	0	0	120	111	180	93
1385	140.0	150.0		136.1		120	197	0	0	120	168	0	0	60	140	120	90
1386	300.0	105.5		45.2		180	139	0	0	180	149	180	91	60	5	300	88
1387	240.0	140.0		135.2		120	177	0	0	240	155	0	0	300	123	60	91
1388	540.0	114.2		106.2		300	165	0	0	300	147	120	94	0	0	900	89
1389	240.0	136.8		118.0		120	233	0	0	180	177	0	0	120	100	300	89
1390	140.0	117.1		111.2		60	162	0	0	60	146	0	0	60	136	240	94
1391	320.0	121.8		115.3		240	161	0	0	240	135	60	102	60	117	360	91
1392	280.0	124.8		116.4		120	188	0	0	360	137	60	104	0	0	300	89
1393	400.0	129.3		120.1		360	178	0	0	420	123	0	0	60	129	360	88
1394	260.0	121.4		115.2		180	166	0	0	180	134	0	0	120	104	300	94
1395	260.0	118.8		113.6		0	0	0	0	240	141	0	0	240	134	300	89
1396	180.0	122.9		113.8		60	176	0	0	180	156	0	0	60	98	240	91
1397	400.0	111.7		107.3		240	154	0	0	300	119	60	92	0	0	600	93
1398	220.0	116.3		112.9		0	0	0	0	240	139	0	0	180	117	240	93
1399	460.0	140.5		132.7		480	160	0	0	480	160	0	0	60	113	360	93
1400	300.0	126.3		116.9		180	190	0	0	240	139	0	0	120	108	360	92
1401	260.0	123.4		119.2		60	148	0	0	420	135	0	0	60	143	240	92
1402	320.0	138.9		131.8		60	194	0	0	480	157	60	110	180	131	180	90
1403	300.0	124.7		117.5		60	240	0	0	420	134	0	0	120	114	300	93
1404	200.0	124.5		117.9		0	0	0	0	240	159	0	0	180	111	180	92
1405	260.0	118.2		111.9		120	169	0	0	180	139	60	105	60	125	360	92
1406	480.0	110.3		106.4		180	160	0	0	300	121	120	105	180	117	660	91
1407	280.0	123.1		113.7		180	179	0	0	240	136	60	114	0	0	360	88
1408	200.0	124.4		118.8		0	0	0	0	300	150	0	0	180	104	120	91
1409	380.0	116.1		109.9		180	170	0	0	360	125	60	92	60	133	480	90
1410	300.0	130.1		122.7		180	167	0	0	360	147	0	0	120	100	240	92
1411	440.0	132.2		126.6		240	172	0	0	360	139	60	106	360	136	300	93
1412	240.0	144.9		135.6		60	207	0	0	360	165	0	0	120	130	180	94
1413	180.0	135.7		129.7		60	208	0	0	120	156	0	0	300	121	60	96
1414	340.0	140.4		132.2		240	172	0	0	300	155	0	0	240	142	240	89
1415	360.0	123.3		116.5		120	177	0	0	420	143	60	92	120	110	360	92
1416	300.0	103.7		101.0		60	129	0	0	180	135	240	96	60	86	360	92
1417	300.0	132.2		127.5		180	160	0	0	300	150	0	0	300	113	120	94
1418	440.0	113.9		109.9		540	136	0	0	180	122	180	95	0	0	420	90
1419	280.0	122.0		115.7		60	182	0	0	360	143	0	0	120	104	300	92
1420	300.0	112.0		107.6		0	0	0	0	360	140	60	89	60	100	420	93
1421	280.0	123.6		117.1		240	151	0	0	180	151	60	111	60	108	300	91
1422	400.0	113.4		109.6		360	134	0	0	240	134	120	96	0	0	480	92
1423	380.0	122.2		112.5		240	160	0	0	300	158	60	90	60	89	480	89
1424	440.0	118.4		113.2		240	158	0	0	420	132	0	0	60	119	600	93
1425	120.0	116.3		110.0		0	0	0	0	120	152	0	0	60	124	180	90
1426	160.0	140.9		137.7		60	153	0	0	300	146	0	0	60	150	60	94
1427	380.0	109.8		106.5		60	149	0	0	240	138	180	106	180	113	480	91
1428	220.0	118.7		114.3		60	146	0	0	300	138	0	0	0	0	300	94
1429	240.0	135.1		123.8		180	189	0	0	180	152	0	0	60	133	300	93
1430	260.0	116.9		111.7		0	0	0	0	240	153	60	114	180	113	300	91
1431	240.0	122.2		112.6		60	182	0	0	240	160	0	0	0	0	420	92
1432	240.0	136.7		125.8		120	213	0	0	360	141	0	0	0	0	240	92
1433	420.0	118.1		112.0		360	143	0	0	240	152	180	93	0	0	480	92
1434	180.0	128.8		121.5		60	153	0	0	180	147	0	0	120	149	180	89
1435	300.0	123.2		114.1		120	184	0	0	240	153	60	87	60	130	420	93
1436	260.0	146.3		134.6		180	199	0	0	180	156	0	0	240	144	180	87
1437	300.0	132.1		123.0		300	177	0	0	180	133	0	0	120	119	300	92
1438	260.0	125.4		115.7		60	208	0	0	300	140	0	0	120	146	300	86
1439	340.0	126.1		116.2		240	183	0	0	300	136	0	0	60	101	420	90
1440	220.0	109.6		104.2		60	141	0	0	180	145	0	0	0	0	420	90
1441	200.0	128.7		123.8		120	164	0	0	180	145	0	0	240	108	60	92
1442	220.0	105.7		100.6		0	0	0	0	120	165	0	0	60	89	480	93
1443	180.0	152.0		144.2		180	174	0	0	180	174	0	0	60	120	120	102
1444	200.0	130.2		121.3		60	204	0	0	180	152	0	0	120	135	240	93
1445	360.0	124.9		116.0		120	167	0	0	420	155	120	103	0	0	420	89
1446	140.0	129.7		120.0		60	187	0	0	120	164	60	95	60	106	120	96
1447	120.0	120.0		115.4		0	0	0	0	120	145	0	0	120	125	120	90
1448	180.0	123.3		113.5		60	180	0	0	120	169	0	0	60	132	300	92
1449	160.0	119.8		108.2		120	180	0	0	60	154	60	92	0	0	240	88
1450	260.0	124.3		110.8		120	233	0	0	180	138	60	99	0	0	420	91
1451	140.0	118.0		106.6		120	178	0	0	0	0	0	0	60	126	240	86
1452	320.0	114.9		108.2		60	218	0	0	240	132	0	0	120	132	540	92
1453	240.0	122.7		116.7		60	137	0	0	300	145	0	0	60	150	300	92
1454	160.0	144.6		139.8		60	159	0	0	180	165	0	0	180	137	60	92
1455	260.0	105.5		101.1		0	0	0	0	120	150	60	100	120	130	480	89
1456	160.0	131.4		120.6		120	175	0	0	120	162	60	104	0	0	180	91
1457	360.0	132.1		121.4		300	188	0	0	240	143	60	97	0	0	480	96
1458	240.0	140.6		124.8		240	195	0	0	180	154	0	0	0	0	300	89
1459	100.0	127.8		119.6		0	0	0	0	120	167	0	0	60	117	120	94
1460	200.0	137.0		123.6		180	188	0	0	180	150	0	0	0	0	240	89
1461	160.0	105.6		101.6		0	0	0	0	120	145	60	100	0	0	300	91
1462	200.0	133.4		122.8		60	190	0	0	240	166	0	0	0	0	300	96
1463	280.0	142.0		126.8		180	207	0	0	300	163	0	0	0	0	360	92
1464	200.0	115.2		110.3		0	0	0	0	120	159	120	112	120	123	240	91
1465	420.0	108.9		103.3		180	155	0	0	120	153	360	94	60	142	540	90
1466	80.0	116.0		110.2		0	0	0	0	120	142	0	0	0	0	120	90
1467	380.0	100.4		98.0		120	133	0	0	120	133	0	0	120	103	780	90
1468	140.0	115.6		111.7		120	142	0	0	60	137	60	103	0	0	180	95
1469	180.0	115.7		109.4		120	150	0	0	120	143	0	0	0	0	300	91
1470	220.0	106.8		100.8		120	164	0	0	60	130	60	94	0	0	420	89
1471	160.0	101.0		97.3		0	0	0	0	60	164	0	0	0	0	420	92
1472	220.0	118.7		112.1		120	182	0	0	120	121	60	112	120	110	240	92
1473	220.0	114.2		105.4		120	178	0	0	60	165	0	0	60	91	420	92
1474	300.0	100.9		97.7		180	105	0	0	180	138	60	81	0	0	480	88
1475	200.0	109.2		103.1		60	195	0	0	120	126	60	99	0	0	360	91
1476	280.0	111.6		104.8		60	165	0	0	240	146	0	0	60	109	480	88
1477	200.0	112.0		109.4		0	0	0	0	300	129	0	0	0	0	300	95
1478	120.0	138.0		130.4		60	168	0	0	180	156	0	0	0	0	120	96
1479	200.0	112.9		105.2		0	0	0	0	180	163	120	95	0	0	300	90
1480	240.0	136.3		123.9		60	244	0	0	300	159	0	0	60	132	300	93
1481	100.0	140.8		123.6		60	244	0	0	120	139	0	0	0	0	120	91
1482	200.0	131.6		121.5		60	194	0	0	240	157	0	0	60	130	240	91
1483	300.0	107.5		103.3		60	153	0	0	180	135	120	93	60	141	480	91
1484	160.0	129.4		122.0		0	0	0	0	240	160	0	0	60	107	180	96
1485	100.0	117.4		114.1		0	0	0	0	0	0	0	0	180	133	120	94
1486	140.0	103.6		99.6		0	0	0	0	120	138	60	93	60	83	180	91
1487	180.0	105.1		101.7		0	0	0	0	120	138	0	0	60	124	360	91
1488	180.0	115.7		108.9		0	0	0	0	180	155	0	0	120	112	240	88
1489	80.0	104.8		100.5		0	0	0	0	60	146	0	0	0	0	180	91
1490	300.0	114.4		108.6		60	155	0	0	240	150	120	92	60	126	420	93
1491	240.0	122.3		112.4		60	148	0	0	180	180	60	93	60	135	360	92
1492	100.0	111.4		107.3		0	0	0	0	120	136	0	0	60	109	120	88
1493	180.0	110.9		105.8		60	154	0	0	60	146	60	100	120	123	240	88
1494	140.0	128.6		119.2		120	154	0	0	120	161	0	0	0	0	180	90
1495	280.0	130.0		119.1		60	201	0	0	420	155	0	0	0	0	360	89
1496	260.0	114.0		107.6		120	160	0	0	180	143	60	96	0	0	420	91
1497	180.0	127.4		117.7		0	0	0	0	240	168	0	0	0	0	300	95
1498	400.0	127.7		119.6		420	156	0	0	240	156	180	93	0	0	360	93
1499	300.0	114.6		108.3		180	166	0	0	60	135	180	94	120	126	360	92
