#File created from auswertNew
# Temporary input file:
# tmp09.dat
# Created from repository file
# /home/vwitme/data/workdata/trafficData/Invent_A5/intermediatedata/A5frankfurt_06_01/daten/F09_1106.dat.gz
# Infrastructure description file:
# /home/vwitme/data/workdata/trafficData/Invent_A5/intermediatedata/A5frankfurt_06_01/daten/A5frankfurt_06_01.dsc
#
# Date: 11.06.2001
# Direction: Frankfurt
# Detector cross section 9
# Position (m)= 475.000000
# Number of main lanes=3
# Number of ramp lanes=0
# The lane indices are ordered from left to right
# NOTICE: The time has been increased by 1 hour 
# since summertime was not taken care of  in the original data!
# Velocity averages: Over veh types and lanes, weighted with flow
# vAvg=arithmetic average; vHarm=harmonic average
#===========================================
#t(min)	Qav(/h)	vAvg(km/h)	vHarm(km/h)	Q1car	v1car	Q1truck	v1truck	Q2car	v2car	Q2truck	v2truck	Q3car	v3car	Q3truck	v3truck
60	520.0	111.6		103.2		300	162	0	0	360	134	120	98	180	97	600	80
61	420.0	118.7		107.4		240	174	0	0	360	138	60	88	60	151	540	81
62	280.0	116.6		107.2		0	0	0	0	360	154	0	0	60	120	420	84
63	640.0	102.2		92.4		420	154	0	0	480	118	120	92	0	0	900	71
64	460.0	135.6		129.0		420	170	0	0	420	138	0	0	300	122	240	88
65	340.0	123.6		114.0		180	180	0	0	420	137	0	0	60	81	360	87
66	240.0	126.9		118.2		60	181	0	0	240	155	0	0	240	119	180	82
67	700.0	101.9		95.0		300	150	0	0	480	131	60	87	0	0	1260	80
68	700.0	130.0		117.1		660	179	0	0	420	146	60	103	120	133	840	85
69	320.0	119.9		109.8		180	197	0	0	240	128	0	0	120	93	420	90
70	440.0	129.5		118.9		300	180	0	0	420	146	0	0	180	111	420	85
71	480.0	130.1		124.5		360	165	0	0	780	130	0	0	60	91	240	88
72	640.0	113.9		102.5		420	168	0	0	300	157	240	97	0	0	960	81
73	400.0	119.1		110.4		240	165	0	0	420	133	0	0	60	127	480	83
74	380.0	112.2		104.2		120	171	0	0	360	137	0	0	60	128	600	84
75	220.0	106.9		102.4		0	0	0	0	180	138	0	0	120	120	360	87
76	420.0	118.1		111.2		360	146	0	0	420	133	180	88	0	0	300	82
77	260.0	135.7		128.8		120	154	0	0	360	154	0	0	120	134	180	88
78	260.0	121.2		114.7		120	174	0	0	300	130	0	0	120	115	240	87
79	220.0	90.3		89.5		0	0	0	0	120	108	120	91	0	0	420	85
80	380.0	109.5		102.4		180	163	0	0	240	137	0	0	0	0	720	87
81	360.0	119.3		110.2		180	184	0	0	360	134	0	0	0	0	540	88
82	320.0	127.1		117.7		120	180	0	0	480	144	0	0	60	96	300	85
83	460.0	105.0		99.7		120	161	0	0	360	128	60	98	60	121	780	85
84	320.0	101.1		94.3		60	138	0	0	240	146	60	86	0	0	600	81
85	400.0	117.8		110.5		180	158	0	0	360	143	0	0	120	120	540	87
86	380.0	118.0		109.0		240	157	0	0	360	142	60	93	60	95	420	82
87	400.0	119.8		107.6		300	182	0	0	240	137	60	98	0	0	600	84
88	380.0	102.0		99.6		240	127	0	0	300	110	120	96	0	0	480	86
89	520.0	115.0		108.0		120	145	0	0	660	143	0	0	60	96	720	86
90	380.0	105.4		98.1		120	160	0	0	360	132	0	0	0	0	660	81
91	340.0	105.6		99.7		120	155	0	0	240	130	120	86	60	121	480	84
92	260.0	117.3		110.1		120	143	0	0	300	144	60	89	0	0	300	86
93	380.0	113.2		105.1		180	172	0	0	300	133	120	104	120	90	420	83
94	240.0	116.3		109.4		120	134	0	0	180	159	60	95	120	106	240	86
95	460.0	101.5		95.6		120	176	0	0	240	133	60	91	0	0	960	85
96	400.0	117.2		109.3		240	166	0	0	360	127	0	0	60	144	540	86
97	560.0	105.9		98.9		180	176	0	0	240	138	180	90	120	128	960	85
98	460.0	99.3		94.2		180	155	0	0	180	123	0	0	120	102	900	83
99	160.0	125.5		111.6		0	0	0	0	180	179	0	0	60	127	240	85
100	440.0	123.9		109.5		300	194	0	0	240	156	0	0	0	0	780	87
101	480.0	115.0		105.6		180	184	0	0	420	142	60	95	0	0	780	86
102	260.0	106.2		100.7		60	177	0	0	240	127	0	0	0	0	480	87
103	200.0	114.0		101.3		120	192	0	0	120	132	0	0	0	0	360	82
104	520.0	108.6		99.7		300	177	0	0	300	119	0	0	0	0	960	84
105	280.0	106.4		99.7		0	0	0	0	300	145	0	0	0	0	540	85
106	320.0	91.2		87.6		60	137	0	0	60	137	0	0	60	132	780	81
107	400.0	110.0		102.0		180	163	0	0	360	133	0	0	0	0	660	83
108	140.0	112.1		104.3		60	167	0	0	60	113	0	0	120	131	180	81
109	200.0	103.8		100.6		0	0	0	0	120	131	60	112	120	117	300	86
110	220.0	117.1		109.9		180	143	0	0	180	143	0	0	0	0	300	86
111	240.0	129.2		122.4		120	160	0	0	240	147	0	0	180	128	180	86
112	200.0	102.9		96.4		0	0	0	0	180	147	0	0	0	0	420	84
113	220.0	102.5		97.2		120	134	0	0	120	125	180	91	60	115	180	74
114	340.0	107.0		102.8		120	143	0	0	360	125	0	0	0	0	540	87
115	340.0	113.5		104.3		180	168	0	0	240	143	60	89	0	0	540	85
116	300.0	111.3		102.3		180	140	0	0	300	140	180	83	0	0	240	75
117	360.0	92.2		89.3		60	158	0	0	120	121	180	88	0	0	720	83
118	320.0	141.8		133.1		240	174	0	0	420	155	0	0	60	124	240	91
119	480.0	117.8		108.1		360	164	0	0	300	144	180	91	0	0	600	85
120	420.0	112.4		105.0		180	178	0	0	480	122	0	0	0	0	600	85
121	200.0	111.2		104.2		0	0	0	0	180	153	0	0	120	114	300	85
122	280.0	122.6		107.7		120	201	0	0	240	155	60	82	60	126	360	81
123	220.0	129.5		119.3		0	0	0	0	420	155	0	0	0	0	240	85
124	240.0	109.4		99.7		60	185	0	0	180	152	0	0	0	0	480	84
125	340.0	100.2		95.2		180	153	0	0	60	127	120	86	0	0	660	86
126	240.0	103.6		97.9		60	160	0	0	180	134	0	0	60	86	420	85
127	280.0	109.1		104.7		120	144	0	0	300	124	0	0	60	103	360	86
128	300.0	116.0		109.2		180	163	0	0	300	127	0	0	0	0	420	88
129	240.0	85.0		85.0		0	0	0	0	0	0	0	0	0	0	720	85
130	260.0	128.0		116.7		120	174	0	0	300	156	60	111	0	0	300	85
131	360.0	95.3		92.0		60	154	0	0	120	136	0	0	0	0	900	86
132	420.0	95.0		91.9		120	135	0	0	240	118	180	84	60	87	660	83
133	420.0	116.4		104.6		240	189	0	0	300	136	0	0	0	0	720	84
134	280.0	114.1		108.5		60	150	0	0	360	134	0	0	60	127	360	86
135	300.0	111.5		102.5		120	196	0	0	240	125	0	0	60	100	480	85
136	200.0	119.7		109.9		60	194	0	0	180	151	120	103	0	0	240	86
137	360.0	112.1		103.1		60	159	0	0	300	158	0	0	120	114	600	84
138	420.0	128.1		121.7		300	164	0	0	420	138	0	0	300	113	240	85
139	320.0	116.0		110.1		180	149	0	0	300	129	0	0	180	118	300	82
140	300.0	103.7		96.0		120	166	0	0	300	120	0	0	0	0	480	78
141	320.0	103.5		96.9		0	0	0	0	240	156	0	0	0	0	720	86
142	380.0	106.4		101.9		300	129	0	0	240	129	60	105	0	0	540	84
143	460.0	127.5		117.9		480	165	0	0	360	138	60	89	0	0	480	87
144	160.0	119.4		111.2		0	0	0	0	180	159	0	0	120	110	180	86
145	140.0	108.1		104.8		60	130	0	0	60	130	0	0	120	118	180	87
146	460.0	109.3		102.1		240	153	0	0	300	141	120	89	0	0	720	85
147	440.0	106.8		101.0		180	154	0	0	420	120	0	0	60	135	660	83
148	300.0	110.1		103.1		60	193	0	0	240	137	0	0	120	111	480	86
149	240.0	119.0		113.8		60	158	0	0	360	135	0	0	60	108	240	88
150	300.0	109.7		103.5		0	0	0	0	360	140	0	0	60	125	480	85
151	220.0	108.0		100.2		60	190	0	0	120	142	60	104	60	106	360	84
152	200.0	97.5		93.8		0	0	0	0	180	129	0	0	0	0	420	84
153	320.0	125.9		119.9		300	145	0	0	300	145	0	0	120	108	240	87
154	400.0	119.5		107.0		240	171	0	0	300	158	120	85	0	0	540	83
155	260.0	112.1		105.2		0	0	0	0	300	145	0	0	60	130	420	86
156	220.0	103.3		92.6		60	198	0	0	120	136	180	87	60	121	240	71
157	260.0	100.9		98.3		120	128	0	0	180	118	120	90	0	0	360	87
158	180.0	94.8		92.1		0	0	0	0	60	145	120	99	0	0	360	85
159	360.0	93.8		90.4		120	121	0	0	180	125	180	94	0	0	600	79
160	240.0	129.5		122.7		120	168	0	0	300	144	0	0	120	117	180	88
161	100.0	106.4		97.1		60	168	0	0	60	117	0	0	60	97	120	75
162	60.0	100.3		98.4		0	0	0	0	0	0	0	0	60	121	120	90
163	160.0	98.4		92.2		60	184	0	0	0	0	120	89	0	0	300	85
164	260.0	102.2		98.3		120	144	0	0	120	124	0	0	60	97	480	87
165	380.0	102.1		98.4		120	140	0	0	300	124	120	90	0	0	600	86
166	180.0	129.4		124.8		0	0	0	0	420	141	0	0	0	0	120	89
167	260.0	109.5		103.0		180	145	0	0	120	145	60	89	0	0	420	87
168	260.0	119.5		107.7		60	160	0	0	240	171	60	115	0	0	420	85
169	220.0	103.1		97.9		0	0	0	0	180	145	0	0	60	97	420	86
170	340.0	107.6		100.2		120	167	0	0	240	139	60	91	60	83	540	85
171	160.0	119.0		112.4		60	137	0	0	240	140	0	0	0	0	180	85
172	280.0	115.7		109.3		120	166	0	0	300	126	0	0	60	136	360	87
173	260.0	109.3		105.7		0	0	0	0	360	130	0	0	180	99	240	86
174	340.0	112.9		109.0		300	130	0	0	240	130	60	103	60	124	360	87
175	240.0	98.9		96.2		120	136	0	0	60	116	60	87	0	0	480	89
176	180.0	95.2		92.2		0	0	0	0	120	131	0	0	0	0	420	85
177	400.0	114.2		102.1		240	175	0	0	240	150	180	85	0	0	540	81
178	220.0	121.7		115.5		0	0	0	0	420	141	0	0	60	97	180	85
179	180.0	113.6		107.2		60	192	0	0	120	129	0	0	60	112	300	92
180	420.0	109.7		101.4		180	178	0	0	240	137	120	101	0	0	720	85
181	500.0	121.2		110.4		360	163	0	0	420	149	120	85	0	0	600	84
182	300.0	116.7		109.2		180	153	0	0	240	139	180	97	60	125	240	80
183	260.0	118.5		112.3		120	160	0	0	360	131	0	0	0	0	300	87
184	240.0	110.4		104.6		60	141	0	0	240	139	60	88	60	115	300	85
185	240.0	107.9		102.2		60	141	0	0	240	138	60	86	0	0	360	86
186	420.0	109.4		103.9		240	154	0	0	300	122	120	104	120	92	480	85
187	200.0	138.5		126.4		120	185	0	0	240	148	0	0	60	168	180	85
188	260.0	120.2		111.2		240	161	0	0	180	133	60	94	0	0	300	85
189	240.0	103.7		97.5		60	141	0	0	120	160	120	87	0	0	420	87
190	220.0	95.7		93.6		0	0	0	0	60	149	0	0	60	103	540	89
191	320.0	114.4		106.6		120	179	0	0	240	128	0	0	120	136	480	86
192	280.0	123.9		115.0		120	156	0	0	240	160	0	0	120	127	360	88
193	220.0	120.0		113.3		60	171	0	0	180	148	60	119	120	117	240	88
194	300.0	111.6		104.1		0	0	0	0	300	153	0	0	180	107	420	84
195	340.0	109.4		103.0		240	153	0	0	180	126	180	89	0	0	420	86
196	380.0	112.5		103.9		360	158	0	0	120	126	60	88	0	0	600	85
197	320.0	104.7		99.3		120	151	0	0	180	137	180	94	0	0	480	85
198	400.0	89.2		87.9		120	87	0	0	120	89	300	91	120	124	540	81
199	200.0	113.7		106.4		60	161	0	0	180	144	0	0	60	114	300	86
200	240.0	123.0		109.7		60	211	0	0	240	163	60	97	60	86	300	86
201	260.0	133.3		126.4		240	166	0	0	360	134	60	91	0	0	120	87
202	340.0	107.6		101.0		120	169	0	0	120	138	180	89	180	120	420	84
203	220.0	116.2		110.1		120	151	0	0	240	134	60	88	0	0	240	88
204	200.0	135.1		123.4		120	208	0	0	240	137	0	0	60	123	180	88
205	160.0	111.6		103.0		60	134	0	0	120	164	60	87	0	0	240	86
206	280.0	99.6		96.5		0	0	0	0	180	128	60	108	60	129	540	86
207	280.0	119.4		115.7		180	144	0	0	300	126	0	0	180	117	180	86
208	180.0	140.6		130.4		120	190	0	0	300	143	0	0	0	0	120	85
209	160.0	107.5		100.9		60	136	0	0	120	148	60	88	0	0	240	85
210	240.0	102.8		99.2		0	0	0	0	180	138	60	89	120	101	360	88
211	220.0	133.5		119.9		60	177	0	0	180	184	0	0	120	147	300	89
212	420.0	111.3		105.6		120	175	0	0	360	128	0	0	60	139	720	90
213	160.0	119.5		105.6		120	179	0	0	60	173	0	0	0	0	300	85
214	260.0	108.6		101.8		120	155	0	0	180	138	120	86	0	0	360	86
215	280.0	115.9		105.4		60	223	0	0	240	148	120	95	60	113	360	84
216	380.0	116.5		105.6		240	173	0	0	360	131	120	87	60	99	360	77
217	220.0	116.8		111.5		60	141	0	0	180	154	0	0	60	112	360	95
218	440.0	114.0		106.8		300	154	0	0	360	132	60	83	120	83	480	87
219	600.0	124.6		114.2		420	170	0	0	660	140	0	0	0	0	720	84
220	380.0	109.2		99.6		180	181	0	0	180	142	60	98	0	0	720	84
221	300.0	117.1		110.8		180	151	0	0	300	132	0	0	60	128	360	86
222	280.0	115.1		110.5		60	134	0	0	480	131	0	0	0	0	300	86
223	300.0	108.6		99.6		120	172	0	0	180	134	0	0	60	145	540	82
224	420.0	101.4		94.4		240	152	0	0	240	121	60	89	0	0	720	79
225	280.0	120.1		112.2		180	150	0	0	300	143	0	0	0	0	360	86
226	380.0	109.6		103.3		120	153	0	0	240	146	0	0	120	118	660	87
227	360.0	110.7		104.2		120	146	0	0	420	135	0	0	0	0	540	84
228	520.0	117.4		108.0		360	159	0	0	360	149	0	0	0	0	840	86
229	360.0	102.4		96.6		120	147	0	0	300	129	60	88	120	80	480	82
230	520.0	113.7		105.9		300	160	0	0	420	136	0	0	0	0	840	86
231	360.0	103.9		98.4		60	147	0	0	420	129	0	0	0	0	600	82
232	260.0	111.2		102.9		120	156	0	0	180	145	0	0	60	118	420	83
233	360.0	109.8		102.2		120	173	0	0	300	137	60	88	60	93	540	85
234	280.0	131.9		123.8		180	172	0	0	360	141	0	0	120	118	180	83
235	220.0	114.3		109.5		0	0	0	0	420	131	0	0	0	0	240	85
236	140.0	117.4		112.8		0	0	0	0	180	140	0	0	120	115	120	86
237	300.0	109.3		105.1		0	0	0	0	420	127	0	0	60	141	420	87
238	160.0	113.9		107.4		0	0	0	0	180	147	0	0	120	109	180	84
239	360.0	134.5		131.3		240	164	0	0	540	135	0	0	180	120	120	95
240	220.0	126.2		120.2		60	150	0	0	420	140	0	0	0	0	180	86
241	340.0	126.4		118.0		240	153	0	0	360	151	120	103	0	0	300	85
242	340.0	122.8		115.9		240	164	0	0	300	135	180	104	60	96	240	87
243	260.0	126.8		119.8		120	172	0	0	360	139	0	0	60	114	240	89
244	260.0	134.0		128.9		120	163	0	0	480	141	0	0	60	116	120	86
245	240.0	109.4		103.0		60	138	0	0	240	143	60	87	0	0	360	86
246	260.0	116.0		110.7		60	140	0	0	360	137	60	92	60	110	240	86
247	220.0	117.7		110.8		60	107	0	0	300	142	60	86	60	143	180	83
248	340.0	107.5		103.5		0	0	0	0	420	124	0	0	120	136	480	86
249	220.0	124.2		119.1		240	138	0	0	240	138	0	0	60	92	120	85
250	260.0	121.9		115.4		60	171	0	0	300	144	60	88	120	123	240	90
251	300.0	131.8		123.0		120	178	0	0	480	144	0	0	60	133	240	84
252	380.0	119.0		115.4		180	147	0	0	600	126	60	111	60	101	240	87
253	300.0	117.9		108.5		60	210	0	0	240	146	60	84	180	127	360	85
254	160.0	132.4		123.8		60	181	0	0	240	147	0	0	60	120	120	85
255	460.0	129.0		118.4		420	177	0	0	420	134	60	95	0	0	480	87
256	380.0	112.6		105.7		120	150	0	0	420	140	120	90	0	0	480	85
257	420.0	126.2		118.8		300	148	0	0	540	145	60	90	0	0	360	86
258	300.0	105.2		99.1		0	0	0	0	300	144	120	89	0	0	480	85
259	460.0	127.5		120.7		360	156	0	0	600	138	0	0	120	93	300	86
260	360.0	122.4		116.6		180	154	0	0	420	139	0	0	120	117	360	89
261	420.0	130.8		125.0		420	159	0	0	420	133	0	0	180	118	240	87
262	260.0	113.8		106.4		60	175	0	0	240	141	0	0	60	131	420	87
263	400.0	135.6		128.2		240	186	0	0	480	139	0	0	240	125	240	89
264	600.0	117.6		110.7		420	155	0	0	600	131	60	89	60	97	660	86
265	640.0	128.8		121.7		660	160	0	0	660	133	60	87	60	109	480	88
266	380.0	132.3		124.0		180	163	0	0	540	152	0	0	180	107	240	84
267	340.0	116.8		109.3		60	137	0	0	480	145	0	0	0	0	480	86
268	280.0	122.6		111.7		60	205	0	0	300	152	0	0	120	124	360	84
269	240.0	109.5		103.8		0	0	0	0	300	140	0	0	120	92	300	86
270	500.0	126.8		125.5		660	131	0	0	660	131	0	0	0	0	180	96
271	420.0	118.0		111.8		120	172	0	0	540	133	0	0	120	120	480	87
272	420.0	139.2		130.3		240	192	0	0	540	149	0	0	180	120	300	91
273	500.0	129.0		118.1		300	182	0	0	540	148	60	103	0	0	600	88
274	420.0	126.0		116.4		360	168	0	0	300	145	180	101	0	0	420	87
275	540.0	119.6		111.0		480	163	0	0	420	125	60	87	60	112	600	85
276	580.0	115.4		109.4		480	145	0	0	660	122	60	91	60	114	480	80
277	380.0	116.1		109.3		240	159	0	0	360	129	60	101	60	85	420	87
278	600.0	126.0		118.1		540	159	0	0	660	135	60	89	0	0	540	86
279	340.0	123.9		116.5		120	191	0	0	480	135	0	0	60	98	360	91
280	460.0	125.8		121.3		240	167	0	0	600	131	120	108	240	108	180	89
281	380.0	139.7		134.3		240	168	0	0	540	148	0	0	240	120	120	85
282	360.0	141.6		137.7		240	175	0	0	480	142	0	0	300	125	60	87
283	640.0	112.9		106.0		480	152	0	0	540	122	60	78	60	128	780	84
284	660.0	119.1		109.3		420	162	0	0	540	147	60	112	60	100	900	84
285	260.0	150.4		137.6		60	185	0	0	420	170	0	0	120	164	180	84
286	380.0	119.2		109.4		180	180	0	0	240	141	0	0	240	124	480	83
287	860.0	121.7		110.9		780	174	0	0	780	120	0	0	0	0	1020	83
288	580.0	116.0		110.1		420	152	0	0	660	123	0	0	0	0	660	86
289	320.0	129.2		119.1		300	178	0	0	240	133	60	99	180	95	180	87
290	540.0	120.4		113.4		180	167	0	0	660	139	0	0	240	114	540	85
291	580.0	124.1		116.7		240	184	0	0	780	134	0	0	240	106	480	87
292	620.0	115.8		109.8		480	151	0	0	600	123	60	119	0	0	720	86
293	340.0	125.2		118.2		120	178	0	0	480	138	0	0	120	117	300	87
294	540.0	125.6		121.1		240	161	0	0	840	133	0	0	300	108	240	86
295	680.0	120.9		113.1		480	160	0	0	720	132	0	0	120	119	720	84
296	660.0	122.8		113.1		420	172	0	0	780	135	0	0	0	0	780	84
297	400.0	121.0		113.2		240	166	0	0	480	133	0	0	60	90	420	86
298	420.0	143.4		134.4		240	202	0	0	600	148	0	0	240	115	180	88
299	580.0	125.8		114.5		420	181	0	0	480	141	0	0	240	103	600	84
300	640.0	128.6		123.0		660	164	0	0	660	117	0	0	360	112	240	88
301	760.0	117.3		115.2		720	136	0	0	960	113	120	111	240	114	240	85
302	600.0	124.0		117.9		540	158	0	0	660	126	0	0	180	101	420	87
303	640.0	116.2		110.0		420	155	0	0	720	125	60	115	0	0	720	85
304	480.0	110.4		102.7		180	177	0	0	300	137	120	115	0	0	840	86
305	660.0	125.0		118.1		480	160	0	0	660	139	0	0	420	103	420	85
306	700.0	124.7		118.7		360	168	0	0	1080	131	0	0	240	99	420	86
307	780.0	123.1		118.4		840	144	0	0	900	126	0	0	120	112	480	84
308	640.0	123.5		118.1		480	153	0	0	720	131	60	104	240	114	420	85
309	740.0	119.4		111.8		600	159	0	0	780	123	60	72	240	107	540	81
310	660.0	128.6		121.2		420	171	0	0	900	134	0	0	240	114	420	83
311	840.0	128.4		120.3		780	167	0	0	900	130	120	103	240	100	480	83
312	840.0	134.0		128.2		840	164	0	0	1080	133	0	0	300	100	300	88
313	620.0	126.1		118.9		600	167	0	0	660	118	60	101	240	105	300	84
314	620.0	124.2		115.8		480	168	0	0	660	131	60	117	60	89	600	86
315	700.0	122.7		118.6		420	152	0	0	900	130	0	0	360	111	420	88
316	820.0	111.9		106.3		360	149	0	0	840	131	120	113	0	0	1140	86
317	760.0	134.3		127.0		960	160	0	0	780	134	60	109	60	104	420	84
318	680.0	125.6		121.2		540	155	0	0	900	127	0	0	300	108	300	86
319	1120.0	119.0		110.0		1080	162	0	0	1020	118	0	0	180	95	1080	81
320	580.0	143.6		135.5		480	177	0	0	780	148	60	118	180	126	240	82
321	660.0	140.8		136.4		600	175	0	0	720	137	0	0	480	120	180	98
322	860.0	119.5		111.8		840	150	0	0	780	131	0	0	120	94	840	82
323	600.0	142.6		136.2		540	180	0	0	840	139	0	0	300	108	120	86
324	1380.0	121.5		114.5		1860	148	0	0	1140	117	60	115	0	0	1080	81
325	660.0	112.7		106.7		540	144	0	0	660	122	60	95	60	84	660	82
326	1120.0	120.5		115.7		1380	142	0	0	1080	121	60	108	120	95	720	84
327	1440.0	110.9		108.4		1620	128	60	109	1560	109	180	105	300	84	600	85
328	1380.0	116.3		111.9		1860	134	0	0	1260	117	0	0	240	97	780	79
329	1120.0	121.7		114.3		1260	152	0	0	1020	124	60	91	120	97	900	82
330	880.0	128.2		122.4		960	153	0	0	900	131	0	0	300	111	480	84
331	1280.0	111.3		106.5		1500	134	0	0	1140	112	60	117	60	91	1080	80
332	1480.0	116.1		109.6		1680	142	0	0	1200	120	0	0	360	109	1200	78
333	1140.0	116.2		112.3		1260	135	0	0	1140	121	60	102	180	99	780	84
334	1200.0	121.2		118.6		1200	139	0	0	1680	120	0	0	360	105	360	84
335	1300.0	119.7		115.8		1800	137	0	0	1080	119	120	113	240	98	660	83
336	1200.0	114.0		109.1		1260	139	0	0	1140	117	60	104	240	87	900	83
337	1040.0	112.8		106.7		1020	140	0	0	1020	120	0	0	60	85	1020	80
338	1140.0	115.0		110.4		1440	136	0	0	840	116	120	115	120	95	900	83
339	1680.0	117.0		113.1		2340	134	0	0	1620	115	0	0	180	95	900	81
340	1080.0	119.4		114.9		1320	139	0	0	1080	119	60	108	180	109	600	81
341	760.0	121.6		116.5		660	152	0	0	840	123	60	118	240	107	480	85
342	1180.0	115.5		111.8		1260	135	0	0	1380	116	60	113	180	103	660	81
343	1640.0	107.9		105.1		2100	124	0	0	1320	106	240	108	0	0	1260	83
344	1360.0	112.9		108.9		1500	134	0	0	1380	115	0	0	0	0	1200	84
345	1320.0	119.8		116.1		1500	139	0	0	1440	119	120	103	240	114	660	83
346	1840.0	108.8		106.6		2700	122	0	0	1560	104	240	100	60	88	960	83
347	1260.0	115.7		113.0		1560	132	0	0	1140	115	120	108	60	120	900	89
348	1360.0	113.6		111.3		1680	126	0	0	1440	114	120	117	120	109	720	84
349	1160.0	117.1		114.2		1440	135	0	0	1260	113	180	104	120	93	480	85
350	1300.0	117.6		115.4		1560	131	0	0	1740	115	0	0	120	115	480	84
351	1280.0	117.5		113.1		1380	138	0	0	1320	120	60	118	480	101	600	78
352	1880.0	106.4		104.3		2520	119	60	117	1800	105	60	101	60	81	1140	82
353	1140.0	124.8		123.0		1740	135	0	0	1200	121	120	112	120	102	240	87
354	1460.0	116.3		114.2		1860	129	0	0	1800	115	60	99	120	85	540	86
355	1160.0	116.3		112.7		1620	131	0	0	1080	115	120	66	360	100	300	81
356	1580.0	114.8		112.6		1920	128	0	0	1740	114	180	116	120	100	780	86
357	1400.0	112.6		110.6		1560	125	0	0	1680	113	120	106	180	110	660	84
358	1620.0	112.6		110.0		2340	127	0	0	1440	108	120	86	300	98	660	83
359	1280.0	121.8		119.1		1800	134	0	0	1080	125	60	112	360	105	540	87
360	1340.0	116.5		113.5		1620	133	0	0	1440	116	60	118	180	97	720	85
361	1640.0	114.0		111.3		2100	130	0	0	1740	111	120	109	180	85	780	85
362	1320.0	117.0		115.5		1500	128	60	117	1740	116	0	0	240	110	420	86
363	1620.0	114.9		113.3		2100	126	0	0	1860	113	60	90	480	99	360	85
364	1320.0	122.6		120.0		1740	136	60	118	1620	120	0	0	120	100	420	84
365	1280.0	119.3		116.6		1500	134	0	0	1560	119	0	0	240	106	540	85
366	1460.0	112.6		110.3		1920	123	60	112	1320	117	240	94	420	97	420	78
367	1960.0	106.5		104.9		2640	116	60	113	1860	107	120	111	120	93	1080	83
368	1820.0	110.0		108.2		2460	121	60	118	1860	107	180	112	240	93	660	82
369	1240.0	120.5		116.8		1500	139	0	0	1380	119	60	113	240	102	540	82
370	1220.0	119.2		116.1		1380	136	0	0	1440	119	120	108	240	104	480	82
371	1360.0	118.6		115.5		1980	133	60	115	900	120	240	89	480	102	420	84
372	2100.0	104.9		103.5		2700	117	0	0	1860	102	480	97	360	92	900	84
373	1760.0	111.4		109.9		2280	123	0	0	1680	109	300	103	600	98	420	83
374	2020.0	100.6		99.7		2760	109	120	110	1920	97	240	97	300	90	720	82
375	1520.0	106.9		106.6		2040	111	0	0	1740	106	120	109	480	100	180	87
376	1460.0	115.6		114.3		1800	127	60	119	1500	113	120	105	540	105	360	88
377	1840.0	102.4		100.7		2460	114	0	0	1800	100	240	96	60	82	960	80
378	2060.0	98.1		97.6		2760	104	120	103	2340	96	60	99	60	80	840	85
379	1960.0	99.4		98.5		2580	107	60	101	1920	99	180	99	120	81	1020	83
380	1880.0	102.5		100.7		2400	115	0	0	1800	101	180	102	0	0	1260	81
381	1620.0	107.7		105.9		1980	119	0	0	1860	107	60	119	300	91	660	82
382	2280.0	96.0		93.9		2880	105	120	106	2520	97	120	92	300	89	900	66
383	1400.0	111.3		109.7		1800	120	120	117	1500	112	60	108	240	100	480	81
384	1880.0	101.4		100.8		2400	108	120	109	1980	100	120	98	300	95	720	85
385	1960.0	98.4		97.0		2580	108	60	102	1740	98	240	99	360	87	900	76
386	2080.0	97.6		97.3		2820	100	60	112	2100	99	0	0	660	93	600	85
387	1900.0	101.5		101.1		2640	106	0	0	1740	102	240	103	480	95	600	85
388	2080.0	90.4		90.3		2940	89	0	0	1980	92	60	96	960	93	300	84
389	1980.0	96.1		95.5		2640	100	0	0	2220	98	120	95	240	84	720	80
390	1820.0	101.1		100.2		2400	109	0	0	2220	99	0	0	300	89	540	81
391	1940.0	99.3		99.1		2400	103	60	102	2160	99	240	98	720	93	240	84
392	1940.0	99.4		98.9		2280	106	60	112	2100	99	60	103	900	90	420	84
393	1960.0	98.8		98.6		2640	103	60	110	1800	98	240	96	960	91	180	87
394	2060.0	106.3		105.7		2580	114	120	105	2100	104	120	106	1020	96	240	88
395	1520.0	112.3		110.9		1980	124	0	0	1680	109	60	103	480	96	360	87
396	1640.0	108.4		107.7		1860	117	0	0	1920	108	120	105	780	96	240	87
397	1800.0	107.4		106.8		2520	114	0	0	2040	105	60	106	420	98	360	86
398	1740.0	107.0		106.0		2340	116	0	0	1860	105	0	0	600	92	420	87
399	1740.0	104.9		104.5		2280	111	60	108	1980	102	120	100	540	99	240	86
400	1800.0	106.4		105.8		2460	110	0	0	1980	107	180	96	360	110	420	84
401	1920.0	101.9		101.4		2400	108	0	0	2040	102	60	105	840	91	420	88
402	1640.0	104.1		103.8		2160	109	60	106	1980	102	0	0	360	102	360	88
403	1800.0	101.7		101.2		2520	106	0	0	1680	103	180	103	360	93	660	86
404	1740.0	103.5		102.2		2160	113	60	106	1980	103	0	0	120	92	900	83
405	1840.0	99.8		99.2		2340	106	180	101	1920	99	60	106	420	87	600	86
406	1960.0	90.9		90.8		2760	94	0	0	2160	89	60	93	300	87	600	85
407	1700.0	104.5		103.4		2040	114	120	112	1860	103	120	102	120	96	840	85
408	1800.0	101.6		101.2		2400	105	0	0	1860	103	180	100	360	100	600	85
409	1760.0	105.8		104.9		2460	113	0	0	1860	105	0	0	420	95	540	84
410	2180.0	102.0		101.8		2700	106	60	103	2580	101	60	101	780	97	360	90
411	1400.0	112.8		111.8		1740	120	60	114	1200	115	120	109	780	104	300	86
412	1760.0	107.2		106.1		2040	116	0	0	2160	107	120	109	480	93	480	84
413	1620.0	107.7		107.4		2160	113	0	0	1800	105	0	0	600	105	300	91
414	2080.0	102.1		101.3		2460	110	120	113	2400	101	180	103	600	88	480	82
415	1720.0	107.0		106.3		2400	113	60	112	1860	106	120	103	240	97	480	86
416	2020.0	101.3		100.7		2520	108	120	115	1980	100	120	101	780	93	540	84
417	1920.0	105.2		105.0		2400	109	120	109	2220	103	0	0	720	104	300	92
418	1800.0	103.0		102.6		2400	109	0	0	1980	101	180	99	420	95	420	88
419	1960.0	99.4		98.9		2460	105	60	105	1800	100	240	99	780	89	540	86
420	1780.0	101.9		101.5		2340	107	0	0	2040	100	60	105	540	98	360	85
421	1720.0	103.3		102.7		2280	109	0	0	1860	103	180	100	420	93	420	85
422	1780.0	103.2		102.6		1980	112	60	107	2340	100	0	0	540	96	420	88
423	1980.0	105.1		104.6		2400	112	60	114	2100	102	120	104	780	100	480	91
424	1400.0	108.8		107.6		1740	118	0	0	1440	110	60	105	420	98	540	85
425	1800.0	101.3		100.2		2100	113	0	0	1920	98	180	93	660	90	540	84
426	1820.0	101.1		100.6		2580	107	0	0	1740	98	240	98	480	94	420	87
427	1880.0	102.8		102.3		2760	108	0	0	2040	101	0	0	240	101	600	86
428	1840.0	103.0		102.1		2400	112	120	114	1680	100	300	98	360	87	660	87
429	1660.0	100.8		100.2		2160	107	0	0	1740	100	180	107	360	87	540	86
430	1640.0	107.2		106.9		2280	111	60	115	1740	106	60	110	600	101	180	87
431	1600.0	107.7		104.8		2160	120	0	0	1620	106	0	0	360	107	660	72
432	1880.0	101.1		100.8		2340	106	60	102	2460	99	0	0	360	98	420	88
433	1760.0	110.3		109.6		2520	117	60	102	1680	107	120	106	600	105	300	86
434	1480.0	104.1		102.8		1740	117	0	0	1680	100	180	97	240	90	600	86
435	2180.0	99.1		99.0		2520	103	60	99	2520	98	120	98	1020	95	300	91
436	1960.0	100.8		100.3		2580	106	0	0	1980	101	300	97	660	90	360	85
437	2040.0	105.4		104.7		2820	113	0	0	2340	103	0	0	420	92	540	87
438	1640.0	105.3		104.5		1800	112	180	114	1860	105	120	109	660	97	300	79
439	1900.0	103.4		102.9		2460	110	60	98	2100	100	60	107	720	98	300	86
440	1800.0	103.4		102.3		2220	113	0	0	1860	103	180	99	720	89	420	81
441	1800.0	102.8		102.2		2340	110	60	110	1680	101	60	97	900	93	360	88
442	1920.0	103.6		103.0		2760	110	0	0	2040	101	60	105	480	93	420	86
443	1760.0	104.9		104.4		2280	111	0	0	1800	105	180	101	660	94	360	88
444	1900.0	105.1		104.3		2520	112	60	112	1980	104	120	109	360	97	660	85
445	1880.0	102.6		97.4		2520	109	60	16	2040	102	180	100	660	93	180	85
446	1620.0	102.0		100.9		2100	110	0	0	1740	102	180	103	240	89	600	79
447	1740.0	99.6		98.9		2160	108	0	0	1740	97	180	99	660	92	480	82
448	1880.0	91.5		91.1		2280	97	60	101	1980	89	180	95	660	88	480	78
449	1800.0	97.7		97.4		2520	102	0	0	2100	96	60	98	180	86	540	88
450	1820.0	102.2		101.4		2160	112	0	0	2040	100	60	107	780	90	420	85
451	1640.0	103.5		102.9		2160	109	0	0	1920	103	60	105	360	97	420	83
452	1340.0	107.9		107.5		1620	114	60	114	1440	106	60	109	660	101	180	90
453	1760.0	97.8		97.1		2100	104	0	0	1980	99	60	100	600	86	540	82
454	1820.0	103.0		102.7		2160	109	120	102	1980	101	60	104	960	97	180	86
455	1720.0	100.1		99.8		2340	103	120	104	1920	101	0	0	360	90	420	87
456	1600.0	102.2		101.0		1980	112	0	0	1740	102	180	90	300	91	600	80
457	1720.0	103.1		102.4		2040	112	0	0	1800	101	120	100	900	93	300	86
458	1520.0	100.1		99.4		1860	106	60	118	1680	100	120	97	420	93	420	80
459	1640.0	96.0		95.5		1980	103	120	101	1620	94	120	92	540	89	540	83
460	1800.0	101.3		100.7		2100	110	60	96	1740	99	120	102	1020	93	360	86
461	1640.0	105.2		104.8		2400	110	0	0	1740	103	180	103	360	97	240	87
462	1500.0	106.7		105.4		1860	118	0	0	1680	104	240	101	300	91	420	82
463	1660.0	99.7		99.0		2040	107	0	0	1500	100	300	97	720	88	420	85
464	1620.0	102.3		101.5		2280	110	60	115	1680	99	0	0	240	89	600	86
465	1640.0	102.8		102.2		1800	111	0	0	2040	101	180	98	420	98	480	86
466	1700.0	101.2		100.7		2280	107	0	0	1860	100	60	89	540	93	360	85
467	1620.0	101.1		100.5		1980	107	60	119	1800	101	60	107	660	89	300	84
468	1620.0	96.2		95.8		2040	101	0	0	1560	97	120	98	600	89	540	83
469	1600.0	100.6		100.1		1860	107	60	115	1680	99	120	103	420	97	660	87
470	1660.0	97.7		97.3		2040	104	60	98	1800	97	120	97	420	87	540	85
471	1700.0	104.0		103.4		2340	111	0	0	1440	103	180	105	960	92	180	85
472	1640.0	98.7		98.3		2040	104	60	110	1740	98	180	96	600	91	300	82
473	1640.0	100.4		99.5		1860	110	0	0	2100	99	60	93	540	84	360	85
474	1660.0	97.9		97.6		1980	103	0	0	1920	97	0	0	720	91	360	88
475	1780.0	97.8		97.5		2460	103	0	0	1740	96	120	95	480	93	540	85
476	1820.0	103.4		103.0		2580	109	60	116	2160	101	0	0	300	89	360	88
477	1600.0	104.4		103.3		2100	114	0	0	1680	103	60	99	420	88	540	85
478	1720.0	94.9		94.7		1980	99	0	0	2220	94	120	98	420	89	420	85
479	1760.0	98.5		98.3		2220	103	0	0	1920	98	120	100	540	91	480	88
480	1500.0	101.1		100.5		1920	109	60	104	1740	98	180	100	60	86	540	85
481	1760.0	92.6		92.5		2160	94	180	85	1680	94	240	95	600	90	420	85
482	1780.0	91.5		91.3		2340	95	120	97	1740	91	120	92	600	85	420	82
483	1560.0	94.9		94.3		1860	102	60	89	1380	93	300	94	600	90	480	80
484	1500.0	94.3		93.9		1980	100	0	0	1500	94	60	87	600	84	360	83
485	1820.0	94.9		94.7		2340	99	60	94	1980	94	120	90	600	89	360	85
486	1640.0	93.7		93.5		2220	97	60	93	1740	93	180	95	360	88	360	82
487	1580.0	94.0		93.8		1920	98	60	95	1560	94	240	96	420	86	540	85
488	1600.0	93.2		92.5		1920	102	0	0	1560	89	240	94	720	83	360	84
489	1660.0	92.5		92.2		2040	97	60	94	1980	91	60	93	240	89	600	83
490	1620.0	96.6		96.0		1680	104	60	108	1980	96	180	93	420	90	540	81
491	1700.0	93.7		93.0		2040	99	60	103	1860	95	60	100	540	76	540	85
492	1780.0	95.7		95.2		2160	102	120	100	1800	95	240	97	600	85	420	80
493	1860.0	90.8		90.5		2160	96	60	96	2100	89	120	90	660	86	480	81
494	1760.0	88.5		88.2		1980	95	180	94	1980	86	60	87	480	80	600	81
495	1760.0	89.2		88.6		2100	96	180	103	1740	87	240	79	540	78	480	80
496	1820.0	86.8		86.5		2340	92	0	0	1740	84	180	84	720	86	480	74
497	1640.0	97.5		97.0		2040	105	120	100	1560	95	180	99	240	89	780	85
498	1760.0	98.2		97.8		2220	105	0	0	1860	96	120	98	600	90	480	86
499	1720.0	93.3		93.2		2280	97	60	90	1980	92	0	0	240	89	600	86
500	2140.0	85.8		85.7		2460	88	0	0	2400	85	0	0	1260	84	300	81
501	1780.0	87.7		87.6		2280	89	120	88	1740	90	60	87	600	83	540	80
502	1540.0	98.7		98.2		2100	104	0	0	1620	98	180	97	180	91	540	83
503	1660.0	96.3		95.9		2160	103	0	0	1860	94	0	0	540	88	420	83
504	1760.0	93.4		93.1		2280	97	0	0	1800	93	300	93	360	91	540	81
505	1980.0	89.5		88.0		2340	99	120	99	1980	90	60	90	780	78	660	66
506	1660.0	92.0		91.6		2160	97	60	96	1620	92	180	91	240	83	720	80
507	1740.0	94.7		94.5		2220	99	60	98	1920	92	120	96	660	92	240	82
508	1380.0	100.6		99.8		1620	108	0	0	1320	103	300	93	360	90	540	84
509	1620.0	95.6		94.8		1800	104	120	103	1620	96	120	93	540	82	660	82
510	1580.0	88.8		88.7		2040	91	120	90	1620	89	240	87	120	86	600	82
511	1680.0	88.2		87.4		1860	94	180	96	1920	89	240	89	240	73	600	71
512	1640.0	94.2		94.0		2100	97	60	114	1440	95	240	94	660	88	420	85
513	1620.0	94.3		93.7		1980	102	0	0	1500	93	180	89	720	84	480	84
514	1600.0	90.8		90.5		1800	96	60	90	1620	91	180	92	420	84	720	81
515	1700.0	93.0		92.9		1980	97	180	98	1920	91	60	101	720	89	240	83
516	1620.0	94.4		93.9		1920	100	120	106	1680	93	240	94	360	87	540	81
517	1900.0	86.2		86.2		2340	87	0	0	2040	86	120	87	600	89	600	81
518	1660.0	86.6		86.4		2100	90	60	85	1440	88	240	87	480	77	660	80
519	1680.0	77.2		77.1		2160	79	0	0	1860	77	60	77	600	76	360	69
520	1460.0	55.3		54.8		1680	54	120	55	1200	62	300	57	600	52	480	46
521	940.0	31.5		30.4		780	34	120	39	960	30	240	39	360	34	360	20
522	260.0	9.2		8.3		180	5	0	0	120	12	60	12	240	9	180	11
523	1040.0	40.3		38.4		1020	45	60	14	1200	39	0	0	420	49	420	28
524	1340.0	56.8		56.3		1560	62	60	63	1320	55	180	59	360	50	540	49
525	1440.0	47.4		47.2		1560	50	120	44	1140	48	240	48	660	42	600	46
526	540.0	23.5		23.1		600	27	60	17	420	22	240	24	180	20	120	19
527	580.0	14.6		12.3		900	17	0	0	480	14	120	18	240	5	0	0
528	700.0	13.0		11.2		480	14	60	12	960	15	120	16	300	5	180	11
529	1360.0	26.9		26.2		1380	32	120	37	1320	25	180	26	600	21	480	23
530	1320.0	40.6		40.0		1320	44	120	46	1320	41	180	42	420	29	600	39
531	1280.0	55.3		55.1		1260	58	120	55	1320	56	180	58	240	51	720	50
532	1520.0	56.8		56.7		1500	57	120	57	1680	57	180	62	420	54	660	56
533	1660.0	57.8		57.7		1980	60	0	0	1740	56	240	62	360	55	660	56
534	1660.0	58.1		57.2		1800	65	120	65	1440	58	360	57	240	52	1020	47
535	1460.0	50.1		49.7		1620	55	60	50	1560	49	180	49	300	45	660	43
536	1440.0	41.6		40.7		1500	48	60	53	1140	33	420	39	480	42	720	42
537	1200.0	24.9		22.6		1560	31	0	0	900	15	180	14	480	26	480	27
538	1100.0	24.6		23.7		1140	30	120	25	1260	23	60	32	240	18	480	18
539	620.0	12.5		11.0		660	17	240	12	600	10	120	14	180	5	60	10
540	1340.0	45.1		43.5		1380	53	120	39	1620	45	180	44	360	35	360	28
541	1480.0	61.7		61.3		1500	66	60	70	1680	62	120	60	660	59	420	49
542	1320.0	55.7		55.7		1380	56	0	0	1380	57	240	56	420	54	540	53
543	1140.0	34.5		33.8		1140	34	60	15	1140	32	180	42	360	35	540	40
544	900.0	23.2		22.9		960	23	180	26	600	22	60	38	480	25	420	20
545	1540.0	40.1		39.7		1620	45	0	0	1440	39	240	39	1020	36	300	34
546	1200.0	28.3		28.1		1260	27	120	28	1140	30	300	33	240	26	540	26
547	1040.0	21.2		20.6		960	17	120	15	720	23	420	24	300	25	600	23
548	1260.0	26.4		25.7		1320	32	120	28	1140	22	240	23	480	24	480	25
549	1260.0	27.7		26.5		1380	33	60	23	1020	28	300	18	600	20	420	28
550	1100.0	21.7		20.5		1320	27	60	21	780	20	360	21	180	14	600	15
551	1000.0	20.8		19.0		1140	25	60	12	900	22	120	27	480	14	300	11
552	1160.0	22.2		21.5		1380	25	120	26	780	22	420	24	480	16	300	16
553	1180.0	20.3		20.1		1320	19	60	20	1200	23	120	20	420	19	420	18
554	1020.0	17.1		17.0		900	16	120	16	1140	18	120	18	360	16	420	18
555	960.0	17.2		16.7		840	14	180	12	780	20	300	21	480	18	300	17
556	1040.0	18.9		18.8		1200	18	120	19	900	19	120	14	240	21	540	21
557	1040.0	19.8		19.6		1200	18	0	0	960	20	120	16	300	22	540	23
558	1000.0	16.6		16.4		1140	15	120	16	960	18	180	15	120	17	480	18
559	1000.0	21.3		20.5		720	18	180	18	900	21	240	14	480	28	480	25
560	1420.0	40.3		40.2		1620	42	0	0	1440	40	180	38	300	42	720	37
561	1280.0	32.2		32.1		1440	34	60	37	900	29	300	30	660	32	480	34
562	1180.0	30.5		29.3		1260	37	60	38	1200	24	60	17	540	29	420	32
563	1500.0	45.8		45.7		1500	49	0	0	1620	44	120	45	960	45	300	42
564	1440.0	40.0		40.0		1440	42	60	42	1560	39	60	37	600	40	600	38
565	920.0	25.2		23.5		1140	33	60	18	780	19	240	20	300	18	240	24
566	1200.0	25.7		24.5		1380	31	0	0	1260	25	120	13	600	20	240	19
567	1260.0	40.3		39.8		1320	44	120	49	1260	40	240	40	300	35	540	33
568	1260.0	44.2		42.9		1440	52	60	55	1200	43	240	41	240	35	600	32
569	1240.0	41.6		41.3		1500	45	60	45	1140	42	180	38	360	35	480	36
570	1120.0	22.5		22.2		1200	24	120	17	900	23	240	22	480	18	420	24
571	1020.0	18.2		18.1		1140	20	60	20	840	17	300	17	300	16	420	18
572	1000.0	20.3		20.3		1200	20	60	18	720	21	360	21	180	20	480	20
573	900.0	20.7		20.6		960	21	120	19	900	22	180	21	180	17	360	19
574	800.0	15.2		14.8		720	14	180	14	660	13	120	15	180	21	540	18
575	920.0	18.2		17.9		960	21	180	20	840	16	180	15	180	16	420	18
576	960.0	20.7		20.1		1020	25	120	20	720	19	420	19	180	14	420	18
577	980.0	18.4		17.8		1140	22	0	0	720	17	240	16	420	18	420	13
578	1180.0	21.9		21.7		1320	24	0	0	960	22	360	21	540	19	360	19
579	1400.0	33.4		32.8		1560	39	60	29	1380	29	240	32	540	30	420	33
580	1140.0	37.9		37.6		1440	40	0	0	1140	39	60	41	240	33	540	32
581	1460.0	39.5		38.9		1500	46	0	0	1500	38	60	44	960	34	360	33
582	1360.0	33.9		33.3		1500	38	120	38	1140	35	120	36	900	27	300	28
583	1260.0	29.4		27.9		1260	39	180	35	780	24	420	23	600	24	540	24
584	920.0	16.1		15.9		720	14	300	14	900	17	60	19	360	18	420	17
585	1020.0	17.5		16.9		1200	20	0	0	1020	14	60	12	480	20	300	16
586	920.0	15.3		14.7		1020	18	0	0	660	11	180	12	540	16	360	16
587	920.0	19.0		17.5		840	26	180	20	720	12	180	16	600	18	240	20
588	980.0	22.8		22.1		1020	22	60	21	780	19	180	16	540	28	360	29
589	1160.0	35.3		35.0		1200	32	120	38	960	39	300	40	600	33	300	35
590	1100.0	37.1		36.9		840	40	180	39	1320	38	60	36	540	34	360	31
591	1340.0	37.4		36.7		1560	41	0	0	1380	39	120	37	420	28	540	30
592	1160.0	41.7		39.5		1020	55	240	54	1020	35	240	38	600	32	360	33
593	1000.0	28.7		26.2		1140	37	180	42	960	22	120	34	240	17	360	20
594	1000.0	23.8		22.4		1320	30	60	24	840	17	180	19	60	20	540	21
595	1100.0	31.3		31.2		1200	33	240	32	780	31	300	29	300	32	480	28
596	1240.0	38.3		38.0		1320	41	120	36	960	37	360	30	300	42	660	38
597	1360.0	47.3		46.9		1500	49	60	44	1260	51	120	48	600	41	540	41
598	1220.0	44.2		43.5		1320	50	0	0	1260	43	240	47	360	36	480	36
599	1040.0	31.2		27.7		1200	42	120	43	840	28	300	20	300	15	360	22
600	1160.0	27.7		25.5		1440	37	60	33	900	20	240	19	360	22	480	22
601	1120.0	24.4		23.4		1380	30	0	0	840	19	180	17	540	23	420	22
602	1300.0	40.2		39.3		1320	48	60	52	1380	36	180	32	600	35	360	38
603	1280.0	48.5		48.5		1200	49	240	47	1080	48	180	48	660	51	480	46
604	1380.0	50.7		50.4		1260	53	180	58	1260	53	240	50	600	45	600	45
605	1220.0	51.4		51.1		1260	56	60	60	1320	49	180	46	360	47	480	50
606	1300.0	66.0		66.0		1380	66	180	69	1500	66	120	64	300	66	420	65
607	1300.0	62.4		62.3		1560	65	0	0	1440	62	0	0	240	55	660	60
608	1340.0	63.1		62.7		1500	69	0	0	1140	62	360	61	300	55	720	57
609	1380.0	50.2		49.3		1440	59	180	49	1140	46	420	38	240	47	720	48
610	1240.0	40.4		40.1		1320	40	180	48	900	37	420	36	300	41	600	47
611	660.0	20.1		18.3		720	25	240	23	480	12	180	15	180	22	180	21
612	900.0	21.7		21.3		1020	23	60	15	780	22	180	27	360	17	300	20
613	1120.0	27.3		26.8		1200	27	60	33	1200	30	120	34	480	21	300	24
614	1240.0	42.0		41.9		1440	44	60	44	1260	42	120	45	180	35	660	39
615	1360.0	69.6		69.0		1320	77	0	0	1500	68	300	69	360	69	600	58
616	1140.0	77.6		76.8		1380	83	0	0	1020	81	300	73	60	68	660	64
617	1480.0	73.4		72.9		1560	80	0	0	1500	73	120	72	780	65	480	67
618	1320.0	77.6		77.2		1500	82	120	86	1380	77	180	81	360	69	420	67
619	1440.0	76.1		75.4		1500	84	180	72	1500	76	180	72	540	67	420	63
620	1300.0	91.5		90.5		1620	101	0	0	1320	90	60	87	420	77	480	77
621	1220.0	90.5		89.7		1440	99	60	95	1200	90	60	88	720	77	180	80
622	1440.0	86.8		86.3		1680	94	120	99	1440	83	180	75	180	85	720	79
623	1440.0	82.4		81.9		1620	89	120	91	1320	80	300	84	360	73	600	73
624	1700.0	85.0		84.3		1920	93	120	97	1620	84	240	82	480	73	720	73
625	1440.0	92.3		91.8		1800	99	60	97	1200	92	180	91	540	83	540	80
626	1460.0	88.0		87.4		1740	96	60	92	1440	86	120	92	120	74	900	77
627	1440.0	88.3		88.1		1560	89	180	93	1500	91	0	0	780	84	300	79
628	1300.0	97.8		96.7		1320	108	0	0	1560	99	60	98	300	86	660	80
629	1440.0	97.8		97.0		1740	107	0	0	1500	95	60	101	600	88	420	83
630	960.0	105.0		103.2		840	120	0	0	1140	107	120	106	180	81	600	87
631	1220.0	102.6		101.6		1380	114	0	0	1020	101	300	99	660	91	300	85
632	1200.0	99.7		98.4		1560	109	0	0	1200	98	120	93	480	89	240	72
633	1020.0	99.7		97.9		1020	113	0	0	1200	102	60	96	120	75	660	80
634	1480.0	93.0		92.0		1980	102	0	0	1380	90	180	92	300	82	600	76
635	1400.0	94.9		94.0		1620	103	180	109	1320	93	180	95	240	81	660	80
636	1080.0	94.3		93.7		1200	102	120	105	1260	90	60	94	240	91	360	82
637	1100.0	92.9		91.3		1320	105	0	0	780	94	120	92	360	82	720	75
638	1420.0	80.0		78.9		1740	88	60	96	1440	79	120	84	240	61	660	66
639	1560.0	86.9		86.5		1920	90	60	97	1680	88	120	90	360	80	540	75
640	1400.0	87.9		87.2		1800	94	0	0	1440	88	180	68	120	79	660	78
641	1600.0	90.8		90.6		2040	95	0	0	1740	89	180	87	420	89	420	81
642	1580.0	89.4		88.9		1680	95	120	95	1560	91	120	91	300	83	960	78
643	1520.0	94.6		94.3		1740	99	180	99	1620	95	180	90	420	87	420	83
644	1460.0	94.0		92.7		1860	102	0	0	1500	94	240	97	120	85	660	72
645	1700.0	91.6		91.0		2100	97	60	93	1860	92	120	97	360	80	600	77
646	1400.0	90.9		90.6		1740	96	0	0	1200	90	240	91	420	85	600	82
647	1520.0	90.9		90.2		1920	100	0	0	1380	85	240	80	420	86	600	83
648	1360.0	101.0		99.8		1500	113	0	0	1560	99	240	99	60	92	720	82
649	1360.0	103.1		100.3		1560	120	0	0	1440	102	120	101	180	80	780	77
650	1540.0	94.7		94.4		1740	99	120	106	1800	94	0	0	180	95	780	85
651	1520.0	99.1		98.3		2100	107	0	0	1320	97	120	92	420	93	600	82
652	1700.0	102.6		101.8		2100	111	120	106	1680	101	120	99	600	90	480	87
653	1240.0	101.2		99.0		1260	119	60	119	1260	99	60	85	300	88	780	81
654	1560.0	94.4		93.7		1800	103	120	105	1500	92	240	88	60	101	960	82
655	1580.0	89.8		89.7		1860	91	120	92	1560	91	180	89	420	89	600	83
656	1440.0	89.0		88.7		1500	94	120	78	1740	89	60	111	420	83	480	79
657	1720.0	92.0		91.3		2280	98	60	92	1380	94	240	89	240	87	960	77
658	1560.0	100.9		100.5		2160	107	0	0	1560	98	180	96	420	93	360	88
659	1480.0	92.3		91.4		1740	101	60	103	1260	92	180	95	240	84	960	78
660	1620.0	89.1		88.9		2100	92	60	76	1740	86	120	97	480	90	360	85
661	1580.0	92.7		91.8		1980	99	60	100	1500	96	60	95	0	0	1140	77
662	1580.0	102.4		101.2		1860	113	60	119	1860	100	0	0	120	95	840	84
663	1240.0	99.8		98.9		1620	108	0	0	1320	98	180	98	180	82	420	82
664	1700.0	99.4		98.7		2400	107	0	0	1800	96	60	89	180	88	660	85
665	1580.0	103.8		102.9		2100	112	0	0	1500	104	60	104	300	92	780	86
666	1220.0	109.8		108.4		1320	122	0	0	1440	110	120	96	240	97	540	88
667	1060.0	105.0		103.6		960	118	0	0	1200	106	60	110	540	96	420	83
668	1700.0	90.0		89.7		1980	93	180	96	1620	92	180	87	180	84	960	81
669	1160.0	97.7		95.4		1080	110	180	108	1080	101	60	86	420	95	660	72
670	1540.0	104.4		102.8		2160	114	0	0	1260	103	300	106	180	98	720	79
671	1340.0	104.8		104.1		1620	113	0	0	1380	103	60	108	420	100	540	88
672	1320.0	102.5		101.3		1620	111	0	0	1320	104	60	102	240	95	720	83
673	1640.0	104.9		103.3		2280	117	0	0	1440	101	180	98	120	90	900	84
674	1640.0	97.5		96.8		2100	105	0	0	1500	97	360	89	240	88	720	84
675	1340.0	105.9		103.3		1320	125	0	0	1320	106	180	100	660	92	540	78
676	1640.0	99.4		98.5		1920	108	0	0	1740	99	180	97	180	95	900	83
677	1380.0	99.8		99.2		1740	106	60	106	1380	100	180	98	120	89	660	85
678	1660.0	102.1		101.3		1860	111	120	113	1560	101	300	100	840	91	300	82
679	1520.0	106.3		104.6		1800	120	60	116	1560	104	120	92	300	94	720	84
680	1460.0	95.7		94.4		1800	105	0	0	1320	98	120	84	180	72	960	81
681	1560.0	101.4		100.6		1860	109	120	116	1680	101	0	0	420	89	600	85
682	1460.0	100.5		99.5		1800	110	0	0	1260	101	180	100	360	90	780	83
683	1560.0	94.1		93.4		1800	103	60	97	1560	91	120	94	540	84	600	84
684	1420.0	99.7		99.2		1440	105	0	0	1560	103	180	102	360	91	720	86
685	1760.0	101.2		99.8		2160	113	60	116	1740	98	300	95	60	94	960	82
686	1640.0	101.0		100.2		1860	111	0	0	1680	98	240	100	600	91	540	87
687	1500.0	99.8		97.9		1800	111	60	111	1500	101	120	103	120	80	900	77
688	1200.0	103.8		102.4		960	117	60	111	1620	106	120	97	240	90	600	83
689	1520.0	101.6		100.2		1980	112	60	118	1380	101	120	92	180	80	840	83
690	1760.0	98.4		97.5		2220	107	120	111	1740	96	60	98	240	84	900	84
691	1680.0	99.5		98.9		2160	106	60	103	1740	99	60	93	600	88	420	85
692	1260.0	107.6		106.4		1380	117	60	111	1380	108	180	100	180	111	600	86
693	1440.0	103.5		102.6		2160	110	0	0	1320	101	180	105	180	103	480	81
694	1160.0	100.8		98.3		1380	116	0	0	1080	100	60	90	240	94	720	76
695	1580.0	98.8		97.0		1800	111	60	111	1560	98	300	99	60	87	960	77
696	1640.0	107.4		105.7		2160	117	60	116	1800	107	60	100	60	114	780	81
697	1240.0	111.8		109.9		1380	128	0	0	1260	110	0	0	420	98	660	90
698	1520.0	102.8		100.0		1500	120	60	119	1680	105	60	99	240	78	1020	79
699	1220.0	109.8		106.9		1020	129	0	0	1620	112	60	115	240	102	720	80
700	1240.0	115.5		113.3		1320	131	0	0	1380	116	60	116	480	101	480	86
701	1300.0	113.7		111.1		1140	133	0	0	1620	116	180	105	180	96	780	87
702	1060.0	112.3		110.0		1020	128	0	0	1200	115	60	105	420	101	480	83
703	1100.0	114.5		112.4		900	134	0	0	1320	116	60	112	840	98	180	83
704	1020.0	110.6		108.0		960	129	0	0	1200	113	0	0	300	93	600	85
705	1120.0	109.1		106.0		960	127	0	0	1200	113	240	110	240	108	720	79
706	1320.0	117.8		114.2		1620	136	0	0	1260	117	180	114	240	97	660	83
707	1140.0	127.2		124.6		1200	144	0	0	1620	126	60	118	120	102	420	92
708	1540.0	124.8		116.9		1740	155	0	0	1800	123	0	0	180	91	900	77
709	1240.0	132.2		126.7		1620	157	0	0	1020	128	120	116	360	112	600	88
710	920.0	129.9		124.5		840	158	0	0	960	137	120	113	300	105	540	91
711	680.0	138.2		130.9		420	190	0	0	960	140	0	0	360	113	300	90
712	840.0	131.4		126.0		660	165	0	0	1200	132	0	0	180	114	480	90
713	1440.0	120.6		116.1		2040	138	0	0	1320	120	60	104	0	0	900	83
714	1140.0	125.0		121.4		1440	144	0	0	1260	122	60	95	240	103	420	86
715	1180.0	124.9		116.8		1560	145	0	0	1020	132	60	78	420	105	480	68
716	1140.0	120.5		116.3		1200	145	0	0	1260	119	0	0	420	102	540	84
717	1140.0	119.6		115.2		1440	140	0	0	1020	119	120	99	240	104	600	82
718	900.0	117.6		113.0		660	140	0	0	1200	127	0	0	120	89	720	86
719	960.0	114.7		110.4		660	140	0	0	1200	121	180	109	420	98	420	76
720	1120.0	115.8		112.7		1140	137	0	0	1080	117	180	110	120	100	840	89
721	1120.0	122.9		119.5		1140	145	0	0	1380	121	60	111	360	105	420	86
722	1080.0	126.1		117.6		1080	159	0	0	1140	131	60	109	120	65	840	87
723	820.0	123.7		117.1		840	152	0	0	960	126	60	88	120	95	480	81
724	880.0	131.6		126.8		840	157	0	0	1320	131	0	0	60	88	420	89
725	1160.0	130.3		126.7		1500	149	0	0	1260	127	120	111	60	113	540	92
726	1020.0	124.5		120.0		960	152	0	0	1020	127	0	0	360	111	720	91
727	900.0	133.8		130.4		780	159	0	0	1080	135	0	0	720	113	120	84
728	1280.0	122.4		118.3		1560	144	0	0	1500	117	180	109	0	0	600	84
729	960.0	126.6		118.1		660	169	0	0	1260	135	0	0	120	104	840	84
730	1120.0	119.9		113.2		900	155	0	0	1260	126	60	107	180	103	960	83
731	1080.0	125.8		122.1		1260	144	0	0	1140	126	180	99	240	121	420	85
732	1160.0	112.9		109.3		1380	131	0	0	1260	113	60	110	60	83	720	81
733	1160.0	131.2		128.1		1560	149	0	0	1200	125	0	0	420	113	300	89
734	1500.0	119.3		114.2		1620	143	0	0	1500	123	180	108	120	89	1080	84
735	1340.0	124.4		121.2		1860	139	0	0	1140	124	120	109	420	111	480	84
736	1480.0	119.4		115.1		1560	139	0	0	1860	122	0	0	60	112	960	83
737	1180.0	131.7		126.6		1200	156	0	0	1620	128	0	0	300	127	420	80
738	980.0	137.2		131.1		1140	167	0	0	1020	133	60	101	420	107	300	88
739	1240.0	122.9		117.4		1500	148	0	0	1260	120	60	111	120	98	780	84
740	1080.0	113.1		109.2		900	146	0	0	960	110	480	103	120	96	780	88
741	1040.0	134.3		129.3		1320	157	0	0	1200	130	0	0	240	102	360	87
742	800.0	116.8		109.6		360	154	0	0	1080	133	60	118	120	92	780	81
743	700.0	132.7		126.1		540	169	0	0	900	138	0	0	240	108	420	89
744	700.0	125.0		120.9		540	154	0	0	840	129	120	107	300	105	300	89
745	1060.0	119.3		116.0		960	140	0	0	1380	121	0	0	240	110	600	86
746	1220.0	130.4		125.5		1620	153	0	0	1320	124	0	0	180	104	540	87
747	920.0	124.6		118.8		720	153	0	0	1380	129	0	0	60	87	600	84
748	1060.0	134.2		128.6		1080	163	0	0	1140	136	0	0	540	109	420	88
749	720.0	142.5		135.4		780	170	0	0	780	148	0	0	360	108	240	87
750	1140.0	132.4		127.0		1320	155	0	0	1140	136	0	0	300	115	660	89
751	920.0	143.5		139.2		780	172	0	0	1380	143	0	0	240	120	360	99
752	760.0	136.6		124.6		780	166	0	0	840	142	120	52	180	135	360	89
753	1180.0	127.8		124.1		1500	146	60	118	1200	127	180	103	180	105	420	87
754	1240.0	130.3		123.6		1260	163	0	0	1500	128	60	113	300	98	600	85
755	1000.0	138.8		132.7		1140	165	0	0	1080	140	0	0	480	106	300	87
756	1180.0	133.5		127.4		1380	159	0	0	1380	132	60	90	240	103	480	85
757	1220.0	132.4		128.2		1260	157	0	0	1500	131	120	94	300	116	480	92
758	980.0	137.4		133.1		1080	158	0	0	1440	134	0	0	120	123	300	85
759	1080.0	123.9		118.3		1020	152	0	0	1380	125	60	115	120	95	660	84
760	1040.0	134.6		128.6		1260	160	0	0	1140	133	0	0	120	111	600	89
761	1080.0	124.6		117.5		1140	153	0	0	960	127	120	105	420	116	600	77
762	1040.0	115.6		109.2		960	142	0	0	1020	126	240	103	0	0	900	79
763	1120.0	140.1		131.7		1380	176	0	0	1260	128	0	0	240	101	480	88
764	900.0	133.8		127.9		840	166	0	0	1200	133	0	0	240	104	420	89
765	900.0	131.6		125.7		780	162	0	0	1140	134	0	0	480	109	300	80
766	1360.0	127.3		121.2		1800	152	0	0	1200	124	60	113	240	103	780	84
767	800.0	142.4		139.8		780	164	0	0	1020	141	0	0	420	123	180	102
768	1020.0	117.1		108.1		1080	148	0	0	900	126	120	97	120	93	840	74
769	1040.0	128.3		121.6		1200	151	0	0	1140	129	120	97	240	122	420	74
770	1560.0	122.1		118.7		1920	138	0	0	1500	125	120	111	480	105	660	84
771	920.0	120.9		116.0		840	149	0	0	1140	122	0	0	120	106	660	86
772	760.0	134.9		129.5		540	170	0	0	900	138	0	0	540	122	300	86
773	1040.0	131.3		124.5		900	166	0	0	1200	134	0	0	480	113	540	84
774	1700.0	118.8		111.5		2160	144	0	0	1440	122	60	108	120	82	1320	78
775	1180.0	140.1		136.2		1440	156	0	0	1320	144	180	111	240	119	360	91
776	1060.0	127.4		121.4		900	158	0	0	1440	130	0	0	180	109	660	85
777	1040.0	137.2		130.1		900	169	0	0	1440	140	60	101	300	113	420	82
778	1080.0	127.4		120.1		1020	152	0	0	1200	140	60	106	240	102	720	82
779	1100.0	126.4		119.8		780	161	0	0	1680	131	0	0	0	0	840	85
780	1100.0	124.4		118.4		960	157	0	0	1560	124	0	0	0	0	780	85
781	1060.0	122.6		116.5		960	149	0	0	1260	127	0	0	360	111	600	78
782	600.0	135.7		130.5		360	169	0	0	840	142	0	0	300	124	300	90
783	1300.0	130.5		125.3		1860	151	0	0	1080	129	0	0	420	101	540	86
784	980.0	127.1		122.4		960	152	0	0	1200	127	120	116	180	115	480	85
785	1020.0	127.8		122.4		1080	152	0	0	1200	129	120	117	120	106	540	84
786	900.0	134.6		128.3		960	160	0	0	1140	137	0	0	300	94	300	85
787	880.0	131.5		124.7		1080	159	0	0	840	131	0	0	180	102	540	87
788	840.0	125.8		116.7		720	169	0	0	1080	126	60	84	0	0	660	82
789	880.0	136.9		131.7		1020	156	0	0	1140	138	60	116	60	123	360	85
790	540.0	125.6		120.3		360	160	0	0	660	128	60	94	420	112	120	72
791	1120.0	128.1		123.1		1080	155	0	0	1260	131	120	111	240	108	660	89
792	920.0	128.1		122.3		1020	157	0	0	1080	123	60	87	180	109	420	85
793	940.0	134.6		129.4		840	169	0	0	1440	128	0	0	240	115	300	86
794	960.0	134.9		128.6		1080	163	0	0	900	137	0	0	420	112	480	88
795	780.0	139.6		135.5		720	172	0	0	1020	135	0	0	420	112	180	101
796	980.0	122.9		117.0		900	149	0	0	1260	126	60	83	120	124	600	81
797	1340.0	128.1		121.6		1620	157	0	0	1440	122	0	0	240	102	720	84
798	1020.0	130.2		124.9		900	157	0	0	1500	132	0	0	180	102	480	85
799	800.0	130.4		123.9		540	168	0	0	1080	136	0	0	300	114	480	86
800	860.0	128.3		124.0		1020	152	0	0	780	126	60	111	480	105	240	86
801	900.0	132.7		126.5		840	169	0	0	1200	128	60	95	300	104	300	86
802	880.0	127.1		117.2		720	175	0	0	960	132	120	94	240	91	600	83
803	1260.0	127.4		122.6		1500	153	0	0	1440	121	60	107	180	107	600	87
804	780.0	132.3		122.7		840	164	0	0	900	136	60	99	60	69	480	82
805	940.0	129.7		123.4		1020	159	0	0	960	131	0	0	180	106	660	89
806	1080.0	140.1		134.3		1020	170	0	0	1560	138	0	0	180	126	480	89
807	920.0	127.1		124.0		960	144	0	0	900	132	120	103	540	113	240	85
808	900.0	139.6		130.3		780	180	0	0	1080	143	0	0	300	121	540	85
809	880.0	134.5		129.6		720	160	0	0	1140	139	0	0	360	122	420	89
810	760.0	130.5		122.7		720	173	0	0	780	126	60	112	120	117	600	90
811	1160.0	128.9		124.5		1380	151	0	0	1200	127	180	94	300	114	420	87
812	720.0	124.6		121.6		420	147	0	0	1020	132	0	0	480	107	240	89
813	960.0	143.1		138.2		780	170	0	0	1440	144	0	0	300	131	360	91
814	820.0	137.7		130.0		780	170	0	0	900	145	60	104	360	107	360	86
815	900.0	130.9		122.6		960	166	0	0	900	132	120	104	120	93	600	86
816	920.0	132.3		125.8		840	166	0	0	1320	130	0	0	120	111	480	85
817	1140.0	136.8		129.3		1380	164	0	0	1260	136	0	0	180	110	600	84
818	700.0	137.4		129.7		780	168	0	0	780	138	0	0	60	120	480	89
819	860.0	114.0		107.9		600	146	60	109	900	127	60	84	180	79	780	85
820	740.0	143.1		138.5		480	182	0	0	1260	141	0	0	180	129	300	98
821	640.0	137.0		130.8		480	172	0	0	840	142	60	103	300	114	240	87
822	1200.0	126.1		120.9		1320	151	0	0	1380	126	120	107	0	0	780	87
823	1240.0	129.4		125.0		1260	157	0	0	1560	125	60	101	360	112	480	88
824	1140.0	129.2		122.4		1260	161	0	0	1200	127	0	0	300	100	660	86
825	840.0	140.0		134.7		720	174	0	0	1080	135	0	0	480	128	240	85
826	740.0	128.8		121.2		480	170	0	0	1140	132	0	0	120	120	480	82
827	600.0	136.2		125.5		540	184	0	0	540	141	60	117	300	108	360	84
828	720.0	130.4		121.0		300	196	0	0	1080	138	0	0	240	121	540	83
829	800.0	145.6		138.9		840	181	0	0	840	144	0	0	420	113	300	97
830	1120.0	142.3		135.3		1620	167	0	0	1020	133	0	0	240	128	480	86
831	900.0	118.1		109.9		660	159	0	0	840	133	0	0	60	87	1140	85
832	640.0	130.5		125.2		480	165	0	0	900	131	0	0	360	108	180	81
833	620.0	122.5		117.0		360	161	0	0	780	131	0	0	300	104	420	87
834	960.0	128.5		120.0		960	162	0	0	1020	134	60	109	60	96	780	84
835	1100.0	119.1		115.1		1200	142	0	0	1140	119	0	0	240	102	720	87
836	960.0	134.4		130.3		900	162	0	0	1260	133	0	0	420	109	300	93
837	1180.0	129.4		123.9		1320	156	0	0	1380	127	60	111	120	108	660	87
838	1080.0	121.1		115.5		660	152	0	0	1320	132	60	118	480	106	720	83
839	760.0	134.8		128.9		780	164	0	0	960	132	0	0	300	110	240	82
840	700.0	121.4		112.9		540	164	0	0	720	131	120	90	0	0	720	85
841	1020.0	126.0		116.9		780	167	0	0	1140	134	60	107	180	124	900	82
842	1140.0	122.3		116.5		1320	150	0	0	1020	120	120	107	240	102	720	84
843	800.0	133.6		127.6		840	157	0	0	960	138	60	99	120	118	420	86
844	1080.0	134.4		128.7		1140	158	0	0	1320	138	60	110	180	105	540	88
845	800.0	146.0		142.2		900	167	0	0	1140	142	0	0	120	129	240	95
846	860.0	121.1		116.4		660	149	0	0	1200	124	0	0	120	120	600	85
847	900.0	125.8		119.7		720	163	0	0	960	131	120	90	540	101	360	87
848	860.0	131.8		124.2		780	166	0	0	1080	135	0	0	60	122	660	87
849	1180.0	122.0		116.1		1440	150	0	0	960	119	180	100	120	95	840	86
850	740.0	146.1		140.3		1020	171	0	0	720	137	60	106	240	122	180	87
851	1240.0	135.3		131.1		1320	158	0	0	1620	132	60	107	300	127	420	87
852	780.0	138.1		131.1		540	177	0	0	1080	141	0	0	360	124	360	85
853	740.0	131.3		122.7		540	175	0	0	960	136	0	0	120	123	600	86
854	1160.0	126.2		121.1		1260	149	0	0	1320	129	240	104	60	89	600	85
855	960.0	132.7		125.9		960	161	0	0	1140	137	0	0	240	104	540	86
856	820.0	143.6		136.6		840	173	0	0	900	146	0	0	300	129	420	90
857	680.0	135.5		128.9		660	169	0	0	900	133	0	0	120	113	360	88
858	920.0	129.7		121.6		660	171	0	0	1260	136	60	95	60	90	720	87
859	780.0	143.2		137.6		840	170	0	0	900	144	60	101	240	118	300	94
860	1180.0	129.0		123.5		1020	162	0	0	1740	127	60	102	60	103	660	88
861	1040.0	124.7		118.3		960	155	0	0	1140	130	0	0	180	110	840	86
862	840.0	132.7		128.4		720	157	0	0	1140	135	0	0	240	124	420	90
863	980.0	137.3		129.2		1200	166	0	0	1080	136	0	0	180	90	480	86
864	1000.0	126.4		121.2		840	156	0	0	1260	129	0	0	180	119	720	89
865	1220.0	126.2		120.3		1260	148	0	0	1320	132	180	106	240	122	660	80
866	800.0	132.2		125.0		840	159	0	0	840	138	0	0	180	122	540	85
867	1240.0	131.3		124.8		1440	164	0	0	1260	122	60	112	420	108	540	86
868	680.0	137.8		132.5		600	165	0	0	780	140	0	0	420	125	240	85
869	820.0	138.2		132.7		720	171	0	0	1380	133	0	0	120	107	240	85
870	980.0	122.7		115.1		1020	148	0	0	900	134	180	85	120	129	720	81
871	980.0	134.9		129.0		1080	162	0	0	1200	133	60	118	120	106	480	88
872	800.0	130.3		123.3		840	162	0	0	780	133	120	100	120	112	540	88
873	860.0	131.7		126.5		720	153	0	0	1260	139	0	0	120	103	480	88
874	880.0	141.3		132.2		1080	171	0	0	960	141	0	0	120	106	480	84
875	1200.0	138.2		133.3		1440	163	0	0	1440	133	60	117	300	108	360	89
876	820.0	124.4		116.5		600	158	0	0	1020	137	0	0	60	75	780	86
877	840.0	127.8		123.0		720	157	0	0	1260	127	0	0	120	104	420	87
878	1040.0	117.7		113.2		1080	144	0	0	1080	117	180	94	300	92	480	85
879	1060.0	131.5		126.8		1200	158	0	0	1140	127	60	119	300	110	480	91
880	880.0	134.9		129.8		1080	155	0	0	1080	133	0	0	120	124	360	84
881	1240.0	121.9		115.1		1380	154	0	0	960	121	180	111	300	97	900	84
882	660.0	136.1		128.5		480	190	0	0	780	134	0	0	360	110	360	95
883	680.0	138.3		134.0		420	170	0	0	1020	143	0	0	420	116	180	90
884	680.0	144.4		138.4		660	177	0	0	900	142	60	89	180	120	240	96
885	920.0	131.0		126.7		660	154	0	0	1380	137	0	0	360	111	360	86
886	1000.0	127.1		118.4		1140	159	0	0	960	127	60	70	120	123	720	82
887	1140.0	124.3		117.2		1080	159	0	0	1320	124	60	108	300	99	660	81
888	800.0	137.7		129.9		600	178	0	0	1020	143	60	115	240	117	480	89
889	640.0	137.7		129.0		420	184	0	0	900	144	0	0	180	114	420	88
890	820.0	137.5		131.6		840	163	0	0	1140	137	0	0	180	112	300	83
891	1260.0	123.4		117.3		1440	148	0	0	960	134	420	91	300	99	660	86
892	980.0	135.5		128.5		900	170	0	0	1080	140	0	0	540	106	420	88
893	860.0	142.1		136.3		780	178	0	0	1140	139	120	114	300	112	240	92
894	1000.0	137.2		130.7		1020	167	0	0	1260	136	0	0	180	124	540	88
895	900.0	131.5		124.7		840	165	0	0	1020	134	0	0	360	107	480	86
896	860.0	130.4		123.3		480	178	0	0	1500	132	0	0	60	117	540	85
897	740.0	144.9		136.1		840	176	0	0	960	143	0	0	60	82	360	88
898	940.0	127.4		123.6		1080	144	0	0	1140	130	60	102	60	118	480	88
899	880.0	130.3		121.9		900	167	0	0	780	134	180	108	120	108	660	86
900	700.0	133.4		121.9		780	173	0	0	540	136	180	93	120	135	480	81
901	920.0	135.9		126.1		1080	170	0	0	780	140	120	111	180	103	600	84
902	1080.0	133.8		127.5		1020	163	0	0	1560	134	0	0	120	103	540	85
903	740.0	140.4		133.2		660	176	0	0	900	140	60	109	360	121	240	81
904	720.0	135.0		126.0		600	180	0	0	1020	132	0	0	180	110	360	81
905	780.0	129.2		122.3		780	159	0	0	780	136	60	115	180	102	540	87
906	800.0	137.3		132.1		840	161	0	0	1020	139	60	112	180	108	300	88
907	1040.0	136.4		131.2		1500	157	0	0	960	131	120	102	120	127	420	88
908	960.0	132.4		125.1		1140	164	0	0	900	127	180	97	240	116	420	83
909	680.0	137.4		133.0		600	169	0	0	540	141	120	113	660	119	120	89
910	860.0	117.3		106.5		720	161	0	0	720	129	120	111	60	128	960	76
911	960.0	135.5		129.9		1260	156	0	0	1020	136	0	0	180	102	420	87
912	1020.0	120.5		115.5		1080	145	0	0	1200	121	120	95	0	0	660	84
913	1020.0	128.2		119.1		780	163	0	0	1320	140	0	0	60	95	900	83
914	940.0	135.9		129.0		1200	165	0	0	1020	128	0	0	120	103	480	88
915	920.0	132.8		127.4		840	158	0	0	1200	135	60	109	120	143	540	89
916	840.0	131.1		127.4		420	165	0	0	1320	135	0	0	540	115	240	87
917	980.0	135.0		130.5		900	156	0	0	1380	139	60	102	240	114	360	87
918	820.0	143.0		136.3		900	171	0	0	960	143	0	0	300	116	300	86
919	920.0	137.1		132.1		780	166	0	0	1260	139	0	0	360	115	360	90
920	980.0	130.3		122.4		1080	164	0	0	960	130	120	111	0	0	780	87
921	860.0	130.6		125.1		540	171	0	0	1380	131	0	0	300	111	360	85
922	700.0	121.3		115.9		480	161	0	0	900	123	0	0	240	104	480	87
923	880.0	149.1		144.9		960	172	0	0	1140	147	0	0	420	121	120	85
924	740.0	129.1		125.4		840	147	0	0	900	129	60	110	120	122	300	86
925	580.0	148.2		141.2		420	186	0	0	780	154	0	0	360	121	180	89
926	1280.0	127.4		122.1		1320	158	0	0	1500	123	60	118	420	99	540	88
927	640.0	139.2		133.4		540	175	0	0	780	140	0	0	360	115	240	92
928	680.0	131.9		125.7		480	172	0	0	840	137	60	116	360	103	300	91
929	740.0	136.0		127.8		600	168	0	0	900	147	0	0	120	128	600	89
930	840.0	144.1		138.9		840	173	0	0	960	144	0	0	540	118	180	88
931	740.0	150.3		145.1		720	177	0	0	900	150	0	0	420	132	180	88
932	920.0	128.3		125.3		840	145	0	0	1080	134	60	89	420	117	360	92
933	620.0	119.6		111.6		420	167	0	0	540	130	60	87	300	107	540	83
934	820.0	121.3		114.6		660	159	0	0	900	126	120	103	60	83	720	87
935	900.0	127.7		120.0		960	160	0	0	840	132	240	96	240	93	420	83
936	940.0	141.6		137.5		900	171	0	0	1380	136	60	112	360	113	120	87
937	1040.0	137.2		130.0		1320	163	0	0	1140	135	0	0	180	103	480	84
938	740.0	133.8		126.8		660	166	0	0	780	138	120	110	480	112	180	72
939	860.0	136.2		131.6		660	163	0	0	1440	137	0	0	240	110	240	84
940	860.0	132.8		125.1		900	166	0	0	1080	131	60	92	60	83	480	86
941	920.0	136.7		126.7		900	180	0	0	960	133	0	0	300	124	600	84
942	680.0	137.8		133.2		420	176	0	0	1080	139	60	116	360	110	120	88
943	780.0	128.8		123.6		780	157	0	0	900	129	120	91	300	104	240	86
944	840.0	130.9		125.8		840	153	0	0	1020	134	60	93	300	116	300	81
945	940.0	132.8		125.6		1020	165	0	0	1080	131	0	0	180	95	540	88
946	680.0	138.1		134.7		480	161	0	0	1080	141	0	0	360	116	120	86
947	720.0	132.3		127.9		480	167	0	0	1020	133	0	0	420	117	240	87
948	780.0	130.7		124.3		900	158	0	0	900	129	0	0	120	95	420	86
949	820.0	122.0		116.7		720	155	60	112	960	121	180	94	180	102	360	84
950	520.0	127.5		121.6		360	162	0	0	720	132	60	119	60	118	360	87
951	820.0	134.1		130.7		840	157	0	0	1320	128	0	0	120	113	180	86
952	820.0	138.1		131.8		1140	163	0	0	840	130	0	0	240	102	240	84
953	880.0	132.3		128.2		840	151	0	0	1080	137	60	113	300	121	360	87
954	880.0	120.7		116.0		960	146	60	118	960	117	120	104	60	112	480	83
955	840.0	130.8		126.9		840	158	0	0	900	128	120	109	420	112	240	90
956	800.0	126.2		120.2		780	156	0	0	960	125	0	0	240	111	420	82
957	740.0	128.1		124.3		540	155	0	0	900	135	60	99	480	105	240	95
958	880.0	131.1		126.6		840	157	0	0	1140	131	120	85	300	110	240	90
959	980.0	123.1		118.3		900	153	0	0	1260	122	0	0	240	96	540	88
960	860.0	135.1		131.5		720	164	0	0	1260	132	0	0	480	112	120	86
961	1080.0	132.2		128.3		1320	151	0	0	1200	130	60	117	300	118	360	85
962	800.0	127.3		120.7		840	154	0	0	900	131	0	0	60	120	600	85
963	980.0	132.0		127.8		900	162	0	0	1200	130	0	0	600	108	240	90
964	860.0	130.9		124.5		840	161	0	0	1140	130	0	0	240	105	360	81
965	1040.0	123.9		119.1		1440	143	0	0	780	127	300	92	180	101	420	85
966	800.0	128.6		122.5		780	157	0	0	960	132	60	110	60	99	540	87
967	840.0	129.3		126.1		600	147	0	0	1140	139	0	0	480	105	300	96
968	700.0	135.1		128.7		600	160	0	0	720	147	120	103	300	127	360	87
969	720.0	131.9		125.1		420	173	0	0	900	141	0	0	480	115	360	84
970	1060.0	133.8		129.2		1200	160	0	0	1200	129	0	0	540	107	240	87
971	1100.0	122.0		118.4		1380	139	0	0	1200	122	120	106	120	90	480	85
972	1100.0	126.9		121.2		1320	149	0	0	1140	129	240	90	60	135	540	84
973	1440.0	116.8		114.2		2040	130	0	0	1320	114	240	107	240	101	480	81
974	760.0	137.6		127.2		660	181	0	0	960	137	0	0	240	123	420	79
975	720.0	136.7		130.7		720	168	0	0	900	134	0	0	180	118	360	90
976	1120.0	127.7		121.6		1260	155	0	0	1140	127	60	102	240	111	660	85
977	1040.0	124.5		121.9		840	142	0	0	1320	127	60	95	600	117	300	85
978	860.0	120.0		117.5		780	134	0	0	1020	126	120	111	300	108	360	86
979	640.0	111.0		107.0		240	141	60	113	900	123	60	92	120	86	540	85
980	980.0	110.2		107.3		1020	126	0	0	1080	115	120	89	120	84	600	84
981	680.0	137.0		133.9		420	177	0	0	960	133	0	0	540	120	120	105
982	1180.0	116.1		111.3		1260	142	0	0	1140	117	240	95	120	87	780	84
983	1080.0	133.6		126.0		1080	170	0	0	1380	130	60	112	120	91	600	87
984	680.0	131.3		126.5		600	156	0	0	900	136	0	0	240	105	300	89
985	1000.0	128.9		124.8		1260	149	0	0	1140	124	60	95	120	129	420	87
986	940.0	129.8		124.1		1020	159	0	0	1020	128	60	105	420	98	300	86
987	840.0	142.0		133.7		840	177	0	0	900	146	60	111	300	112	420	89
988	1000.0	147.6		140.0		1260	178	0	0	1200	138	0	0	180	122	360	86
989	1320.0	137.7		130.6		1380	170	0	0	1560	135	0	0	600	110	420	81
990	780.0	139.6		134.5		960	160	0	0	900	139	60	117	120	124	300	87
991	820.0	136.8		126.7		840	175	0	0	960	137	0	0	60	128	600	84
992	660.0	137.1		128.5		480	178	0	0	900	145	0	0	120	102	480	90
993	680.0	137.9		133.4		420	168	0	0	1020	143	0	0	420	117	180	87
994	980.0	130.8		125.9		1260	156	0	0	960	124	180	99	60	108	480	93
995	860.0	135.3		130.7		900	162	0	0	1140	132	0	0	180	110	360	92
996	1060.0	131.1		124.6		1260	160	0	0	1080	128	60	100	180	105	600	87
997	980.0	129.1		122.2		1080	158	0	0	1140	129	120	96	0	0	600	84
998	840.0	122.9		115.2		660	167	0	0	960	125	60	112	240	88	600	86
999	860.0	146.5		138.6		840	185	0	0	1140	143	0	0	420	106	180	84
1000	920.0	125.4		118.5		960	156	0	0	1020	124	60	115	60	135	660	83
1001	1000.0	135.1		127.6		1080	168	0	0	1200	132	0	0	180	105	540	86
1002	700.0	131.6		121.5		660	165	0	0	900	138	0	0	60	98	480	78
1003	780.0	129.8		123.3		660	171	0	0	1080	124	60	102	180	113	360	85
1004	1040.0	131.0		126.6		1080	155	0	0	1440	129	0	0	240	99	360	88
1005	960.0	131.1		128.0		900	151	0	0	1200	131	0	0	480	121	300	88
1006	800.0	137.2		129.8		600	182	0	0	1140	137	0	0	360	105	300	87
1007	660.0	138.5		131.4		540	182	0	0	780	138	0	0	420	112	240	89
1008	780.0	132.3		125.9		540	164	0	0	1200	138	0	0	180	109	420	85
1009	1000.0	135.9		132.2		1020	163	0	0	1080	132	60	116	480	118	360	98
1010	740.0	138.0		132.3		720	171	0	0	840	136	60	103	240	119	360	95
1011	760.0	130.7		125.1		840	153	0	0	900	133	60	82	120	119	360	85
1012	1200.0	124.2		117.6		1380	150	0	0	1260	126	60	91	60	118	840	82
1013	1020.0	130.9		126.5		1140	152	0	0	1260	131	120	101	240	104	300	84
1014	1000.0	135.5		131.2		1260	153	0	0	960	138	60	103	420	118	300	85
1015	720.0	138.0		130.1		600	170	0	0	960	144	0	0	180	123	420	85
1016	840.0	130.7		126.2		900	153	0	0	1140	130	0	0	60	100	420	89
1017	1160.0	139.9		133.7		1320	169	0	0	1200	137	60	114	600	113	300	83
1018	760.0	135.8		129.5		600	174	0	0	1020	137	0	0	480	104	180	86
1019	960.0	121.8		116.6		840	144	0	0	1320	126	60	118	240	102	420	76
1020	1100.0	126.5		120.0		1380	151	0	0	1020	129	60	103	0	0	840	85
1021	760.0	135.9		130.3		480	176	0	0	1140	139	0	0	360	110	300	91
1022	820.0	130.9		124.6		1020	150	0	0	840	135	60	95	120	132	420	81
1023	840.0	120.1		114.3		780	152	0	0	840	124	0	0	240	97	660	86
1024	840.0	139.0		130.7		960	169	0	0	960	138	0	0	180	118	420	82
1025	1060.0	141.1		139.1		960	166	0	0	1680	134	0	0	420	121	120	112
1026	920.0	133.0		127.1		1260	153	0	0	780	135	60	89	180	124	480	86
1027	860.0	126.7		121.7		780	158	0	0	1080	126	0	0	480	95	240	91
1028	1000.0	136.5		133.0		780	161	0	0	1740	136	0	0	180	109	300	92
1029	940.0	136.0		128.1		1140	168	0	0	840	132	0	0	360	112	480	85
1030	700.0	135.1		126.6		480	175	0	0	780	148	60	118	300	118	480	87
1031	980.0	129.6		123.8		1080	151	0	0	1020	138	120	88	240	106	480	86
1032	880.0	133.1		128.7		1020	156	60	118	780	136	180	99	300	109	300	95
1033	1000.0	142.7		137.6		1080	172	0	0	1140	139	0	0	540	114	240	93
1034	980.0	131.9		126.1		960	159	0	0	1200	133	60	102	180	124	540	87
1035	920.0	138.1		133.4		1020	158	0	0	1260	139	60	90	120	109	300	88
1036	1280.0	130.2		125.0		1440	155	0	0	1260	132	60	102	600	104	480	87
1037	1060.0	142.5		137.6		1260	166	0	0	1320	139	0	0	300	113	300	89
1038	960.0	138.4		134.7		840	168	0	0	1140	134	60	108	660	125	180	88
1039	980.0	134.7		126.4		840	176	0	0	1200	137	180	100	360	99	360	84
1040	900.0	140.7		135.1		960	171	0	0	1020	138	60	103	420	111	240	92
1041	920.0	133.0		126.9		1020	161	0	0	960	133	0	0	240	113	540	89
1042	1000.0	142.8		137.4		960	175	0	0	1380	138	0	0	420	117	240	87
1043	900.0	140.2		135.1		900	173	0	0	1140	134	0	0	420	113	240	94
1044	1000.0	129.9		124.6		1200	153	0	0	900	132	60	117	300	111	540	87
1045	760.0	142.8		131.6		720	186	0	0	780	149	120	108	120	124	540	88
1046	820.0	136.5		131.4		840	163	0	0	1200	133	0	0	120	110	300	87
1047	720.0	139.5		132.0		660	178	0	0	900	137	0	0	240	120	360	88
1048	740.0	138.9		135.6		720	164	0	0	1020	134	0	0	300	123	180	93
1049	1040.0	143.7		133.4		1260	179	0	0	1020	142	0	0	240	110	600	86
1050	840.0	138.2		130.5		840	169	0	0	1140	138	0	0	120	118	420	83
1051	860.0	142.6		136.9		900	172	0	0	1200	138	0	0	240	111	240	87
1052	720.0	131.1		123.1		540	177	0	0	1020	131	60	112	180	95	360	84
1053	940.0	140.5		133.8		1020	169	0	0	1080	138	0	0	300	129	420	86
1054	880.0	144.5		136.9		840	176	0	0	1020	147	0	0	360	131	420	87
1055	1180.0	143.5		139.7		1500	165	0	0	1140	138	60	112	600	124	240	92
1056	840.0	150.1		145.3		780	177	0	0	1200	151	0	0	300	118	240	98
1057	720.0	125.2		121.8		480	135	60	102	840	141	0	0	420	117	360	89
1058	900.0	132.5		127.7		1080	151	0	0	960	135	60	87	240	120	360	86
1059	800.0	142.5		133.8		960	175	0	0	960	137	60	106	0	0	420	86
1060	1100.0	135.1		131.1		1380	157	0	0	1140	132	0	0	540	105	240	92
1061	800.0	145.8		136.1		840	178	0	0	1020	147	0	0	120	131	420	83
1062	1000.0	133.8		127.0		1200	161	0	0	1080	133	180	98	0	0	540	87
1063	1000.0	124.9		118.2		960	162	0	0	1200	120	60	119	180	95	600	85
1064	840.0	130.5		122.6		840	164	0	0	900	135	60	112	180	86	540	88
1065	1160.0	134.9		129.8		1320	158	0	0	1320	135	0	0	360	112	480	88
1066	860.0	141.9		136.8		960	168	0	0	840	142	60	119	420	120	300	93
1067	1100.0	137.0		133.1		1140	155	0	0	1500	139	0	0	420	111	240	84
1068	1160.0	133.5		126.6		1380	163	0	0	1320	124	60	82	360	119	360	78
1069	1040.0	128.3		122.5		1080	154	0	0	1200	131	0	0	120	118	720	87
1070	1040.0	137.2		130.1		1260	169	0	0	1200	127	0	0	180	116	480	87
1071	880.0	133.6		127.0		900	162	0	0	900	138	0	0	360	115	480	86
1072	1200.0	130.5		125.7		1440	151	0	0	1380	131	120	100	180	105	480	85
1073	600.0	136.3		131.2		360	162	0	0	840	148	0	0	300	117	300	92
1074	1040.0	138.0		130.7		1320	163	0	0	900	142	60	116	300	114	540	86
1075	920.0	130.6		124.3		720	163	0	0	1140	135	0	0	300	123	600	87
1076	900.0	138.3		130.1		840	174	0	0	1080	141	0	0	240	117	540	87
1077	1000.0	142.0		134.3		1200	175	0	0	1080	134	60	105	360	111	300	83
1078	900.0	140.9		131.5		900	174	0	0	1020	143	0	0	300	130	480	81
1079	980.0	144.5		141.4		1140	165	0	0	1140	142	0	0	600	116	60	88
1080	1100.0	139.1		135.1		1260	159	0	0	1200	139	60	105	540	120	240	86
1081	960.0	144.7		138.6		840	182	0	0	1140	144	60	95	600	120	240	92
1082	820.0	132.9		128.2		780	164	0	0	1140	127	60	118	240	108	240	88
1083	740.0	140.8		133.0		840	178	0	0	660	130	0	0	420	122	300	87
1084	820.0	132.1		126.6		660	158	0	0	1140	138	60	105	180	117	420	86
1085	1040.0	134.5		128.2		1320	154	0	0	1080	139	60	86	120	126	540	85
1086	820.0	132.7		128.4		780	156	0	0	1020	136	0	0	240	112	420	93
1087	840.0	131.1		125.0		660	168	0	0	1320	128	0	0	120	123	420	85
1088	860.0	138.1		135.7		660	154	0	0	1080	143	0	0	600	129	240	95
1089	980.0	130.4		124.7		1260	156	0	0	960	126	0	0	240	99	480	88
1090	1160.0	130.0		126.4		1200	151	0	0	1440	130	120	110	300	111	420	89
1091	840.0	143.1		136.7		660	177	0	0	1140	148	0	0	480	113	240	87
1092	860.0	135.0		129.5		900	168	0	0	1200	126	60	91	240	102	180	89
1093	900.0	148.5		143.0		1020	179	0	0	1140	141	0	0	420	111	120	91
1094	680.0	148.0		141.2		540	178	0	0	900	152	60	88	360	135	180	84
1095	780.0	138.9		131.6		780	172	0	0	900	140	60	110	180	116	420	89
1096	920.0	134.4		129.1		1080	159	0	0	1020	132	60	92	240	116	360	87
1097	1200.0	137.4		130.5		1380	161	0	0	1380	142	0	0	420	99	420	83
1098	920.0	137.0		127.2		840	171	0	0	1080	148	0	0	120	107	720	86
1099	820.0	143.0		138.2		720	165	0	0	1260	146	0	0	180	122	300	90
1100	1060.0	124.5		119.6		1140	153	0	0	1080	120	60	104	240	112	660	89
1101	660.0	138.5		132.5		600	175	0	0	900	135	0	0	240	107	240	92
1102	760.0	125.8		119.0		720	153	0	0	780	135	180	88	180	115	420	83
1103	660.0	143.3		136.3		720	169	0	0	900	144	0	0	60	105	300	87
1104	880.0	130.4		124.6		900	160	0	0	1080	129	60	109	180	99	420	87
1105	1180.0	126.5		122.5		1500	147	0	0	1200	123	60	111	360	101	420	87
1106	980.0	124.8		117.2		1080	156	0	0	960	127	120	93	120	88	660	83
1107	1200.0	114.7		112.2		1440	131	0	0	1380	111	120	96	300	103	360	80
1108	1020.0	124.4		120.9		900	152	0	0	1560	120	60	111	240	98	300	88
1109	700.0	140.5		136.7		600	170	0	0	960	140	0	0	480	110	60	98
1110	1060.0	131.0		127.9		1260	151	0	0	960	130	0	0	840	108	120	89
1111	1180.0	113.2		108.1		1440	132	0	0	1380	114	0	0	0	0	720	74
1112	1320.0	115.3		106.6		1500	146	0	0	1320	116	0	0	180	91	960	71
1113	600.0	127.2		124.4		360	158	0	0	780	129	0	0	480	114	180	93
1114	980.0	125.2		120.9		840	148	0	0	1200	127	0	0	420	123	480	83
1115	760.0	138.9		134.7		780	164	0	0	1020	137	0	0	360	106	120	90
1116	980.0	128.4		121.1		1080	159	0	0	1020	130	0	0	120	94	720	86
1117	960.0	132.6		128.2		1020	155	0	0	1260	132	0	0	240	109	360	87
1118	780.0	128.5		122.3		780	163	0	0	960	121	0	0	300	109	300	82
1119	1060.0	134.2		125.5		1260	171	0	0	1080	122	0	0	240	122	600	84
1120	1040.0	132.6		125.6		1200	163	0	0	1080	131	60	104	60	106	720	89
1121	700.0	134.2		126.5		720	169	0	0	840	131	0	0	180	110	360	84
1122	660.0	132.8		124.4		600	170	0	0	840	135	0	0	60	103	480	86
1123	800.0	138.9		133.2		1080	163	0	0	840	132	60	93	180	111	240	87
1124	1020.0	132.0		126.9		1260	157	0	0	960	129	60	90	360	107	420	91
1125	860.0	135.2		130.3		840	156	0	0	1020	142	0	0	420	112	300	86
1126	860.0	141.3		135.3		1080	166	0	0	780	145	120	100	240	102	360	99
1127	980.0	131.6		124.0		1260	160	0	0	960	128	180	89	60	101	480	84
1128	900.0	137.1		128.9		960	172	0	0	840	139	0	0	300	116	600	89
1129	1060.0	136.2		129.9		1260	164	0	0	1080	135	0	0	480	102	360	88
1130	940.0	131.0		123.7		720	175	0	0	1260	131	0	0	180	109	660	89
1131	1300.0	135.1		127.6		1440	166	0	0	1440	132	0	0	360	119	660	83
1132	820.0	139.7		133.3		780	170	0	0	1020	143	0	0	300	108	360	91
1133	980.0	134.5		129.2		900	164	0	0	1200	134	60	117	360	121	420	87
1134	1160.0	119.1		116.3		1440	129	0	0	1260	125	120	88	120	124	540	85
1135	580.0	135.3		130.7		300	176	0	0	840	142	0	0	480	108	120	96
1136	920.0	125.7		116.4		1020	161	0	0	660	133	360	87	120	115	600	83
1137	940.0	144.9		137.3		960	176	0	0	1260	144	0	0	420	106	180	76
1138	1180.0	124.0		118.2		1260	150	120	107	1260	126	180	77	180	103	540	85
1139	740.0	147.0		143.1		780	173	0	0	900	144	0	0	480	118	60	87
1140	680.0	157.0		148.1		900	184	0	0	720	156	0	0	180	119	240	87
1141	740.0	143.2		140.0		420	170	0	0	1140	149	0	0	420	125	240	101
1142	800.0	135.9		129.9		660	177	0	0	1080	132	0	0	360	109	300	92
1143	840.0	140.9		134.6		720	172	0	0	1140	145	0	0	420	108	240	86
1144	840.0	128.2		119.5		780	165	0	0	840	137	60	104	0	0	840	87
1145	640.0	121.8		116.0		360	159	0	0	780	126	120	89	360	122	300	79
1146	520.0	130.1		117.7		360	191	0	0	540	141	60	102	60	101	540	85
1147	520.0	123.9		117.4		120	182	0	0	540	144	0	0	480	120	420	86
1148	740.0	132.4		126.6		720	161	0	0	780	138	60	80	300	103	360	96
1149	720.0	123.6		118.3		720	150	0	0	720	128	60	117	180	100	480	87
1150	700.0	135.3		126.4		480	191	0	0	1080	133	0	0	120	95	420	89
1151	780.0	140.9		132.0		720	176	0	0	960	146	0	0	240	113	420	85
1152	940.0	143.5		138.8		720	181	0	0	1380	140	0	0	540	120	180	91
1153	600.0	137.8		132.6		420	176	0	0	840	140	0	0	420	109	120	90
1154	920.0	139.1		130.0		900	180	0	0	1020	136	180	94	300	121	360	83
1155	600.0	154.6		149.0		600	181	0	0	600	158	60	89	420	138	120	96
1156	660.0	138.8		130.4		660	171	0	0	720	146	60	90	240	107	300	86
1157	660.0	141.6		133.8		540	185	0	0	900	138	0	0	240	126	300	87
1158	500.0	143.4		136.9		420	187	0	0	420	140	60	112	480	126	120	88
1159	600.0	134.0		125.8		360	174	0	0	840	146	0	0	180	105	420	88
1160	1080.0	120.7		117.4		1380	134	0	0	1080	124	120	95	240	112	420	81
1161	1060.0	126.2		119.8		1140	159	0	0	1260	118	60	86	300	107	420	81
1162	880.0	129.1		123.3		900	158	0	0	900	131	60	102	360	107	420	86
1163	660.0	153.1		147.2		540	189	0	0	900	153	0	0	420	126	120	87
1164	740.0	151.6		146.2		540	181	0	0	1200	155	0	0	300	123	180	89
1165	940.0	126.3		123.0		840	144	0	0	1080	130	180	92	420	124	300	87
1166	620.0	142.3		138.5		420	177	0	0	780	145	0	0	600	120	60	88
1167	500.0	147.2		138.7		300	195	0	0	600	153	120	110	300	140	180	85
1168	760.0	138.1		132.0		600	173	0	0	960	140	0	0	360	124	360	89
1169	640.0	158.2		152.3		720	187	0	0	900	151	0	0	180	127	120	87
1170	900.0	128.2		120.8		1020	157	0	0	960	128	180	85	120	114	420	81
1171	460.0	151.5		142.5		540	179	0	0	540	156	60	91	120	100	120	89
1172	820.0	115.1		106.7		900	156	60	117	300	110	240	92	0	0	960	84
1173	600.0	144.7		136.8		600	175	0	0	900	144	0	0	120	90	180	84
1174	820.0	143.7		136.9		720	172	0	0	1020	153	0	0	420	111	300	90
1175	820.0	136.9		131.4		960	160	0	0	960	137	0	0	240	106	300	87
1176	780.0	134.9		127.0		720	177	0	0	780	130	0	0	420	121	420	86
1177	620.0	147.0		140.2		540	179	0	0	780	149	60	107	300	130	180	84
1178	700.0	127.1		119.5		420	177	0	0	840	132	0	0	180	127	660	89
1179	540.0	142.3		131.2		420	183	0	0	720	152	0	0	120	117	360	84
1180	560.0	126.9		120.8		300	170	0	0	840	131	0	0	180	120	360	85
1181	640.0	128.0		120.8		600	161	0	0	660	135	60	97	180	101	420	86
1182	640.0	150.1		140.0		600	190	0	0	840	153	0	0	240	100	240	90
1183	1120.0	128.0		121.5		1440	155	0	0	1020	124	60	90	180	105	660	85
1184	720.0	132.0		123.5		720	170	0	0	840	130	0	0	180	104	420	83
1185	560.0	137.8		129.5		480	174	0	0	600	147	60	100	240	115	300	87
1186	500.0	140.2		133.2		240	180	0	0	720	148	0	0	360	128	180	80
1187	620.0	145.9		135.2		660	184	0	0	660	148	0	0	120	128	420	88
1188	560.0	140.8		129.5		540	179	0	0	540	149	60	103	180	132	360	82
1189	700.0	128.9		123.5		600	162	0	0	900	128	60	101	180	114	360	88
1190	860.0	139.4		130.8		720	177	0	0	1200	143	0	0	120	114	540	87
1191	660.0	147.3		142.3		720	165	0	0	720	140	60	255	300	133	180	94
1192	640.0	136.9		129.3		540	173	0	0	900	138	0	0	60	139	420	88
1193	520.0	152.7		138.2		600	193	0	0	480	162	0	0	60	120	420	89
1194	500.0	144.8		134.9		420	192	0	0	660	145	0	0	180	111	240	87
1195	640.0	147.4		139.3		480	191	0	0	780	150	0	0	420	128	240	86
1196	540.0	149.4		142.4		300	187	0	0	720	160	0	0	360	135	240	92
1197	960.0	128.5		119.5		1020	165	0	0	960	130	60	85	60	91	780	85
1198	700.0	148.3		137.1		660	193	0	0	660	158	120	103	240	118	420	93
1199	700.0	143.2		133.6		720	171	0	0	660	163	60	91	360	106	300	88
1200	600.0	134.9		126.6		780	161	0	0	480	141	60	88	60	130	420	87
1201	540.0	144.9		137.7		420	182	0	0	780	149	0	0	120	113	300	95
1202	720.0	133.3		124.8		720	169	0	0	720	136	60	117	120	124	540	86
1203	540.0	143.3		137.7		420	168	0	0	600	152	0	0	480	127	120	78
1204	520.0	139.4		133.4		420	175	0	0	600	139	0	0	300	130	240	90
1205	580.0	125.8		118.5		480	161	0	0	660	133	0	0	60	113	540	87
1206	440.0	135.8		130.9		300	165	0	0	540	144	0	0	360	116	120	85
1207	660.0	136.7		130.6		660	172	0	0	720	131	0	0	360	115	240	89
1208	820.0	141.6		128.9		1140	180	0	0	600	130	60	96	180	114	480	81
1209	720.0	145.0		138.1		720	176	0	0	1020	142	0	0	120	130	300	87
1210	480.0	129.5		120.6		180	193	0	0	600	146	0	0	240	113	420	88
1211	620.0	142.4		132.8		420	187	0	0	840	150	0	0	180	130	420	88
1212	620.0	141.7		135.1		720	174	0	0	720	130	0	0	240	123	180	84
1213	820.0	137.9		130.2		840	171	0	0	1020	136	0	0	120	125	480	87
1214	580.0	128.8		117.2		360	185	0	0	660	144	0	0	180	95	540	84
1215	660.0	131.6		120.6		600	173	0	0	660	143	0	0	60	105	660	85
1216	860.0	121.2		112.2		600	165	0	0	900	135	60	109	0	0	1020	84
1217	400.0	141.0		134.4		60	188	0	0	720	157	0	0	180	127	240	92
1218	680.0	140.1		129.1		600	184	0	0	780	145	0	0	180	119	480	85
1219	600.0	132.8		124.9		360	182	0	0	840	138	60	78	180	114	360	90
1220	380.0	134.7		131.0		120	175	0	0	540	146	0	0	420	115	60	90
1221	480.0	159.4		147.5		420	204	0	0	420	173	0	0	480	129	120	77
1222	680.0	130.4		121.3		660	178	0	0	600	121	0	0	300	114	480	87
1223	680.0	129.6		124.8		420	168	0	0	1020	132	0	0	300	105	300	92
1224	480.0	128.4		120.4		180	185	0	0	720	140	0	0	180	112	360	85
1225	520.0	145.8		139.0		420	178	0	0	720	148	0	0	300	123	120	77
1226	460.0	144.2		134.9		180	176	0	0	720	163	0	0	240	124	240	84
1227	700.0	131.9		120.1		480	194	0	0	720	139	120	105	60	143	720	87
1228	640.0	145.1		135.3		600	183	0	0	660	150	60	114	360	122	240	79
1229	600.0	152.2		145.0		600	187	0	0	720	152	0	0	360	116	120	88
1230	680.0	151.3		144.4		660	185	0	0	960	147	60	109	180	130	180	86
1231	580.0	142.8		136.8		660	170	0	0	660	141	0	0	240	115	180	87
1232	880.0	128.7		122.4		720	166	0	0	1080	129	120	95	300	113	420	85
1233	560.0	141.2		132.5		360	188	0	0	660	145	60	107	420	128	180	76
1234	540.0	126.4		117.9		360	169	0	0	540	144	0	0	120	101	600	90
1235	580.0	124.8		118.2		300	144	0	0	840	143	60	86	60	124	480	86
1236	620.0	134.8		129.6		480	164	0	0	900	137	0	0	180	124	300	88
1237	420.0	135.7		126.8		360	182	0	0	420	136	0	0	180	120	300	89
1238	380.0	127.0		119.2		180	167	0	0	600	129	0	0	60	197	300	85
1239	640.0	138.9		126.5		780	178	0	0	420	141	60	87	120	141	540	86
1240	540.0	138.6		131.6		720	161	0	0	540	136	60	90	120	130	180	79
1241	540.0	132.7		126.2		360	168	0	0	840	138	0	0	180	101	240	85
1242	300.0	124.3		114.1		120	191	0	0	420	139	0	0	0	0	360	85
1243	640.0	131.5		123.6		420	182	0	0	960	132	0	0	60	119	480	88
1244	800.0	126.5		118.0		660	162	0	0	900	138	60	80	180	86	600	87
1245	560.0	133.9		122.7		600	166	0	0	540	148	60	91	60	72	420	85
1246	520.0	141.0		135.1		480	172	0	0	480	143	0	0	420	127	180	86
1247	380.0	134.0		126.4		60	130	0	0	600	158	60	88	240	124	180	84
1248	660.0	141.9		134.2		480	176	0	0	1020	149	0	0	60	106	420	91
1249	600.0	116.4		108.6		300	178	0	0	540	128	120	94	180	105	660	86
1250	380.0	153.8		142.9		360	185	0	0	420	169	0	0	180	124	180	86
1251	600.0	146.3		137.5		480	185	0	0	780	152	0	0	240	123	300	88
1252	460.0	136.4		124.1		420	185	0	0	420	147	60	88	120	102	360	87
1253	460.0	144.5		136.0		360	182	0	0	540	148	0	0	240	139	240	86
1254	640.0	143.6		132.7		720	181	0	0	540	144	60	83	300	127	300	82
1255	660.0	137.7		130.6		660	172	0	0	540	142	60	102	420	118	300	89
1256	380.0	133.5		124.6		300	168	0	0	480	144	0	0	60	119	300	85
1257	660.0	127.8		118.4		360	176	0	0	900	141	60	86	120	103	540	84
1258	280.0	148.2		134.1		300	194	0	0	240	156	0	0	120	113	180	85
1259	420.0	144.0		129.4		300	200	0	0	300	178	60	111	240	122	360	89
1260	660.0	141.5		131.8		720	179	0	0	660	141	60	105	180	119	360	85
1261	440.0	135.0		121.0		420	187	0	0	360	144	60	97	120	104	360	82
1262	300.0	143.4		130.6		300	191	0	0	240	155	0	0	240	101	120	86
1263	620.0	148.7		141.3		600	187	0	0	720	146	0	0	300	124	240	92
1264	500.0	136.1		126.1		480	175	0	0	540	142	0	0	60	115	420	87
1265	460.0	157.4		153.0		420	188	0	0	600	154	0	0	300	135	60	90
1266	380.0	119.6		112.7		60	205	0	0	600	135	0	0	60	109	420	87
1267	440.0	136.5		129.5		240	184	0	0	480	152	0	0	540	107	60	88
1268	600.0	134.9		127.9		480	171	0	0	840	136	60	117	60	135	360	87
1269	480.0	111.0		102.9		240	162	0	0	300	145	60	88	0	0	840	86
1270	580.0	131.3		124.2		300	181	0	0	780	138	0	0	360	115	300	84
1271	500.0	121.2		110.6		300	174	0	0	480	142	120	92	60	83	540	84
1272	400.0	119.9		112.1		180	166	0	0	360	140	0	0	300	115	360	81
1273	340.0	113.7		108.5		0	0	0	0	420	139	60	102	180	116	360	85
1274	580.0	136.3		123.8		480	195	0	0	600	138	0	0	180	108	480	86
1275	640.0	144.4		130.4		660	192	0	0	540	152	0	0	240	115	480	85
1276	320.0	133.6		123.9		120	192	0	0	480	149	0	0	120	111	240	85
1277	680.0	143.2		132.5		840	174	0	0	420	152	180	93	300	136	300	82
1278	840.0	127.7		120.4		900	161	0	0	840	122	120	87	240	123	420	82
1279	720.0	144.7		135.3		900	178	0	0	720	139	60	88	180	119	300	85
1280	660.0	131.8		123.0		540	169	0	0	780	139	120	85	120	128	420	85
1281	700.0	137.6		131.9		780	164	0	0	660	135	60	88	360	127	240	87
1282	480.0	131.7		123.6		60	246	0	0	780	148	60	117	180	111	360	90
1283	300.0	150.9		141.2		240	188	0	0	360	144	0	0	240	146	60	63
1284	380.0	146.9		140.3		300	188	0	0	540	146	0	0	180	118	120	92
1285	500.0	109.8		106.2		360	134	120	86	360	113	180	86	240	122	240	86
1286	640.0	138.0		127.2		540	180	0	0	720	146	0	0	120	135	540	86
1287	800.0	124.4		116.8		840	162	0	0	660	123	180	100	60	86	660	88
1288	420.0	148.5		140.5		300	197	0	0	540	148	0	0	240	132	180	91
1289	460.0	134.0		124.1		240	179	0	0	660	150	0	0	120	97	360	87
1290	360.0	127.2		123.7		120	150	0	0	360	144	0	0	360	125	240	94
1291	600.0	126.4		116.4		420	175	0	0	660	136	0	0	60	136	660	85
1292	280.0	123.5		117.9		180	156	0	0	420	130	0	0	60	93	180	86
1293	400.0	161.4		152.3		240	209	0	0	720	165	0	0	60	127	180	95
1294	360.0	141.6		132.0		180	203	0	0	420	154	0	0	300	120	180	87
1295	480.0	153.4		141.4		540	197	0	0	540	147	0	0	120	119	240	87
1296	320.0	150.6		142.9		180	197	0	0	360	161	0	0	300	135	120	89
1297	420.0	125.7		117.9		300	173	0	0	240	135	60	86	360	119	300	87
1298	520.0	134.9		123.0		480	187	0	0	360	141	60	88	240	117	420	87
1299	440.0	132.6		129.1		120	179	0	0	720	142	0	0	420	107	60	107
1300	320.0	143.1		133.7		180	187	0	0	480	152	0	0	60	152	240	90
1301	520.0	118.2		110.3		180	179	0	0	480	141	60	92	180	120	660	87
1302	600.0	136.6		129.6		600	167	0	0	660	139	60	102	120	131	360	89
1303	540.0	145.8		131.6		660	187	0	0	420	150	60	87	120	119	360	84
1304	520.0	141.7		131.9		540	178	0	0	660	141	0	0	60	110	300	84
1305	380.0	135.4		125.2		360	175	0	0	420	142	0	0	0	0	360	88
1306	320.0	138.8		127.6		240	182	0	0	480	145	0	0	0	0	240	83
1307	380.0	151.1		140.4		240	199	0	0	600	159	0	0	120	112	180	87
1308	540.0	131.7		121.8		240	184	0	0	720	149	60	88	120	124	480	87
1309	500.0	125.8		117.4		360	176	0	0	600	129	60	88	120	92	360	88
1310	400.0	133.5		123.5		240	181	0	0	540	147	0	0	0	0	420	89
1311	380.0	132.7		122.0		300	187	0	0	360	139	0	0	180	106	300	87
1312	340.0	144.4		138.7		180	181	0	0	600	146	0	0	120	140	120	86
1313	540.0	133.3		125.5		480	167	0	0	540	144	60	116	120	114	420	89
1314	500.0	143.1		130.6		540	190	0	0	420	145	0	0	120	111	420	90
1315	540.0	127.6		119.1		300	169	0	0	600	147	120	87	240	110	360	86
1316	460.0	136.2		129.6		420	168	0	0	540	141	60	103	180	108	180	87
1317	400.0	132.5		128.7		120	177	0	0	600	142	0	0	420	113	60	85
1318	680.0	119.3		111.6		420	153	0	0	780	138	0	0	0	0	840	85
1319	480.0	118.8		109.5		240	167	0	0	540	140	0	0	60	84	600	84
1320	380.0	148.4		135.2		300	197	0	0	360	169	0	0	240	117	240	88
1321	400.0	124.2		114.5		180	185	0	0	420	141	0	0	180	118	420	84
1322	620.0	127.2		121.8		420	158	0	0	780	134	60	96	240	121	360	86
1323	240.0	129.8		118.2		180	191	0	0	180	132	0	0	60	144	300	89
1324	420.0	138.9		130.4		300	192	0	0	480	135	0	0	300	125	180	84
1325	380.0	129.2		124.9		180	162	0	0	540	140	0	0	240	106	180	95
1326	560.0	131.9		124.5		480	161	0	0	720	140	0	0	60	123	420	86
1327	640.0	134.4		126.7		420	170	0	0	840	146	60	92	300	111	300	84
1328	540.0	130.1		123.1		480	167	0	0	720	128	0	0	60	125	360	86
1329	240.0	113.8		105.4		60	195	0	0	300	133	60	86	0	0	300	84
1330	700.0	120.4		115.5		720	142	0	0	780	126	180	90	120	98	300	81
1331	400.0	134.1		126.5		240	173	0	0	420	147	0	0	300	124	240	85
1332	360.0	140.7		134.2		120	185	0	0	540	157	0	0	300	113	120	92
1333	460.0	130.4		122.4		420	160	0	0	360	146	60	98	180	130	360	86
1334	420.0	133.8		125.1		480	170	0	0	480	127	0	0	60	98	240	84
1335	480.0	139.0		129.6		300	193	0	0	780	141	0	0	60	104	300	87
1336	360.0	136.4		129.2		180	166	0	0	540	151	60	90	120	122	180	88
1337	540.0	123.3		117.4		360	164	0	0	600	130	0	0	300	102	360	89
1338	380.0	137.3		123.6		300	188	0	0	360	157	0	0	60	118	420	87
1339	320.0	126.4		117.7		240	166	0	0	300	143	0	0	120	107	300	86
1340	360.0	129.9		121.3		240	183	0	0	420	136	0	0	60	109	360	91
1341	280.0	126.9		121.2		120	164	0	0	300	140	60	103	180	128	180	87
1342	320.0	124.8		115.6		120	188	0	0	480	138	0	0	0	0	360	86
1343	240.0	100.7		94.4		60	176	0	0	240	118	0	0	120	80	300	80
1344	260.0	129.3		122.3		120	175	0	0	300	142	0	0	180	121	180	86
1345	360.0	129.9		121.6		300	173	0	0	360	131	0	0	120	126	300	87
1346	460.0	111.3		103.5		240	170	0	0	480	121	0	0	0	0	660	83
1347	480.0	135.2		126.4		480	173	0	0	480	138	0	0	60	128	420	90
1348	380.0	115.4		108.5		60	174	0	0	540	137	60	85	120	98	360	84
1349	360.0	120.5		114.7		240	165	0	0	360	124	0	0	300	102	180	85
1350	360.0	130.9		124.1		240	158	0	0	480	146	60	107	0	0	300	90
1351	340.0	135.6		127.1		240	176	0	0	480	141	0	0	60	129	240	86
1352	340.0	141.9		134.0		240	181	0	0	540	146	0	0	60	111	180	88
1353	260.0	139.5		126.2		180	215	0	0	300	136	0	0	120	115	180	86
1354	500.0	116.3		109.5		420	152	0	0	360	130	120	88	120	104	480	85
1355	240.0	139.8		129.5		120	202	0	0	360	147	0	0	60	127	180	88
1356	460.0	125.4		120.3		120	171	0	0	600	140	0	0	360	117	300	88
1357	360.0	129.8		120.0		300	178	0	0	360	134	0	0	120	109	300	85
1358	180.0	134.1		124.5		120	187	0	0	240	140	0	0	60	95	120	89
1359	400.0	135.0		130.1		240	152	0	0	660	146	0	0	120	111	180	88
1360	460.0	129.7		121.7		360	164	0	0	480	144	60	90	180	109	300	86
1361	520.0	133.2		126.0		360	175	0	0	600	139	0	0	240	122	360	89
1362	440.0	128.5		119.8		240	184	0	0	480	140	0	0	300	109	300	85
1363	440.0	136.0		129.5		180	196	0	0	720	140	0	0	240	115	180	88
1364	500.0	134.9		129.8		540	165	0	0	600	129	60	114	60	103	240	95
1365	500.0	129.8		122.9		600	159	0	0	420	130	60	105	120	102	300	87
1366	300.0	137.6		131.2		120	196	0	0	300	148	0	0	360	126	120	88
1367	360.0	119.2		112.8		300	150	0	0	360	131	0	0	0	0	420	87
1368	480.0	136.8		122.5		480	183	0	0	300	163	120	93	180	105	360	84
1369	360.0	133.8		123.8		300	177	0	0	360	146	0	0	120	104	300	88
1370	380.0	109.3		100.2		120	194	0	0	300	134	60	105	0	0	660	83
1371	240.0	132.2		126.8		60	187	0	0	300	146	0	0	180	128	180	95
1372	400.0	132.5		122.2		180	178	0	0	540	155	60	92	60	89	360	90
1373	400.0	127.5		119.2		360	164	0	0	480	132	0	0	0	0	360	85
1374	240.0	144.8		128.6		180	191	0	0	300	152	0	0	60	173	180	77
1375	460.0	140.9		136.3		240	180	0	0	660	148	0	0	420	115	60	88
1376	440.0	135.4		127.4		420	166	0	0	600	139	0	0	60	87	240	85
1377	660.0	126.8		117.3		840	158	0	0	360	138	300	97	60	70	420	84
1378	300.0	126.7		116.4		60	167	0	0	480	153	0	0	0	0	360	85
1379	400.0	115.8		111.0		300	139	0	0	420	130	0	0	60	101	420	87
1380	280.0	124.8		114.6		180	180	0	0	300	137	0	0	0	0	360	87
1381	240.0	128.7		117.3		0	0	0	0	480	153	0	0	0	0	240	80
1382	260.0	139.7		133.5		120	163	0	0	360	153	0	0	180	134	120	85
1383	460.0	129.7		120.1		420	165	0	0	480	138	60	89	180	110	240	76
1384	240.0	123.3		116.3		60	187	0	0	300	135	0	0	180	124	180	82
1385	420.0	120.2		110.3		300	179	0	0	300	130	0	0	120	103	540	86
1386	200.0	150.9		143.3		120	205	0	0	240	151	0	0	180	136	60	87
1387	420.0	116.6		106.0		240	181	0	0	240	144	240	88	60	116	480	85
1388	120.0	126.0		122.6		0	0	0	0	300	134	0	0	0	0	60	86
1389	300.0	130.8		117.6		180	189	0	0	180	163	0	0	180	132	360	85
1390	360.0	129.2		119.7		300	172	0	0	420	133	0	0	120	107	240	80
1391	200.0	123.3		112.8		120	186	0	0	180	135	0	0	60	116	240	85
1392	440.0	99.4		91.8		240	158	0	0	180	123	0	0	0	0	900	79
1393	220.0	127.1		120.3		60	166	0	0	300	148	0	0	120	114	180	88
1394	540.0	119.2		108.8		420	171	0	0	420	129	120	93	120	106	540	80
1395	360.0	136.9		129.7		420	169	0	0	420	131	0	0	0	0	240	91
1396	220.0	115.4		108.9		60	155	0	0	360	131	0	0	0	0	240	82
1397	460.0	114.5		108.6		300	151	0	0	420	126	0	0	120	116	540	85
1398	120.0	124.7		121.1		60	156	0	0	120	128	0	0	120	124	60	88
1399	320.0	127.6		119.6		120	206	0	0	420	135	0	0	180	108	240	90
1400	380.0	113.1		105.8		240	161	0	0	300	127	0	0	60	105	540	85
1401	380.0	122.8		111.1		300	172	0	0	300	143	60	95	0	0	480	83
1402	220.0	101.2		98.4		60	141	0	0	120	124	0	0	120	98	360	88
1403	320.0	125.3		121.2		120	151	0	0	540	136	60	112	60	97	180	90
1404	400.0	131.9		125.0		240	174	0	0	600	136	0	0	60	136	300	89
1405	260.0	135.8		123.6		120	214	0	0	240	155	0	0	180	122	240	88
1406	280.0	108.2		106.0		60	147	0	0	180	119	60	87	300	112	240	91
1407	240.0	122.3		115.1		120	179	0	0	240	135	0	0	120	105	240	90
1408	240.0	116.5		109.3		60	181	0	0	360	132	0	0	0	0	300	85
1409	360.0	119.2		112.1		180	162	0	0	420	134	60	119	0	0	420	86
1410	420.0	94.3		91.3		360	94	0	0	180	136	360	92	0	0	360	76
1411	380.0	114.2		109.6		180	157	0	0	540	119	60	89	60	109	300	86
1412	280.0	129.3		116.1		180	194	0	0	240	151	60	88	60	96	300	88
1413	420.0	126.0		117.1		420	165	0	0	300	134	60	88	120	108	360	86
1414	360.0	128.3		121.1		120	154	0	0	600	147	0	0	60	87	300	89
1415	300.0	146.0		132.4		240	196	0	0	420	152	0	0	120	87	120	84
1416	260.0	123.8		120.4		0	0	0	0	300	146	0	0	360	117	120	89
1417	280.0	141.9		136.8		180	185	0	0	420	140	0	0	180	121	60	88
1418	260.0	117.8		109.7		60	181	0	0	360	139	0	0	0	0	360	86
1419	380.0	110.8		105.7		180	165	0	0	420	115	60	102	0	0	480	88
1420	340.0	115.6		109.8		180	155	0	0	360	131	60	89	120	85	300	91
1421	360.0	119.5		113.3		60	200	0	0	600	132	0	0	60	109	360	87
1422	300.0	110.8		103.7		0	0	0	0	360	147	0	0	60	92	480	86
1423	320.0	106.1		100.9		120	139	0	0	300	129	60	102	60	98	420	82
1424	240.0	112.5		104.9		60	214	0	0	180	128	60	94	120	114	300	86
1425	400.0	119.5		112.8		120	165	0	0	420	144	0	0	120	121	540	90
1426	340.0	124.1		118.2		360	150	0	0	300	130	60	88	60	124	240	87
1427	320.0	104.5		99.3		60	167	0	0	300	129	60	95	0	0	540	85
1428	280.0	124.6		115.9		180	160	0	0	240	147	60	95	60	147	300	87
1429	160.0	114.6		109.8		0	0	0	0	240	133	0	0	60	127	180	86
1430	340.0	122.3		116.5		120	180	0	0	420	131	0	0	180	119	300	89
1431	340.0	119.5		110.9		360	161	0	0	180	119	60	106	0	0	420	86
1432	260.0	122.6		116.7		60	154	0	0	480	137	0	0	0	0	240	86
1433	240.0	116.5		108.1		60	188	0	0	240	146	0	0	60	92	360	89
1434	340.0	122.2		108.9		180	200	0	0	240	151	60	90	60	87	480	87
1435	300.0	136.2		128.0		120	192	0	0	540	143	0	0	60	117	180	85
1436	360.0	122.3		115.5		120	149	0	0	480	143	0	0	60	144	420	88
1437	300.0	118.8		108.4		60	192	0	0	240	160	60	88	120	130	420	86
1438	360.0	149.3		135.0		240	201	0	0	480	162	0	0	60	153	300	87
1439	340.0	131.6		123.8		240	168	0	0	420	141	120	105	120	108	120	76
1440	340.0	130.7		123.6		180	172	0	0	540	139	0	0	60	107	240	87
1441	220.0	129.1		122.7		120	163	0	0	300	141	0	0	60	122	180	89
1442	260.0	117.9		112.9		240	139	0	0	240	127	60	88	60	129	180	84
1443	360.0	111.3		103.4		120	183	0	0	300	136	0	0	0	0	660	87
1444	140.0	118.0		113.5		60	141	0	0	60	114	0	0	180	133	120	86
1445	220.0	108.7		103.3		60	162	0	0	120	140	60	102	60	124	360	88
1446	300.0	134.8		123.8		180	180	0	0	360	150	0	0	120	127	240	82
1447	220.0	130.9		123.0		120	171	0	0	300	144	60	117	0	0	180	87
1448	140.0	143.6		137.6		60	182	0	0	300	147	0	0	0	0	60	88
1449	380.0	110.1		103.7		60	214	0	0	240	130	120	87	240	122	480	87
1450	80.0	115.2		113.4		0	0	0	0	0	0	0	0	180	123	60	92
1451	200.0	144.1		38.0		240	204	0	0	180	150	60	84	60	5	60	86
1452	180.0	101.6		97.2		0	0	0	0	60	137	60	88	120	132	300	85
1453	220.0	106.7		98.7		120	177	0	0	60	126	60	92	0	0	420	86
1454	220.0	114.7		109.3		60	123	0	0	360	134	60	86	0	0	180	83
1455	340.0	113.2		103.7		240	167	0	0	180	136	120	88	0	0	480	84
1456	300.0	119.8		112.7		60	159	0	0	360	145	60	90	120	124	300	86
1457	160.0	140.5		125.2		60	219	0	0	240	161	0	0	0	0	180	87
1458	200.0	142.5		133.0		180	188	0	0	240	139	0	0	60	129	120	88
1459	320.0	104.2		97.2		120	178	0	0	120	114	60	89	60	144	600	85
1460	300.0	136.8		125.0		180	188	0	0	300	153	0	0	120	144	300	87
1461	220.0	122.5		108.8		60	221	0	0	240	154	0	0	0	0	360	85
1462	220.0	115.0		107.5		120	162	0	0	120	139	0	0	120	119	300	85
1463	140.0	114.9		108.1		0	0	0	0	180	142	0	0	60	126	180	84
1464	220.0	149.8		129.4		180	212	0	0	240	168	0	0	0	0	240	85
1465	200.0	109.4		103.1		0	0	0	0	180	142	60	109	60	139	300	84
1466	200.0	116.5		108.5		180	161	0	0	60	139	60	88	0	0	300	91
1467	240.0	111.2		104.1		60	171	0	0	180	147	60	107	120	90	300	87
1468	180.0	119.9		110.2		60	200	0	0	180	140	0	0	60	115	240	86
1469	280.0	95.1		90.6		0	0	0	0	120	148	0	0	180	105	540	80
1470	480.0	110.5		105.2		360	134	0	0	360	134	0	0	120	102	600	84
1471	260.0	113.0		108.1		240	134	0	0	180	134	60	101	0	0	300	86
1472	260.0	119.4		109.1		180	184	0	0	180	123	0	0	60	115	360	86
1473	120.0	144.3		130.6		0	0	0	0	120	176	0	0	120	169	120	88
1474	380.0	107.6		100.9		180	150	0	0	180	150	0	0	60	113	720	86
1475	300.0	118.6		108.8		120	183	0	0	180	161	120	110	60	94	420	88
1476	140.0	119.9		116.1		0	0	0	0	300	132	60	94	60	85	0	0
1477	340.0	103.2		97.2		180	158	0	0	120	124	240	92	0	0	480	83
1478	240.0	109.7		103.5		60	155	0	0	180	136	0	0	60	144	420	87
1479	180.0	108.9		104.3		0	0	0	0	120	144	60	112	120	118	240	86
1480	360.0	108.8		103.0		60	161	0	0	420	134	0	0	0	0	600	86
1481	100.0	115.2		106.6		0	0	0	0	120	156	0	0	0	0	180	88
1482	280.0	124.6		110.2		120	207	0	0	300	149	60	87	0	0	360	83
1483	260.0	114.7		107.7		60	159	0	0	360	137	0	0	0	0	360	85
1484	140.0	130.6		122.7		0	0	0	0	240	156	0	0	60	112	120	89
1485	180.0	115.9		104.3		60	171	0	0	180	154	0	0	0	0	300	82
1486	220.0	107.4		101.9		60	171	0	0	120	138	120	103	0	0	360	88
1487	160.0	106.4		100.9		120	134	0	0	60	149	120	85	0	0	180	88
1488	80.0	131.2		125.8		0	0	0	0	180	145	0	0	0	0	60	90
1489	200.0	112.3		104.0		120	171	0	0	120	128	0	0	60	100	300	85
1490	200.0	159.1		153.0		240	171	0	0	240	171	0	0	60	132	60	91
1491	320.0	118.1		107.0		120	202	0	0	300	142	60	87	60	94	420	85
1492	120.0	107.7		102.2		0	0	0	0	120	145	0	0	0	0	240	89
1493	220.0	130.8		119.1		180	167	0	0	180	163	60	87	60	104	180	86
1494	340.0	105.1		100.2		120	132	0	0	180	143	120	88	60	135	540	87
1495	100.0	129.2		121.8		60	178	0	0	60	146	0	0	120	118	60	86
1496	240.0	110.7		101.7		120	152	0	0	120	166	60	88	60	100	360	84
1497	240.0	138.2		130.7		180	181	0	0	360	134	0	0	60	139	120	86
1498	60.0	91.0		90.5		0	0	0	0	0	0	0	0	60	101	120	86
1499	220.0	105.5		100.8		60	158	0	0	240	122	60	89	0	0	300	85
