#File created from auswertNew
# Temporary input file:
# tmp03.dat
# Created from repository file
# /home/vwitme/data/workdata/trafficData/Invent_A5/intermediatedata/A5frankfurt_06_01/daten/F03_1106.dat.gz
# Infrastructure description file:
# /home/vwitme/data/workdata/trafficData/Invent_A5/intermediatedata/A5frankfurt_06_01/daten/A5frankfurt_06_01.dsc
#
# Date: 11.06.2001
# Direction: Frankfurt
# Detector cross section 3
# Position (m)= 468.300000
# Number of main lanes=3
# Number of ramp lanes=0
# The lane indices are ordered from left to right
# NOTICE: The time has been increased by 1 hour 
# since summertime was not taken care of  in the original data!
# Velocity averages: Over veh types and lanes, weighted with flow
# vAvg=arithmetic average; vHarm=harmonic average
#===========================================
#t(min)	Qav(/h)	vAvg(km/h)	vHarm(km/h)	Q1car	v1car	Q1truck	v1truck	Q2car	v2car	Q2truck	v2truck	Q3car	v3car	Q3truck	v3truck
60	500.0	119.8		110.0		240	156	0	0	720	139	0	0	0	0	540	78
61	280.0	121.6		116.3		120	142	0	0	360	140	0	0	240	105	120	79
62	560.0	100.4		87.4		240	161	0	0	420	142	0	0	0	0	1020	69
63	640.0	101.8		92.7		300	161	0	0	420	131	60	93	60	76	1080	76
64	460.0	117.3		108.7		360	160	0	0	420	128	60	103	0	0	540	82
65	280.0	122.4		115.1		240	145	0	0	360	135	60	90	0	0	180	78
66	480.0	127.3		117.0		480	167	0	0	360	136	60	103	300	100	240	75
67	620.0	98.4		91.0		300	153	0	0	480	116	60	81	0	0	1020	75
68	560.0	117.9		106.4		360	159	0	0	540	143	120	99	60	111	600	75
69	320.0	125.9		111.6		60	163	0	0	420	168	60	109	0	0	420	81
70	380.0	132.4		121.5		420	163	0	0	300	143	0	0	120	132	300	79
71	420.0	107.3		98.9		60	172	0	0	480	135	60	114	60	117	600	77
72	280.0	121.1		112.9		60	172	0	0	360	143	0	0	120	125	300	83
73	240.0	123.6		119.3		120	138	0	0	420	133	60	114	0	0	120	81
74	420.0	113.0		106.6		300	141	60	111	420	130	0	0	0	0	480	81
75	360.0	105.5		99.1		120	144	0	0	360	132	60	90	0	0	540	81
76	360.0	103.7		96.2		0	0	0	0	360	147	0	0	0	0	720	82
77	240.0	98.4		91.5		60	158	0	0	120	141	120	90	60	105	360	76
78	460.0	111.8		102.7		240	163	0	0	420	133	60	90	60	109	600	79
79	420.0	111.0		103.0		180	147	0	0	540	132	0	0	0	0	540	78
80	380.0	102.9		95.7		60	153	0	0	300	144	120	101	0	0	660	80
81	260.0	113.5		105.4		0	0	0	0	360	145	0	0	120	103	300	80
82	240.0	106.8		99.9		60	146	0	0	180	144	60	104	60	114	360	81
83	380.0	112.3		102.3		120	142	0	0	420	150	0	0	0	0	600	80
84	480.0	99.7		96.0		600	120	0	0	120	112	180	86	0	0	540	79
85	400.0	102.3		95.7		300	143	0	0	240	116	180	84	0	0	480	77
86	480.0	108.1		103.6		360	135	0	0	360	122	180	91	60	115	480	83
87	340.0	110.1		103.1		180	122	0	0	480	131	60	93	0	0	300	73
88	340.0	102.5		94.8		60	142	0	0	360	137	60	86	0	0	540	77
89	160.0	97.9		93.8		0	0	0	0	60	148	0	0	240	101	180	77
90	520.0	100.8		95.2		300	136	0	0	240	134	240	91	0	0	780	80
91	360.0	102.0		93.4		120	166	0	0	240	139	0	0	0	0	720	79
92	320.0	94.9		89.6		60	103	0	0	240	137	60	88	0	0	600	78
93	660.0	91.8		85.7		360	133	0	0	300	118	240	91	0	0	1080	71
94	400.0	113.2		105.1		180	149	60	109	480	131	0	0	60	127	420	76
95	400.0	87.5		77.9		120	173	0	0	120	150	0	0	0	0	960	69
96	280.0	91.9		86.9		60	161	0	0	60	135	0	0	60	121	660	79
97	220.0	102.8		97.0		120	136	0	0	120	136	0	0	60	101	360	81
98	400.0	119.6		106.7		360	170	0	0	240	139	60	105	0	0	540	79
99	400.0	112.4		100.2		240	156	0	0	360	139	0	0	60	133	540	73
100	340.0	90.3		86.7		0	0	0	0	240	127	0	0	0	0	780	79
101	440.0	102.9		96.0		120	183	0	0	300	127	120	98	0	0	780	82
102	380.0	109.2		97.8		120	182	0	0	300	150	0	0	0	0	720	80
103	200.0	107.6		99.6		0	0	0	0	180	147	0	0	120	120	300	79
104	400.0	108.4		104.4		360	124	0	0	360	124	0	0	60	106	420	82
105	300.0	126.4		117.9		240	154	0	0	240	154	0	0	120	117	300	86
106	260.0	109.3		103.0		180	135	0	0	180	135	0	0	120	108	300	79
107	240.0	109.0		100.2		180	140	0	0	180	140	0	0	0	0	360	78
108	260.0	113.5		105.8		60	144	0	0	180	154	0	0	180	124	360	83
109	220.0	117.3		105.5		60	155	0	0	180	148	60	103	60	188	300	80
110	300.0	93.5		89.0		120	122	0	0	60	126	60	89	120	125	540	77
111	260.0	101.2		97.0		0	0	0	0	300	128	60	93	60	91	360	82
112	400.0	102.9		95.2		180	154	0	0	180	146	360	89	0	0	480	78
113	220.0	120.4		112.6		120	164	0	0	300	132	0	0	0	0	240	84
114	300.0	95.3		90.6		0	0	0	0	300	128	0	0	0	0	600	79
115	440.0	101.4		95.5		180	154	0	0	300	124	60	83	0	0	780	82
116	200.0	129.0		113.8		60	158	0	0	300	163	60	92	0	0	180	75
117	360.0	118.6		108.8		120	163	0	0	480	139	0	0	60	144	420	79
118	240.0	115.4		109.2		60	183	0	0	180	141	60	111	240	104	180	84
119	220.0	105.2		96.4		0	0	0	0	180	139	60	87	120	139	300	75
120	260.0	124.5		108.5		60	202	0	0	300	168	60	91	0	0	360	81
121	360.0	104.1		94.9		180	155	0	0	180	146	120	100	0	0	600	77
122	360.0	108.2		98.3		60	140	0	0	300	158	120	88	120	113	480	77
123	140.0	91.4		87.9		0	0	0	0	60	117	0	0	60	128	300	79
124	580.0	90.3		88.1		240	129	0	0	480	79	360	91	0	0	660	84
125	160.0	119.5		110.0		0	0	0	0	240	153	60	92	0	0	180	84
126	280.0	93.4		89.1		60	155	0	0	60	151	180	91	0	0	540	81
127	400.0	96.2		92.0		120	146	0	0	120	136	180	95	60	90	720	82
128	420.0	102.0		94.7		180	153	0	0	300	128	60	107	0	0	720	78
129	340.0	96.0		92.1		120	129	0	0	180	128	120	90	0	0	600	81
130	260.0	103.9		97.6		0	0	0	0	300	135	0	0	60	116	420	80
131	320.0	120.2		112.7		180	146	0	0	420	140	0	0	60	96	300	82
132	300.0	109.7		102.2		60	126	0	0	420	130	60	113	60	132	300	73
133	260.0	102.9		93.9		60	200	0	0	120	148	0	0	60	113	540	81
134	220.0	121.8		115.2		120	156	0	0	180	134	0	0	240	119	120	75
135	440.0	119.3		110.9		60	185	0	0	600	144	0	0	240	108	420	81
136	500.0	106.6		99.3		180	135	0	0	540	136	120	83	0	0	660	79
137	200.0	102.3		94.1		120	149	0	0	60	147	60	93	60	105	300	76
138	420.0	106.0		99.6		300	143	60	87	240	124	180	89	60	115	420	78
139	220.0	97.0		92.5		120	143	0	0	120	106	60	83	0	0	360	81
140	180.0	134.6		134.5		120	135	0	0	360	136	0	0	60	125	0	0
141	520.0	98.3		89.7		360	145	0	0	180	135	300	81	0	0	720	73
142	200.0	101.3		93.0		60	173	0	0	60	145	0	0	60	135	420	80
143	320.0	102.1		93.9		120	151	0	0	240	138	0	0	0	0	600	78
144	320.0	106.5		101.7		60	143	0	0	420	124	0	0	180	101	300	78
145	260.0	108.7		101.7		60	162	0	0	300	134	0	0	0	0	420	83
146	360.0	104.0		96.8		120	133	0	0	240	139	60	115	60	145	600	79
147	260.0	105.4		96.3		60	174	0	0	300	129	0	0	60	107	360	74
148	200.0	102.0		95.2		120	151	0	0	120	119	0	0	0	0	360	80
149	260.0	91.6		86.6		0	0	0	0	180	137	0	0	0	0	600	78
150	260.0	95.9		90.7		120	142	0	0	120	117	0	0	60	105	480	78
151	240.0	113.8		104.4		60	156	0	0	180	148	60	89	120	138	300	80
152	280.0	108.2		99.7		180	153	0	0	120	149	0	0	60	102	480	82
153	280.0	100.1		94.4		60	151	0	0	180	139	60	93	60	85	480	82
154	300.0	104.1		97.0		120	151	60	101	120	152	60	116	0	0	540	82
155	280.0	102.6		95.8		60	176	0	0	180	136	180	87	60	112	360	80
156	120.0	115.5		114.1		0	0	0	0	120	132	0	0	180	111	60	96
157	180.0	137.1		133.5		180	148	0	0	180	148	0	0	120	129	60	88
158	120.0	136.0		123.7		60	177	0	0	180	153	0	0	60	109	60	71
159	240.0	86.4		84.9		0	0	0	0	60	123	180	94	0	0	480	79
160	340.0	89.8		88.5		120	118	0	0	60	102	240	92	0	0	600	82
161	120.0	117.7		113.2		0	0	0	0	180	138	0	0	120	105	60	82
162	260.0	101.2		94.1		180	128	0	0	120	128	60	79	120	118	300	72
163	240.0	105.8		99.4		60	146	0	0	240	129	0	0	60	128	360	80
164	240.0	99.4		92.4		0	0	0	0	180	151	0	0	60	100	480	80
165	220.0	116.6		108.0		60	175	0	0	240	135	0	0	120	126	240	79
166	280.0	96.4		88.9		60	150	0	0	180	138	0	0	60	111	540	75
167	120.0	124.3		115.4		60	150	0	0	120	151	0	0	60	130	120	82
168	220.0	105.1		96.0		0	0	0	0	240	149	60	92	0	0	360	78
169	320.0	108.2		102.7		60	138	0	0	420	131	0	0	60	103	420	82
170	400.0	107.2		98.7		180	156	0	0	360	131	60	75	60	113	540	78
171	280.0	99.2		94.4		0	0	0	0	180	132	60	81	120	128	480	82
172	360.0	84.4		45.6		60	101	0	0	180	118	120	90	60	5	660	80
173	60.0	92.0		90.7		0	0	0	0	0	0	0	0	60	108	120	84
174	260.0	113.0		106.7		240	133	0	0	240	133	0	0	0	0	300	81
175	440.0	120.2		109.8		360	163	0	0	360	137	60	116	0	0	540	81
176	360.0	102.4		96.1		180	146	0	0	180	135	120	95	0	0	600	81
177	220.0	90.5		87.6		0	0	0	0	60	155	180	89	0	0	420	82
178	320.0	121.8		112.6		60	150	0	0	480	150	60	94	0	0	360	84
179	320.0	117.8		109.9		180	155	0	0	360	134	120	110	0	0	300	79
180	300.0	108.6		102.7		120	151	0	0	60	144	60	118	240	121	420	83
181	360.0	103.9		98.7		120	145	0	0	360	123	60	100	60	103	480	80
182	180.0	98.8		95.8		0	0	0	0	120	131	120	99	60	97	240	83
183	300.0	120.3		112.2		60	198	0	0	420	137	0	0	180	109	240	80
184	240.0	88.2		86.4		60	131	0	0	0	0	120	99	0	0	540	81
185	320.0	116.1		106.2		120	154	0	0	360	147	0	0	60	107	420	80
186	260.0	112.9		103.5		60	144	0	0	300	150	0	0	0	0	420	82
187	180.0	98.8		92.5		0	0	0	0	60	174	60	110	60	119	360	81
188	280.0	106.7		102.0		240	136	0	0	0	0	120	105	120	121	360	83
189	300.0	118.9		109.2		120	183	0	0	360	136	60	109	0	0	360	82
190	260.0	115.9		108.0		60	164	0	0	360	138	0	0	60	110	300	81
191	460.0	98.9		94.0		240	132	0	0	240	129	180	91	60	77	660	80
192	300.0	105.1		100.4		60	112	0	0	360	130	120	99	0	0	360	81
193	360.0	109.2		98.8		120	147	0	0	360	148	60	90	0	0	540	77
194	260.0	105.8		101.1		60	140	0	0	300	128	0	0	0	0	420	85
195	220.0	103.1		97.2		60	160	0	0	240	122	0	0	0	0	360	81
196	200.0	107.4		102.2		60	134	0	0	180	132	60	104	60	116	240	81
197	180.0	110.1		104.9		0	0	0	0	300	131	0	0	0	0	240	84
198	380.0	110.5		100.1		240	159	0	0	180	140	60	94	120	128	540	77
199	180.0	131.4		119.3		60	197	0	0	180	159	0	0	180	119	120	76
200	160.0	110.9		104.7		0	0	0	0	300	130	0	0	0	0	180	79
201	300.0	99.4		93.1		60	148	0	0	240	135	60	92	0	0	540	79
202	200.0	132.4		119.3		120	180	0	0	240	156	0	0	0	0	240	85
203	200.0	113.4		106.5		60	167	0	0	180	137	60	112	120	102	180	80
204	200.0	99.4		94.7		0	0	0	0	240	127	0	0	0	0	360	81
205	280.0	113.8		105.4		60	160	0	0	360	139	60	96	60	113	300	78
206	220.0	108.4		101.9		240	142	0	0	60	116	120	92	0	0	240	81
207	260.0	96.6		90.4		60	170	0	0	180	125	0	0	0	0	540	79
208	200.0	98.7		95.0		60	158	0	0	0	0	120	102	60	115	360	85
209	440.0	127.7		114.1		120	169	0	0	600	162	0	0	60	122	540	81
210	120.0	109.7		100.7		60	182	0	0	60	132	0	0	0	0	240	86
211	300.0	103.8		96.3		60	162	0	0	300	135	0	0	0	0	540	80
212	220.0	112.9		106.1		0	0	0	0	300	141	60	105	120	99	180	78
213	340.0	111.3		101.0		180	157	0	0	300	142	0	0	0	0	540	79
214	440.0	108.8		101.8		420	138	60	107	180	135	180	100	0	0	480	77
215	520.0	95.5		91.3		420	121	0	0	180	124	240	82	0	0	720	78
216	340.0	118.4		110.5		300	144	0	0	300	141	60	95	0	0	360	82
217	260.0	135.5		126.3		240	166	0	0	360	142	0	0	0	0	180	82
218	380.0	104.2		95.3		120	153	0	0	420	132	0	0	0	0	600	75
219	480.0	103.2		96.0		360	138	0	0	300	124	240	93	0	0	540	73
220	220.0	95.7		90.9		0	0	0	0	180	135	0	0	0	0	480	81
221	320.0	110.6		102.1		60	156	0	0	420	139	0	0	0	0	480	80
222	220.0	120.0		111.2		120	157	0	0	180	144	0	0	120	125	240	81
223	300.0	95.1		90.4		60	152	0	0	180	122	60	96	60	111	540	78
224	520.0	100.2		94.4		240	146	0	0	240	131	240	95	60	78	780	80
225	400.0	115.5		105.4		120	163	0	0	420	152	60	91	0	0	600	83
226	380.0	104.6		98.3		120	138	0	0	420	130	60	90	0	0	540	79
227	320.0	113.4		107.5		60	142	0	0	480	134	0	0	120	95	300	82
228	360.0	112.4		101.5		180	177	0	0	300	137	0	0	60	78	540	81
229	200.0	103.4		98.7		0	0	0	0	120	138	0	0	180	116	300	82
230	280.0	119.1		109.0		240	149	0	0	180	149	60	92	60	138	300	79
231	240.0	133.2		130.6		60	138	0	0	360	140	0	0	240	134	60	84
232	180.0	122.1		109.6		120	154	0	0	180	157	0	0	0	0	240	80
233	300.0	115.1		108.0		120	138	0	0	300	145	60	118	60	110	360	83
234	180.0	119.1		113.1		120	135	0	0	300	130	0	0	0	0	120	76
235	120.0	121.3		116.9		0	0	0	0	180	138	0	0	120	117	60	80
236	500.0	115.5		111.4		480	132	0	0	360	132	120	98	180	113	360	84
237	220.0	129.5		120.9		60	174	0	0	360	149	0	0	0	0	240	89
238	340.0	116.4		109.1		60	156	0	0	540	137	0	0	60	103	360	81
239	220.0	126.2		118.8		60	168	0	0	180	155	0	0	240	125	180	85
240	360.0	124.9		116.2		120	168	0	0	600	139	0	0	60	128	300	79
241	360.0	118.4		110.0		120	146	0	0	420	141	120	92	120	139	300	78
242	220.0	124.1		115.3		60	160	0	0	360	142	0	0	60	119	180	78
243	220.0	109.9		106.4		60	133	0	0	360	122	0	0	120	91	120	81
244	200.0	102.3		97.6		60	131	0	0	60	146	0	0	120	121	360	84
245	240.0	123.1		119.3		60	146	0	0	120	144	60	119	360	126	120	84
246	280.0	101.6		95.1		60	171	0	0	180	136	0	0	60	105	540	82
247	140.0	117.6		114.2		0	0	0	0	180	136	0	0	180	111	60	82
248	420.0	98.1		94.0		120	130	0	0	420	118	180	94	0	0	540	77
249	300.0	136.0		130.2		180	169	0	0	360	147	0	0	300	115	60	76
250	240.0	106.2		101.0		120	139	60	112	120	135	60	94	60	111	300	82
251	340.0	95.2		90.4		60	141	0	0	180	134	120	80	120	102	540	79
252	360.0	115.2		107.6		300	149	0	0	300	131	120	97	0	0	360	80
253	380.0	120.7		110.0		300	165	0	0	360	136	60	92	0	0	420	80
254	400.0	111.5		106.3		120	136	0	0	540	131	60	87	120	100	360	82
255	260.0	119.8		108.5		0	0	0	0	420	153	0	0	0	0	360	81
256	380.0	127.2		123.0		120	162	0	0	600	138	60	94	180	115	180	91
257	400.0	117.3		108.7		300	144	0	0	300	144	60	85	120	131	420	80
258	280.0	119.9		114.0		120	142	0	0	300	142	0	0	120	125	300	87
259	380.0	110.5		101.3		120	159	60	102	240	153	120	91	120	127	480	79
260	420.0	113.7		109.0		360	137	0	0	240	131	360	106	0	0	300	81
261	540.0	125.6		115.7		360	164	0	0	660	142	60	110	60	72	480	83
262	400.0	123.5		117.1		60	133	0	0	780	138	0	0	120	117	240	77
263	460.0	133.1		120.3		360	179	0	0	540	147	0	0	0	0	480	83
264	440.0	129.6		119.9		240	159	0	0	540	152	60	92	180	120	300	79
265	140.0	106.3		100.5		0	0	0	0	60	153	0	0	180	117	180	80
266	420.0	119.0		112.6		180	161	0	0	540	132	180	99	60	120	300	82
267	240.0	106.8		101.4		60	134	0	0	240	127	0	0	60	142	360	83
268	440.0	108.9		103.1		240	135	0	0	300	127	180	88	180	132	420	80
269	460.0	117.6		111.7		420	134	0	0	360	146	300	93	0	0	300	85
270	560.0	124.7		114.4		540	157	0	0	540	140	180	93	0	0	420	77
271	400.0	119.2		111.9		240	156	60	100	480	134	60	90	0	0	360	83
272	360.0	114.1		103.9		360	156	0	0	180	131	120	86	0	0	420	79
273	540.0	116.4		110.2		420	139	0	0	540	132	60	106	120	118	480	80
274	440.0	114.8		106.6		120	158	60	119	480	142	180	93	60	123	420	79
275	420.0	126.8		123.1		300	140	0	0	480	139	120	105	240	120	120	80
276	360.0	127.6		122.6		300	153	0	0	540	131	0	0	60	91	180	87
277	260.0	134.0		130.7		0	0	0	0	240	151	0	0	420	136	120	93
278	460.0	111.5		104.4		180	135	0	0	480	126	0	0	240	136	480	76
279	500.0	110.1		103.2		360	142	0	0	420	130	180	93	0	0	540	79
280	560.0	114.4		106.0		420	145	0	0	480	139	60	89	120	98	600	79
281	320.0	151.9		149.7		60	159	0	0	540	161	0	0	300	145	60	98
282	520.0	96.6		90.4		240	146	0	0	180	133	420	88	60	87	660	75
283	720.0	109.6		105.1		720	132	0	0	420	126	240	94	120	96	660	83
284	400.0	131.2		125.2		300	161	0	0	540	138	60	115	120	105	180	84
285	680.0	116.4		108.7		480	148	0	0	780	129	60	113	60	124	660	78
286	300.0	104.5		99.7		0	0	0	0	480	125	0	0	0	0	420	81
287	480.0	115.9		107.2		360	147	0	0	540	133	0	0	0	0	540	78
288	580.0	122.8		118.4		420	142	0	0	720	134	0	0	180	117	420	87
289	560.0	121.9		115.4		540	148	0	0	780	124	0	0	0	0	360	78
290	500.0	110.3		99.8		420	142	0	0	540	127	0	0	0	0	540	69
291	440.0	109.9		101.0		180	159	0	0	420	136	60	93	60	116	600	78
292	640.0	121.5		113.7		540	150	0	0	780	132	60	112	0	0	540	79
293	340.0	118.2		113.4		300	141	0	0	360	127	0	0	120	105	240	83
294	280.0	131.5		122.0		180	166	0	0	360	147	0	0	120	112	180	79
295	480.0	115.5		108.1		240	156	0	0	360	131	120	96	300	125	420	78
296	520.0	125.5		117.4		480	159	60	90	480	137	120	83	240	100	180	80
297	760.0	121.9		119.0		480	131	0	0	780	131	480	114	300	131	240	79
298	660.0	114.2		107.6		480	147	0	0	720	125	120	90	60	112	600	80
299	660.0	112.6		109.7		600	128	60	117	600	121	240	101	60	116	420	84
300	520.0	112.3		104.2		480	145	0	0	240	141	300	99	0	0	540	78
301	300.0	120.9		113.4		60	148	0	0	360	153	0	0	240	102	240	85
302	560.0	124.2		113.9		540	154	0	0	480	144	180	87	60	132	420	78
303	640.0	122.3		117.2		720	138	0	0	600	136	60	91	300	98	240	79
304	820.0	118.4		113.2		1020	136	0	0	660	128	120	89	120	114	540	81
305	760.0	118.0		114.4		720	138	60	104	780	119	60	117	240	120	420	83
306	520.0	125.0		119.2		300	156	0	0	840	131	0	0	120	115	300	81
307	580.0	130.3		121.1		600	167	0	0	600	128	120	111	60	133	360	79
308	660.0	132.5		127.1		660	157	0	0	720	138	0	0	300	111	300	87
309	620.0	116.7		109.4		600	145	0	0	360	133	240	97	300	109	360	73
310	600.0	128.9		119.9		660	161	0	0	660	131	60	90	60	84	360	80
311	700.0	105.1		99.2		660	132	0	0	360	124	360	88	120	102	600	75
312	840.0	108.9		103.3		720	137	0	0	780	118	240	95	0	0	780	78
313	460.0	128.5		123.2		180	176	0	0	780	135	0	0	240	103	180	87
314	620.0	120.4		111.5		360	150	0	0	660	143	0	0	300	113	540	77
315	800.0	119.7		114.5		840	137	0	0	660	135	120	104	360	104	420	79
316	580.0	136.8		133.0		540	162	0	0	720	138	0	0	360	111	120	93
317	820.0	119.9		105.5		600	151	0	0	960	146	60	102	0	0	840	69
318	500.0	128.0		121.0		180	160	0	0	720	143	60	115	360	112	180	72
319	1000.0	117.3		106.8		960	146	0	0	960	134	60	110	120	106	900	71
320	620.0	114.6		111.1		420	132	0	0	720	127	0	0	360	100	360	84
321	1020.0	121.6		112.7		960	148	0	0	1080	138	60	85	60	80	900	79
322	700.0	129.0		124.6		840	147	0	0	840	131	0	0	180	96	240	84
323	1020.0	106.9		101.3		960	124	120	115	960	119	240	103	60	68	720	71
324	1440.0	110.3		105.6		1980	124	0	0	1320	117	120	87	60	79	840	73
325	920.0	122.2		116.0		1020	140	0	0	1080	131	0	0	60	105	600	78
326	960.0	112.6		107.0		1200	132	60	119	840	118	0	0	60	82	720	76
327	1080.0	117.2		108.4		960	152	0	0	1200	125	60	92	120	91	900	75
328	860.0	118.6		112.1		840	142	0	0	900	127	180	109	120	103	540	75
329	940.0	123.3		117.8		1380	140	0	0	720	128	120	104	120	104	480	78
330	1040.0	107.3		97.9		1140	132	0	0	900	118	240	105	0	0	840	63
331	1020.0	115.8		112.1		1080	129	0	0	1200	120	120	116	360	100	300	70
332	1500.0	105.4		99.6		1980	122	0	0	1260	113	180	93	0	0	1080	68
333	840.0	113.7		107.6		660	134	0	0	1080	126	60	116	60	82	660	76
334	820.0	117.8		112.3		540	142	60	112	1260	126	60	92	0	0	540	78
335	1240.0	112.3		108.0		1500	127	120	104	1080	118	60	116	120	131	840	77
336	1380.0	119.0		117.2		1740	124	0	0	1740	123	0	0	300	113	360	80
337	900.0	104.8		91.7		840	139	0	0	840	119	60	114	120	90	840	58
338	880.0	104.4		97.5		840	129	60	112	720	118	120	81	120	93	780	70
339	1280.0	108.6		103.3		1560	123	60	108	1200	118	120	110	0	0	900	71
340	1000.0	127.8		122.6		1140	141	0	0	1260	136	0	0	120	107	480	80
341	1080.0	102.9		99.3		1140	117	0	0	900	113	180	99	120	109	900	75
342	1520.0	110.4		108.6		2400	116	60	101	1200	113	180	105	240	117	480	76
343	1040.0	116.2		111.1		1020	137	60	109	1140	124	60	116	0	0	840	81
344	1300.0	114.5		112.9		1560	119	0	0	1560	121	120	108	300	99	360	82
345	940.0	115.1		112.2		960	127	0	0	1080	122	240	108	60	94	480	82
346	1280.0	105.5		99.7		1680	119	0	0	960	120	180	87	240	96	780	66
347	1260.0	114.2		111.9		1560	125	0	0	1440	118	0	0	120	90	660	85
348	1100.0	109.0		107.6		1200	112	60	96	1260	115	60	97	420	109	300	77
349	1240.0	110.7		106.9		1680	121	0	0	1080	118	240	113	120	79	600	74
350	1500.0	113.3		112.2		2100	120	120	115	1380	114	60	113	420	104	420	86
351	860.0	114.1		110.3		720	129	0	0	1200	120	60	115	120	114	480	77
352	1440.0	104.9		102.4		1560	116	0	0	1560	109	240	109	300	91	660	74
353	1300.0	112.5		109.1		1500	125	0	0	1260	121	180	108	120	102	840	80
354	1420.0	106.7		105.0		1680	112	180	109	1380	111	180	108	480	101	360	71
355	1380.0	106.3		104.2		1920	113	120	107	960	113	300	106	240	104	600	75
356	1220.0	114.7		110.3		1440	131	60	119	900	121	120	104	360	116	780	78
357	980.0	122.0		119.9		960	134	0	0	1200	126	180	116	420	104	180	80
358	1140.0	117.6		115.1		1260	127	0	0	1260	124	180	114	360	103	360	79
359	1200.0	118.0		115.7		1560	127	0	0	1380	120	60	110	300	106	300	76
360	1560.0	109.7		106.9		2220	120	0	0	1620	111	60	112	60	106	720	75
361	1080.0	115.0		111.2		1440	125	0	0	1020	123	60	112	300	99	420	73
362	1680.0	94.1		92.3		2040	98	300	95	1260	105	360	99	0	0	1080	72
363	1800.0	102.6		101.5		2340	106	240	103	1920	107	120	102	120	107	660	77
364	1120.0	115.0		112.7		1440	123	0	0	1200	120	60	112	240	106	420	79
365	1200.0	114.3		112.0		1560	124	0	0	1140	117	180	109	240	111	480	80
366	1240.0	112.7		110.5		1620	120	0	0	1200	119	180	109	240	102	480	79
367	1700.0	95.4		93.8		2520	102	60	94	1200	100	360	97	0	0	960	72
368	1180.0	112.9		111.9		1320	120	60	109	1320	117	60	87	420	102	360	90
369	1880.0	94.3		93.7		2820	94	60	80	1680	101	360	99	60	96	660	77
370	1280.0	109.9		108.8		1740	114	60	73	1320	115	180	97	360	98	180	82
371	1100.0	110.6		108.0		1260	116	60	116	1200	117	60	98	480	104	240	65
372	1640.0	98.6		94.4		1920	111	60	110	1500	107	240	102	0	0	1200	67
373	1640.0	97.5		95.9		2220	103	180	102	1200	104	300	102	120	90	900	74
374	1720.0	91.2		89.3		2280	96	120	95	1680	98	60	110	60	77	960	67
375	1560.0	92.5		91.2		1800	100	60	96	1380	97	300	95	240	80	900	73
376	1620.0	80.1		79.4		2100	79	120	90	1440	87	180	87	420	79	600	64
377	1780.0	83.2		82.4		2220	89	0	0	1920	84	180	86	180	71	840	68
378	1860.0	87.8		87.4		2340	87	180	85	2040	92	180	97	300	88	540	73
379	1460.0	90.7		90.1		1440	95	300	90	1620	94	240	90	180	82	600	75
380	1680.0	86.5		86.0		2220	88	60	93	1440	92	180	88	360	78	780	75
381	1820.0	80.1		79.9		2100	80	120	68	1920	84	240	84	660	75	420	72
382	1740.0	82.2		82.1		2100	80	120	78	1860	86	180	82	360	84	600	78
383	1560.0	83.0		82.8		1800	80	240	83	1680	86	180	94	300	84	480	79
384	1820.0	79.6		79.3		2520	77	60	85	1740	82	240	90	480	86	420	71
385	1560.0	75.8		75.7		1980	75	60	81	1740	78	120	83	180	69	600	72
386	1500.0	66.4		66.3		1620	64	240	66	1440	69	300	72	600	66	300	62
387	1740.0	69.3		69.2		1980	67	60	71	1860	72	120	70	960	68	240	71
388	1460.0	74.1		73.9		1620	72	180	73	1560	78	60	66	900	72	60	69
389	1500.0	78.5		78.3		1860	80	120	79	1320	79	420	79	480	77	300	68
390	1500.0	83.5		83.2		1740	86	120	90	1200	87	300	83	960	77	180	68
391	1600.0	96.5		96.0		1980	98	60	100	1620	101	240	93	540	90	360	79
392	1600.0	88.0		87.8		2040	88	120	85	1560	91	240	91	600	86	240	72
393	1460.0	83.2		83.1		1800	81	120	92	1500	86	180	83	600	82	180	79
394	1560.0	95.3		95.0		1920	97	60	91	1680	98	180	98	420	87	420	84
395	1480.0	97.4		97.0		1860	97	60	102	1560	101	180	106	480	95	300	79
396	1240.0	95.0		94.0		1320	102	0	0	1320	98	120	86	720	87	240	69
397	760.0	107.9		106.1		720	114	60	119	840	118	60	80	480	89	120	85
398	1440.0	83.9		83.1		1620	89	120	86	1080	87	420	83	480	84	600	65
399	1520.0	75.5		75.3		1920	74	60	79	1680	79	300	80	0	0	600	68
400	1680.0	63.3		63.3		1560	61	300	61	1620	65	300	66	660	65	600	63
401	1560.0	64.1		63.4		1860	60	60	57	1380	74	120	76	540	62	720	56
402	1760.0	70.8		70.6		1800	68	240	67	1860	75	360	73	360	72	660	66
403	1460.0	84.1		83.7		1800	85	0	0	1440	88	240	91	300	76	600	73
404	1700.0	88.8		88.7		2400	86	60	96	1680	92	60	100	720	91	180	81
405	1300.0	98.0		97.0		1380	103	120	108	1080	103	420	98	480	90	420	75
406	1680.0	84.5		84.4		2160	84	60	88	1620	88	120	84	900	81	180	76
407	1400.0	70.1		70.0		1560	71	60	75	1440	71	120	73	660	70	360	61
408	1320.0	74.2		73.9		1380	69	60	60	1440	79	0	0	840	76	240	73
409	1320.0	83.4		83.0		1740	85	240	84	900	88	300	86	240	79	540	71
410	1840.0	76.2		76.2		1920	76	180	84	1920	78	60	77	1380	73	60	78
411	1360.0	81.6		81.4		1680	83	120	96	1380	81	300	82	420	77	180	73
412	1440.0	72.8		72.6		1800	71	120	75	1260	78	300	75	180	74	660	66
413	1640.0	63.6		63.4		2040	60	60	61	1320	68	360	66	660	64	480	65
414	1540.0	65.6		64.6		1740	56	60	66	1500	72	120	82	780	72	420	66
415	1520.0	81.3		81.1		1680	84	60	88	1380	84	300	82	480	76	660	72
416	1500.0	90.8		90.1		1740	95	60	80	1560	92	240	97	480	87	420	71
417	1240.0	88.9		88.7		1260	89	120	91	1380	92	240	86	360	90	360	77
418	1500.0	86.1		85.7		1620	86	180	81	1680	89	300	89	420	88	300	68
419	1000.0	87.6		86.4		1020	97	60	116	720	89	240	90	300	77	660	73
420	1600.0	89.4		88.8		2040	94	60	90	1500	91	180	93	360	81	660	75
421	1240.0	81.9		81.8		1260	82	120	90	1080	85	360	81	540	77	360	78
422	1280.0	87.5		87.3		1560	88	60	93	1020	91	420	89	540	84	240	74
423	1280.0	92.2		91.9		1620	96	60	112	1320	92	180	90	360	86	300	78
424	1500.0	86.8		86.6		1800	88	60	84	1560	89	300	83	540	86	240	71
425	1320.0	94.9		94.2		1320	95	180	99	1200	100	420	100	600	90	240	69
426	980.0	92.1		91.7		1080	95	60	112	1140	94	180	88	0	0	480	80
427	1380.0	73.4		73.2		1620	71	60	64	1500	74	120	74	360	82	480	74
428	1200.0	85.1		84.9		1380	87	0	0	1260	87	300	81	360	85	300	73
429	1480.0	86.9		86.4		1980	88	60	93	1380	90	180	92	420	85	420	70
430	1640.0	73.2		73.1		1560	75	240	74	1500	72	300	76	900	70	420	75
431	1200.0	81.7		81.7		1380	82	60	83	1200	83	180	81	540	80	240	78
432	1300.0	79.7		79.1		1320	81	60	71	1200	86	360	83	360	75	600	66
433	1280.0	79.6		79.0		1260	84	120	87	1260	81	180	82	660	76	360	62
434	1200.0	57.2		57.1		1260	59	180	59	1320	54	120	54	360	62	360	58
435	1060.0	36.9		36.5		1200	37	0	0	900	36	240	28	480	44	360	35
436	1060.0	37.2		36.4		1320	40	120	35	660	40	300	38	300	37	480	26
437	1300.0	52.8		52.5		1200	57	60	53	1500	54	240	50	480	47	420	45
438	1380.0	54.8		54.7		1740	54	0	0	1140	56	420	52	600	58	240	52
439	1220.0	54.0		53.7		1140	55	240	50	1080	58	300	59	480	47	420	48
440	1000.0	37.1		35.0		900	26	0	0	960	36	240	40	540	49	360	48
441	1300.0	45.7		44.7		1440	38	120	39	960	49	240	45	720	53	420	54
442	1240.0	55.3		55.1		1260	55	180	45	1380	57	60	44	480	56	360	56
443	1500.0	65.5		65.2		1500	66	60	60	1680	69	120	71	720	62	420	55
444	1380.0	70.3		70.1		1560	74	180	69	1260	71	180	68	780	65	180	61
445	1540.0	66.8		66.3		1740	71	60	65	1440	69	180	73	780	58	420	56
446	1340.0	55.7		55.0		1680	54	0	0	1380	61	60	72	480	56	420	42
447	740.0	27.9		24.6		420	17	60	12	960	37	120	33	240	17	420	25
448	1060.0	30.8		29.3		1080	22	60	41	960	34	240	35	360	39	480	35
449	1060.0	48.2		47.8		1080	50	0	0	1080	50	360	50	300	45	360	38
450	1100.0	54.7		53.9		1080	56	180	52	1140	58	300	54	240	59	360	39
451	1160.0	52.7		51.3		1260	56	180	59	540	62	600	55	300	41	600	39
452	1280.0	56.4		55.9		1380	59	180	59	1320	59	180	57	360	49	420	45
453	1220.0	54.1		53.9		1380	57	0	0	1140	54	180	55	660	51	300	47
454	1240.0	50.2		49.8		1260	52	180	51	1140	53	300	52	300	44	540	42
455	1320.0	51.9		51.6		1560	54	60	55	1080	54	300	52	420	48	540	44
456	1360.0	53.5		53.1		1500	57	120	55	1320	56	120	50	480	46	540	45
457	1440.0	55.3		54.6		1560	61	60	64	1260	56	180	57	1020	47	240	46
458	1380.0	56.4		56.1		1380	58	60	64	1260	59	240	59	840	52	360	48
459	1220.0	56.1		55.7		1140	60	180	60	1140	56	360	58	360	52	480	47
460	1320.0	54.5		54.3		1560	55	60	63	1200	57	240	58	360	49	540	49
461	1300.0	58.5		58.1		1320	61	120	61	1260	61	180	63	540	54	480	48
462	1440.0	58.7		58.5		1380	62	180	54	1260	61	240	57	960	54	300	53
463	1360.0	57.8		57.7		1440	60	0	0	1440	59	60	55	780	55	360	51
464	1260.0	55.2		55.0		1320	57	60	60	1260	56	180	55	540	53	420	49
465	1260.0	54.7		54.5		1440	57	0	0	1260	55	240	55	420	53	420	47
466	1100.0	38.2		38.0		900	41	360	35	1200	39	120	44	120	40	600	33
467	680.0	16.7		14.2		480	10	120	14	900	24	0	0	420	10	120	15
468	360.0	5.4		5.3		600	5	0	0	240	5	60	10	180	6	0	0
469	320.0	6.8		6.2		360	5	0	0	420	9	0	0	180	5	0	0
470	940.0	22.3		21.3		1080	23	60	21	1020	26	60	14	360	14	240	18
471	980.0	42.6		41.6		1320	46	60	46	900	44	180	42	60	32	420	30
472	940.0	56.1		55.1		900	61	120	54	840	59	240	62	300	51	420	41
473	1220.0	59.3		59.0		1200	61	240	61	1080	61	300	64	480	56	360	48
474	1160.0	60.1		59.4		1380	63	60	58	1080	65	120	59	420	52	420	47
475	1220.0	65.0		64.6		1560	68	120	67	1080	66	240	66	240	56	420	55
476	1260.0	62.7		60.9		1500	71	0	0	1320	64	180	62	180	48	600	44
477	1300.0	58.8		58.4		1380	61	120	61	1260	61	300	61	240	52	600	50
478	1260.0	60.9		60.4		1380	62	120	57	900	65	420	68	540	54	420	51
479	1040.0	42.8		42.1		1080	46	180	43	840	47	420	35	60	25	540	38
480	580.0	12.6		11.0		360	7	0	0	780	16	120	14	300	8	180	16
481	920.0	25.2		23.3		960	29	120	17	900	29	60	37	540	16	180	15
482	1060.0	40.3		39.3		1020	44	120	44	1080	42	300	44	240	32	420	28
483	1180.0	51.8		51.3		1320	54	120	58	840	55	420	54	600	44	240	41
484	1360.0	55.9		55.5		1380	58	60	54	1380	59	240	59	600	49	420	47
485	1180.0	63.3		61.8		1200	68	180	66	1320	68	60	66	240	52	540	45
486	1300.0	55.8		55.4		1380	59	180	58	1200	57	120	51	480	55	540	46
487	1380.0	53.2		52.9		1440	58	60	62	1380	52	240	51	540	48	480	48
488	1340.0	53.7		53.6		1260	53	180	59	1260	56	120	61	780	51	420	50
489	1420.0	51.1		50.7		1440	53	120	52	1320	55	420	50	420	45	540	42
490	1000.0	31.3		31.1		720	31	300	28	660	31	240	26	660	33	420	35
491	1380.0	45.2		44.8		1440	47	120	45	1440	48	60	50	720	40	360	36
492	1080.0	54.0		53.4		1260	57	0	0	1140	56	120	64	240	46	480	43
493	1480.0	57.8		57.6		1380	59	180	60	1620	60	180	63	660	53	420	50
494	1360.0	63.2		62.8		1380	64	240	64	1320	66	180	65	480	64	480	51
495	1300.0	57.7		57.4		1500	62	0	0	1020	59	360	55	600	52	420	50
496	1280.0	41.3		40.9		1260	36	180	41	1320	44	60	53	420	43	600	44
497	1180.0	29.5		28.6		1320	34	120	29	1140	30	120	17	300	23	540	24
498	1380.0	43.4		42.9		1320	47	120	50	1500	45	180	41	600	35	420	38
499	1320.0	49.0		48.2		1440	54	60	56	960	49	480	53	540	39	480	40
500	1400.0	57.5		57.3		1500	61	120	54	1380	57	120	53	480	58	600	51
501	1360.0	53.9		53.7		1260	57	180	58	1320	53	360	53	240	52	720	50
502	1120.0	39.3		36.8		1020	41	120	22	780	44	300	19	780	43	360	39
503	820.0	17.0		16.2		1020	18	60	23	660	12	120	17	300	17	300	23
504	760.0	18.6		18.3		840	21	60	13	720	17	120	21	240	16	300	18
505	1200.0	43.4		42.9		1320	47	120	55	1200	42	120	48	420	41	420	34
506	1200.0	56.7		56.0		1320	62	120	60	1200	57	240	58	300	46	420	45
507	1260.0	55.4		54.5		1200	57	240	57	1380	60	180	63	180	45	600	42
508	1020.0	34.4		33.8		540	28	240	28	1080	40	360	36	240	34	600	32
509	1220.0	39.1		38.1		1200	42	180	31	1320	43	120	43	420	33	420	27
510	1300.0	56.0		55.1		1380	58	180	59	1260	60	240	62	300	48	540	42
511	1400.0	54.8		54.3		1320	57	180	56	1620	58	120	55	480	48	480	44
512	1480.0	52.5		52.4		1560	52	120	55	1440	55	240	53	660	50	420	49
513	1260.0	60.9		60.6		1260	64	180	64	1080	63	300	61	360	55	600	53
514	1300.0	53.7		53.4		1380	54	180	43	900	60	300	56	660	50	480	49
515	900.0	23.2		22.6		1020	19	120	19	960	26	240	31	0	0	360	24
516	900.0	16.2		15.9		900	17	120	27	660	15	240	16	540	14	240	16
517	960.0	29.5		29.3		1020	31	120	37	960	30	60	27	300	27	420	25
518	1440.0	51.5		51.1		1260	52	180	55	1320	55	360	53	900	48	300	40
519	1300.0	61.2		60.8		1560	63	0	0	1140	64	420	65	480	54	300	48
520	1240.0	60.7		59.6		1440	66	180	64	1080	64	180	59	0	0	840	47
521	1320.0	61.0		60.6		1620	62	60	64	1260	64	300	65	240	51	480	52
522	1380.0	63.5		62.7		1800	67	0	0	1140	65	360	69	240	55	600	50
523	1520.0	59.5		59.1		1560	62	180	60	1260	62	480	63	480	52	600	51
524	1000.0	40.1		38.6		900	35	240	25	1020	45	180	32	240	47	420	47
525	800.0	34.8		28.9		480	17	60	10	540	31	300	30	480	48	540	48
526	1200.0	46.5		46.2		1380	44	0	0	1140	51	240	49	360	46	480	42
527	1300.0	57.3		57.0		1080	58	300	60	1440	61	120	59	480	51	480	49
528	1300.0	60.8		60.2		1560	64	120	57	1200	63	180	67	540	53	300	47
529	1120.0	59.8		59.3		1320	64	60	73	900	60	240	60	240	57	600	50
530	1300.0	60.7		60.1		1500	64	60	73	960	62	420	64	360	55	600	50
531	1440.0	60.9		60.3		1620	63	0	0	1020	65	540	66	480	54	660	50
532	1420.0	63.0		62.6		1440	67	120	65	1560	63	360	65	300	58	480	52
533	1320.0	62.0		61.2		1320	65	180	69	1200	66	420	63	300	53	540	48
534	1400.0	58.6		58.4		1440	62	120	67	1200	55	480	62	300	58	660	54
535	1420.0	64.5		64.2		1620	66	180	69	1320	67	300	64	300	58	540	56
536	1380.0	69.0		68.7		1440	72	300	72	1080	71	360	72	300	61	660	60
537	1500.0	61.3		61.2		1740	60	180	59	1260	63	360	68	480	60	480	59
538	1440.0	65.6		65.3		1680	68	0	0	1560	68	120	62	480	61	480	55
539	1520.0	64.1		64.0		1500	66	180	67	1440	66	240	63	900	60	300	57
540	1320.0	62.3		62.2		1740	62	0	0	1380	65	0	0	300	59	540	58
541	1660.0	63.0		62.8		1800	64	240	65	1740	65	300	64	240	56	660	56
542	1500.0	68.5		68.0		1680	74	60	70	1320	69	360	65	300	61	780	60
543	1120.0	44.3		43.7		1320	48	120	34	900	45	420	37	180	34	420	46
544	820.0	15.1		13.6		900	14	60	13	840	10	0	0	180	21	480	24
545	600.0	9.8		8.7		540	9	60	13	600	12	180	12	360	5	60	13
546	280.0	10.0		9.3		0	0	0	0	660	11	60	9	120	5	0	0
547	220.0	7.5		7.0		120	5	0	0	420	8	60	11	60	5	0	0
548	340.0	5.8		5.7		300	5	0	0	420	7	0	0	300	5	0	0
549	400.0	5.0		5.0		480	5	0	0	540	5	0	0	180	5	0	0
550	560.0	11.1		8.8		360	12	180	11	540	5	120	16	240	16	240	16
551	1140.0	42.0		41.7		1320	43	0	0	960	42	240	50	420	42	480	35
552	1080.0	51.4		50.7		1440	54	0	0	780	55	240	56	420	43	360	40
553	1160.0	55.8		55.5		1260	58	240	56	900	56	420	59	300	49	360	49
554	1100.0	57.9		57.7		1320	58	60	68	900	61	300	60	240	51	480	53
555	1220.0	47.1		46.7		1380	42	120	49	1200	51	240	52	420	51	300	45
556	1320.0	40.7		40.3		1440	38	180	30	1200	45	300	40	300	43	540	41
557	1320.0	52.8		52.7		1500	51	180	47	1260	55	360	54	180	57	480	52
558	1320.0	53.0		52.8		1620	50	180	54	1200	56	60	59	300	55	600	53
559	1200.0	55.3		55.0		1560	57	60	57	780	56	480	58	180	54	540	47
560	1240.0	45.6		44.5		1440	50	60	54	1140	48	300	45	120	37	660	33
561	1500.0	56.9		56.5		1500	61	240	63	1260	56	480	59	480	50	540	49
562	1200.0	52.9		52.9		1320	53	0	0	1320	53	180	54	420	53	360	52
563	780.0	21.8		21.0		420	15	120	17	840	22	240	22	420	25	300	28
564	500.0	13.0		12.5		60	5	60	11	720	13	120	15	120	13	420	14
565	660.0	13.2		12.8		720	14	120	12	540	12	180	16	180	8	240	16
566	880.0	31.1		30.8		900	34	180	34	840	29	300	32	60	27	360	27
567	1320.0	53.9		53.3		1620	57	60	54	1080	55	300	51	600	53	300	38
568	1420.0	60.9		59.4		1680	65	120	65	1440	65	180	64	300	51	540	41
569	1220.0	69.0		68.5		1320	70	60	59	1080	74	300	75	300	65	600	58
570	1500.0	68.6		68.3		1740	69	180	69	1080	73	540	71	420	62	540	61
571	1320.0	74.5		74.0		1500	74	120	79	1080	79	420	82	420	66	420	64
572	1520.0	71.4		71.2		1560	73	180	71	1680	74	60	73	900	65	180	64
573	1360.0	71.2		71.0		1680	71	180	71	1320	75	180	78	480	64	240	62
574	1300.0	65.5		65.3		1440	67	360	63	1080	68	300	69	180	61	540	58
575	1220.0	44.6		43.5		1320	44	60	19	900	53	480	39	180	36	720	43
576	700.0	24.0		22.9		720	24	180	12	600	28	180	25	0	0	420	23
577	360.0	12.2		11.2		240	13	240	18	300	8	180	12	0	0	120	10
578	220.0	5.5		5.2		240	5	0	0	240	5	0	0	120	5	60	10
579	280.0	5.9		5.7		240	5	0	0	360	7	0	0	240	5	0	0
580	540.0	12.3		10.7		720	15	0	0	660	12	0	0	240	5	0	0
581	980.0	35.0		32.4		1080	42	240	35	960	37	180	22	0	0	480	20
582	1080.0	48.1		47.2		1200	52	60	60	960	50	300	49	180	43	540	36
583	1080.0	53.4		53.0		1320	54	120	53	720	56	540	57	180	48	360	43
584	940.0	41.2		41.0		1140	38	0	0	840	43	300	41	180	48	360	44
585	900.0	25.3		24.1		720	20	180	20	960	23	180	29	240	35	420	35
586	700.0	19.1		17.9		600	13	0	0	840	19	0	0	540	25	120	23
587	1060.0	37.0		36.3		1320	38	60	27	900	42	300	31	240	36	360	28
588	1120.0	51.2		50.9		1020	53	240	56	900	50	360	56	300	48	540	46
589	1040.0	57.6		57.2		1380	59	60	61	840	60	300	60	120	46	420	49
590	1080.0	56.2		55.9		1200	59	0	0	960	58	300	58	300	51	480	48
591	1120.0	48.6		48.6		1320	50	120	50	900	47	300	51	240	51	480	45
592	1120.0	47.4		47.2		1380	49	0	0	1020	49	120	46	240	43	600	43
593	1160.0	50.9		50.7		1140	54	120	50	960	51	540	52	300	46	420	45
594	1040.0	49.6		49.3		1260	53	0	0	780	50	240	52	360	44	480	43
595	1080.0	45.9		45.7		1140	48	120	52	780	45	360	49	240	43	600	41
596	820.0	32.5		31.6		840	36	180	20	660	35	300	30	60	38	420	28
597	480.0	7.3		6.3		420	5	0	0	480	5	60	10	360	11	120	12
598	320.0	6.0		5.8		0	0	0	0	480	5	0	0	480	7	0	0
599	280.0	5.0		5.0		480	5	0	0	360	5	0	0	0	0	0	0
600	280.0	5.5		5.5		360	5	0	0	420	6	0	0	60	5	0	0
601	700.0	21.7		21.3		840	19	60	16	840	24	60	22	60	30	240	22
602	940.0	46.7		44.3		1020	54	120	49	840	50	180	50	240	32	420	29
603	1000.0	49.9		49.0		1320	53	60	52	1020	51	240	51	60	38	300	34
604	1120.0	55.5		55.4		1260	55	60	58	1080	58	180	59	240	56	540	50
605	1100.0	58.5		58.1		1560	61	0	0	900	61	120	60	300	47	420	52
606	1340.0	60.2		59.9		1380	63	120	67	1500	61	180	62	360	55	480	51
607	1140.0	63.4		63.2		1440	65	0	0	960	66	360	65	240	58	420	54
608	1280.0	60.0		59.5		1560	64	120	61	1260	61	180	55	120	48	600	51
609	1180.0	58.1		58.0		1200	59	120	55	1260	60	180	59	540	54	240	54
610	920.0	47.7		47.5		1080	48	120	41	720	50	240	52	120	47	480	43
611	840.0	21.3		21.0		840	19	180	17	900	23	60	28	240	19	300	26
612	320.0	9.5		9.2		420	10	60	11	360	9	60	12	60	5	0	0
613	320.0	6.2		5.8		300	7	60	15	420	5	0	0	180	5	0	0
614	240.0	5.3		5.3		240	6	0	0	420	5	0	0	60	5	0	0
615	460.0	9.3		8.9		480	8	0	0	600	10	0	0	180	7	120	14
616	900.0	36.2		35.8		1080	38	60	23	780	37	300	38	180	35	300	29
617	1020.0	48.9		48.6		1320	50	60	58	780	50	360	53	240	41	300	41
618	1020.0	57.5		56.7		1260	60	60	62	840	61	300	60	120	47	480	45
619	1060.0	56.2		56.0		1260	57	0	0	1020	59	180	56	360	53	360	49
620	1180.0	55.8		55.5		1500	57	180	61	1020	58	180	58	300	49	360	47
621	1280.0	54.2		54.1		1500	56	180	55	1260	54	240	56	180	49	480	50
622	1040.0	57.0		56.3		1200	60	60	59	1020	61	180	51	120	50	540	46
623	960.0	51.1		50.5		900	56	180	58	720	53	360	48	360	44	360	42
624	1160.0	49.3		48.9		1500	53	0	0	1140	50	180	43	180	43	480	41
625	1200.0	53.0		52.5		1200	56	180	48	1380	56	120	52	120	47	600	43
626	1220.0	52.0		51.9		1620	54	0	0	1140	51	180	56	180	49	540	48
627	1240.0	56.3		55.8		1260	58	240	58	1200	59	240	61	240	48	540	47
628	1340.0	53.9		53.8		1680	55	60	61	1020	55	480	53	300	54	480	48
629	1340.0	48.0		47.9		1560	49	120	44	1260	49	180	49	300	47	600	44
630	1280.0	49.7		49.3		1380	54	60	55	1320	50	180	47	420	44	480	42
631	1120.0	55.9		55.6		1320	55	60	63	960	58	360	63	240	52	420	49
632	1180.0	56.7		56.0		1260	61	120	62	1080	59	240	56	300	48	540	46
633	1420.0	62.1		61.9		1620	63	180	64	1080	63	660	65	120	53	600	56
634	1300.0	60.4		60.3		1560	60	0	0	1380	63	120	66	420	57	420	55
635	1260.0	60.5		60.4		1320	61	240	58	1260	62	240	64	120	65	600	55
636	900.0	31.0		30.9		840	28	240	31	840	32	120	31	180	33	480	34
637	560.0	9.5		8.4		420	8	240	14	480	9	180	14	300	5	60	14
638	460.0	7.5		6.6		600	5	60	13	600	9	60	14	60	5	0	0
639	300.0	7.8		6.9		360	5	0	0	420	10	60	12	60	5	0	0
640	780.0	34.2		31.7		780	35	120	42	1080	37	60	42	120	14	180	19
641	1040.0	51.9		49.7		1320	57	180	59	780	56	240	52	180	34	420	33
642	900.0	57.6		56.6		1020	62	120	58	840	60	240	60	0	0	480	43
643	1200.0	61.2		60.2		1500	66	0	0	1200	63	180	66	120	47	600	47
644	1280.0	60.6		60.5		1380	61	180	58	1140	63	300	63	240	57	600	56
645	1380.0	63.7		63.6		1740	65	60	62	1260	65	360	60	120	56	600	61
646	1340.0	63.9		63.8		1620	64	60	60	1320	66	360	63	120	61	540	60
647	1400.0	65.8		65.5		1800	68	60	67	1140	67	300	68	420	61	480	57
648	1480.0	63.0		62.8		1800	63	0	0	1320	65	300	69	480	63	540	55
649	1240.0	58.9		58.8		1560	57	120	55	1080	61	300	62	0	0	660	59
650	1280.0	64.0		63.9		1680	64	60	61	1080	67	180	68	300	61	540	59
651	1320.0	57.7		56.1		1560	63	60	66	1020	62	360	61	180	51	780	41
652	1480.0	63.5		63.0		1560	65	240	64	1560	67	180	65	360	59	540	51
653	1280.0	65.6		65.4		1920	63	0	0	840	67	360	71	360	72	360	64
654	1520.0	65.6		65.6		1860	66	0	0	1320	64	240	64	420	73	720	64
655	1280.0	74.1		73.2		1620	78	0	0	1320	76	120	83	180	72	600	58
656	1380.0	79.8		79.3		1680	82	60	80	1380	83	300	78	120	86	600	66
657	1200.0	94.1		92.6		1680	99	60	83	900	100	300	97	120	88	540	70
658	940.0	101.0		99.4		1020	112	60	116	1020	101	60	101	360	91	300	73
659	1260.0	93.0		91.8		1620	99	60	97	960	95	480	95	240	79	420	70
660	1440.0	86.0		85.3		1680	91	60	96	1500	89	120	82	240	77	720	71
661	1380.0	90.9		89.9		1980	96	120	86	1020	95	180	96	180	69	660	75
662	1220.0	86.7		86.3		1800	88	0	0	1020	89	180	85	240	92	420	73
663	1380.0	85.4		84.5		1620	94	60	89	1140	85	420	81	360	74	540	71
664	1240.0	81.9		81.5		1500	81	180	81	1020	88	360	86	60	77	600	72
665	1320.0	81.1		80.8		1260	84	180	85	1500	81	240	84	240	83	540	71
666	1320.0	74.3		73.3		1620	77	0	0	1200	79	360	81	60	52	720	59
667	1520.0	74.8		74.5		1740	76	120	74	1560	77	240	82	120	65	780	67
668	1400.0	76.9		76.6		1560	77	60	69	1440	80	300	84	60	72	780	69
669	1440.0	86.3		85.9		1800	85	120	72	1620	91	120	92	120	99	540	76
670	1380.0	87.0		86.4		1740	90	60	93	1260	90	240	94	120	72	720	74
671	1360.0	92.3		91.3		1560	97	180	98	1380	97	120	91	240	74	600	75
672	1540.0	78.9		78.7		1860	81	60	75	1680	80	120	83	360	75	540	70
673	1380.0	83.9		83.6		1620	84	120	87	1500	88	120	83	420	75	360	76
674	1340.0	79.1		78.3		1560	83	180	76	1500	83	120	75	60	72	600	62
675	1580.0	74.5		73.8		1740	76	180	76	1620	80	120	84	60	69	1020	62
676	1480.0	89.0		88.1		1920	94	0	0	1440	92	180	91	180	73	720	73
677	1340.0	89.3		88.8		1680	95	120	94	1320	88	240	90	60	80	600	76
678	1400.0	88.7		87.9		1800	90	0	0	1260	95	240	94	360	83	540	71
679	1140.0	93.7		92.5		1320	101	120	110	1140	94	120	103	120	79	600	75
680	1540.0	84.3		84.1		1920	84	60	81	1260	88	420	90	180	81	780	77
681	1360.0	86.9		86.1		1440	92	60	80	1260	90	480	89	240	79	600	70
682	1420.0	88.1		85.8		1620	97	0	0	1200	93	360	93	180	85	900	64
683	1500.0	84.2		83.9		1860	86	60	87	1560	87	180	87	240	77	600	73
684	1100.0	92.0		90.6		960	102	60	95	1260	96	120	97	0	0	900	75
685	1480.0	80.5		80.4		2160	83	60	82	960	80	300	76	120	83	840	76
686	1300.0	90.6		89.7		1320	98	120	96	1260	93	120	101	540	78	540	76
687	1540.0	91.8		90.9		1920	93	60	109	1440	98	180	97	660	84	360	69
688	1160.0	88.1		87.4		1260	93	120	97	960	90	420	88	180	86	540	72
689	1520.0	88.0		86.9		1800	94	180	92	1320	90	300	95	60	71	900	71
690	920.0	97.3		95.4		900	107	0	0	1020	104	120	87	180	88	540	74
691	1260.0	91.9		90.6		1320	100	60	105	1140	95	240	98	120	80	900	75
692	1260.0	99.8		98.3		1320	108	60	102	1440	103	240	99	240	87	480	74
693	1460.0	90.2		88.9		1860	98	60	91	1440	92	60	95	120	79	840	71
694	1360.0	93.6		92.7		1380	100	180	91	1500	97	240	92	180	84	600	75
695	900.0	100.2		99.1		780	112	60	105	1020	100	120	112	360	90	360	81
696	1080.0	98.5		97.1		660	106	120	99	1080	107	360	102	300	91	720	80
697	940.0	111.6		110.4		900	118	0	0	1140	118	120	108	240	95	420	91
698	840.0	114.1		112.4		480	134	0	0	1080	118	180	113	660	99	120	84
699	840.0	113.3		110.5		540	126	0	0	1140	122	120	110	360	102	360	79
700	1000.0	112.2		109.5		840	127	0	0	1080	119	180	107	540	100	360	78
701	840.0	108.8		105.7		660	124	0	0	960	116	240	113	60	96	600	80
702	1020.0	116.5		113.9		780	131	0	0	1560	122	0	0	420	94	300	82
703	1140.0	112.6		106.8		1020	133	240	111	1200	121	180	103	60	46	720	78
704	860.0	113.0		111.7		600	123	0	0	1140	118	120	116	300	105	420	90
705	1160.0	111.9		109.2		1500	122	0	0	1140	119	180	94	240	85	420	80
706	960.0	137.3		132.4		1020	162	0	0	960	143	120	107	540	106	240	95
707	980.0	131.3		128.0		1200	144	0	0	1140	137	0	0	240	100	360	92
708	800.0	109.7		105.5		840	127	0	0	540	124	300	105	60	89	660	80
709	680.0	126.9		121.8		420	153	0	0	1020	136	0	0	300	101	300	85
710	1320.0	114.0		110.9		1860	125	0	0	1260	119	0	0	0	0	840	82
711	800.0	128.1		124.4		960	143	0	0	840	133	60	109	360	104	180	80
712	1340.0	116.1		113.4		1740	128	60	115	1320	115	60	117	360	113	480	78
713	920.0	121.6		115.6		660	150	0	0	1080	133	180	108	240	101	600	82
714	980.0	127.9		124.7		1320	139	0	0	1020	133	0	0	240	108	360	86
715	1140.0	125.0		121.1		1380	142	0	0	1020	130	120	110	360	111	540	85
716	740.0	132.1		129.4		600	139	0	0	1080	143	60	117	180	111	300	95
717	1200.0	95.7		94.3		1500	98	120	103	840	110	360	87	60	102	720	77
718	780.0	119.7		115.4		660	142	0	0	960	125	0	0	240	111	480	83
719	660.0	127.4		124.9		600	141	0	0	780	133	0	0	480	113	120	81
720	620.0	118.5		116.2		360	130	0	0	900	126	60	113	180	119	360	89
721	1020.0	115.5		113.4		840	126	0	0	1380	123	120	110	180	90	540	90
722	840.0	113.0		112.1		900	114	0	0	960	121	120	113	360	102	180	87
723	1080.0	86.4		70.2		1260	111	0	0	900	102	120	90	0	0	960	39
724	1060.0	73.2		66.0		1140	88	60	100	1080	76	300	70	120	60	480	34
725	1180.0	120.2		113.6		1440	140	0	0	1260	126	0	0	60	99	780	76
726	580.0	117.9		112.1		300	155	0	0	480	138	120	85	360	111	480	88
727	940.0	112.3		109.0		840	130	0	0	1080	117	180	110	60	121	660	82
728	1060.0	117.5		115.4		960	131	0	0	1380	121	60	108	360	108	420	85
729	920.0	113.5		110.7		960	124	0	0	840	126	180	98	240	103	540	85
730	1160.0	98.3		91.0		1440	111	60	116	1080	112	60	95	0	0	840	58
731	1240.0	117.9		114.7		1020	129	0	0	1740	127	60	116	120	107	780	85
732	1200.0	115.6		110.0		1320	136	0	0	1080	121	0	0	480	110	720	74
733	920.0	135.1		132.0		1200	148	0	0	1140	136	0	0	180	106	240	88
734	1180.0	107.2		101.6		1500	123	0	0	1080	117	120	71	120	76	720	71
735	1180.0	113.5		108.8		1560	131	0	0	840	119	300	103	180	91	660	76
736	920.0	128.3		121.9		960	150	0	0	1080	136	60	117	240	92	420	81
737	720.0	122.2		115.6		660	150	0	0	720	132	0	0	240	107	540	82
738	780.0	132.7		126.8		780	158	0	0	900	138	0	0	240	111	420	87
739	860.0	126.9		121.3		960	151	0	0	780	132	60	100	300	109	480	85
740	740.0	119.6		115.0		720	144	60	119	540	130	180	100	120	109	600	89
741	620.0	130.3		125.4		360	154	0	0	840	143	0	0	360	112	300	88
742	860.0	116.9		111.3		1020	140	0	0	720	122	300	91	120	87	420	79
743	860.0	133.5		128.6		960	150	0	0	1020	140	60	91	240	112	300	84
744	860.0	135.0		129.7		1080	150	0	0	720	144	60	85	420	126	300	82
745	780.0	132.0		127.4		720	150	0	0	960	142	0	0	360	106	300	88
746	780.0	139.4		131.7		780	163	0	0	660	152	60	112	420	135	420	84
747	860.0	137.8		132.6		960	155	0	0	1080	141	0	0	300	119	240	78
748	1020.0	123.3		119.6		1320	137	0	0	1020	129	180	102	0	0	540	86
749	900.0	128.6		124.2		1200	146	0	0	720	132	60	93	300	118	420	86
750	860.0	130.7		128.5		780	145	0	0	1200	135	0	0	360	105	240	101
751	1120.0	120.9		116.1		1440	134	60	110	1080	131	120	92	60	102	600	80
752	780.0	141.4		137.2		780	161	0	0	1140	142	0	0	240	119	180	83
753	1040.0	126.0		122.3		1200	143	0	0	1200	128	120	116	180	99	420	86
754	1040.0	124.6		119.1		1320	141	0	0	900	135	240	97	180	111	480	79
755	1280.0	126.1		121.7		1740	141	0	0	1380	127	60	112	120	113	540	80
756	780.0	128.5		123.4		780	150	0	0	840	133	0	0	420	115	300	79
757	900.0	115.3		108.6		960	136	0	0	540	139	300	112	60	80	840	80
758	960.0	136.3		128.6		1200	162	60	108	840	143	0	0	180	108	600	87
759	860.0	134.0		131.4		660	153	0	0	1380	135	60	108	300	120	180	88
760	780.0	134.0		127.2		600	165	0	0	1200	137	0	0	360	104	180	71
761	1040.0	134.3		119.7		900	170	0	0	1020	151	60	119	420	130	720	70
762	760.0	145.2		138.9		660	176	0	0	1020	147	0	0	420	120	180	81
763	1140.0	126.0		117.8		1260	153	0	0	1260	129	60	119	180	105	660	75
764	960.0	122.2		110.5		900	156	0	0	900	140	120	101	120	102	840	73
765	1040.0	116.3		109.4		1080	142	0	0	960	127	60	83	300	88	720	78
766	960.0	126.7		120.6		780	145	60	111	1080	139	120	104	480	117	360	73
767	1300.0	128.9		125.0		1740	145	0	0	1320	131	0	0	360	98	480	88
768	820.0	123.8		120.2		600	135	0	0	1020	135	120	106	420	117	300	80
769	980.0	104.5		99.7		840	128	0	0	780	118	180	92	60	115	1080	78
770	840.0	129.0		124.3		840	150	0	0	1140	131	0	0	120	116	420	85
771	1020.0	128.1		123.0		960	148	0	0	1260	136	0	0	300	111	540	84
772	1140.0	131.7		127.9		1440	149	0	0	1140	132	120	106	420	114	300	83
773	940.0	115.3		105.9		900	139	0	0	900	133	60	75	120	129	840	72
774	860.0	124.7		116.3		540	137	0	0	1020	154	60	109	420	99	540	79
775	1000.0	121.7		113.5		1080	147	0	0	960	133	60	113	60	107	840	78
776	1000.0	128.1		122.7		1020	148	0	0	1140	135	0	0	300	115	540	83
777	880.0	134.8		129.3		780	164	0	0	1260	135	0	0	360	107	240	81
778	840.0	134.3		126.5		660	165	0	0	900	145	0	0	600	119	360	77
779	780.0	127.9		124.2		480	145	0	0	960	141	0	0	660	112	240	85
780	1040.0	122.4		115.9		1320	144	0	0	900	129	120	101	120	89	660	80
781	820.0	126.3		122.5		600	146	0	0	1260	132	0	0	180	113	420	87
782	660.0	122.5		118.5		420	137	0	0	900	135	60	115	180	111	420	87
783	1020.0	132.4		124.0		1020	161	60	119	1140	140	0	0	240	109	600	80
784	780.0	139.7		136.5		780	153	0	0	1080	142	60	83	300	130	120	85
785	560.0	134.2		128.4		360	157	0	0	600	153	60	111	480	116	180	82
786	880.0	137.5		132.5		840	156	0	0	900	152	120	92	660	112	120	84
787	760.0	120.4		111.8		480	144	0	0	660	151	360	98	240	120	540	77
788	760.0	133.5		129.1		660	157	0	0	840	141	120	114	420	113	240	88
789	1080.0	124.3		120.7		1140	143	0	0	1080	131	120	92	660	101	240	86
790	620.0	137.8		133.4		420	160	0	0	780	150	0	0	480	116	180	91
791	820.0	136.0		132.3		900	152	0	0	840	141	60	109	360	127	300	90
792	1080.0	123.0		116.9		1140	147	0	0	1320	125	120	115	0	0	660	79
793	900.0	127.4		120.7		540	164	0	0	1020	139	0	0	720	111	420	80
794	1220.0	130.9		126.0		1320	150	0	0	1380	136	60	94	420	114	480	83
795	680.0	139.3		134.5		420	181	0	0	660	149	0	0	780	117	180	103
796	460.0	124.4		117.7		120	179	0	0	720	138	0	0	240	108	300	83
797	720.0	134.6		129.7		600	155	0	0	900	143	0	0	360	120	300	86
798	900.0	121.6		116.2		900	138	0	0	1080	133	120	94	120	82	480	82
799	780.0	127.9		122.0		840	148	0	0	540	140	180	99	480	122	300	77
800	680.0	124.6		116.9		540	167	0	0	720	130	0	0	240	100	540	86
801	940.0	136.5		130.2		1140	160	0	0	960	137	0	0	180	130	540	88
802	740.0	125.0		120.9		660	135	0	0	600	142	240	103	360	132	360	86
803	860.0	132.9		126.7		600	158	0	0	1200	142	0	0	360	120	420	82
804	520.0	133.3		129.8		180	168	0	0	840	139	0	0	420	121	120	84
805	800.0	136.9		130.6		960	160	0	0	600	142	60	75	540	121	240	83
806	1220.0	127.3		123.0		1260	150	0	0	1380	127	180	105	420	115	420	82
807	700.0	123.4		117.2		600	159	0	0	780	126	60	101	240	99	420	85
808	960.0	139.1		132.8		840	168	0	0	1320	143	60	111	360	109	300	83
809	740.0	136.7		132.2		360	154	0	0	1260	147	120	114	300	115	180	81
810	660.0	127.8		122.4		660	147	0	0	660	140	180	104	120	120	360	85
811	900.0	122.9		117.5		720	145	0	0	1080	135	60	115	120	107	720	86
812	840.0	153.0		147.8		780	179	0	0	1020	160	0	0	660	118	60	83
813	740.0	128.5		121.6		480	164	0	0	660	143	180	92	420	127	480	88
814	740.0	143.6		136.9		720	168	0	0	960	145	60	119	180	146	300	84
815	960.0	133.1		128.6		960	154	0	0	1080	139	120	116	300	114	420	89
816	560.0	135.6		129.3		420	151	0	0	660	154	60	105	360	118	180	78
817	600.0	127.6		121.9		240	147	0	0	1140	138	0	0	120	112	300	79
818	1100.0	117.0		112.9		1320	133	180	107	840	127	300	96	120	105	540	80
819	940.0	128.5		122.5		900	145	0	0	960	146	120	95	420	109	420	82
820	800.0	132.6		127.7		720	149	60	119	900	146	0	0	480	110	240	82
821	860.0	135.9		128.0		780	162	0	0	1080	143	0	0	240	129	480	81
822	740.0	136.3		129.8		480	170	0	0	900	148	0	0	480	117	360	88
823	900.0	129.5		124.3		720	150	0	0	1320	135	0	0	240	123	420	81
824	440.0	129.0		124.6		120	173	0	0	600	144	0	0	420	110	180	94
825	600.0	117.3		106.8		600	149	0	0	300	139	180	93	240	122	480	71
826	600.0	119.9		111.0		420	161	0	0	600	137	60	92	0	0	720	84
827	1000.0	142.4		134.9		1140	168	0	0	1080	145	0	0	240	134	540	87
828	700.0	136.7		127.8		480	170	0	0	780	152	0	0	420	125	420	82
829	620.0	122.9		114.8		300	159	0	0	900	137	60	108	180	104	420	77
830	740.0	125.7		120.2		900	146	0	0	600	136	120	96	60	117	540	88
831	780.0	129.6		124.9		600	157	0	0	900	138	60	112	480	108	300	88
832	1000.0	130.9		125.0		1320	153	0	0	900	130	120	112	300	106	360	79
833	1020.0	122.7		115.8		1020	146	60	111	1140	132	0	0	60	116	780	80
834	860.0	121.4		115.5		780	138	0	0	900	137	120	100	240	115	540	79
835	520.0	131.3		126.6		360	160	0	0	600	142	60	96	180	119	360	97
836	940.0	120.9		113.1		1020	151	60	119	720	126	120	92	120	131	780	80
837	680.0	113.9		106.9		360	147	0	0	840	131	0	0	120	98	720	80
838	720.0	136.6		130.3		600	160	0	0	840	143	0	0	420	131	300	80
839	1080.0	125.9		119.9		1260	148	0	0	1140	131	60	99	120	89	660	84
840	620.0	125.9		120.5		480	141	0	0	780	138	0	0	240	124	360	81
841	1080.0	132.7		129.7		1140	145	0	0	1380	138	60	119	360	115	300	86
842	1040.0	128.8		121.4		900	152	0	0	1320	142	0	0	300	95	600	82
843	700.0	123.3		118.9		480	147	0	0	900	133	0	0	360	106	360	85
844	640.0	125.8		116.5		300	156	0	0	840	146	0	0	300	117	480	77
845	720.0	134.0		125.5		720	156	0	0	780	151	180	97	180	99	300	80
846	860.0	129.2		122.4		840	154	0	0	960	139	120	109	240	92	420	84
847	720.0	139.2		133.5		840	162	0	0	900	139	0	0	60	126	360	89
848	860.0	136.2		130.4		780	160	0	0	1260	139	60	118	120	120	360	83
849	980.0	128.0		122.9		1200	142	0	0	720	140	180	91	420	128	420	83
850	720.0	121.4		116.4		780	135	0	0	600	141	240	105	60	113	480	84
851	920.0	128.8		124.5		1200	148	0	0	780	131	60	94	360	108	360	87
852	520.0	129.6		127.4		180	158	0	0	660	136	0	0	660	120	60	80
853	860.0	118.6		112.5		1020	137	0	0	660	136	300	93	0	0	600	81
854	800.0	138.2		132.2		720	168	0	0	1140	138	0	0	360	110	180	77
855	720.0	125.8		115.4		660	153	0	0	780	135	60	105	120	160	540	74
856	840.0	121.0		114.2		780	146	0	0	780	130	180	96	120	151	660	82
857	880.0	134.1		126.5		600	174	0	0	1320	136	60	116	240	123	420	80
858	860.0	144.0		138.5		840	169	0	0	960	149	60	111	540	120	180	83
859	1000.0	124.7		120.0		960	144	0	0	1320	129	0	0	180	119	540	82
860	740.0	117.2		107.4		540	159	0	0	540	139	180	112	240	99	720	77
861	840.0	133.7		127.3		780	157	0	0	960	144	60	108	360	112	360	82
862	880.0	130.9		127.5		960	143	0	0	1200	136	60	93	120	111	300	87
863	940.0	126.0		120.8		1140	146	0	0	960	131	120	89	240	90	360	86
864	780.0	133.8		129.1		960	149	0	0	840	137	0	0	300	121	240	78
865	740.0	132.3		125.1		840	153	0	0	780	140	60	100	180	122	360	78
866	840.0	125.4		119.6		900	146	0	0	900	133	120	98	120	114	480	82
867	880.0	116.8		111.6		540	139	60	118	1140	129	120	112	120	108	660	80
868	800.0	131.1		127.4		720	149	0	0	900	141	120	112	300	112	360	93
869	660.0	121.9		116.8		600	138	0	0	660	139	240	98	120	112	360	83
870	620.0	136.3		130.7		480	169	0	0	660	143	0	0	540	116	180	85
871	760.0	134.0		128.9		720	146	0	0	960	145	60	105	240	126	300	82
872	980.0	128.0		121.7		1320	147	60	113	780	135	120	85	180	117	480	81
873	740.0	136.5		127.5		720	161	60	98	780	152	120	96	180	124	360	80
874	780.0	123.2		119.0		600	151	0	0	1020	125	120	109	240	112	360	84
875	920.0	122.7		118.7		1020	143	0	0	840	127	180	93	420	105	300	84
876	700.0	129.2		123.0		480	157	0	0	1080	137	0	0	300	97	240	79
877	1240.0	117.6		113.1		1500	136	0	0	1020	126	240	94	240	91	720	84
878	700.0	130.5		124.8		660	151	0	0	600	149	60	87	480	112	300	87
879	620.0	139.8		135.5		420	164	0	0	840	150	0	0	420	115	180	94
880	560.0	132.8		126.9		480	158	0	0	660	139	60	92	300	119	180	79
881	740.0	119.8		111.9		600	153	0	0	660	137	180	93	120	107	660	82
882	700.0	131.6		126.1		540	157	0	0	1080	135	0	0	180	119	300	81
883	1120.0	123.0		118.9		1020	146	0	0	1500	125	60	118	480	94	300	82
884	600.0	110.2		103.8		120	128	0	0	900	128	60	101	120	135	600	76
885	740.0	138.5		129.5		720	171	0	0	720	149	0	0	360	116	420	84
886	880.0	128.5		120.1		960	149	0	0	660	132	0	0	420	148	600	78
887	660.0	131.0		125.3		420	159	0	0	960	141	0	0	180	110	420	89
888	940.0	134.7		127.2		720	169	0	0	1440	138	0	0	300	103	360	79
889	840.0	133.6		130.5		720	155	0	0	1140	137	0	0	480	108	180	95
890	740.0	122.9		116.0		660	152	0	0	720	136	300	96	60	101	480	83
891	1000.0	121.4		114.8		780	142	0	0	1140	140	240	96	240	87	600	83
892	680.0	139.3		135.8		540	162	0	0	960	142	0	0	360	122	180	91
893	620.0	124.9		118.0		480	149	0	0	720	140	120	91	120	118	420	83
894	640.0	132.3		125.3		420	167	0	0	1020	138	0	0	60	125	420	85
895	900.0	118.2		112.8		1080	133	0	0	780	134	120	99	120	93	600	80
896	720.0	133.8		129.1		420	151	0	0	1080	145	0	0	360	121	300	85
897	720.0	122.4		111.6		540	163	0	0	780	138	120	97	120	95	600	76
898	520.0	138.8		128.8		360	173	0	0	660	151	0	0	300	122	240	75
899	740.0	138.6		135.4		480	160	0	0	1080	145	0	0	600	116	60	78
900	920.0	124.0		119.4		1200	142	0	0	780	128	120	97	60	136	600	87
901	620.0	138.8		130.6		660	158	0	0	660	153	60	78	300	115	180	76
902	820.0	125.5		120.1		1020	138	0	0	720	142	120	100	180	110	420	81
903	800.0	123.7		117.9		660	145	0	0	780	142	180	103	300	105	480	84
904	760.0	127.5		123.3		600	150	0	0	1020	135	0	0	360	101	300	89
905	1000.0	122.7		117.1		1080	140	0	0	960	134	120	99	240	118	600	80
906	680.0	119.4		112.1		480	154	0	0	660	135	120	104	180	105	600	82
907	560.0	124.5		116.4		360	165	0	0	600	138	60	116	180	112	480	83
908	940.0	122.1		112.5		840	156	0	0	960	136	60	97	60	80	900	80
909	840.0	126.3		121.1		960	145	0	0	960	131	60	115	60	109	480	83
910	760.0	118.1		98.4		600	133	0	0	840	138	120	24	360	115	360	81
911	800.0	125.4		119.9		540	154	0	0	960	135	60	103	360	116	480	84
912	700.0	151.1		149.2		600	170	0	0	780	157	0	0	720	129	0	0
913	720.0	135.0		130.0		480	156	0	0	960	145	0	0	420	124	300	85
914	860.0	129.7		125.4		720	146	0	0	1140	138	0	0	420	113	300	82
915	740.0	128.3		122.4		780	155	0	0	960	126	60	115	60	116	360	81
916	1100.0	126.3		120.5		1200	147	0	0	1140	134	180	99	240	108	540	81
917	600.0	133.7		129.9		240	165	0	0	840	144	0	0	600	117	120	83
918	740.0	128.7		124.0		600	150	0	0	960	138	0	0	360	103	300	87
919	680.0	125.7		120.4		420	150	0	0	900	137	0	0	420	110	300	80
920	520.0	148.6		146.4		300	174	0	0	660	152	0	0	540	136	60	97
921	840.0	127.5		120.2		840	154	0	0	960	135	60	107	120	102	540	81
922	560.0	140.5		136.0		480	166	0	0	720	145	0	0	360	115	120	88
923	820.0	135.8		132.8		480	157	0	0	1260	142	0	0	480	119	240	94
924	740.0	127.0		120.6		480	159	0	0	900	140	0	0	300	109	540	87
925	740.0	127.6		121.2		600	148	0	0	840	142	180	100	180	126	420	82
926	520.0	147.1		141.5		240	182	0	0	600	166	0	0	660	123	60	83
927	600.0	129.6		123.2		240	147	0	0	720	154	60	96	480	117	300	84
928	900.0	135.2		127.8		1080	163	0	0	960	130	0	0	300	120	360	78
929	860.0	131.9		124.9		900	163	0	0	1020	129	120	97	240	112	300	78
930	520.0	121.8		112.7		180	148	0	0	720	148	120	100	60	108	480	80
931	540.0	139.3		134.3		240	154	0	0	960	153	0	0	300	103	120	91
932	560.0	119.8		110.9		240	160	0	0	720	142	0	0	120	95	600	82
933	960.0	145.8		142.7		1080	163	0	0	1140	147	60	118	480	122	120	88
934	660.0	134.1		130.2		600	155	0	0	720	143	0	0	420	112	240	94
935	820.0	140.8		133.7		780	166	0	0	1140	145	0	0	180	120	360	83
936	900.0	129.5		125.1		960	147	0	0	1020	135	0	0	360	114	360	83
937	600.0	126.8		117.0		660	153	0	0	480	139	60	95	180	130	420	75
938	720.0	129.2		120.6		660	162	0	0	660	143	60	94	360	106	420	81
939	640.0	142.4		135.9		480	181	0	0	780	149	0	0	480	112	180	92
940	800.0	130.5		122.1		660	159	0	0	1080	140	60	107	60	124	540	80
941	620.0	124.8		120.3		480	142	0	0	900	134	0	0	240	100	240	81
942	660.0	123.9		121.2		600	139	0	0	960	125	0	0	240	115	180	80
943	840.0	122.5		118.7		840	143	0	0	900	123	0	0	480	113	300	79
944	640.0	113.5		108.7		420	143	60	102	840	121	60	87	60	93	480	82
945	780.0	116.5		113.9		900	128	0	0	720	123	120	89	300	111	300	83
946	520.0	115.0		111.6		180	140	0	0	660	130	60	112	360	99	300	87
947	580.0	114.2		110.1		240	134	0	0	720	132	0	0	540	96	240	82
948	640.0	111.5		110.0		480	112	0	0	780	119	60	90	480	111	120	74
949	1080.0	105.8		103.7		1560	116	0	0	840	107	240	102	0	0	600	79
950	840.0	105.7		102.4		720	122	0	0	960	114	120	96	240	72	480	84
951	540.0	111.6		109.7		240	129	0	0	840	116	60	105	240	109	240	83
952	780.0	107.7		106.3		480	117	0	0	900	117	60	110	480	98	420	88
953	780.0	104.5		103.0		660	116	0	0	900	109	180	100	300	92	300	81
954	600.0	105.4		103.3		60	121	0	0	1200	114	0	0	240	89	300	81
955	640.0	113.9		113.3		420	124	0	0	720	119	0	0	720	104	60	102
956	720.0	110.9		109.0		600	125	0	0	960	114	60	119	420	89	120	88
957	900.0	114.4		111.6		780	128	0	0	1080	121	120	95	240	113	480	83
958	800.0	123.4		120.4		660	143	0	0	840	132	60	113	540	104	300	93
959	740.0	121.3		117.1		900	138	0	0	780	125	0	0	300	96	240	78
960	880.0	121.6		117.8		840	139	0	0	1140	126	0	0	240	109	420	82
961	700.0	118.0		113.9		660	132	0	0	720	131	60	92	180	114	480	84
962	800.0	118.7		113.5		720	143	0	0	780	129	120	99	300	100	480	82
963	880.0	118.7		115.6		900	133	0	0	840	128	180	93	360	108	360	85
964	680.0	123.9		120.5		540	138	0	0	900	132	0	0	300	114	300	84
965	500.0	131.6		126.2		240	156	0	0	900	137	0	0	180	128	180	76
966	820.0	110.0		107.1		900	128	60	114	720	109	180	95	360	98	240	74
967	1000.0	118.3		114.0		1260	136	0	0	1020	120	120	92	60	105	540	81
968	1020.0	112.8		106.7		1020	137	0	0	960	123	120	101	180	85	780	77
969	1000.0	111.4		110.0		1140	120	60	100	1020	114	120	105	300	109	360	83
970	860.0	121.8		116.8		1080	136	0	0	840	125	60	117	180	130	420	76
971	960.0	122.3		116.8		1200	140	0	0	780	132	180	91	180	117	540	81
972	680.0	120.7		115.8		540	146	0	0	840	129	120	91	180	97	360	85
973	700.0	140.5		137.0		660	163	0	0	840	144	60	116	420	115	120	94
974	1100.0	110.5		107.0		1200	118	0	0	1020	126	180	82	300	108	600	79
975	780.0	114.4		108.9		900	131	0	0	720	124	60	115	60	122	600	77
976	540.0	121.6		116.8		360	149	60	116	540	132	0	0	300	115	360	85
977	760.0	112.6		109.3		720	126	0	0	780	121	120	101	180	114	480	81
978	800.0	123.0		118.2		600	148	0	0	1200	127	0	0	120	117	480	83
979	680.0	123.3		117.5		600	152	0	0	660	128	180	99	240	120	360	81
980	800.0	134.9		131.2		840	155	0	0	780	139	60	119	480	118	240	89
981	700.0	122.6		120.1		660	141	0	0	780	126	180	102	300	106	180	89
982	780.0	130.3		125.6		660	146	0	0	1080	139	0	0	240	117	360	84
983	860.0	116.6		111.9		1020	131	0	0	840	128	120	92	60	92	540	80
984	620.0	121.1		116.3		600	140	0	0	420	135	60	97	420	117	360	82
985	720.0	139.0		133.4		720	156	0	0	960	148	0	0	240	106	240	85
986	1060.0	128.9		123.1		1140	143	0	0	1260	140	0	0	240	114	540	80
987	820.0	126.3		121.6		720	144	0	0	1080	136	180	95	120	104	360	85
988	540.0	139.1		134.2		480	165	0	0	540	148	60	90	420	119	120	91
989	620.0	124.8		117.9		660	143	0	0	540	146	120	86	300	99	240	79
990	720.0	118.9		114.4		660	123	0	0	960	134	0	0	240	102	300	75
991	760.0	131.1		126.1		840	157	0	0	780	130	60	96	240	114	360	90
992	940.0	119.5		115.1		1020	138	0	0	900	128	60	108	180	102	660	85
993	820.0	137.2		129.0		660	169	0	0	1200	143	0	0	180	113	420	81
994	940.0	123.8		120.2		1140	135	0	0	1080	132	60	88	120	90	420	87
995	640.0	131.8		124.7		540	155	0	0	780	145	120	103	180	111	300	80
996	1040.0	116.5		113.5		1080	124	0	0	1080	129	120	103	240	114	600	84
997	620.0	122.3		116.1		420	155	0	0	780	129	60	118	180	115	420	81
998	840.0	128.8		122.4		840	151	0	0	960	135	120	83	420	109	180	69
999	620.0	142.1		132.5		420	189	0	0	900	148	0	0	240	109	300	85
1000	620.0	127.6		124.4		300	156	0	0	840	135	0	0	540	114	180	87
1001	780.0	129.8		125.6		900	150	0	0	840	131	0	0	300	110	300	86
1002	640.0	123.1		118.9		480	140	0	0	840	135	0	0	360	99	240	84
1003	580.0	122.4		115.2		480	143	0	0	660	140	60	109	60	109	480	81
1004	660.0	136.8		131.3		420	162	0	0	1020	145	0	0	300	117	240	83
1005	700.0	126.5		121.0		480	146	0	0	960	139	0	0	360	107	300	79
1006	780.0	124.7		119.8		660	153	0	0	1020	127	60	109	180	106	420	85
1007	820.0	122.0		114.8		840	149	0	0	780	129	120	82	240	113	480	78
1008	740.0	134.0		126.2		540	167	0	0	1080	142	0	0	120	109	480	85
1009	820.0	130.4		126.5		780	140	0	0	1020	143	0	0	300	115	360	87
1010	780.0	123.5		118.4		720	147	60	119	840	130	60	92	240	110	420	83
1011	960.0	126.4		121.7		900	133	60	108	960	144	120	96	480	124	360	79
1012	520.0	134.6		126.9		360	155	0	0	600	154	0	0	300	124	300	82
1013	720.0	133.1		129.5		660	156	0	0	720	139	60	109	480	116	240	93
1014	820.0	137.0		131.7		660	157	0	0	1140	147	0	0	300	114	360	88
1015	880.0	129.3		123.2		960	145	60	111	840	142	120	85	240	132	420	82
1016	660.0	127.5		122.8		480	146	0	0	1080	135	0	0	120	89	300	86
1017	860.0	127.3		121.4		960	140	0	0	1140	137	0	0	0	0	480	79
1018	800.0	127.9		122.8		720	151	0	0	1080	133	0	0	180	102	420	86
1019	740.0	125.9		121.8		540	140	0	0	720	144	120	101	540	116	300	85
1020	560.0	131.6		126.4		360	164	0	0	600	143	0	0	480	115	240	88
1021	760.0	137.3		133.6		720	152	0	0	1020	143	0	0	420	115	120	78
1022	880.0	129.8		123.8		780	159	0	0	1200	131	0	0	180	117	480	84
1023	900.0	132.0		125.3		840	156	0	0	1080	141	0	0	240	116	540	84
1024	680.0	120.6		115.1		600	149	0	0	720	125	60	90	300	108	360	80
1025	860.0	122.4		119.5		720	138	0	0	1140	128	60	90	300	113	360	87
1026	680.0	125.3		119.7		480	149	0	0	780	140	60	85	360	109	360	85
1027	740.0	130.9		122.5		900	159	0	0	540	141	60	90	180	112	540	85
1028	600.0	136.5		133.4		360	158	0	0	780	139	0	0	480	134	180	89
1029	840.0	128.9		122.6		660	149	0	0	1140	139	120	112	120	130	480	81
1030	780.0	124.1		118.8		780	149	0	0	840	129	60	94	120	109	540	87
1031	960.0	131.8		125.9		1200	152	0	0	960	136	60	90	300	107	360	81
1032	860.0	131.9		127.3		780	160	0	0	960	133	0	0	660	111	180	81
1033	740.0	129.1		123.3		780	152	0	0	660	139	120	111	240	114	420	85
1034	880.0	150.2		148.4		1140	164	0	0	840	151	0	0	600	127	60	109
1035	940.0	125.9		119.4		1020	151	0	0	780	136	240	106	300	102	480	81
1036	860.0	136.1		130.6		720	161	0	0	1200	143	0	0	240	108	420	90
1037	720.0	142.1		131.1		780	181	0	0	840	140	60	97	120	109	360	81
1038	700.0	134.1		131.4		660	153	0	0	780	138	0	0	480	116	180	96
1039	780.0	131.3		126.9		660	150	0	0	1080	137	60	109	300	115	240	80
1040	1100.0	122.2		116.6		1200	144	0	0	1200	128	120	100	60	96	720	82
1041	980.0	117.0		112.6		1020	136	60	114	1020	122	180	93	180	110	480	78
1042	480.0	127.4		120.6		240	163	0	0	540	146	0	0	360	111	300	85
1043	880.0	140.9		134.4		840	171	0	0	1020	146	0	0	360	113	420	92
1044	660.0	126.5		118.6		540	151	0	0	780	141	120	90	180	114	360	77
1045	580.0	125.5		117.6		420	158	0	0	660	140	0	0	180	110	480	83
1046	900.0	138.7		133.6		900	165	0	0	1020	138	0	0	480	124	300	86
1047	700.0	139.6		132.4		660	163	0	0	900	147	60	112	180	124	300	81
1048	820.0	148.7		141.1		780	170	0	0	1080	154	0	0	420	129	180	70
1049	460.0	123.2		109.6		300	168	0	0	420	151	120	79	120	123	420	76
1050	580.0	140.8		135.2		480	172	0	0	660	146	60	96	360	122	180	91
1051	720.0	135.9		131.0		540	164	0	0	1020	141	0	0	240	117	360	92
1052	740.0	146.2		142.0		780	171	0	0	780	149	0	0	540	117	120	98
1053	1020.0	126.9		120.8		1320	140	0	0	960	136	180	86	120	159	480	80
1054	520.0	133.1		124.6		360	176	0	0	600	142	60	91	300	114	240	81
1055	840.0	132.3		124.6		840	151	0	0	960	147	120	94	180	117	420	79
1056	940.0	116.0		111.8		900	134	0	0	1140	123	0	0	240	96	540	80
1057	1020.0	132.0		126.8		1200	150	60	115	960	137	0	0	540	116	300	76
1058	740.0	123.9		116.9		660	156	0	0	720	131	240	95	120	126	480	83
1059	1000.0	127.9		120.6		900	157	0	0	1260	135	60	90	360	91	420	81
1060	640.0	142.5		133.0		540	187	0	0	780	143	60	119	180	128	360	86
1061	580.0	134.1		127.3		540	160	0	0	600	148	0	0	300	106	300	88
1062	1060.0	126.8		123.1		1140	146	0	0	1020	133	180	99	360	110	480	91
1063	880.0	139.8		137.8		840	147	0	0	1260	147	0	0	420	116	120	96
1064	1300.0	116.0		113.0		1620	129	60	114	1380	119	120	104	0	0	720	83
1065	960.0	127.8		122.7		1440	143	0	0	840	132	120	90	120	82	360	85
1066	880.0	128.3		124.7		960	143	0	0	1140	132	60	95	180	111	300	84
1067	800.0	121.5		112.6		540	157	0	0	1080	134	0	0	60	85	720	79
1068	820.0	137.9		132.9		540	168	0	0	1200	144	0	0	480	114	240	87
1069	800.0	126.8		119.6		780	150	0	0	900	139	120	105	60	90	540	82
1070	820.0	130.1		123.8		840	155	0	0	840	137	60	107	240	117	480	84
1071	880.0	132.1		125.2		720	154	0	0	960	148	0	0	420	120	540	84
1072	940.0	120.5		116.5		960	133	0	0	960	133	60	102	300	112	540	83
1073	620.0	122.5		115.8		600	149	0	0	480	136	60	92	420	106	300	77
1074	660.0	147.9		141.3		180	180	0	0	1140	165	0	0	480	117	180	90
1075	880.0	134.6		129.9		1020	156	0	0	900	132	0	0	480	122	240	79
1076	940.0	136.5		130.2		1260	157	60	106	1020	137	60	89	0	0	420	85
1077	1060.0	135.6		132.3		1320	150	0	0	1260	136	0	0	420	113	180	80
1078	800.0	134.9		130.1		540	159	0	0	1020	140	120	95	480	133	240	83
1079	520.0	146.6		133.5		360	187	0	0	780	159	0	0	60	130	360	82
1080	740.0	119.0		112.1		660	142	0	0	840	132	180	91	60	104	480	77
1081	820.0	131.4		125.4		660	155	0	0	1080	141	0	0	300	111	420	84
1082	660.0	133.1		125.6		660	163	0	0	660	141	60	98	240	110	360	85
1083	1040.0	139.8		136.9		960	153	0	0	1260	148	0	0	780	119	120	83
1084	680.0	126.3		120.7		420	132	0	0	1020	142	60	69	120	135	420	88
1085	780.0	128.8		123.8		1080	147	0	0	720	131	60	92	120	102	360	85
1086	880.0	131.3		124.6		1020	158	0	0	900	133	120	99	180	106	420	83
1087	980.0	136.9		132.3		1080	158	0	0	1200	136	60	119	300	121	300	84
1088	620.0	129.6		126.0		540	156	0	0	480	136	60	115	720	111	60	79
1089	620.0	131.8		128.4		240	152	0	0	1020	142	0	0	300	120	300	93
1090	680.0	137.9		131.6		540	167	0	0	1020	140	0	0	180	128	300	84
1091	900.0	134.8		128.6		1140	154	0	0	720	141	180	91	360	128	300	81
1092	780.0	127.0		119.2		780	154	0	0	720	139	120	89	240	114	480	81
1093	880.0	131.7		126.0		960	154	0	0	1080	134	0	0	240	108	360	81
1094	580.0	119.6		113.4		180	168	0	0	840	132	60	111	180	114	480	83
1095	880.0	115.9		108.2		900	159	0	0	1020	96	120	97	60	131	540	84
1096	840.0	129.7		123.9		960	152	0	0	900	135	60	110	180	93	420	86
1097	680.0	126.0		118.8		720	154	0	0	780	129	0	0	180	95	360	79
1098	680.0	128.6		122.1		480	167	0	0	840	133	120	99	180	122	420	87
1099	600.0	133.9		125.5		360	172	0	0	840	144	60	95	300	114	240	76
1100	580.0	127.9		122.3		480	152	0	0	660	140	0	0	240	106	360	88
1101	1040.0	103.6		101.2		1080	117	0	0	1080	108	180	82	180	100	600	79
1102	760.0	111.4		107.6		900	122	0	0	540	129	240	97	120	111	480	79
1103	760.0	121.0		118.5		780	136	0	0	1080	121	0	0	240	103	180	80
1104	840.0	122.8		120.1		780	138	0	0	1020	129	60	117	480	99	180	87
1105	860.0	126.4		124.4		540	134	0	0	1200	138	0	0	600	107	240	100
1106	1180.0	100.9		98.3		1560	109	120	113	540	118	540	93	120	89	660	74
1107	1080.0	112.2		109.2		1080	127	60	115	1380	115	60	87	120	108	540	79
1108	720.0	128.9		126.6		480	150	0	0	1020	133	0	0	600	109	60	88
1109	680.0	130.8		127.3		600	146	0	0	900	137	0	0	420	111	120	77
1110	740.0	121.4		115.1		480	148	0	0	840	136	60	109	300	113	540	81
1111	580.0	129.1		123.6		300	166	0	0	840	135	0	0	300	121	300	84
1112	920.0	124.5		118.0		780	144	0	0	1140	137	60	97	180	118	600	80
1113	680.0	133.4		126.1		720	158	0	0	600	142	60	110	300	125	360	81
1114	760.0	132.3		127.5		840	152	0	0	1140	131	0	0	60	91	240	80
1115	760.0	115.0		110.6		420	140	0	0	960	126	60	115	120	119	720	85
1116	780.0	136.7		130.4		660	163	0	0	1080	143	0	0	240	114	360	85
1117	900.0	132.3		126.3		1080	151	60	106	780	145	120	95	300	110	360	84
1118	640.0	135.8		130.3		420	159	0	0	900	144	0	0	360	125	240	81
1119	660.0	125.4		119.2		660	137	0	0	540	147	180	93	240	134	360	82
1120	440.0	135.1		127.9		360	175	0	0	480	137	60	86	240	119	180	88
1121	880.0	136.2		132.4		1200	149	0	0	1080	135	0	0	120	129	240	81
1122	860.0	127.1		120.0		1020	153	0	0	780	132	120	100	60	119	600	83
1123	620.0	132.8		125.8		540	160	0	0	840	139	60	119	120	103	300	81
1124	960.0	121.1		114.0		1140	149	0	0	660	129	360	87	60	118	660	84
1125	940.0	127.6		121.0		1260	144	0	0	840	139	0	0	180	102	540	80
1126	820.0	141.0		132.2		960	167	0	0	780	150	60	104	240	119	420	83
1127	960.0	119.6		114.9		960	131	0	0	960	136	60	104	300	111	600	81
1128	780.0	132.8		126.8		1020	154	0	0	720	136	120	100	180	107	300	82
1129	960.0	123.6		115.4		900	157	0	0	720	138	420	104	180	105	660	80
1130	780.0	130.3		121.2		780	155	0	0	840	142	120	99	240	112	360	72
1131	800.0	125.1		120.3		600	136	0	0	1020	136	60	103	360	127	360	78
1132	780.0	137.9		127.5		720	171	0	0	840	148	60	105	240	127	480	80
1133	600.0	123.1		116.4		360	145	0	0	780	140	120	106	180	108	360	78
1134	840.0	139.9		133.7		1020	167	0	0	900	137	0	0	180	112	420	92
1135	820.0	140.9		134.9		420	176	0	0	1440	148	0	0	360	108	240	86
1136	600.0	146.9		142.1		300	171	0	0	900	157	0	0	480	129	120	82
1137	640.0	135.7		126.8		300	169	0	0	780	158	240	101	240	132	360	85
1138	900.0	145.7		139.5		900	160	0	0	1260	157	0	0	300	102	240	87
1139	960.0	123.2		115.2		1020	153	0	0	780	132	240	98	120	123	720	80
1140	540.0	131.4		121.2		480	157	0	0	600	153	0	0	60	99	480	83
1141	760.0	122.9		117.3		660	136	0	0	840	143	60	100	120	106	600	86
1142	620.0	141.3		132.9		480	169	0	0	840	154	0	0	180	119	360	86
1143	360.0	122.2		110.7		60	211	0	0	480	147	0	0	120	126	420	80
1144	720.0	126.6		121.0		480	148	0	0	960	140	60	98	240	112	420	84
1145	700.0	117.5		110.7		420	155	0	0	840	126	0	0	300	112	540	78
1146	600.0	132.1		123.2		600	156	0	0	540	149	120	111	120	137	420	81
1147	440.0	128.5		124.5		120	169	0	0	600	138	60	96	420	121	120	83
1148	640.0	136.2		130.6		420	167	0	0	840	147	0	0	360	112	300	92
1149	680.0	142.8		137.3		420	166	0	0	1080	151	0	0	360	122	180	81
1150	620.0	129.3		121.8		420	171	0	0	840	135	0	0	240	104	360	84
1151	580.0	147.6		145.1		420	159	0	0	660	164	0	0	660	124	0	0
1152	860.0	140.5		132.2		780	176	0	0	1140	143	60	108	180	111	420	85
1153	580.0	137.6		127.2		360	188	0	0	840	146	0	0	240	102	300	82
1154	700.0	136.8		130.3		660	160	0	0	900	145	60	109	180	108	300	84
1155	720.0	124.7		115.9		480	157	0	0	840	142	120	106	120	117	600	80
1156	540.0	135.9		128.2		420	164	0	0	660	148	120	90	240	118	180	80
1157	1120.0	121.4		116.1		1440	133	60	109	1080	133	180	83	240	106	360	72
1158	680.0	134.5		130.4		420	168	0	0	960	138	0	0	360	120	300	94
1159	720.0	150.9		144.1		660	181	0	0	840	160	0	0	600	112	60	82
1160	680.0	130.5		120.4		780	166	0	0	420	141	60	90	300	109	480	82
1161	500.0	149.8		145.7		240	186	0	0	720	157	0	0	420	132	120	97
1162	800.0	147.6		144.7		720	169	0	0	1080	151	0	0	600	116	0	0
1163	800.0	129.2		121.9		600	155	0	0	1080	141	60	114	120	115	540	82
1164	480.0	143.7		138.2		300	174	0	0	660	149	0	0	300	135	180	88
1165	620.0	134.7		126.1		540	159	0	0	840	145	60	118	120	109	300	76
1166	620.0	136.5		129.6		300	164	0	0	900	151	0	0	420	118	240	80
1167	900.0	124.6		117.3		1020	145	0	0	720	144	360	88	120	116	480	82
1168	600.0	124.6		119.0		660	148	0	0	420	141	120	99	120	95	480	92
1169	560.0	148.1		140.6		600	172	0	0	600	158	0	0	240	124	240	88
1170	420.0	137.8		127.5		300	169	0	0	540	154	60	107	120	120	240	79
1171	660.0	141.2		133.7		600	167	0	0	840	151	0	0	240	111	300	86
1172	900.0	136.9		128.7		540	169	0	0	1260	151	0	0	420	115	480	83
1173	600.0	127.0		120.2		360	152	0	0	840	140	60	102	180	119	360	80
1174	600.0	125.8		115.8		600	164	0	0	480	132	120	107	180	108	420	77
1175	620.0	127.7		119.1		540	161	0	0	540	142	0	0	360	112	420	80
1176	480.0	133.9		121.9		420	176	0	0	480	146	60	107	60	132	420	82
1177	620.0	131.3		121.1		540	164	0	0	720	146	60	91	60	86	480	83
1178	520.0	125.9		119.3		300	147	0	0	600	147	180	97	180	121	300	83
1179	520.0	124.0		114.0		420	162	0	0	480	144	60	96	60	96	540	83
1180	780.0	138.5		131.7		720	160	0	0	780	154	0	0	540	119	300	82
1181	720.0	143.4		138.3		660	168	0	0	900	149	60	115	360	116	180	89
1182	620.0	138.6		130.6		540	169	0	0	840	146	0	0	120	108	360	86
1183	520.0	139.7		127.4		300	203	0	0	540	154	0	0	360	121	360	84
1184	440.0	138.5		129.3		300	165	0	0	540	161	120	105	180	106	180	82
1185	760.0	130.8		122.1		900	158	0	0	600	144	180	92	180	104	420	82
1186	660.0	135.7		130.3		540	158	0	0	900	141	0	0	240	129	300	85
1187	640.0	130.2		124.3		540	151	0	0	780	139	120	97	180	132	300	82
1188	680.0	127.9		120.3		660	161	0	0	720	131	120	91	240	107	300	79
1189	440.0	135.6		127.0		420	164	0	0	360	152	120	94	240	124	180	80
1190	320.0	142.4		132.6		120	171	0	0	480	161	0	0	180	135	180	81
1191	680.0	133.7		125.7		720	166	0	0	600	137	120	94	360	114	240	78
1192	660.0	130.0		119.9		660	164	0	0	600	141	120	89	120	125	480	81
1193	580.0	140.1		129.2		480	156	0	0	600	170	60	90	240	133	360	82
1194	660.0	129.1		108.9		480	162	60	21	900	141	0	0	180	110	360	83
1195	720.0	129.3		118.5		780	162	0	0	600	144	180	83	60	121	540	82
1196	620.0	149.5		139.5		480	180	0	0	840	164	60	92	240	118	240	84
1197	660.0	140.2		128.1		420	182	0	0	900	156	60	109	120	123	480	82
1198	480.0	142.4		132.8		360	183	0	0	600	152	0	0	240	116	240	84
1199	500.0	148.4		141.5		300	174	0	0	660	165	0	0	420	123	120	82
1200	660.0	144.3		134.9		720	180	0	0	840	139	0	0	120	123	300	82
1201	580.0	128.5		120.7		420	159	0	0	780	140	60	93	60	120	420	83
1202	540.0	137.3		133.0		300	168	0	0	660	149	0	0	480	118	180	95
1203	340.0	128.0		117.9		240	188	0	0	420	128	0	0	180	91	180	85
1204	600.0	124.5		116.7		600	153	0	0	420	140	0	0	180	125	600	85
1205	460.0	124.1		113.1		240	170	0	0	480	150	60	94	300	100	300	76
1206	720.0	148.2		142.0		720	163	0	0	960	157	60	115	240	130	180	78
1207	600.0	146.4		134.8		720	170	0	0	480	173	180	93	120	130	300	86
1208	440.0	130.9		122.1		240	168	0	0	600	143	60	88	180	126	240	78
1209	960.0	118.1		111.6		1260	141	60	104	420	135	480	93	60	116	600	80
1210	800.0	126.6		120.9		720	147	0	0	1020	134	60	78	240	116	360	80
1211	660.0	124.0		108.1		240	187	0	0	780	160	0	0	0	0	960	79
1212	420.0	136.0		124.5		240	182	0	0	540	154	0	0	120	119	360	84
1213	560.0	128.4		117.1		300	162	0	0	600	156	0	0	240	126	540	80
1214	400.0	140.0		133.7		60	151	0	0	660	161	0	0	300	122	180	89
1215	580.0	138.2		131.9		240	161	0	0	720	163	120	114	420	116	240	92
1216	480.0	149.9		140.4		360	190	0	0	600	156	0	0	300	131	180	81
1217	480.0	120.3		113.1		180	172	0	0	480	142	0	0	180	115	600	89
1218	500.0	132.4		127.5		180	139	0	0	600	153	60	81	600	121	60	71
1219	620.0	137.3		123.8		600	186	0	0	540	145	60	90	120	123	540	84
1220	420.0	147.7		141.2		420	172	0	0	480	154	0	0	240	125	120	83
1221	460.0	134.2		127.7		180	165	0	0	720	146	0	0	300	121	180	78
1222	620.0	125.6		116.3		720	148	0	0	480	150	180	90	0	0	480	81
1223	460.0	143.3		134.8		240	161	0	0	720	163	0	0	120	125	300	89
1224	520.0	127.3		119.3		420	155	0	0	540	140	0	0	240	123	360	79
1225	440.0	148.8		138.8		180	221	0	0	600	163	0	0	360	117	180	93
1226	540.0	151.2		140.0		300	191	0	0	780	167	0	0	240	133	300	85
1227	780.0	125.0		117.8		840	141	60	119	780	143	180	98	60	75	420	79
1228	560.0	137.6		132.1		300	171	0	0	540	158	0	0	720	117	120	86
1229	620.0	138.0		130.9		780	160	0	0	480	147	60	86	240	125	300	87
1230	660.0	122.1		113.6		540	148	0	0	660	145	240	91	0	0	540	82
1231	360.0	141.2		131.1		180	168	0	0	480	163	60	118	120	140	240	84
1232	520.0	132.6		124.8		300	161	0	0	660	149	0	0	240	125	360	84
1233	480.0	134.2		129.7		240	159	0	0	600	148	0	0	360	123	240	92
1234	500.0	126.1		112.3		540	170	0	0	360	138	60	93	0	0	540	78
1235	480.0	131.3		122.0		300	166	0	0	540	153	60	107	180	111	360	84
1236	320.0	133.1		121.0		60	208	0	0	420	164	0	0	300	108	180	78
1237	600.0	144.3		132.0		600	179	0	0	540	161	60	85	240	127	360	83
1238	440.0	140.3		132.9		300	178	0	0	600	146	0	0	240	122	180	83
1239	480.0	114.0		104.7		240	159	0	0	360	150	180	87	60	109	600	83
1240	500.0	123.5		115.4		240	181	0	0	540	136	60	113	180	113	480	86
1241	580.0	136.2		129.2		720	160	0	0	660	134	0	0	60	141	300	83
1242	480.0	122.5		114.6		180	160	0	0	720	138	0	0	180	112	360	78
1243	480.0	129.7		124.4		480	141	0	0	540	144	120	102	120	124	180	79
1244	460.0	145.4		132.2		480	175	0	0	480	163	0	0	120	120	300	80
1245	680.0	134.5		127.1		420	161	0	0	840	151	60	107	300	126	420	85
1246	360.0	139.9		131.7		180	172	0	0	420	159	0	0	300	128	180	83
1247	320.0	124.2		109.4		240	200	0	0	120	148	60	96	180	97	360	84
1248	480.0	149.2		134.3		360	190	0	0	660	161	0	0	60	177	360	82
1249	640.0	131.8		121.4		780	160	0	0	600	141	120	88	0	0	420	79
1250	280.0	139.9		134.5		120	172	0	0	60	195	60	116	540	136	60	80
1251	460.0	143.6		131.0		300	195	0	0	540	160	0	0	240	117	300	84
1252	820.0	120.7		110.1		960	144	60	34	660	135	120	91	60	105	600	84
1253	420.0	154.3		145.2		420	191	0	0	480	156	60	97	180	128	120	87
1254	440.0	131.3		119.7		180	171	0	0	600	158	0	0	240	99	300	80
1255	440.0	132.9		120.6		240	169	0	0	540	157	120	91	60	160	360	82
1256	380.0	124.4		114.1		300	173	0	0	360	131	60	116	60	110	360	81
1257	400.0	149.1		138.7		180	201	0	0	600	163	0	0	240	124	180	84
1258	320.0	156.6		147.5		360	192	0	0	360	153	0	0	180	119	60	78
1259	440.0	128.8		115.2		240	164	0	0	420	172	180	99	60	109	420	81
1260	360.0	141.2		134.2		180	165	0	0	600	154	0	0	120	124	180	86
1261	500.0	146.6		137.3		420	179	0	0	600	159	60	91	300	115	120	78
1262	380.0	132.4		121.6		420	155	0	0	240	161	60	94	120	144	300	81
1263	420.0	134.3		124.4		240	179	0	0	540	148	60	89	180	120	240	81
1264	440.0	111.3		102.1		360	151	0	0	240	137	120	89	60	114	540	78
1265	520.0	121.6		109.8		120	179	0	0	660	154	0	0	60	126	720	82
1266	440.0	133.5		122.0		180	179	0	0	660	155	0	0	180	95	300	82
1267	420.0	113.8		106.4		60	156	0	0	480	139	60	107	180	125	480	80
1268	280.0	119.4		111.5		120	163	0	0	240	132	0	0	180	136	300	82
1269	400.0	133.1		124.6		180	178	0	0	600	147	0	0	120	114	300	86
1270	400.0	115.1		108.7		180	155	0	0	420	130	0	0	180	118	420	82
1271	380.0	109.1		100.0		60	162	0	0	420	141	0	0	60	133	600	79
1272	360.0	138.7		123.8		360	179	0	0	360	155	0	0	0	0	360	82
1273	560.0	130.4		121.4		480	152	0	0	480	152	120	100	240	136	360	79
1274	520.0	129.3		119.2		300	171	0	0	720	145	0	0	60	102	480	83
1275	660.0	132.6		125.0		540	164	0	0	780	141	60	82	240	120	360	84
1276	700.0	129.4		120.6		780	151	0	0	780	142	0	0	0	0	540	80
1277	680.0	146.8		143.7		420	176	0	0	840	151	0	0	720	130	60	85
1278	500.0	120.2		116.3		240	142	0	0	660	134	60	95	240	107	300	88
1279	480.0	165.8		159.7		360	214	0	0	480	172	0	0	600	132	0	0
1280	440.0	110.7		99.5		240	141	0	0	420	147	180	71	60	104	420	75
1281	340.0	138.9		129.1		420	159	0	0	360	151	0	0	60	111	180	77
1282	560.0	113.0		107.2		360	141	0	0	600	130	120	91	60	88	540	83
1283	480.0	139.5		130.7		300	174	0	0	780	150	0	0	0	0	360	88
1284	580.0	136.0		127.6		480	167	0	0	600	147	0	0	300	128	360	83
1285	560.0	139.6		130.6		300	184	0	0	900	150	0	0	180	103	300	86
1286	420.0	128.5		115.8		420	163	0	0	300	158	120	93	60	108	360	79
1287	440.0	132.7		120.6		420	182	0	0	420	134	0	0	60	119	420	84
1288	260.0	126.0		122.6		60	144	0	0	360	145	0	0	300	103	60	109
1289	320.0	142.3		135.9		180	163	0	0	480	158	0	0	120	124	180	92
1290	360.0	121.4		109.5		120	181	0	0	480	147	0	0	60	88	420	80
1291	340.0	144.5		139.0		180	171	0	0	480	153	0	0	240	137	120	86
1292	380.0	133.8		121.4		180	161	0	0	420	166	60	90	180	136	300	80
1293	440.0	137.6		125.7		300	176	0	0	600	153	0	0	120	111	300	79
1294	300.0	129.7		119.5		60	187	0	0	420	159	0	0	240	97	180	86
1295	280.0	130.9		122.2		60	197	0	0	300	159	60	108	300	115	120	79
1296	700.0	117.5		109.6		360	135	0	0	780	146	300	97	120	114	540	77
1297	260.0	124.3		115.5		120	165	0	0	300	147	60	84	120	109	180	83
1298	580.0	128.0		119.7		420	164	0	0	720	135	0	0	120	140	480	83
1299	420.0	127.2		116.5		240	148	60	119	540	155	60	85	0	0	360	80
1300	480.0	147.2		141.1		360	178	0	0	720	150	0	0	240	125	120	82
1301	400.0	152.4		141.2		300	202	0	0	600	155	0	0	120	117	180	85
1302	440.0	139.2		126.7		480	174	0	0	360	154	60	109	60	139	360	83
1303	260.0	117.2		108.4		60	160	0	0	360	144	0	0	60	85	300	83
1304	460.0	119.7		105.3		420	161	0	0	300	149	180	79	60	134	420	73
1305	580.0	127.0		119.7		600	154	0	0	420	147	120	90	180	104	420	89
1306	360.0	130.8		122.0		240	179	0	0	420	140	60	118	60	90	300	90
1307	320.0	133.5		125.2		180	171	0	0	420	149	60	93	120	116	180	85
1308	240.0	122.0		109.6		0	0	0	0	300	167	0	0	120	112	300	81
1309	420.0	119.6		110.1		180	171	0	0	540	139	0	0	0	0	540	83
1310	460.0	131.4		122.2		300	174	0	0	660	141	60	86	0	0	360	86
1311	460.0	119.6		109.8		300	139	0	0	420	157	180	86	180	106	300	76
1312	400.0	146.8		138.8		180	164	0	0	660	164	0	0	240	121	120	78
1313	380.0	135.4		123.1		180	201	0	0	360	160	0	0	300	118	300	84
1314	680.0	106.4		100.3		360	119	0	0	720	135	360	84	0	0	600	78
1315	400.0	127.9		119.2		300	162	0	0	420	144	0	0	120	118	360	84
1316	360.0	113.4		104.1		180	150	0	0	360	140	120	87	60	122	360	76
1317	340.0	114.3		107.0		240	155	0	0	180	131	0	0	240	111	360	81
1318	260.0	153.9		141.3		120	177	0	0	360	177	0	0	120	162	180	87
1319	420.0	120.0		112.3		240	154	0	0	300	147	120	89	300	117	300	81
1320	300.0	145.9		137.0		180	187	0	0	420	157	0	0	180	121	120	83
1321	400.0	120.5		112.6		240	165	0	0	420	133	60	91	120	115	360	83
1322	400.0	147.9		134.6		300	196	0	0	540	156	0	0	120	125	240	81
1323	440.0	123.7		115.2		240	152	0	0	600	141	60	87	60	137	360	80
1324	460.0	124.8		114.7		300	158	0	0	480	147	0	0	120	128	480	81
1325	560.0	130.5		119.3		420	170	0	0	720	142	60	112	60	109	420	77
1326	380.0	124.1		117.5		300	149	0	0	480	137	0	0	0	0	360	86
1327	340.0	125.2		123.9		0	0	0	0	420	138	0	0	480	120	120	101
1328	380.0	132.4		124.1		240	176	0	0	480	142	60	116	120	112	240	84
1329	320.0	126.9		119.1		240	161	0	0	300	146	60	92	180	103	180	85
1330	440.0	138.8		129.1		300	168	0	0	540	153	60	90	180	141	240	81
1331	400.0	133.5		128.2		240	152	0	0	720	142	0	0	60	106	180	84
1332	420.0	136.8		127.2		360	164	0	0	480	155	60	92	120	112	240	83
1333	420.0	130.6		118.2		360	182	0	0	420	138	0	0	60	103	420	83
1334	380.0	127.1		119.7		240	169	0	0	300	146	0	0	240	117	360	90
1335	280.0	106.0		95.0		60	182	0	0	180	164	120	82	120	86	360	79
1336	360.0	132.2		123.5		300	156	0	0	300	158	120	105	180	122	180	78
1337	360.0	131.0		122.9		300	164	0	0	420	140	0	0	60	128	300	86
1338	340.0	129.6		117.9		120	196	0	0	540	146	0	0	0	0	360	83
1339	280.0	125.0		118.5		120	172	0	0	240	144	0	0	300	115	180	85
1340	140.0	129.9		112.3		0	0	0	0	180	184	0	0	60	117	180	80
1341	360.0	109.3		100.6		240	159	0	0	180	138	120	90	0	0	540	82
1342	300.0	111.1		103.2		120	174	0	0	240	130	0	0	60	127	480	84
1343	420.0	114.9		104.7		480	140	0	0	360	129	120	87	60	52	240	73
1344	360.0	128.2		120.5		240	157	0	0	480	143	0	0	120	104	240	82
1345	380.0	133.0		124.7		240	163	0	0	540	147	60	111	60	113	240	82
1346	200.0	135.3		131.0		0	0	0	0	240	158	0	0	300	127	60	86
1347	200.0	108.7		103.9		120	136	0	0	60	130	60	105	120	124	240	83
1348	440.0	130.5		121.1		360	161	60	113	420	151	180	94	120	112	180	76
1349	400.0	126.5		118.0		360	160	0	0	420	133	0	0	60	141	360	83
1350	300.0	103.9		98.8		180	145	0	0	120	128	60	88	60	99	480	85
1351	240.0	132.5		126.4		0	0	0	0	480	148	0	0	120	121	120	82
1352	260.0	109.8		102.1		180	148	0	0	240	126	60	89	0	0	300	78
1353	420.0	127.3		121.0		180	167	0	0	660	136	0	0	180	116	240	82
1354	220.0	124.5		117.8		60	184	0	0	180	146	0	0	300	117	120	81
1355	340.0	120.3		108.9		300	167	0	0	240	137	60	95	0	0	420	81
1356	320.0	133.8		125.5		240	162	0	0	420	149	60	89	60	103	180	86
1357	380.0	134.1		127.4		180	157	0	0	540	151	0	0	240	118	180	82
1358	400.0	121.8		116.1		480	144	0	0	240	130	60	86	240	110	180	79
1359	300.0	141.7		129.0		240	183	0	0	360	157	0	0	60	116	240	84
1360	540.0	121.5		115.9		360	152	0	0	720	128	60	115	60	129	420	84
1361	460.0	131.8		127.5		180	160	0	0	660	145	0	0	300	117	240	93
1362	440.0	139.1		126.0		300	198	0	0	660	142	60	87	60	109	240	78
1363	260.0	128.5		115.1		120	198	0	0	240	151	0	0	120	130	300	82
1364	420.0	118.5		111.8		120	138	60	101	540	142	120	93	180	113	240	77
1365	480.0	108.3		98.7		360	145	0	0	300	137	180	91	120	102	480	71
1366	320.0	126.2		112.4		120	196	0	0	360	158	0	0	0	0	480	85
1367	260.0	127.3		115.5		60	194	0	0	300	153	60	93	60	173	300	86
1368	260.0	109.3		102.8		60	136	0	0	240	143	60	96	60	119	360	83
1369	360.0	128.1		119.3		120	167	0	0	540	148	0	0	120	112	300	83
1370	240.0	140.7		133.9		0	0	0	0	360	167	0	0	300	121	60	81
1371	340.0	123.7		115.5		60	163	0	0	300	163	60	81	420	114	180	82
1372	440.0	127.6		115.0		420	169	0	0	420	137	0	0	60	126	420	77
1373	460.0	129.6		120.9		480	152	0	0	360	151	180	112	60	128	300	79
1374	600.0	122.9		114.4		660	148	0	0	420	143	60	90	120	120	540	81
1375	340.0	117.5		105.1		240	190	0	0	240	119	60	89	60	106	420	81
1376	380.0	116.2		109.5		180	139	0	0	540	132	0	0	60	128	360	79
1377	100.0	123.2		116.8		0	0	0	0	120	147	0	0	120	122	60	78
1378	280.0	130.9		119.5		60	175	0	0	360	157	0	0	180	133	240	79
1379	320.0	137.0		132.4		120	178	0	0	540	145	0	0	240	111	60	87
1380	340.0	117.4		110.1		120	135	0	0	420	147	0	0	0	0	480	87
1381	220.0	128.4		119.0		60	192	0	0	240	152	0	0	180	121	180	83
1382	380.0	104.9		98.6		180	155	0	0	240	128	180	92	120	87	420	81
1383	220.0	133.8		122.5		120	163	0	0	240	165	0	0	120	120	180	82
1384	180.0	131.0		116.1		60	204	0	0	180	154	0	0	120	141	180	77
1385	320.0	119.9		108.0		240	175	0	0	240	137	60	91	60	99	360	80
1386	160.0	125.0		120.6		0	0	0	0	180	155	0	0	180	113	120	98
1387	560.0	102.9		94.5		240	158	0	0	300	143	180	90	0	0	960	79
1388	220.0	118.5		110.2		60	144	0	0	240	152	0	0	180	105	180	79
1389	200.0	131.6		108.7		120	167	0	0	180	199	0	0	0	0	300	77
1390	260.0	112.1		105.4		60	176	0	0	300	133	0	0	60	106	360	85
1391	260.0	114.5		105.5		180	154	0	0	240	135	0	0	0	0	360	81
1392	400.0	122.0		110.3		60	154	0	0	600	153	0	0	180	102	360	75
1393	260.0	121.5		111.7		180	178	0	0	240	117	0	0	60	153	300	85
1394	280.0	118.7		110.4		0	0	0	0	420	149	0	0	120	102	300	83
1395	300.0	112.9		103.9		120	172	0	0	300	131	0	0	120	113	360	78
1396	320.0	106.1		99.8		180	152	0	0	120	132	240	97	60	109	360	80
1397	240.0	111.5		105.8		0	0	0	0	360	135	0	0	120	102	240	81
1398	340.0	136.1		121.1		300	174	0	0	240	174	60	92	120	125	300	81
1399	380.0	116.1		109.7		240	157	0	0	240	134	120	107	180	108	360	84
1400	180.0	117.2		110.2		0	0	0	0	300	136	0	0	60	135	180	80
1401	320.0	121.3		116.3		120	128	0	0	360	141	0	0	180	133	300	88
1402	340.0	117.4		112.5		120	148	0	0	480	133	60	106	60	80	300	90
1403	240.0	131.8		115.9		120	202	0	0	240	160	0	0	120	111	240	79
1404	280.0	102.1		97.9		0	0	0	0	300	130	120	99	0	0	420	83
1405	420.0	103.5		96.7		120	160	120	110	240	135	180	101	60	97	540	77
1406	260.0	125.1		114.4		180	157	0	0	300	149	0	0	0	0	300	82
1407	280.0	125.1		118.5		180	149	0	0	240	157	60	98	120	95	240	97
1408	320.0	105.1		99.4		60	151	0	0	420	126	0	0	0	0	480	81
1409	240.0	111.0		103.4		120	161	0	0	180	136	60	92	120	91	240	82
1410	360.0	133.9		126.7		180	176	0	0	420	150	60	107	240	116	180	87
1411	340.0	140.3		128.9		180	177	0	0	540	157	0	0	60	113	240	82
1412	160.0	132.9		130.6		0	0	0	0	180	156	0	0	300	119	0	0
1413	400.0	136.3		124.7		300	173	0	0	480	156	0	0	60	104	360	85
1414	340.0	113.7		106.5		120	150	0	0	420	135	60	118	60	84	360	81
1415	340.0	104.4		96.6		120	176	0	0	240	129	60	91	60	78	540	82
1416	240.0	127.2		120.0		120	164	0	0	300	144	60	113	120	101	120	82
1417	420.0	105.4		100.7		300	136	60	99	240	122	120	102	60	95	480	81
1418	360.0	109.5		102.4		180	146	0	0	300	136	60	87	120	103	420	80
1419	280.0	110.4		102.9		60	147	0	0	300	139	0	0	120	115	360	79
1420	140.0	96.6		93.8		60	132	0	0	60	116	60	88	0	0	240	85
1421	320.0	106.2		100.4		0	0	0	0	240	148	180	93	120	120	420	84
1422	340.0	110.9		101.9		120	179	0	0	360	132	60	88	0	0	480	81
1423	460.0	116.8		109.9		360	150	0	0	360	135	120	96	60	113	480	84
1424	200.0	123.8		115.3		0	0	0	0	360	147	0	0	60	113	180	81
1425	140.0	135.9		130.0		60	146	0	0	300	145	0	0	0	0	60	80
1426	380.0	107.1		100.7		120	141	0	0	360	135	0	0	60	123	600	82
1427	200.0	107.2		103.3		0	0	0	0	240	130	60	117	0	0	300	87
1428	320.0	123.8		112.8		180	176	0	0	420	138	0	0	0	0	360	81
1429	220.0	110.3		103.2		0	0	0	0	300	141	0	0	120	92	240	81
1430	220.0	99.7		94.6		60	149	0	0	60	131	120	105	60	127	360	80
1431	200.0	118.8		108.1		120	156	0	0	240	141	0	0	0	0	240	78
1432	420.0	117.1		105.9		120	171	0	0	360	163	180	88	120	110	480	82
1433	260.0	133.0		124.9		120	172	0	0	480	142	0	0	0	0	180	83
1434	220.0	110.0		97.8		120	182	0	0	120	143	0	0	0	0	420	80
1435	240.0	129.1		122.1		60	140	0	0	360	151	0	0	60	143	240	90
1436	340.0	133.4		121.4		420	176	0	0	180	127	60	94	120	116	240	82
1437	320.0	123.1		114.1		180	136	0	0	240	162	60	94	240	127	240	78
1438	320.0	112.9		105.4		240	150	0	0	180	138	60	85	120	108	360	82
1439	260.0	111.0		102.9		180	142	0	0	180	146	60	87	0	0	360	82
1440	180.0	109.4		104.8		0	0	0	0	240	135	0	0	120	92	180	87
1441	240.0	108.9		99.4		120	159	0	0	60	193	60	92	120	106	360	82
1442	120.0	110.3		102.7		0	0	0	0	60	181	60	90	60	124	180	89
1443	220.0	136.8		126.3		120	162	0	0	300	161	0	0	120	109	120	79
1444	300.0	115.2		105.0		240	162	0	0	120	152	240	94	0	0	300	80
1445	200.0	123.5		117.7		120	147	0	0	180	142	0	0	120	127	180	87
1446	140.0	127.0		118.0		0	0	0	0	240	154	0	0	60	105	120	84
1447	180.0	102.8		91.9		60	193	0	0	60	136	60	90	60	131	300	75
1448	160.0	97.5		90.2		0	0	0	0	120	149	120	91	0	0	240	75
1449	280.0	139.2		118.7		180	196	0	0	300	175	0	0	0	0	360	81
1450	140.0	94.0		89.7		0	0	0	0	60	124	0	0	60	134	300	80
1451	340.0	109.4		102.9		180	156	0	0	180	132	60	110	60	121	540	85
1452	180.0	123.2		111.5		0	0	0	0	240	167	60	93	0	0	240	87
1453	260.0	139.5		134.9		300	149	0	0	300	149	0	0	120	124	60	76
1454	320.0	104.9		95.8		180	152	0	0	120	152	60	96	60	121	540	78
1455	240.0	131.7		121.6		240	155	0	0	240	155	0	0	0	0	240	85
1456	340.0	120.6		107.5		300	167	0	0	240	145	60	83	0	0	420	79
1457	200.0	115.8		106.0		180	157	0	0	120	136	60	95	0	0	240	80
1458	200.0	144.0		133.0		120	171	0	0	240	166	0	0	120	136	120	81
1459	260.0	120.4		105.4		120	176	0	0	240	158	60	86	60	120	300	75
1460	160.0	78.1		28.4		0	0	0	0	60	135	60	85	60	5	300	80
1461	180.0	122.9		114.3		60	170	0	0	240	146	0	0	0	0	240	88
1462	220.0	124.7		102.0		60	230	0	0	180	194	120	90	0	0	300	76
1463	200.0	112.8		106.4		120	133	0	0	120	155	0	0	60	117	300	87
1464	500.0	98.6		55.8		300	138	0	0	240	131	300	89	60	5	600	80
1465	100.0	116.8		107.7		0	0	0	0	180	142	0	0	0	0	120	79
1466	320.0	90.1		87.8		60	125	0	0	60	125	0	0	120	110	720	81
1467	140.0	94.7		93.0		60	83	0	0	0	0	0	0	120	116	240	87
1468	200.0	101.0		88.9		60	42	0	0	240	137	0	0	0	0	300	84
1469	200.0	72.1		9.0		60	0	0	0	0	0	60	113	0	0	480	76
1470	260.0	120.1		104.6		180	168	0	0	180	168	0	0	0	0	420	79
1471	200.0	108.9		102.6		60	177	0	0	60	146	0	0	180	112	300	86
1472	240.0	93.7		86.2		0	0	0	0	120	169	60	89	60	82	480	77
1473	240.0	100.6		94.8		60	160	0	0	180	128	0	0	60	96	420	81
1474	160.0	87.6		85.8		0	0	0	0	60	127	0	0	0	0	420	82
1475	360.0	109.2		101.7		120	138	0	0	240	150	120	102	120	123	480	80
1476	180.0	104.3		99.1		0	0	0	0	240	131	0	0	0	0	300	83
1477	180.0	121.1		112.1		60	153	0	0	180	154	60	91	60	132	180	84
1478	140.0	98.9		90.5		0	0	0	0	120	151	0	0	0	0	300	78
1479	180.0	120.4		109.0		60	178	0	0	120	171	60	106	60	122	240	84
1480	180.0	123.1		115.3		60	149	0	0	300	142	0	0	0	0	180	83
1481	120.0	122.5		107.0		60	234	0	0	60	138	0	0	60	108	180	85
1482	300.0	108.1		97.9		120	165	0	0	180	157	0	0	0	0	600	82
1483	180.0	126.4		118.5		0	0	0	0	300	154	0	0	0	0	240	92
1484	120.0	129.2		119.1		60	184	0	0	120	149	0	0	60	121	120	86
1485	140.0	100.1		96.4		0	0	0	0	0	0	0	0	180	123	240	83
1486	200.0	93.0		89.6		60	143	0	0	120	110	0	0	0	0	420	81
1487	160.0	93.1		29.7		60	5	0	0	180	133	60	96	60	81	120	82
1488	80.0	107.5		96.8		0	0	0	0	60	178	0	0	0	0	180	84
1489	260.0	101.4		97.5		60	108	0	0	120	133	180	92	120	129	300	82
1490	180.0	99.4		92.8		0	0	0	0	120	156	120	89	0	0	300	81
1491	300.0	133.5		123.5		300	155	0	0	300	155	0	0	120	111	180	77
1492	180.0	109.9		104.7		120	132	0	0	120	132	0	0	60	125	240	84
1493	120.0	108.5		100.6		60	157	0	0	120	127	0	0	0	0	180	80
1494	280.0	109.6		100.3		60	192	0	0	300	138	60	91	60	82	360	80
1495	260.0	113.8		102.2		120	181	0	0	180	151	60	84	0	0	420	83
1496	160.0	121.6		105.7		60	213	0	0	120	162	0	0	60	116	240	80
1497	280.0	104.1		97.2		180	140	0	0	120	145	120	94	0	0	420	80
1498	280.0	110.1		101.4		240	152	0	0	60	156	180	99	0	0	360	80
1499	200.0	85.4		81.7		0	0	0	0	120	126	0	0	120	82	360	73
