#File created from auswertNew
# Temporary input file:
# tmp29.dat
# Created from repository file
# /home/vwitme/data/workdata/trafficData/Invent_A5/intermediatedata/A5frankfurt_06_01/daten/F29_1106.dat.gz
# Infrastructure description file:
# /home/vwitme/data/workdata/trafficData/Invent_A5/intermediatedata/A5frankfurt_06_01/daten/A5frankfurt_06_01.dsc
#
# Date: 11.06.2001
# Direction: Frankfurt
# Detector cross section 29
# Position (m)= 491.300000
# Number of main lanes=3
# Number of ramp lanes=1
# The lane indices are ordered from left to right
# NOTICE: The time has been increased by 1 hour 
# since summertime was not taken care of  in the original data!
# Velocity averages: Over veh types and lanes, weighted with flow
# vAvg=arithmetic average; vHarm=harmonic average
#===========================================
#t(min)	Qav(/h)	vAvg(km/h)	vHarm(km/h)	Q1car	v1car	Q1truck	v1truck	Q2car	v2car	Q2truck	v2truck	Q3car	v3car	Q3truck	v3truck
60	480.0	102.4		95.9		180	173	0	0	180	132	240	88	0	0	840	85
61	220.0	124.7		122.1		60	146	0	0	360	133	0	0	180	115	60	83
62	320.0	103.2		100.4		60	150	0	0	360	116	0	0	120	102	420	86
63	420.0	95.9		91.6		60	171	0	0	240	127	0	0	60	90	900	83
64	240.0	126.7		117.9		120	182	0	0	300	140	0	0	60	104	240	88
65	160.0	105.4		101.7		0	0	0	0	180	131	0	0	60	102	240	87
66	220.0	131.3		127.1		180	137	0	0	180	137	0	0	180	148	120	89
67	380.0	109.3		102.5		180	156	0	0	300	132	0	0	60	108	600	84
68	260.0	107.5		99.1		60	158	0	0	180	158	0	0	0	0	540	85
69	240.0	124.4		120.4		60	123	0	0	420	141	0	0	180	99	60	86
70	360.0	102.1		98.3		180	130	0	0	240	126	180	85	0	0	480	86
71	400.0	130.1		124.7		300	155	0	0	540	138	0	0	120	118	240	87
72	220.0	102.1		99.0		60	126	0	0	120	129	60	92	120	111	300	85
73	280.0	99.7		94.5		240	136	0	0	60	116	240	84	0	0	300	80
74	300.0	107.8		101.4		180	144	0	0	180	139	120	83	0	0	420	86
75	540.0	113.1		106.9		180	156	0	0	660	133	60	90	0	0	720	86
76	200.0	106.5		98.7		120	170	0	0	60	123	0	0	0	0	420	86
77	320.0	123.4		120.8		180	130	60	117	360	141	60	87	300	107	0	0
78	320.0	112.2		104.6		240	157	0	0	180	127	120	85	120	103	300	82
79	520.0	104.1		97.8		300	155	0	0	180	131	240	87	0	0	840	85
80	300.0	100.1		94.8		60	180	0	0	180	129	0	0	0	0	660	85
81	180.0	92.6		90.2		0	0	0	0	60	141	0	0	120	94	360	84
82	380.0	104.2		101.9		300	116	0	0	240	116	60	93	60	138	480	88
83	320.0	123.8		115.9		300	146	0	0	300	146	0	0	60	100	300	84
84	420.0	114.4		106.0		180	164	0	0	480	135	0	0	0	0	600	83
85	400.0	101.5		93.4		120	174	0	0	300	131	0	0	0	0	780	79
86	120.0	98.7		97.3		0	0	0	0	120	116	0	0	0	0	240	90
87	320.0	104.6		99.2		60	145	0	0	240	141	60	86	120	99	480	85
88	120.0	92.7		91.3		0	0	0	0	60	121	0	0	0	0	300	87
89	140.0	114.3		109.3		60	158	0	0	180	125	0	0	0	0	180	89
90	260.0	103.2		99.7		60	130	0	0	300	123	0	0	60	87	360	85
91	260.0	94.5		92.3		60	132	0	0	120	118	0	0	0	0	600	86
92	280.0	112.1		105.3		0	0	0	0	300	150	60	83	180	102	300	86
93	380.0	127.1		117.1		300	183	0	0	420	125	0	0	60	109	360	86
94	340.0	111.7		106.0		180	148	0	0	360	128	60	85	0	0	420	86
95	280.0	103.6		98.3		60	130	0	0	240	139	120	85	0	0	420	85
96	280.0	96.1		93.0		0	0	0	0	180	133	0	0	0	0	660	86
97	320.0	119.4		114.3		120	157	0	0	540	129	0	0	0	0	300	87
98	340.0	96.2		94.8		60	122	0	0	300	110	60	94	0	0	600	87
99	200.0	115.7		107.4		0	0	0	0	240	151	0	0	60	128	300	85
100	400.0	112.9		106.3		180	170	0	0	300	131	0	0	240	99	480	87
101	300.0	100.2		93.9		60	100	0	0	120	180	120	86	60	106	540	85
102	280.0	98.7		94.9		120	139	0	0	120	125	120	87	0	0	480	85
103	220.0	106.4		101.0		60	158	0	0	240	126	60	88	0	0	300	84
104	380.0	111.7		105.6		120	158	0	0	420	132	0	0	120	105	480	84
105	220.0	133.4		130.5		60	128	0	0	420	144	0	0	120	122	60	87
106	340.0	110.4		99.6		180	199	0	0	120	124	120	86	0	0	600	86
107	320.0	103.6		96.4		60	192	0	0	180	146	60	92	0	0	660	85
108	280.0	97.1		92.9		0	0	0	0	120	158	120	92	0	0	600	86
109	460.0	105.5		100.9		360	135	0	0	120	135	240	87	60	129	600	87
110	280.0	116.6		109.1		180	147	0	0	180	147	0	0	60	142	420	87
111	220.0	94.5		91.9		60	133	0	0	60	133	0	0	0	0	540	86
112	400.0	98.4		95.4		60	152	0	0	300	119	0	0	60	102	780	86
113	240.0	106.2		101.4		60	171	0	0	180	113	0	0	120	124	360	86
114	180.0	103.0		97.0		0	0	0	0	120	145	0	0	60	133	360	84
115	80.0	122.2		117.5		0	0	0	0	120	129	0	0	60	145	60	86
116	280.0	86.9		85.4		0	0	0	0	60	138	0	0	0	0	780	83
117	220.0	88.5		87.7		0	0	0	0	60	120	60	89	0	0	540	85
118	360.0	105.8		98.8		240	156	0	0	120	130	300	88	0	0	420	83
119	100.0	103.6		99.8		0	0	0	0	60	134	0	0	60	123	180	87
120	240.0	102.5		100.2		180	118	0	0	180	118	0	0	0	0	360	87
121	100.0	93.8		91.5		60	85	0	0	60	85	0	0	60	127	120	86
122	200.0	127.1		120.6		180	147	0	0	180	147	0	0	60	125	180	88
123	240.0	111.2		106.3		60	142	0	0	240	135	0	0	60	124	360	88
124	180.0	135.2		129.4		120	166	0	0	240	146	0	0	120	106	60	89
125	140.0	85.9		85.9		0	0	0	0	0	0	60	85	0	0	360	86
126	360.0	114.9		105.6		240	183	0	0	120	121	60	91	120	106	540	88
127	180.0	114.9		107.5		180	157	0	0	60	117	60	90	0	0	240	89
128	340.0	111.6		104.5		0	0	0	0	420	147	0	0	60	86	540	87
129	200.0	112.5		106.5		120	154	0	0	120	134	0	0	60	109	300	88
130	140.0	123.1		114.1		0	0	0	0	240	151	0	0	0	0	180	86
131	320.0	110.1		103.4		240	142	0	0	180	142	60	88	0	0	480	85
132	160.0	100.5		95.6		60	150	0	0	60	138	0	0	0	0	360	86
133	180.0	96.2		92.0		60	148	0	0	60	130	0	0	0	0	420	84
134	140.0	105.0		101.9		0	0	0	0	120	116	0	0	120	124	180	85
135	280.0	106.9		101.9		120	140	0	0	240	123	120	84	60	137	300	84
136	140.0	116.3		106.0		0	0	0	0	180	158	0	0	60	88	180	84
137	300.0	91.5		89.6		0	0	60	107	120	127	120	86	0	0	600	84
138	240.0	95.0		93.0		0	0	0	0	60	141	0	0	120	108	540	87
139	180.0	139.7		126.6		180	176	0	0	120	176	60	107	0	0	180	90
140	260.0	103.3		97.3		120	153	0	0	60	163	120	85	0	0	480	88
141	200.0	122.2		114.2		60	192	0	0	240	136	0	0	60	134	240	88
142	340.0	94.8		92.9		0	0	0	0	240	121	120	91	0	0	660	86
143	300.0	104.3		98.3		60	160	0	0	240	138	120	85	60	87	420	85
144	440.0	94.9		91.4		120	160	0	0	120	116	240	83	0	0	840	86
145	200.0	112.3		105.7		60	145	0	0	180	148	60	94	0	0	300	88
146	400.0	113.2		105.8		360	150	0	0	180	138	60	84	60	93	540	86
147	140.0	119.1		116.7		0	0	0	0	240	129	0	0	120	117	60	84
148	180.0	96.1		94.4		0	0	0	0	120	118	60	87	120	101	240	85
149	220.0	103.4		98.1		0	0	0	0	180	128	0	0	60	158	420	85
150	200.0	118.9		114.4		60	145	0	0	300	134	0	0	120	103	120	84
151	260.0	98.0		94.6		0	0	0	0	300	122	0	0	0	0	480	83
152	360.0	96.7		94.2		120	144	0	0	120	110	60	89	0	0	780	88
153	320.0	117.6		112.6		180	144	0	0	480	128	0	0	0	0	300	85
154	200.0	101.3		96.8		0	0	0	0	180	137	0	0	0	0	420	86
155	120.0	99.5		96.5		0	0	0	0	60	130	0	0	120	109	180	83
156	160.0	128.0		120.5		60	187	0	0	240	135	0	0	60	127	120	85
157	280.0	97.7		94.7		0	0	0	0	240	127	0	0	0	0	600	86
158	320.0	124.9		114.5		240	159	0	0	240	159	0	0	60	125	420	86
159	280.0	103.4		94.0		180	159	0	0	180	121	0	0	0	0	480	76
160	220.0	106.8		100.8		120	158	0	0	120	125	0	0	0	0	420	87
161	220.0	106.3		101.4		60	158	0	0	180	121	0	0	60	132	360	86
162	200.0	104.5		98.8		0	0	0	0	180	141	0	0	60	118	360	84
163	220.0	103.0		96.7		120	141	0	0	60	141	60	71	60	129	360	85
164	180.0	120.9		112.7		180	149	0	0	180	133	60	82	0	0	120	80
165	260.0	117.2		107.6		240	153	0	0	60	167	60	83	60	145	360	86
166	280.0	118.7		107.6		300	155	0	0	120	155	180	83	0	0	240	82
167	300.0	97.3		95.4		180	105	0	0	180	105	0	0	60	142	480	86
168	220.0	92.5		90.8		0	0	0	0	120	122	60	85	0	0	480	86
169	160.0	93.8		92.6		0	0	0	0	60	116	0	0	120	102	300	86
170	260.0	92.4		91.3		0	0	0	0	120	117	120	83	60	97	480	88
171	80.0	97.8		92.6		0	0	0	0	0	0	0	0	60	142	180	83
172	80.0	128.2		127.9		60	141	0	0	180	124	0	0	0	0	0	0
173	80.0	120.8		116.9		0	0	0	0	120	141	0	0	60	109	60	92
174	220.0	118.2		108.6		60	180	0	0	300	141	0	0	0	0	300	83
175	260.0	89.9		88.2		0	0	0	0	60	141	120	80	60	94	540	86
176	280.0	105.2		97.6		120	167	0	0	60	167	60	91	60	116	540	85
177	120.0	119.3		111.2		60	187	0	0	60	141	0	0	60	112	180	92
178	160.0	94.6		91.5		60	150	0	0	0	0	60	91	0	0	360	86
179	200.0	114.4		108.9		0	0	0	0	360	134	0	0	0	0	240	85
180	260.0	109.8		103.9		180	150	0	0	60	148	180	88	120	109	240	87
181	200.0	110.4		107.7		0	0	0	0	360	124	0	0	0	0	240	90
182	360.0	113.1		108.8		300	131	0	0	300	131	0	0	60	116	420	87
183	140.0	134.7		118.8		180	155	0	0	60	221	60	85	0	0	120	86
184	280.0	122.1		112.8		180	173	0	0	300	135	0	0	0	0	360	86
185	280.0	122.4		114.8		240	152	0	0	300	136	0	0	0	0	300	85
186	240.0	97.2		93.9		120	137	0	0	60	119	60	85	0	0	480	86
187	220.0	126.8		119.0		180	173	0	0	300	123	0	0	0	0	180	87
188	260.0	107.9		101.1		180	163	0	0	180	104	0	0	0	0	420	86
189	180.0	104.1		100.2		0	0	0	0	180	133	120	99	0	0	240	85
190	180.0	111.0		106.2		60	119	0	0	240	134	60	83	0	0	180	87
191	320.0	103.0		99.7		0	0	0	0	360	128	120	89	120	90	360	87
192	200.0	110.6		102.8		60	161	0	0	120	147	180	86	60	138	180	85
193	140.0	93.1		91.0		0	0	0	0	60	127	60	84	60	105	240	84
194	200.0	110.3		105.8		120	130	0	0	180	132	0	0	60	107	240	85
195	320.0	107.8		105.9		180	130	0	0	360	111	0	0	180	107	240	87
196	200.0	106.6		100.8		120	152	0	0	120	123	0	0	0	0	360	86
197	220.0	98.1		94.9		60	153	0	0	60	123	120	86	180	97	240	85
198	200.0	114.5		107.0		120	160	0	0	120	127	0	0	60	141	300	86
199	180.0	101.7		98.0		60	120	0	0	180	125	0	0	0	0	300	84
200	340.0	103.4		97.7		120	163	0	0	240	124	60	85	0	0	600	85
201	240.0	95.8		92.8		60	137	0	0	180	115	60	87	60	82	360	83
202	200.0	109.6		104.7		0	0	0	0	240	138	120	100	0	0	240	86
203	260.0	107.9		103.9		120	134	0	0	240	125	0	0	60	119	360	86
204	300.0	114.9		110.6		240	134	0	0	240	134	0	0	180	104	240	85
205	180.0	108.8		103.5		60	161	0	0	120	132	0	0	120	105	240	86
206	280.0	100.6		96.0		60	180	0	0	180	121	60	83	0	0	540	87
207	360.0	109.4		103.8		120	147	0	0	300	140	60	85	0	0	600	89
208	300.0	106.9		103.1		0	0	0	0	360	130	0	0	60	119	480	88
209	240.0	102.4		97.5		60	136	0	0	180	137	60	87	0	0	420	85
210	300.0	105.8		102.9		120	136	0	0	300	115	0	0	120	112	360	86
211	260.0	120.5		111.7		60	177	0	0	300	149	0	0	60	122	360	87
212	60.0	115.3		113.9		0	0	0	0	60	134	0	0	120	106	0	0
213	140.0	105.9		100.5		60	154	0	0	60	139	60	100	0	0	240	87
214	180.0	113.2		105.4		0	0	0	0	240	136	0	0	60	151	240	81
215	120.0	104.3		100.5		60	142	0	0	60	119	0	0	60	107	180	86
216	120.0	117.8		113.1		60	134	0	0	120	142	0	0	60	111	120	89
217	160.0	97.9		93.9		60	146	0	0	60	125	60	87	0	0	300	85
218	200.0	126.0		113.8		120	188	0	0	120	145	0	0	120	131	240	83
219	200.0	121.8		117.2		120	152	0	0	180	137	0	0	180	109	120	88
220	280.0	115.7		109.4		60	182	0	0	360	131	0	0	60	130	360	87
221	240.0	114.7		110.5		0	0	0	0	360	134	0	0	120	112	240	87
222	300.0	128.0		119.3		300	155	0	0	180	155	120	92	60	144	240	88
223	160.0	108.5		103.0		120	133	0	0	120	133	0	0	0	0	240	84
224	380.0	129.1		120.9		420	149	0	0	360	149	60	85	0	0	300	86
225	520.0	116.5		110.6		480	138	0	0	420	138	60	90	60	85	540	87
226	200.0	103.8		99.1		60	123	0	0	180	135	0	0	0	0	360	85
227	380.0	110.8		105.9		120	149	0	0	420	129	120	96	60	118	420	85
228	220.0	128.8		123.7		0	0	0	0	480	143	0	0	0	0	180	91
229	260.0	102.6		99.1		240	120	0	0	180	120	60	84	0	0	300	82
230	340.0	123.2		120.3		420	131	0	0	420	131	0	0	0	0	180	87
231	420.0	97.7		93.2		240	145	0	0	0	0	300	86	60	117	660	84
232	260.0	118.2		109.3		60	180	0	0	300	145	0	0	60	121	360	85
233	120.0	106.3		102.0		60	135	0	0	120	124	0	0	0	0	180	85
234	360.0	99.1		95.1		60	148	0	0	240	130	0	0	120	96	660	84
235	300.0	112.2		105.9		0	0	0	0	420	141	60	87	0	0	420	87
236	240.0	115.3		113.6		300	121	0	0	300	121	0	0	0	0	120	87
237	440.0	99.4		96.4		60	129	0	0	420	122	0	0	60	99	780	85
238	220.0	124.6		121.0		0	0	0	0	480	136	0	0	60	107	120	88
239	400.0	96.2		92.6		60	177	0	0	240	118	0	0	0	0	900	85
240	280.0	110.1		105.4		60	148	0	0	240	136	0	0	120	117	420	88
241	320.0	98.4		93.7		60	110	0	0	300	131	120	85	0	0	480	80
242	180.0	97.7		94.3		0	0	0	0	180	125	0	0	0	0	360	84
243	340.0	105.1		101.1		120	125	0	0	420	124	0	0	60	88	420	83
244	260.0	116.1		113.4		240	125	0	0	240	125	0	0	120	124	180	87
245	320.0	104.6		98.8		60	141	0	0	360	126	0	0	60	137	480	80
246	180.0	122.2		111.4		60	192	0	0	240	143	0	0	0	0	240	84
247	240.0	119.3		116.3		60	139	0	0	420	127	0	0	120	119	120	83
248	280.0	118.2		113.4		60	154	0	0	480	131	0	0	60	113	240	85
249	200.0	120.2		113.0		0	0	0	0	360	143	0	0	0	0	240	86
250	260.0	136.5		132.2		120	167	0	0	420	143	0	0	180	119	60	82
251	280.0	128.6		126.0		180	147	0	0	480	132	0	0	60	120	120	92
252	240.0	119.0		114.5		180	150	0	0	240	123	60	88	120	113	120	86
253	280.0	114.6		106.7		180	164	0	0	300	123	0	0	0	0	360	83
254	160.0	119.9		115.8		60	150	0	0	180	131	0	0	120	121	120	87
255	80.0	131.5		123.6		0	0	0	0	60	175	0	0	120	132	60	87
256	260.0	126.2		118.5		60	175	0	0	420	144	0	0	60	113	240	86
257	300.0	117.2		110.2		180	164	0	0	360	125	0	0	0	0	360	86
258	220.0	125.3		119.5		0	0	0	0	480	140	0	0	0	0	180	86
259	240.0	122.1		115.3		180	162	0	0	240	127	60	85	120	110	120	83
260	320.0	108.3		101.8		60	158	0	0	300	139	0	0	120	108	480	83
261	300.0	134.8		128.9		120	183	0	0	480	143	0	0	180	112	120	88
262	200.0	119.6		118.4		0	0	0	0	300	118	0	0	240	129	60	90
263	360.0	128.9		121.2		360	152	0	0	300	152	60	91	120	107	240	86
264	400.0	118.4		109.6		240	155	0	0	420	142	120	85	60	80	360	84
265	220.0	128.4		124.4		120	145	0	0	420	135	0	0	60	97	60	80
266	300.0	120.4		113.2		180	160	0	0	360	134	0	0	0	0	360	87
267	260.0	106.4		101.6		120	137	0	0	240	128	120	87	60	83	240	85
268	440.0	121.2		112.1		180	170	0	0	600	140	0	0	0	0	540	84
269	480.0	122.9		115.5		240	169	0	0	660	134	60	111	0	0	480	86
270	360.0	116.9		112.0		120	149	0	0	600	129	0	0	0	0	360	86
271	600.0	143.1		137.6		540	172	0	0	780	144	0	0	240	127	240	91
272	380.0	129.9		126.5		120	160	0	0	660	137	0	0	240	118	120	85
273	440.0	126.0		119.6		240	155	0	0	600	140	0	0	120	118	360	86
274	440.0	121.7		116.7		240	155	0	0	660	128	0	0	60	127	360	87
275	200.0	94.0		92.3		0	0	0	0	120	121	60	86	60	96	360	86
276	180.0	117.1		111.7		60	154	0	0	240	130	0	0	60	125	180	85
277	300.0	115.6		110.7		180	148	0	0	360	126	0	0	120	95	240	86
278	520.0	139.5		128.8		540	179	0	0	600	137	0	0	60	141	360	84
279	280.0	131.8		128.1		60	175	0	0	420	144	0	0	300	115	60	87
280	380.0	114.5		106.9		300	157	0	0	300	124	120	86	60	100	360	83
281	300.0	127.4		122.0		120	173	0	0	480	134	0	0	120	116	180	87
282	320.0	116.1		110.4		120	157	0	0	360	135	60	104	120	97	300	87
283	280.0	126.3		122.6		120	157	0	0	480	132	0	0	120	112	120	87
284	320.0	112.5		105.7		120	171	0	0	360	128	120	87	0	0	360	86
285	480.0	115.8		110.9		360	143	0	0	480	127	0	0	120	108	480	86
286	500.0	120.8		113.9		180	167	0	0	660	138	0	0	120	109	540	87
287	260.0	139.3		133.7		180	186	0	0	300	135	0	0	180	128	120	97
288	500.0	128.4		122.0		300	169	0	0	780	133	0	0	120	103	300	86
289	500.0	113.1		107.9		360	146	0	0	540	121	60	88	60	94	480	85
290	480.0	131.8		124.3		420	155	0	0	540	148	60	89	120	113	300	86
291	440.0	132.1		125.5		240	181	0	0	720	134	0	0	60	124	300	90
292	260.0	132.2		130.3		60	134	0	0	480	143	0	0	240	110	0	0
293	320.0	139.5		135.4		60	169	0	0	480	151	0	0	300	135	120	90
294	340.0	123.2		120.7		0	0	0	0	540	136	0	0	360	116	120	87
295	480.0	107.5		102.5		180	150	0	0	480	126	60	85	60	91	660	86
296	560.0	125.3		119.2		420	152	0	0	660	137	60	85	120	122	420	87
297	280.0	126.9		121.6		60	180	0	0	360	147	0	0	360	104	60	90
298	560.0	116.2		109.1		240	161	0	0	540	139	60	85	240	106	600	85
299	520.0	114.3		108.5		300	142	0	0	540	135	120	92	60	88	540	86
300	460.0	117.6		112.7		240	152	0	0	660	125	0	0	180	104	300	82
301	280.0	131.1		126.5		0	0	0	0	540	148	0	0	240	103	60	91
302	520.0	116.9		110.7		240	158	0	0	660	127	0	0	120	127	540	84
303	460.0	113.4		106.2		300	157	0	0	360	129	60	105	60	104	600	84
304	540.0	131.2		125.5		420	165	0	0	720	132	0	0	180	123	300	87
305	440.0	129.9		121.0		360	177	0	0	360	135	0	0	300	112	300	85
306	380.0	137.4		132.2		360	166	0	0	420	138	0	0	240	119	120	86
307	640.0	122.5		114.8		480	161	0	0	720	132	0	0	60	114	660	85
308	600.0	109.9		104.3		420	143	0	0	540	124	240	86	60	81	540	84
309	460.0	124.5		119.4		420	148	0	0	540	127	60	74	120	129	240	88
310	740.0	112.6		110.6		600	132	0	0	840	113	0	0	540	103	240	84
311	580.0	123.0		117.4		360	163	0	0	780	126	0	0	240	110	360	85
312	360.0	128.7		122.0		300	158	0	0	480	136	0	0	120	92	180	85
313	520.0	126.3		121.4		360	155	0	0	720	131	0	0	180	117	300	86
314	460.0	122.8		113.7		120	191	0	0	660	140	0	0	120	119	480	83
315	540.0	120.9		113.4		300	174	0	0	660	127	0	0	120	111	540	86
316	480.0	122.5		114.9		360	167	0	0	600	125	0	0	0	0	480	86
317	500.0	120.8		115.8		360	139	0	0	660	135	0	0	120	87	360	88
318	460.0	127.6		122.4		300	163	0	0	420	139	60	85	480	111	120	87
319	620.0	140.4		135.1		360	179	0	0	960	144	0	0	300	121	240	92
320	700.0	118.6		115.0		660	138	0	0	780	124	120	87	240	107	300	84
321	520.0	130.4		122.1		480	163	0	0	480	141	60	97	120	130	420	86
322	440.0	127.9		123.3		180	132	0	0	660	145	60	85	240	119	180	87
323	660.0	118.2		113.4		780	136	0	0	360	135	240	89	240	116	360	84
324	600.0	132.1		128.7		420	158	0	0	960	134	0	0	240	111	180	90
325	600.0	136.6		133.5		360	158	0	0	960	140	0	0	300	128	180	90
326	660.0	124.4		118.7		420	154	0	0	840	135	0	0	300	110	420	84
327	540.0	119.2		113.0		240	167	0	0	780	128	0	0	60	113	540	86
328	640.0	125.6		122.8		120	157	0	0	1140	135	0	0	480	110	180	87
329	680.0	125.5		119.4		540	161	0	0	840	129	120	88	240	103	300	85
330	540.0	138.5		130.1		540	171	0	0	540	145	120	87	180	123	240	88
331	680.0	137.9		131.5		780	165	0	0	600	137	0	0	360	125	300	85
332	660.0	138.2		135.5		600	158	0	0	1020	133	0	0	240	137	120	86
333	620.0	139.6		137.6		360	169	0	0	900	141	0	0	600	120	0	0
334	800.0	116.2		110.4		720	144	0	0	660	126	120	85	180	119	720	84
335	1000.0	135.5		131.4		1080	160	0	0	1500	129	0	0	180	110	240	85
336	960.0	132.2		126.2		1080	160	0	0	1200	129	60	95	0	0	540	88
337	1040.0	120.2		116.4		1080	142	0	0	1080	121	0	0	360	109	600	86
338	720.0	131.0		123.0		720	163	0	0	720	139	0	0	300	101	420	84
339	660.0	138.8		134.3		540	172	0	0	780	139	0	0	540	116	120	90
340	1080.0	124.4		119.7		1560	143	0	0	720	128	300	88	300	102	360	86
341	1120.0	118.1		114.0		1260	138	0	0	1200	121	120	87	120	82	660	87
342	660.0	136.3		129.7		720	167	0	0	780	131	0	0	180	122	300	85
343	1240.0	125.7		122.2		1440	144	0	0	1500	123	0	0	300	118	480	84
344	600.0	123.0		116.8		360	158	0	0	780	133	0	0	240	106	420	84
345	900.0	121.2		112.1		780	160	0	0	840	133	0	0	180	94	900	82
346	860.0	136.9		131.7		780	170	0	0	1140	133	60	112	360	115	240	87
347	540.0	145.7		136.2		540	171	0	0	660	155	0	0	180	125	240	79
348	780.0	114.7		107.5		540	155	0	0	840	125	0	0	120	91	840	82
349	1280.0	114.0		112.0		1500	126	0	0	1620	114	60	119	0	0	660	86
350	880.0	121.3		116.6		840	146	0	0	1020	125	60	79	300	99	420	85
351	860.0	132.0		126.6		1020	157	0	0	960	128	0	0	240	112	360	85
352	760.0	129.6		121.3		660	167	0	0	780	136	0	0	240	117	600	85
353	800.0	144.2		139.5		960	169	0	0	1020	137	0	0	300	114	120	83
354	560.0	139.9		137.9		360	165	0	0	720	144	0	0	600	120	0	0
355	1160.0	117.0		110.4		1200	145	0	0	1140	122	0	0	120	105	1020	80
356	1220.0	114.8		109.7		1260	140	0	0	1200	119	0	0	0	0	1200	84
357	740.0	127.1		122.6		660	151	0	0	960	130	60	114	180	110	360	86
358	1020.0	125.3		120.1		1080	149	0	0	1140	128	0	0	240	106	600	85
359	1020.0	126.4		120.5		1140	149	0	0	1080	130	60	115	120	124	660	83
360	720.0	129.2		125.6		660	147	0	0	780	130	0	0	480	127	240	82
361	920.0	134.2		130.2		1020	157	0	0	1200	131	0	0	420	102	120	84
362	740.0	137.9		134.8		720	165	0	0	720	133	0	0	720	120	60	87
363	800.0	119.4		114.9		720	143	0	0	1020	123	0	0	300	98	360	80
364	940.0	121.8		115.0		1080	147	0	0	780	132	120	87	0	0	840	85
365	580.0	129.8		123.7		600	163	0	0	420	131	60	87	540	107	120	83
366	740.0	134.9		130.8		780	158	0	0	960	134	0	0	360	104	120	85
367	1300.0	124.2		121.5		1500	137	0	0	1500	128	0	0	480	107	420	85
368	880.0	134.4		131.7		840	151	0	0	1260	136	0	0	360	112	180	90
369	780.0	116.2		109.3		660	152	0	0	720	125	0	0	120	92	840	84
370	880.0	126.0		122.7		900	144	0	0	1140	128	0	0	360	103	240	84
371	1340.0	110.9		109.6		1560	120	0	0	1740	111	0	0	180	105	540	86
372	1360.0	129.1		124.9		1740	149	0	0	1620	125	0	0	180	103	540	86
373	880.0	122.3		118.1		900	146	0	0	1080	122	0	0	240	98	420	86
374	780.0	132.7		127.9		480	168	0	0	1200	135	0	0	300	118	360	90
375	820.0	140.5		137.3		780	162	0	0	1080	141	0	0	480	118	120	87
376	840.0	136.0		131.7		780	163	0	0	1260	133	0	0	300	109	180	85
377	880.0	127.4		123.6		1080	145	0	0	1020	126	60	101	120	121	360	85
378	660.0	127.2		122.6		480	156	0	0	720	134	60	90	480	114	240	85
379	1200.0	120.1		117.0		1320	137	0	0	1440	121	0	0	180	115	660	86
380	740.0	116.2		112.8		600	137	0	0	900	123	60	87	120	98	540	89
381	1120.0	132.1		126.9		1380	157	0	0	1320	125	0	0	180	117	480	86
382	860.0	128.0		122.5		660	157	0	0	1140	135	0	0	360	102	420	86
383	1140.0	122.1		118.3		1380	141	0	0	1380	120	60	87	120	94	480	85
384	1020.0	129.6		126.2		1440	140	0	0	1020	137	60	89	360	96	180	86
385	900.0	126.6		122.2		720	148	0	0	1260	132	0	0	300	114	420	83
386	900.0	139.0		135.4		1020	160	0	0	1200	134	0	0	300	119	180	86
387	600.0	129.7		127.5		300	158	0	0	900	134	0	0	600	109	0	0
388	1020.0	124.9		122.8		1260	132	0	0	1200	130	60	84	300	115	240	85
389	880.0	130.5		125.9		960	152	0	0	1200	130	0	0	180	97	300	84
390	1440.0	111.0		107.7		1920	128	0	0	1140	111	300	86	120	97	840	83
391	1180.0	117.4		113.2		1260	139	0	0	1140	122	60	102	300	97	780	85
392	1020.0	122.7		118.9		1080	145	0	0	1380	120	0	0	120	99	480	86
393	920.0	124.2		121.4		780	143	0	0	1380	126	0	0	300	104	300	87
394	1520.0	121.1		118.2		1800	137	0	0	1680	121	0	0	420	108	660	86
395	1120.0	121.8		118.4		1260	139	0	0	1320	123	0	0	360	104	420	82
396	940.0	128.0		122.8		900	159	0	0	1320	123	0	0	240	105	360	84
397	1280.0	124.3		120.5		1500	141	0	0	1620	125	0	0	180	102	540	83
398	1140.0	131.6		129.0		1200	151	0	0	1380	130	0	0	720	110	120	86
399	920.0	135.7		131.3		960	160	0	0	960	137	0	0	660	113	180	83
400	1060.0	121.8		118.7		1260	138	0	0	1020	125	60	83	540	102	300	86
401	1060.0	131.2		127.2		1380	149	0	0	1320	128	0	0	120	100	360	85
402	1220.0	127.5		124.7		1740	140	0	0	1380	126	0	0	180	104	360	85
403	1200.0	127.6		124.9		1620	143	0	0	1320	123	60	117	360	105	240	85
404	840.0	142.3		138.8		1080	163	0	0	840	138	0	0	540	114	60	85
405	1080.0	134.4		131.7		1260	153	0	0	1380	131	0	0	600	103	0	0
406	1120.0	135.2		131.9		1380	154	0	0	1380	132	0	0	360	106	240	90
407	1120.0	134.9		133.3		1140	151	0	0	1380	135	0	0	840	113	0	0
408	920.0	130.2		126.7		780	159	0	0	1260	127	0	0	540	111	180	86
409	840.0	141.3		138.6		1020	156	0	0	1080	141	0	0	300	112	120	92
410	860.0	134.3		130.5		1080	154	0	0	960	131	0	0	300	111	240	88
411	1220.0	138.2		134.3		1620	160	0	0	1440	129	0	0	480	106	120	84
412	1360.0	125.4		121.7		1860	145	0	0	1440	118	0	0	360	98	420	87
413	940.0	138.9		136.3		1200	159	0	0	1080	130	0	0	420	115	120	102
414	960.0	136.9		134.9		960	155	0	0	1440	134	0	0	420	113	60	86
415	820.0	139.8		136.1		960	158	0	0	1140	138	0	0	240	101	120	88
416	1040.0	123.8		121.1		1200	141	0	0	1260	122	0	0	300	106	360	88
417	940.0	130.4		126.4		960	155	0	0	1200	129	0	0	420	102	240	89
418	1220.0	125.9		121.9		1500	145	0	0	1440	124	0	0	180	105	540	85
419	1120.0	126.5		123.5		1500	141	0	0	1200	124	0	0	240	119	420	86
420	960.0	132.5		129.5		1140	149	0	0	1200	130	0	0	300	117	240	86
421	1120.0	127.2		123.9		1680	142	0	0	1020	123	0	0	240	114	420	86
422	920.0	130.7		128.5		960	147	0	0	1140	131	0	0	480	111	180	94
423	1160.0	131.3		128.1		1560	150	0	0	1140	125	0	0	540	110	240	88
424	1120.0	133.6		129.2		1560	154	0	0	1080	129	0	0	600	98	120	87
425	1140.0	133.2		130.3		1380	151	0	0	1500	129	0	0	420	103	120	86
426	980.0	130.6		127.8		1260	148	0	0	960	128	0	0	600	107	120	87
427	900.0	135.4		131.9		960	152	0	0	1320	136	0	0	240	104	180	84
428	1460.0	126.9		124.4		1800	143	0	0	1860	123	0	0	360	107	360	87
429	1160.0	130.1		127.1		1500	147	0	0	1440	125	0	0	240	107	300	88
430	960.0	130.2		125.9		1080	155	0	0	1020	128	120	85	480	103	180	96
431	1300.0	129.6		126.6		1560	148	0	0	1380	128	0	0	660	108	300	89
432	1140.0	134.6		132.4		1320	151	0	0	1320	134	0	0	720	107	60	119
433	1060.0	129.0		126.1		1380	147	0	0	1320	121	0	0	240	111	240	87
434	980.0	137.6		133.0		1080	162	0	0	1140	136	0	0	480	111	240	88
435	1060.0	135.0		131.4		1500	153	0	0	1320	126	0	0	120	107	240	86
436	800.0	135.9		132.2		1020	154	0	0	780	136	0	0	360	115	240	90
437	1360.0	126.1		123.0		2040	140	0	0	1440	122	60	86	120	99	420	86
438	960.0	131.3		126.3		1140	158	0	0	1020	126	0	0	480	102	240	86
439	1320.0	119.9		117.1		1740	134	0	0	1380	119	60	103	240	105	540	85
440	1300.0	128.2		126.3		1620	144	0	0	1500	123	0	0	720	107	60	84
441	1360.0	122.1		120.4		1560	134	0	0	1680	122	0	0	540	108	300	86
442	1200.0	130.3		128.4		1740	142	0	0	1320	126	0	0	360	112	180	86
443	900.0	135.4		132.6		960	157	0	0	1200	129	0	0	420	119	120	85
444	1300.0	125.0		122.3		1680	142	0	0	1560	120	0	0	480	97	180	85
445	1040.0	132.6		129.2		1200	153	0	0	1260	129	0	0	420	112	240	86
446	1220.0	122.6		119.7		1500	139	0	0	1440	121	0	0	300	100	420	86
447	1200.0	131.4		129.8		1500	147	0	0	1560	123	0	0	480	116	60	85
448	1100.0	139.1		135.6		1500	159	0	0	1260	131	0	0	420	107	120	88
449	1160.0	130.1		126.2		1380	152	0	0	1260	127	60	87	600	104	180	85
450	1020.0	136.7		135.3		1260	153	0	0	1140	129	0	0	660	119	0	0
451	920.0	129.5		127.1		1080	146	0	0	1200	125	0	0	300	115	180	85
452	940.0	138.0		133.6		1260	156	0	0	1140	134	0	0	120	116	300	86
453	1020.0	127.3		124.3		960	148	0	0	1620	125	0	0	180	105	300	87
454	1240.0	129.8		127.5		1680	146	0	0	1500	121	0	0	360	112	180	87
455	1180.0	128.9		126.9		1320	146	0	0	1740	123	0	0	360	109	120	85
456	1200.0	131.8		129.0		1680	147	0	0	1380	126	60	116	300	104	180	85
457	1020.0	133.0		129.9		960	155	0	0	1260	133	0	0	660	114	180	86
458	960.0	128.5		123.9		1020	145	0	0	1140	136	0	0	240	110	480	85
459	1020.0	133.1		130.8		1200	151	0	0	1380	128	0	0	480	103	0	0
460	1580.0	109.3		108.7		2520	112	0	0	1500	110	60	100	240	120	420	86
461	1020.0	141.6		138.1		1260	159	0	0	1500	137	0	0	180	94	120	88
462	960.0	132.1		127.3		900	160	0	0	1200	131	0	0	420	115	360	86
463	1100.0	123.8		121.0		1080	144	0	0	1620	122	0	0	300	94	300	91
464	1280.0	127.8		126.6		1560	135	0	0	1680	129	0	0	480	111	120	84
465	1140.0	127.4		126.0		1260	142	0	0	1620	123	0	0	420	110	120	93
466	1120.0	127.6		125.7		1200	139	0	0	1620	128	0	0	300	112	240	87
467	1120.0	129.2		127.4		1320	144	0	0	1440	126	0	0	540	106	60	88
468	1120.0	129.1		127.2		1440	140	0	0	1260	131	0	0	600	103	60	87
469	1280.0	126.2		124.4		1380	143	0	0	1800	122	0	0	480	108	180	89
470	1200.0	125.5		122.4		1380	141	0	0	1740	124	0	0	120	89	360	85
471	1060.0	130.2		127.4		1320	146	0	0	1260	129	0	0	360	105	240	88
472	1180.0	124.4		121.6		1620	140	0	0	1260	120	0	0	420	101	240	83
473	1140.0	123.4		120.4		1620	138	0	0	1080	121	0	0	420	103	300	82
474	1160.0	126.4		123.6		1440	144	0	0	1500	121	60	89	300	102	180	84
475	1300.0	126.6		125.5		1860	136	0	0	1260	124	0	0	660	112	120	89
476	1160.0	124.9		122.6		1680	138	0	0	1140	121	0	0	420	105	240	86
477	1440.0	117.6		115.8		1920	130	0	0	1560	115	0	0	420	101	420	87
478	1100.0	123.7		122.7		1500	130	0	0	1260	124	0	0	360	113	180	90
479	1120.0	113.4		111.9		1500	126	0	0	1200	109	60	94	180	99	420	90
480	1260.0	116.0		114.9		1680	126	60	118	1380	113	0	0	480	101	180	86
481	1100.0	122.7		121.8		1380	130	0	0	1320	122	0	0	480	113	120	85
482	880.0	119.4		117.6		1080	133	0	0	1140	116	0	0	240	99	180	87
483	1220.0	120.0		118.6		1800	127	0	0	1260	121	0	0	240	112	360	87
484	1240.0	122.4		120.6		1680	132	0	0	1440	123	0	0	300	101	300	87
485	1040.0	117.9		115.4		1020	131	0	0	1500	121	0	0	180	94	420	85
486	1040.0	119.4		117.9		1320	131	0	0	1140	117	0	0	420	108	240	87
487	1320.0	117.5		115.3		1800	131	0	0	1440	113	0	0	360	101	360	84
488	1300.0	118.0		116.1		2040	130	0	0	1200	111	0	0	180	106	480	89
489	1100.0	128.5		126.3		1260	144	0	0	1380	127	0	0	480	107	180	89
490	1360.0	124.9		122.8		1980	138	0	0	1440	120	60	106	300	103	300	88
491	1080.0	127.9		127.0		1200	139	0	0	1380	127	0	0	540	112	120	100
492	1240.0	126.6		124.8		1800	136	0	0	1380	126	0	0	360	102	180	86
493	1220.0	124.6		123.0		1800	137	0	0	1260	117	0	0	480	108	120	86
494	1200.0	124.1		121.0		1500	138	0	0	1440	125	0	0	240	102	420	84
495	1400.0	125.8		123.9		1740	137	0	0	1620	127	0	0	540	108	300	87
496	1020.0	124.7		122.4		1440	138	0	0	1140	120	0	0	240	107	240	85
497	1160.0	122.4		120.6		1260	137	0	0	1680	119	0	0	240	113	300	88
498	1240.0	124.6		122.0		1800	136	0	0	1380	124	0	0	180	93	360	86
499	1160.0	122.4		120.7		1560	133	0	0	1380	120	0	0	240	111	300	87
500	1100.0	128.4		127.8		1440	137	0	0	1380	124	0	0	480	115	0	0
501	1060.0	124.4		122.7		1140	140	0	0	1380	120	0	0	480	114	180	87
502	960.0	131.3		127.7		1020	152	0	0	1260	131	60	93	360	102	180	88
503	1000.0	126.0		123.2		1140	147	0	0	1320	119	0	0	420	103	120	84
504	1100.0	125.6		122.9		1500	142	0	0	1320	118	0	0	180	109	300	87
505	1160.0	121.8		120.4		1320	130	0	0	1560	123	0	0	360	110	240	86
506	1220.0	116.9		115.6		1740	125	0	0	1380	116	60	93	300	97	180	86
507	1080.0	121.1		119.4		1020	139	0	0	1620	118	0	0	420	102	180	92
508	1180.0	126.6		123.7		1440	145	0	0	1320	117	0	0	480	124	300	85
509	1220.0	131.1		129.2		1800	140	0	0	1380	130	60	85	240	114	180	88
510	980.0	123.5		122.3		1380	133	0	0	1200	120	0	0	240	102	120	92
511	1040.0	130.9		129.0		1500	145	0	0	1260	122	0	0	180	111	180	95
512	1280.0	123.1		120.3		1860	138	0	0	1260	119	0	0	300	96	420	89
513	1180.0	126.5		123.9		1320	146	0	0	1440	122	0	0	600	106	180	87
514	1020.0	131.1		129.2		1440	143	0	0	1140	128	0	0	360	109	120	85
515	1200.0	133.6		130.6		1620	151	0	0	1320	127	0	0	480	111	180	85
516	1080.0	130.1		128.1		1380	144	0	0	1380	126	0	0	240	113	240	91
517	1040.0	128.2		125.2		1320	145	0	0	1380	123	0	0	180	102	240	85
518	1240.0	124.9		123.5		1740	134	0	0	1440	122	0	0	360	112	180	85
519	1280.0	129.0		126.1		1800	142	0	0	1440	128	0	0	300	99	300	86
520	960.0	125.1		123.3		1200	138	0	0	1080	123	0	0	420	110	180	87
521	1120.0	126.3		123.1		1380	144	0	0	1560	121	0	0	120	99	300	83
522	1280.0	115.7		114.3		2160	124	0	0	1020	113	60	90	300	100	300	86
523	1000.0	123.7		120.0		1380	140	0	0	960	123	60	105	360	94	240	82
524	1180.0	114.8		112.9		1680	128	0	0	1260	107	0	0	240	108	360	85
525	1380.0	116.9		115.6		2100	125	0	0	1320	115	0	0	540	102	180	80
526	1100.0	121.5		120.0		1440	134	0	0	1260	117	0	0	420	107	180	87
527	1020.0	115.7		114.2		900	130	0	0	1500	116	0	0	480	100	180	84
528	1000.0	117.4		116.2		1560	123	0	0	960	118	0	0	240	112	240	84
529	1080.0	121.4		119.7		1500	132	0	0	1080	121	60	110	420	102	180	85
530	1100.0	115.4		114.2		1560	124	0	0	1200	114	60	97	300	98	180	85
531	1160.0	109.2		108.1		1680	117	0	0	1320	108	60	84	180	88	240	84
532	1120.0	112.9		112.1		1320	122	0	0	1320	112	60	91	480	101	180	92
533	740.0	118.8		117.0		840	136	0	0	960	112	0	0	360	102	60	86
534	1040.0	114.1		112.3		1440	126	0	0	1020	112	60	106	240	96	360	86
535	1020.0	115.9		114.9		1260	125	0	0	1380	114	0	0	300	98	120	87
536	1020.0	116.4		113.8		1320	130	0	0	1080	117	0	0	300	93	360	84
537	1060.0	118.5		116.3		1200	134	0	0	1380	116	0	0	360	99	240	84
538	1020.0	117.5		115.1		1380	130	0	0	1140	117	0	0	420	87	120	86
539	960.0	116.6		113.9		1020	134	0	0	1200	117	0	0	120	85	540	90
540	780.0	128.3		126.3		960	142	0	0	900	126	0	0	300	115	180	89
541	940.0	127.5		124.9		1380	140	0	0	1080	124	0	0	60	105	300	87
542	1140.0	120.3		117.3		1740	133	0	0	1200	117	60	87	180	85	240	80
543	880.0	121.0		119.9		1140	131	0	0	900	118	60	97	420	114	120	86
544	900.0	115.2		111.9		1080	133	0	0	1020	114	60	85	300	85	240	85
545	920.0	117.5		113.6		1020	140	0	0	1140	113	60	90	180	102	360	80
546	980.0	118.1		116.2		1380	128	0	0	1140	117	0	0	120	99	300	84
547	1100.0	108.2		106.5		1500	119	0	0	1140	106	60	86	60	118	540	84
548	1040.0	116.8		115.5		1320	129	0	0	1320	112	0	0	360	100	120	86
549	920.0	126.3		124.3		1200	140	0	0	1080	123	0	0	360	105	120	84
550	1060.0	106.4		101.6		960	136	0	0	780	113	0	0	1260	83	180	84
551	1140.0	111.1		109.5		1560	122	0	0	1020	111	0	0	540	95	300	84
552	1040.0	119.0		116.4		1320	134	0	0	1200	116	0	0	360	99	240	81
553	860.0	124.0		120.7		1080	143	0	0	900	120	60	90	300	105	240	86
554	1260.0	109.7		108.9		1860	117	0	0	1200	108	120	96	420	98	180	83
555	800.0	112.5		109.9		960	128	0	0	840	113	0	0	120	96	480	85
556	1100.0	112.5		111.3		1260	123	0	0	1260	113	0	0	660	97	120	83
557	1220.0	105.0		103.6		1380	116	0	0	1380	106	120	86	240	95	540	83
558	1000.0	115.1		113.1		1380	127	0	0	960	111	0	0	480	104	180	75
559	1180.0	111.6		109.5		1560	121	0	0	1260	115	60	88	180	87	480	84
560	980.0	119.0		117.6		1200	131	0	0	1380	115	0	0	120	107	240	88
561	880.0	118.9		116.1		1080	135	0	0	960	118	0	0	300	99	300	84
562	760.0	121.4		119.2		720	138	0	0	1020	119	0	0	300	118	240	86
563	1040.0	108.7		107.2		1200	122	0	0	1200	107	0	0	360	93	360	86
564	1140.0	115.2		113.5		1440	128	0	0	1200	113	0	0	420	102	360	87
565	1040.0	117.8		116.8		1380	128	0	0	1200	113	0	0	420	106	120	89
566	1080.0	106.1		104.1		1440	119	0	0	1020	105	60	87	180	85	540	83
567	1100.0	115.9		114.1		1260	126	0	0	1320	119	0	0	480	96	240	85
568	860.0	117.8		116.3		900	133	0	0	1080	114	60	102	360	108	180	89
569	1160.0	115.7		113.7		1380	129	0	0	1320	116	0	0	600	94	180	84
570	720.0	118.2		116.0		660	138	0	0	1020	117	0	0	300	96	180	90
571	1120.0	108.9		107.3		1260	122	0	0	1380	107	0	0	360	96	360	83
572	880.0	113.8		112.1		960	129	0	0	1200	110	0	0	300	96	180	87
573	780.0	113.3		111.9		600	130	0	0	960	113	0	0	660	104	120	83
574	960.0	110.0		108.8		1140	120	0	0	1200	109	60	92	180	99	300	86
575	1300.0	108.2		107.0		1920	118	0	0	1260	103	0	0	420	96	300	84
576	980.0	117.6		116.0		1320	129	0	0	1140	115	0	0	300	95	180	88
577	1160.0	109.1		106.8		1800	121	0	0	1020	105	60	88	240	77	360	86
578	760.0	121.5		118.2		840	139	0	0	900	121	0	0	300	107	240	80
579	1100.0	111.4		110.0		1380	123	0	0	960	111	60	90	720	98	180	85
580	800.0	117.8		115.3		840	135	0	0	1080	117	0	0	360	91	120	85
581	1140.0	114.0		112.5		1500	124	0	0	1320	113	0	0	300	97	300	85
582	880.0	115.6		114.1		1140	128	0	0	900	111	0	0	360	107	240	87
583	1080.0	117.8		115.9		1440	129	0	0	1200	117	60	88	300	99	240	85
584	900.0	123.0		120.7		960	141	0	0	1200	120	0	0	420	101	120	86
585	920.0	128.2		125.7		1380	142	0	0	1080	119	0	0	60	139	240	88
586	920.0	115.5		113.9		1200	127	0	0	1020	114	0	0	240	97	300	89
587	800.0	116.0		114.8		1080	125	0	0	780	115	0	0	360	107	180	85
588	900.0	118.4		117.0		1080	126	0	0	1080	122	0	0	360	101	180	86
589	1020.0	108.7		106.7		1260	121	0	0	1020	110	60	87	240	93	480	84
590	920.0	117.6		114.9		1260	129	0	0	900	121	0	0	60	111	540	86
591	1100.0	119.5		116.5		1500	134	0	0	1140	119	60	88	300	91	300	84
592	860.0	125.7		124.9		1080	133	0	0	960	126	0	0	480	113	60	89
593	1220.0	118.0		116.5		1500	130	0	0	1560	115	0	0	420	101	180	84
594	1000.0	121.9		119.9		1320	135	0	0	1140	119	0	0	240	103	300	90
595	900.0	121.0		118.8		1140	134	0	0	900	123	60	84	360	102	240	90
596	1180.0	113.3		111.9		1560	124	0	0	1260	112	0	0	300	94	420	91
597	1040.0	122.0		121.1		1560	131	0	0	1080	116	0	0	360	112	120	90
598	920.0	118.6		115.5		960	138	0	0	1080	119	0	0	360	99	360	85
599	800.0	108.1		106.0		900	122	0	0	780	111	0	0	300	91	420	85
600	920.0	114.8		113.8		1080	124	0	0	1140	113	0	0	300	110	240	88
601	1160.0	118.8		117.8		1740	127	0	0	1080	116	60	98	420	109	180	87
602	840.0	122.1		120.2		1080	133	0	0	900	124	0	0	480	99	60	81
603	1000.0	125.1		122.2		1260	142	0	0	1140	122	0	0	360	101	240	87
604	740.0	131.6		128.8		600	154	0	0	960	133	0	0	540	114	120	87
605	700.0	130.0		128.3		840	144	0	0	960	126	0	0	240	107	60	89
606	600.0	124.4		119.9		780	145	0	0	600	123	0	0	240	90	180	86
607	740.0	124.5		120.0		780	151	0	0	720	125	0	0	300	103	420	90
608	860.0	119.8		116.2		900	143	0	0	960	118	60	87	420	98	240	86
609	900.0	122.5		119.3		840	145	0	0	1260	121	0	0	300	101	300	87
610	1120.0	119.7		118.0		1380	129	0	0	1320	119	0	0	360	116	300	84
611	1120.0	121.6		118.8		1140	143	0	0	1440	118	0	0	480	103	300	87
612	860.0	123.2		121.8		1080	130	0	0	1020	127	0	0	360	104	120	87
613	1060.0	118.3		115.2		1260	136	0	0	1380	115	0	0	240	91	300	81
614	1200.0	121.1		117.1		1380	143	0	0	1440	118	0	0	360	94	420	83
615	640.0	119.0		116.2		720	137	0	0	720	115	0	0	240	112	240	84
616	920.0	124.0		121.4		1080	139	0	0	1140	123	60	85	180	111	300	89
617	780.0	129.3		126.5		960	145	0	0	1020	126	60	86	180	108	120	85
618	780.0	130.3		127.2		720	147	0	0	1140	131	0	0	240	122	240	85
619	640.0	125.2		120.3		420	160	0	0	1020	127	60	104	120	94	300	87
620	1140.0	116.0		114.6		1500	126	0	0	1440	114	0	0	180	99	300	86
621	1060.0	117.2		113.0		1020	145	0	0	1260	114	60	118	300	90	540	87
622	1220.0	117.5		115.8		1800	128	0	0	1260	115	0	0	240	94	360	89
623	980.0	127.2		123.6		1320	145	0	0	1140	122	60	109	120	96	300	85
624	980.0	122.1		118.7		1260	138	0	0	1020	122	60	87	180	109	420	85
625	1160.0	115.3		113.8		1500	127	0	0	1320	113	0	0	240	101	420	89
626	1000.0	113.5		111.4		1260	125	0	0	1020	116	0	0	360	98	360	82
627	1040.0	121.1		118.9		1080	135	0	0	1260	124	0	0	300	109	480	90
628	820.0	118.8		117.2		840	132	0	0	1020	119	0	0	420	106	180	86
629	920.0	125.7		122.7		900	144	0	0	1260	127	60	88	300	105	240	86
630	960.0	121.5		118.7		1080	140	0	0	1200	119	60	97	300	99	240	85
631	860.0	129.5		127.9		1140	145	0	0	900	121	0	0	540	111	0	0
632	820.0	126.4		121.7		780	150	0	0	1020	131	60	102	180	89	420	91
633	980.0	126.1		123.1		1080	145	0	0	1200	125	0	0	360	105	300	88
634	860.0	126.0		122.8		900	146	0	0	1080	126	0	0	480	97	120	91
635	1040.0	117.6		115.3		1140	135	0	0	1320	115	60	109	180	94	420	90
636	1200.0	113.5		111.3		1740	126	0	0	1140	111	60	88	120	97	540	85
637	1160.0	115.4		112.3		1320	132	0	0	1320	117	120	88	420	89	300	83
638	1160.0	118.1		114.7		1440	133	0	0	1260	121	60	93	120	91	600	84
639	480.0	126.0		121.8		300	169	0	0	540	127	0	0	420	107	180	96
640	980.0	124.4		118.7		1080	150	0	0	1200	123	60	87	120	100	480	81
641	1020.0	119.1		115.9		1020	138	0	0	1320	120	180	107	120	86	420	85
642	860.0	116.0		112.4		660	145	0	0	1200	115	60	87	180	106	480	86
643	520.0	121.6		118.0		180	156	0	0	900	129	0	0	360	98	120	85
644	1100.0	115.7		114.1		1380	129	0	0	1200	111	0	0	420	107	300	86
645	840.0	124.8		121.4		900	149	0	0	1020	116	0	0	420	112	180	83
646	760.0	120.7		115.0		660	154	0	0	1020	120	0	0	240	89	360	83
647	880.0	116.8		113.9		1080	134	0	0	900	116	0	0	180	94	480	88
648	900.0	122.3		119.3		1020	144	0	0	1200	115	0	0	240	102	240	87
649	1000.0	120.3		116.5		960	142	0	0	1260	122	0	0	240	104	540	85
650	1140.0	114.5		112.6		1620	125	0	0	1140	114	60	102	120	97	480	86
651	1260.0	116.9		115.9		1860	125	0	0	1560	113	0	0	180	98	180	86
652	760.0	124.7		121.7		900	144	0	0	720	123	0	0	360	107	300	92
653	1100.0	120.2		117.0		1380	138	0	0	1260	117	0	0	240	96	420	85
654	1240.0	113.1		111.2		1500	128	0	0	1560	108	0	0	300	100	360	84
655	860.0	124.7		123.3		960	135	0	0	1140	122	0	0	360	121	120	80
656	700.0	123.1		120.7		660	142	0	0	900	121	0	0	360	112	180	86
657	840.0	111.3		107.5		780	135	0	0	840	113	240	85	180	111	480	83
658	1200.0	111.8		109.3		1680	127	0	0	840	108	240	99	180	99	660	86
659	960.0	122.8		120.5		1020	136	0	0	1020	129	0	0	540	104	300	91
660	980.0	119.8		117.1		1260	136	0	0	900	119	0	0	600	97	180	86
661	1120.0	115.2		111.1		1440	134	0	0	960	116	60	108	60	110	840	83
662	1020.0	114.0		111.0		1020	133	0	0	1140	116	0	0	300	100	600	85
663	980.0	115.7		114.2		1080	128	0	0	1200	115	0	0	360	103	300	89
664	1020.0	112.1		110.4		1260	124	0	0	1140	112	0	0	120	102	540	87
665	780.0	120.6		118.9		780	135	0	0	1080	120	0	0	300	105	180	88
666	980.0	111.6		109.0		1260	124	0	0	960	115	60	95	300	86	360	83
667	1200.0	116.5		114.3		1620	127	0	0	1260	119	0	0	60	105	660	87
668	960.0	123.8		121.5		1020	138	0	0	1140	126	0	0	360	110	360	90
669	960.0	123.3		118.9		1320	139	0	0	960	126	0	0	300	86	300	83
670	760.0	115.6		113.0		600	123	0	0	960	127	60	83	300	106	360	86
671	1140.0	114.5		113.5		1680	123	0	0	1320	110	0	0	240	103	180	84
672	940.0	124.5		120.8		1080	144	0	0	1260	122	60	91	240	89	180	83
673	1220.0	114.3		111.9		1560	130	0	0	1380	110	60	86	180	96	480	86
674	740.0	125.5		123.7		720	141	0	0	1140	124	0	0	180	109	180	90
675	1060.0	120.9		118.6		1020	139	0	0	1560	119	0	0	300	104	300	86
676	760.0	123.3		121.5		840	134	0	0	1020	125	0	0	240	107	180	86
677	940.0	113.3		110.9		1260	126	0	0	1020	113	60	84	120	92	360	82
678	960.0	120.4		118.7		1140	134	0	0	1260	117	0	0	300	103	180	87
679	940.0	113.4		111.0		960	130	0	0	1080	116	60	94	60	90	660	89
680	880.0	116.0		113.0		1140	132	0	0	840	114	120	112	0	0	540	86
681	920.0	123.9		120.2		1200	141	0	0	1020	123	0	0	240	91	300	85
682	960.0	122.8		120.6		1500	133	0	0	900	122	0	0	300	99	180	82
683	1100.0	113.7		111.8		1560	125	0	0	1080	112	0	0	240	96	420	86
684	1180.0	117.8		115.0		1800	131	0	0	1200	113	0	0	60	95	480	83
685	1000.0	118.2		115.1		1140	136	0	0	1200	118	0	0	120	87	540	88
686	920.0	125.7		122.1		1080	144	0	0	1140	124	0	0	120	116	420	86
687	740.0	118.2		114.1		600	146	0	0	960	120	0	0	180	102	480	86
688	1000.0	115.3		112.3		1140	132	0	0	960	119	0	0	420	95	480	86
689	880.0	124.4		120.8		1200	141	0	0	900	122	0	0	120	110	420	86
690	700.0	136.4		130.6		840	161	0	0	960	131	0	0	0	0	300	85
691	680.0	134.9		130.1		780	158	0	0	840	131	0	0	180	119	240	85
692	1100.0	112.8		110.3		1560	126	0	0	1020	112	60	87	240	84	420	86
693	820.0	114.6		111.9		960	132	0	0	720	116	0	0	420	95	360	88
694	1040.0	120.6		117.5		1140	139	0	0	1320	120	0	0	180	92	480	89
695	880.0	122.9		118.5		900	146	0	0	1140	123	0	0	240	96	360	83
696	900.0	121.9		119.3		1260	136	0	0	1020	118	0	0	0	0	420	89
697	720.0	124.2		120.1		720	147	0	0	1020	123	60	88	60	103	300	85
698	1000.0	115.2		111.2		1200	136	0	0	1020	114	0	0	240	86	540	84
699	1220.0	109.3		108.0		1740	118	0	0	1200	107	0	0	300	105	420	83
700	1040.0	117.4		114.0		1260	138	0	0	1200	112	0	0	120	91	540	87
701	1460.0	106.1		104.9		1920	116	0	0	1560	104	120	93	360	91	420	85
702	900.0	118.7		114.2		1080	141	0	0	900	117	180	88	120	106	420	82
703	1000.0	122.3		118.8		1320	141	0	0	900	118	60	106	240	110	480	87
704	1020.0	103.9		102.3		900	120	0	0	1140	105	60	100	420	90	540	86
705	1020.0	112.8		111.4		1440	122	0	0	1020	112	60	86	360	98	180	82
706	1300.0	109.8		107.7		1860	124	0	0	1140	104	120	85	360	91	420	86
707	1040.0	121.3		119.0		1320	134	0	0	1320	120	0	0	60	109	420	87
708	1400.0	117.5		115.2		1860	130	0	0	1500	118	60	103	180	95	600	86
709	1000.0	127.0		124.1		1440	140	0	0	1140	124	0	0	60	118	360	86
710	940.0	129.1		124.9		1560	146	0	0	720	120	60	89	120	111	360	87
711	1180.0	109.1		106.9		1440	122	0	0	1380	109	180	82	120	95	420	81
712	1240.0	113.7		111.2		1500	131	0	0	1320	110	60	87	540	94	300	84
713	1320.0	115.2		112.4		1740	131	0	0	1320	113	60	109	240	90	600	85
714	860.0	118.7		112.8		1020	148	0	0	720	114	180	96	60	83	600	85
715	760.0	109.8		107.1		960	128	0	0	600	106	120	97	120	91	480	86
716	920.0	120.2		115.4		900	148	0	0	1080	120	60	92	120	93	600	87
717	960.0	137.9		133.2		1080	163	0	0	1200	135	0	0	480	101	120	89
718	840.0	133.8		129.2		840	162	0	0	1140	129	0	0	240	114	300	89
719	700.0	121.9		118.9		540	146	0	0	840	124	60	86	480	109	180	86
720	880.0	133.3		128.5		840	163	0	0	1080	130	0	0	360	117	360	90
721	660.0	134.2		127.5		420	178	0	0	960	137	0	0	240	116	360	88
722	560.0	124.0		120.5		480	145	0	0	780	128	60	90	240	95	120	89
723	520.0	134.7		130.2		360	159	0	0	780	142	0	0	300	106	120	86
724	600.0	117.7		114.6		240	137	0	0	1080	126	60	90	120	95	300	87
725	560.0	127.1		123.9		240	153	0	0	1020	133	0	0	180	109	240	90
726	680.0	128.3		124.6		480	153	0	0	1020	133	0	0	240	104	300	92
727	780.0	126.2		121.3		720	153	0	0	840	132	60	97	420	101	300	87
728	660.0	129.6		124.1		600	161	0	0	900	128	0	0	60	124	420	89
729	640.0	128.1		124.7		420	144	0	0	780	138	0	0	480	119	240	86
730	780.0	137.3		131.1		720	175	0	0	960	133	0	0	420	110	240	89
731	760.0	130.1		126.8		720	157	0	0	900	127	0	0	600	107	60	85
732	520.0	119.2		115.0		300	153	0	0	720	123	0	0	240	108	300	85
733	800.0	129.8		125.0		660	163	0	0	1140	128	0	0	420	101	180	86
734	840.0	137.4		133.3		1020	153	0	0	1080	138	0	0	120	125	300	87
735	540.0	121.4		116.9		540	149	0	0	660	119	60	87	240	93	120	85
736	960.0	125.9		122.7		1020	147	0	0	1380	122	60	102	60	109	360	88
737	760.0	129.3		123.5		900	157	0	0	720	128	60	88	240	99	360	90
738	640.0	138.8		134.9		480	163	0	0	900	145	0	0	420	112	120	90
739	720.0	127.1		122.3		540	159	0	0	1020	129	0	0	300	103	300	87
740	740.0	124.7		119.6		840	149	0	0	780	124	60	86	300	101	240	81
741	680.0	132.6		128.9		780	154	0	0	840	128	0	0	240	115	180	85
742	800.0	131.9		128.8		780	152	0	0	1080	132	0	0	420	108	120	84
743	600.0	140.3		135.2		420	178	0	0	1020	137	0	0	180	123	180	88
744	640.0	138.7		135.5		600	164	0	0	780	136	0	0	420	121	120	92
745	600.0	135.8		128.0		480	176	0	0	540	147	0	0	480	113	300	88
746	560.0	130.5		124.7		480	170	0	0	720	123	0	0	300	113	180	84
747	660.0	124.4		119.5		360	163	0	0	1080	128	0	0	240	97	300	87
748	720.0	133.1		127.6		600	171	0	0	1080	127	0	0	180	117	300	89
749	880.0	119.2		117.0		900	139	0	0	1260	114	0	0	180	103	300	91
750	660.0	137.2		134.9		420	166	0	0	1080	134	0	0	420	124	60	86
751	680.0	121.8		118.6		360	155	0	0	1080	124	0	0	360	103	240	90
752	740.0	127.5		123.7		660	157	0	0	720	128	60	95	480	110	300	96
753	780.0	132.7		126.8		1080	159	0	0	840	120	0	0	120	102	300	86
754	700.0	125.8		122.3		540	156	0	0	1020	124	0	0	360	104	180	89
755	800.0	129.4		126.7		780	150	0	0	1140	127	0	0	300	110	180	88
756	720.0	129.0		123.3		600	165	0	0	840	130	120	102	300	106	300	88
757	560.0	140.9		136.2		420	173	0	0	900	141	0	0	120	120	240	95
758	780.0	135.1		131.4		660	162	0	0	1140	134	0	0	360	113	180	88
759	820.0	133.8		127.6		840	157	0	0	960	141	0	0	300	104	360	85
760	740.0	132.2		128.2		660	157	0	0	1080	130	0	0	240	121	240	85
761	560.0	124.2		119.0		300	158	0	0	900	131	0	0	180	99	300	85
762	880.0	121.2		117.8		1080	137	0	0	900	125	120	85	300	96	240	86
763	780.0	126.1		122.4		900	147	0	0	840	125	120	95	240	105	240	88
764	660.0	130.9		125.7		600	162	0	0	840	131	0	0	360	101	180	87
765	720.0	126.6		123.5		600	150	0	0	960	128	0	0	300	110	300	92
766	740.0	117.8		111.6		840	149	0	0	720	112	120	86	120	87	420	83
767	1080.0	127.0		123.0		1200	150	0	0	1320	124	0	0	360	100	360	88
768	740.0	128.6		122.9		840	157	0	0	660	128	0	0	360	104	360	88
769	760.0	127.4		123.2		840	154	0	0	840	123	60	96	240	101	300	93
770	980.0	130.3		127.3		1200	148	0	0	1200	127	120	106	120	115	300	89
771	740.0	137.5		134.6		1200	149	0	0	720	135	0	0	60	115	240	93
772	600.0	123.5		118.8		660	150	0	0	600	121	120	94	180	106	240	85
773	820.0	128.5		125.4		900	148	0	0	1020	125	0	0	360	113	180	82
774	500.0	132.5		128.8		300	167	0	0	840	133	0	0	240	109	120	90
775	800.0	126.5		120.7		840	156	0	0	900	126	60	87	360	92	240	87
776	740.0	135.6		131.0		720	166	0	0	1020	129	0	0	300	114	180	87
777	740.0	130.4		123.0		960	156	0	0	660	133	60	88	120	92	420	85
778	860.0	126.0		123.5		660	148	0	0	1440	125	0	0	240	110	240	88
779	840.0	133.4		130.1		1020	152	0	0	1260	127	0	0	60	96	180	85
780	760.0	124.3		120.1		900	146	0	0	660	126	120	94	300	105	300	87
781	820.0	123.4		120.1		780	145	0	0	1020	124	0	0	360	105	300	87
782	820.0	118.4		116.0		780	137	0	0	1320	116	0	0	60	92	300	86
783	760.0	128.9		124.3		600	157	0	0	1140	130	0	0	240	108	300	85
784	860.0	131.6		128.1		900	156	0	0	1020	129	0	0	420	106	240	96
785	800.0	129.9		125.9		540	159	0	0	1260	132	0	0	360	108	240	86
786	820.0	132.2		126.8		1020	157	0	0	900	127	60	105	60	127	420	88
787	780.0	136.4		130.8		780	169	0	0	960	132	0	0	240	115	360	92
788	640.0	140.7		135.9		660	164	0	0	900	140	0	0	180	112	180	87
789	660.0	115.9		113.7		420	133	0	0	900	123	120	100	360	98	180	87
790	1200.0	117.9		116.4		1680	129	0	0	1380	113	120	106	180	105	240	84
791	840.0	124.6		121.1		600	152	0	0	1440	124	0	0	180	102	300	86
792	840.0	133.5		130.1		900	153	0	0	960	136	0	0	420	110	240	92
793	820.0	123.7		119.9		1020	143	0	0	900	120	60	84	180	110	300	85
794	800.0	133.5		128.7		720	161	0	0	1080	134	0	0	300	111	300	88
795	920.0	125.6		121.1		1020	148	0	0	1260	123	0	0	0	0	480	85
796	660.0	125.4		119.5		480	157	0	0	900	132	60	87	180	102	360	85
797	1020.0	129.5		126.1		960	155	0	0	1560	124	0	0	300	110	240	87
798	980.0	129.2		124.2		1200	154	0	0	1020	123	0	0	300	113	420	85
799	820.0	127.5		124.5		1020	145	0	0	1080	123	0	0	180	97	180	86
800	860.0	126.4		121.6		780	149	0	0	1140	132	60	96	300	95	300	84
801	700.0	130.5		126.5		780	156	0	0	900	122	0	0	180	116	240	90
802	1040.0	126.6		123.8		1140	147	0	0	1320	123	0	0	300	104	360	94
803	840.0	132.9		130.3		960	151	0	0	960	129	0	0	480	116	120	86
804	660.0	146.2		139.5		540	180	0	0	900	150	0	0	360	116	180	86
805	760.0	128.5		124.3		720	154	0	0	1020	128	0	0	360	100	180	86
806	780.0	126.9		121.1		900	154	0	0	900	123	120	85	180	99	240	82
807	1060.0	124.2		121.0		1440	140	0	0	1020	122	60	87	180	120	480	88
808	920.0	120.0		116.6		900	144	0	0	900	121	60	97	600	102	300	86
809	800.0	129.2		125.7		900	151	0	0	1140	124	0	0	120	96	240	89
810	740.0	122.1		118.8		840	138	0	0	840	126	60	87	300	94	180	88
811	720.0	116.2		112.4		540	148	0	0	960	116	0	0	240	93	420	89
812	1020.0	126.2		124.5		1380	138	0	0	1320	122	0	0	240	102	120	85
813	920.0	130.6		124.2		1020	161	0	0	900	129	60	117	420	102	360	84
814	720.0	127.2		123.1		480	157	0	0	1080	128	0	0	180	130	420	90
815	740.0	127.8		124.8		720	145	0	0	1080	129	0	0	180	106	240	87
816	1000.0	121.3		118.8		1260	138	0	0	1200	116	0	0	240	100	300	89
817	740.0	127.1		121.0		720	155	0	0	960	129	0	0	120	91	420	85
818	760.0	122.6		118.5		720	146	0	0	840	127	0	0	420	100	300	86
819	920.0	124.2		122.0		1020	141	0	0	1260	119	0	0	300	113	180	84
820	740.0	125.8		121.3		480	156	0	0	1140	130	60	101	180	107	360	86
821	860.0	120.0		116.1		960	139	0	0	960	123	60	88	240	89	360	87
822	900.0	129.8		125.0		960	152	0	0	1140	131	0	0	240	102	360	85
823	960.0	123.8		119.4		1020	146	0	0	1080	126	120	87	240	104	420	86
824	900.0	129.2		125.7		1020	149	0	0	960	128	0	0	420	113	300	88
825	1100.0	117.5		113.4		1380	138	0	0	900	118	180	89	240	100	600	85
826	700.0	123.4		117.1		480	154	0	0	840	136	120	95	240	101	420	84
827	820.0	122.8		116.9		840	152	0	0	900	124	0	0	300	89	420	86
828	1000.0	125.1		122.5		900	139	0	0	1500	129	0	0	420	98	180	86
829	860.0	130.0		123.7		1020	159	0	0	1080	122	0	0	60	101	420	84
830	900.0	130.5		125.4		840	157	0	0	1320	130	0	0	120	110	420	85
831	820.0	125.9		119.3		1140	149	0	0	660	127	0	0	240	83	420	86
832	700.0	124.1		119.6		300	167	0	0	1200	128	0	0	180	111	420	88
833	700.0	134.2		129.0		780	161	0	0	900	129	0	0	180	108	240	86
834	780.0	127.0		122.7		1020	145	0	0	840	127	120	95	60	96	300	85
835	780.0	132.9		129.0		780	155	0	0	1080	132	0	0	300	108	180	84
836	720.0	130.5		125.7		420	171	0	0	1200	130	0	0	240	115	300	88
837	740.0	129.0		125.2		960	148	0	0	960	123	0	0	60	97	240	85
838	800.0	126.9		122.2		720	149	0	0	960	127	60	82	360	128	300	81
839	740.0	118.5		113.9		840	142	0	0	600	122	60	85	360	97	360	85
840	700.0	123.4		117.4		660	156	0	0	900	122	0	0	0	0	540	86
841	680.0	120.9		118.4		480	148	0	0	1020	120	0	0	300	104	240	92
842	840.0	105.7		103.8		840	121	0	0	1020	106	60	89	240	91	360	82
843	860.0	111.3		107.5		900	135	0	0	900	110	0	0	300	89	480	83
844	880.0	109.5		106.6		840	133	0	0	960	107	0	0	360	94	480	85
845	840.0	106.6		105.3		660	122	0	0	1260	107	0	0	300	92	300	86
846	800.0	115.3		112.9		840	131	0	0	1140	113	0	0	120	113	300	81
847	640.0	115.8		113.7		420	136	0	0	960	118	0	0	180	111	360	89
848	760.0	110.1		108.0		420	128	0	0	1140	116	60	91	300	95	360	86
849	840.0	111.9		110.2		660	126	0	0	1320	113	0	0	180	108	360	84
850	960.0	105.4		103.7		1140	119	0	0	900	103	0	0	480	95	360	82
851	840.0	106.0		103.7		720	123	0	0	1020	110	0	0	120	85	660	85
852	860.0	115.0		112.4		900	135	0	0	1080	112	60	102	360	93	180	82
853	560.0	117.0		115.1		240	136	0	0	1080	121	0	0	180	98	180	87
854	720.0	110.4		107.8		540	132	0	0	960	113	0	0	360	92	300	85
855	860.0	103.4		101.2		780	121	0	0	1140	103	0	0	120	98	540	80
856	960.0	104.2		102.2		720	124	0	0	1260	106	0	0	240	91	660	84
857	1020.0	106.7		105.0		960	120	0	0	1440	108	0	0	120	92	540	83
858	880.0	107.2		105.5		960	119	60	119	1080	107	0	0	60	103	480	83
859	960.0	101.0		99.7		780	115	0	0	1200	103	0	0	240	92	660	84
860	820.0	110.9		109.3		840	122	0	0	960	114	60	101	240	99	360	86
861	1060.0	107.6		105.9		960	122	0	0	1380	109	0	0	360	97	480	83
862	1000.0	109.9		108.9		1260	120	0	0	900	109	60	98	600	98	180	87
863	720.0	107.9		105.4		780	124	0	0	720	111	0	0	180	90	480	84
864	880.0	102.3		101.8		1020	108	0	0	1140	103	0	0	120	93	360	87
865	900.0	104.3		101.9		1140	118	0	0	660	109	60	91	300	85	540	82
866	780.0	105.4		103.8		720	121	0	0	900	106	0	0	240	95	480	86
867	880.0	101.1		99.3		720	118	0	0	1080	103	120	96	180	86	540	81
868	1380.0	98.9		97.8		1560	109	0	0	1740	98	60	87	180	87	600	80
869	920.0	96.8		95.6		720	110	60	109	1200	98	60	85	120	90	600	80
870	660.0	97.1		95.4		420	119	0	0	840	98	0	0	180	87	540	82
871	860.0	100.3		98.8		840	113	0	0	1140	101	0	0	60	84	540	81
872	1060.0	96.4		94.5		900	113	0	0	1440	97	60	82	60	81	720	77
873	1080.0	102.4		99.5		1140	121	0	0	1260	101	60	102	120	86	660	76
874	880.0	96.9		94.8		720	112	60	115	1140	99	0	0	60	87	660	76
875	960.0	95.9		91.4		960	115	0	0	1020	102	0	0	180	75	720	67
876	1100.0	98.3		96.9		1200	110	0	0	1320	98	60	87	240	85	480	78
877	820.0	93.7		91.7		480	113	0	0	960	100	0	0	240	84	780	77
878	840.0	95.9		94.5		840	111	0	0	1140	92	0	0	240	85	300	77
879	960.0	96.0		94.7		600	116	60	119	1500	93	0	0	420	85	300	82
880	620.0	90.8		90.0		360	105	0	0	720	93	0	0	540	84	240	78
881	980.0	99.8		97.9		720	121	0	0	1380	98	0	0	240	93	600	81
882	1060.0	110.0		107.8		1020	129	0	0	1320	108	0	0	420	95	420	85
883	880.0	115.1		111.6		720	147	0	0	1200	108	60	96	360	103	300	85
884	780.0	128.6		124.7		780	154	0	0	1080	125	0	0	300	101	180	86
885	700.0	125.1		122.3		300	144	0	0	960	136	60	100	540	114	240	89
886	820.0	121.3		119.3		840	135	0	0	1140	122	60	86	180	108	240	89
887	920.0	118.0		115.9		840	134	0	0	1380	118	60	92	240	100	240	86
888	1080.0	122.4		120.8		900	136	0	0	1560	124	60	104	420	112	300	91
889	720.0	119.7		116.4		540	141	0	0	1200	122	0	0	60	91	360	85
890	640.0	128.2		123.5		540	151	0	0	1020	131	0	0	60	82	300	87
891	880.0	130.2		128.0		720	148	0	0	1380	132	0	0	300	105	240	98
892	740.0	129.0		124.3		660	158	0	0	960	130	60	108	360	95	180	92
893	760.0	122.7		117.7		660	152	0	0	960	120	0	0	240	122	420	83
894	800.0	125.2		121.6		600	154	0	0	840	129	60	86	720	110	180	86
895	600.0	139.5		135.6		360	169	0	0	1080	141	0	0	180	121	180	90
896	740.0	124.4		121.4		420	153	0	0	1020	128	0	0	600	110	180	85
897	640.0	127.4		122.5		420	164	0	0	1020	128	0	0	300	100	180	84
898	1020.0	122.6		117.4		1020	153	0	0	1320	118	120	96	240	90	360	84
899	820.0	119.7		115.6		840	138	0	0	840	126	180	86	180	120	420	85
900	620.0	133.5		128.8		480	168	0	0	780	134	0	0	360	114	240	92
901	720.0	127.3		123.7		420	149	0	0	1080	136	0	0	240	112	420	92
902	840.0	119.0		114.5		1140	135	0	0	420	136	300	85	240	108	420	89
903	780.0	125.1		121.7		720	143	0	0	1020	129	0	0	240	112	360	87
904	860.0	127.3		124.3		720	151	0	0	1320	126	0	0	300	108	240	88
905	620.0	134.2		130.2		540	162	0	0	840	133	0	0	300	114	180	90
906	980.0	123.7		120.4		960	147	0	0	1020	124	0	0	600	106	360	90
907	860.0	132.2		128.0		600	155	0	0	1260	138	0	0	420	116	300	85
908	660.0	130.3		124.7		480	160	0	0	1080	133	0	0	60	116	360	85
909	720.0	126.9		121.4		600	158	0	0	960	130	0	0	180	98	420	88
910	940.0	122.0		117.7		960	144	0	0	1200	123	0	0	120	108	540	84
911	940.0	124.3		120.4		960	147	0	0	1140	122	0	0	300	115	420	85
912	920.0	126.6		121.8		960	155	0	0	1260	120	0	0	180	104	360	85
913	1020.0	123.3		118.8		1200	145	0	0	1140	122	0	0	120	104	600	86
914	880.0	135.4		131.8		840	157	0	0	960	139	60	103	600	117	180	87
915	700.0	134.7		129.4		480	171	0	0	1140	135	0	0	180	112	300	89
916	820.0	130.9		126.4		720	160	0	0	1080	131	0	0	420	106	240	87
917	740.0	128.8		123.7		720	154	0	0	1020	129	0	0	120	111	360	84
918	960.0	126.6		122.7		840	154	0	0	1080	129	120	106	660	102	180	88
919	1020.0	120.0		115.8		840	142	0	0	1200	125	60	87	480	112	480	81
920	720.0	137.8		135.0		540	164	0	0	720	142	0	0	840	121	60	86
921	1180.0	132.6		127.7		1620	152	0	0	1020	135	60	90	420	103	420	88
922	840.0	122.8		116.9		480	154	0	0	1200	134	0	0	300	98	540	84
923	840.0	128.7		126.3		660	151	0	0	1140	131	0	0	660	106	60	91
924	720.0	134.3		130.2		780	157	0	0	780	133	0	0	360	119	240	88
925	1220.0	120.0		115.5		1620	140	0	0	1080	120	180	88	120	91	660	85
926	760.0	129.7		124.8		780	155	0	0	960	128	60	87	180	116	300	86
927	1020.0	119.4		116.0		1080	139	0	0	1140	121	0	0	360	100	480	86
928	700.0	128.8		124.8		600	158	0	0	960	128	0	0	480	99	60	88
929	740.0	121.4		118.3		420	145	0	0	1140	128	0	0	240	102	420	91
930	1220.0	122.2		120.0		1140	139	0	0	1740	123	0	0	600	97	180	92
931	740.0	123.9		120.6		660	146	0	0	1020	125	0	0	240	105	300	87
932	880.0	125.9		122.9		840	147	0	0	1140	125	0	0	420	109	240	86
933	820.0	129.5		124.7		780	154	0	0	1140	131	0	0	120	97	420	89
934	900.0	133.2		130.4		780	150	0	0	1320	136	0	0	360	115	240	90
935	680.0	128.0		124.4		540	150	0	0	900	131	0	0	360	116	240	85
936	700.0	141.1		138.9		600	163	0	0	900	142	0	0	540	119	60	106
937	720.0	129.4		125.0		660	158	0	0	780	130	60	84	420	112	240	91
938	760.0	130.5		124.5		660	165	0	0	780	135	60	109	480	105	300	88
939	820.0	137.2		132.9		780	165	0	0	1140	134	0	0	300	115	240	90
940	880.0	135.2		130.1		960	165	0	0	1140	128	0	0	360	103	180	87
941	1080.0	126.4		123.8		1020	143	0	0	1560	128	0	0	300	105	360	90
942	820.0	131.6		128.6		960	151	0	0	960	129	0	0	300	108	240	94
943	660.0	119.5		115.1		720	146	0	0	840	113	60	86	0	0	360	87
944	980.0	126.3		121.8		960	154	0	0	1200	125	0	0	600	97	180	85
945	980.0	128.6		125.7		1020	149	0	0	1320	125	0	0	420	110	180	83
946	1120.0	119.7		115.2		1140	140	0	0	1380	124	0	0	60	85	780	85
947	700.0	124.8		122.6		480	146	0	0	1080	127	0	0	360	107	180	91
948	700.0	132.9		129.1		480	161	0	0	1200	131	0	0	180	132	240	87
949	500.0	117.9		115.6		240	143	0	0	480	128	0	0	660	107	120	87
950	820.0	131.2		128.7		780	149	0	0	1080	133	0	0	540	107	60	85
951	740.0	127.5		122.8		840	149	0	0	900	128	120	89	60	105	300	86
952	920.0	114.8		113.3		780	129	0	0	1380	115	0	0	360	104	240	84
953	840.0	112.3		109.6		780	129	0	0	960	116	60	83	300	104	420	83
954	840.0	117.1		115.3		780	133	0	0	1140	117	0	0	420	101	180	86
955	520.0	124.2		122.1		420	143	0	0	720	123	0	0	300	116	120	86
956	820.0	110.1		108.2		720	125	0	0	840	116	60	90	420	98	420	88
957	640.0	118.7		116.7		480	136	0	0	960	120	0	0	300	107	180	85
958	760.0	116.4		115.1		360	135	0	0	1260	119	0	0	480	106	180	89
959	900.0	119.1		115.1		780	147	0	0	1140	119	0	0	540	95	240	83
960	920.0	115.7		112.5		1200	134	0	0	720	113	120	83	300	102	420	87
961	780.0	113.2		111.1		420	136	0	0	1320	116	0	0	300	94	300	88
962	620.0	110.2		108.0		480	122	0	0	840	117	120	93	120	100	300	83
963	920.0	115.6		114.1		840	132	0	0	1200	114	0	0	600	102	120	85
964	840.0	115.4		113.4		540	137	0	0	1440	116	0	0	420	94	120	86
965	660.0	108.7		106.2		420	133	0	0	840	113	0	0	300	93	420	87
966	1220.0	110.3		108.8		1080	124	0	0	1500	112	0	0	660	100	420	85
967	860.0	115.2		113.1		660	137	0	0	1200	115	60	102	420	99	240	88
968	800.0	112.9		111.6		900	125	0	0	900	112	60	87	420	101	120	84
969	1140.0	112.3		110.1		1020	134	0	0	1260	111	0	0	1020	95	120	88
970	1300.0	113.3		112.7		1380	120	0	0	1800	113	0	0	540	106	180	87
971	660.0	122.2		118.8		480	153	0	0	900	122	0	0	360	104	240	89
972	940.0	111.2		110.1		600	127	0	0	1500	112	0	0	480	100	240	89
973	920.0	111.7		110.2		660	130	0	0	1560	111	0	0	240	97	300	87
974	1300.0	113.2		111.8		1500	126	0	0	1500	112	0	0	720	95	180	89
975	1040.0	117.5		115.5		1020	132	0	0	1380	119	0	0	600	96	120	84
976	800.0	120.9		119.2		660	140	0	0	1080	120	0	0	480	108	180	91
977	1060.0	115.5		112.3		900	140	0	0	1560	114	0	0	420	90	300	85
978	940.0	117.8		115.3		900	136	0	0	1380	117	0	0	360	91	180	86
979	1140.0	120.7		117.9		1260	137	0	0	1560	120	0	0	180	96	420	85
980	960.0	117.7		115.9		900	129	0	0	1320	121	60	89	360	104	240	85
981	780.0	124.2		122.0		600	137	0	0	1140	130	60	108	300	109	240	88
982	1000.0	126.5		125.3		1200	139	0	0	1320	123	0	0	480	105	0	0
983	920.0	127.1		124.2		900	147	0	0	1200	127	0	0	480	106	180	85
984	1140.0	118.5		115.8		1140	135	0	0	1620	119	0	0	180	99	480	85
985	920.0	113.8		110.9		840	130	0	0	1140	119	60	102	300	96	420	82
986	980.0	118.8		115.5		960	143	0	0	1200	115	0	0	360	105	420	86
987	920.0	118.7		116.3		780	141	0	0	1200	117	60	92	480	106	240	87
988	1120.0	118.3		115.3		960	142	0	0	1560	117	0	0	420	102	420	85
989	960.0	130.8		128.4		1140	147	0	0	1260	127	0	0	300	110	180	89
990	1260.0	116.9		114.7		1620	132	0	0	1440	113	60	85	300	98	360	86
991	1140.0	122.4		120.2		1260	137	0	0	1440	122	0	0	360	107	360	88
992	1400.0	111.1		109.1		1680	124	0	0	1380	113	0	0	480	95	660	86
993	900.0	121.1		118.3		960	137	0	0	1200	122	0	0	180	98	360	87
994	1200.0	116.1		113.0		1320	134	0	0	1500	115	60	84	300	98	420	81
995	1300.0	113.8		111.2		1500	131	0	0	1560	112	60	91	360	89	420	84
996	880.0	122.2		119.4		840	143	0	0	960	125	0	0	720	99	120	94
997	880.0	123.0		120.5		900	137	0	0	1140	126	0	0	300	107	300	86
998	1160.0	116.9		115.4		1560	126	0	0	1200	118	120	85	300	106	300	89
999	1120.0	110.5		108.9		1260	124	0	0	1260	110	60	86	300	97	480	88
1000	860.0	122.0		119.7		900	139	0	0	1020	121	0	0	420	108	240	87
1001	800.0	119.2		117.3		660	134	0	0	1320	120	0	0	120	110	300	87
1002	1140.0	121.0		117.6		1260	141	0	0	1320	120	0	0	480	98	360	85
1003	1320.0	116.2		113.8		1500	133	0	0	1860	112	0	0	120	95	480	85
1004	780.0	117.5		114.3		600	139	0	0	1080	121	0	0	360	101	300	82
1005	820.0	133.2		129.3		840	162	0	0	1140	123	0	0	300	118	180	89
1006	1020.0	134.6		131.4		1080	157	0	0	1320	130	60	86	480	115	120	87
1007	820.0	129.4		124.9		840	158	0	0	960	123	0	0	360	114	300	88
1008	1040.0	129.1		124.6		1020	158	0	0	1500	123	0	0	240	107	360	87
1009	1100.0	126.1		123.0		1200	148	0	0	1500	119	0	0	300	114	300	86
1010	1100.0	125.2		121.8		960	149	0	0	1620	124	0	0	360	106	360	86
1011	800.0	129.4		126.4		900	151	0	0	1080	123	0	0	360	102	60	84
1012	1000.0	118.5		115.1		1140	139	0	0	960	118	180	97	300	102	420	85
1013	1020.0	127.0		122.6		1020	152	0	0	1260	127	0	0	360	103	420	87
1014	1100.0	125.5		124.3		1140	139	0	0	1440	124	0	0	660	109	60	87
1015	1080.0	120.9		117.8		1140	143	0	0	1320	116	0	0	540	104	240	81
1016	780.0	122.3		119.8		720	142	0	0	1080	121	0	0	300	109	240	86
1017	940.0	124.1		121.7		900	142	0	0	1260	125	0	0	360	105	300	90
1018	1040.0	128.2		125.2		1200	147	0	0	1440	124	0	0	120	109	360	89
1019	900.0	135.0		132.2		780	158	0	0	1320	133	0	0	480	116	120	84
1020	860.0	124.9		118.9		840	154	0	0	1020	127	60	102	240	86	420	87
1021	1040.0	136.6		130.8		960	163	0	0	1440	140	0	0	360	103	360	86
1022	920.0	135.6		134.0		960	152	0	0	1260	131	0	0	420	123	120	96
1023	1100.0	132.4		129.0		1200	151	0	0	1620	130	0	0	240	105	240	83
1024	920.0	128.5		124.9		1080	147	0	0	1140	126	0	0	180	119	360	86
1025	660.0	131.4		127.8		540	160	0	0	1020	129	0	0	300	106	120	87
1026	820.0	125.6		120.6		660	157	0	0	1140	127	0	0	300	96	360	88
1027	1120.0	131.4		126.4		1140	157	0	0	1440	131	0	0	420	104	360	84
1028	980.0	118.8		115.4		900	138	0	0	1320	122	60	83	300	96	360	84
1029	1060.0	132.5		130.5		1440	146	0	0	1200	127	0	0	420	115	120	86
1030	940.0	130.2		125.5		840	159	0	0	1200	131	0	0	480	104	300	88
1031	920.0	139.9		134.7		1020	167	0	0	1260	134	0	0	240	111	240	85
1032	1080.0	123.2		120.2		1140	144	0	0	1260	121	0	0	480	107	360	87
1033	1260.0	128.4		124.8		1560	146	0	0	1440	128	0	0	360	102	420	87
1034	940.0	131.2		125.7		840	161	0	0	1380	131	0	0	300	93	300	87
1035	1200.0	124.5		119.9		1380	147	0	0	1500	122	60	85	300	91	360	83
1036	1120.0	121.2		118.7		1380	138	0	0	1320	117	0	0	480	99	180	83
1037	1120.0	121.5		119.4		1200	137	0	0	1620	119	0	0	300	101	240	86
1038	1100.0	118.8		117.2		1020	132	0	0	1680	119	0	0	360	103	240	85
1039	1000.0	122.7		120.5		660	143	0	0	1440	125	0	0	660	111	240	85
1040	1180.0	117.3		115.4		960	134	0	0	1800	117	0	0	360	111	420	86
1041	1160.0	118.7		116.2		1080	136	0	0	1680	119	180	107	180	87	360	87
1042	960.0	122.6		120.5		840	140	0	0	1440	123	0	0	420	102	180	87
1043	1280.0	118.5		116.6		1260	131	0	0	1800	120	0	0	420	102	360	86
1044	1300.0	118.1		117.1		1380	130	0	0	1680	116	0	0	720	105	120	89
1045	1200.0	121.3		119.1		1560	135	0	0	1500	118	60	86	120	106	360	87
1046	1640.0	118.6		116.7		1680	134	0	0	2340	117	60	104	480	97	360	88
1047	1100.0	117.3		115.2		1140	132	0	0	1260	119	120	95	480	103	300	86
1048	1120.0	121.3		119.5		1260	135	0	0	1260	121	0	0	540	108	300	89
1049	1100.0	128.3		126.4		900	146	0	0	1560	130	0	0	660	110	180	93
1050	1260.0	119.2		117.4		1200	133	0	0	1620	121	0	0	720	103	240	86
1051	1200.0	123.9		121.8		1380	141	0	0	1500	119	0	0	540	106	180	87
1052	1100.0	121.3		119.3		1140	138	0	0	1560	119	0	0	240	103	360	91
1053	900.0	122.7		121.4		720	137	0	0	1440	123	0	0	480	105	60	86
1054	940.0	123.0		121.1		840	139	0	0	1500	123	0	0	300	99	180	89
1055	1080.0	121.2		118.4		1200	138	0	0	1200	122	60	87	420	105	360	87
1056	1140.0	122.7		119.6		1620	140	0	0	1080	116	60	83	300	102	360	89
1057	1100.0	125.5		122.3		1020	148	0	0	1380	125	0	0	540	109	360	88
1058	640.0	126.4		123.1		480	149	0	0	1020	128	0	0	180	111	240	86
1059	700.0	123.5		120.7		720	142	0	0	720	127	0	0	360	105	300	93
1060	1020.0	121.1		119.3		900	138	0	0	1560	120	0	0	420	104	180	86
1061	1040.0	119.1		116.6		1080	134	0	0	1200	121	60	91	360	111	420	86
1062	1040.0	125.1		122.8		1020	144	0	0	1500	122	0	0	360	110	240	87
1063	940.0	121.4		119.8		840	130	0	0	1380	126	60	85	480	102	60	85
1064	1180.0	128.9		125.8		1500	146	0	0	1380	125	0	0	360	108	300	86
1065	540.0	133.0		129.2		300	169	0	0	900	135	0	0	300	106	120	95
1066	920.0	134.8		130.7		780	164	0	0	1260	130	0	0	480	125	240	85
1067	1060.0	126.7		124.7		1080	143	0	0	1740	123	0	0	240	102	120	83
1068	760.0	119.7		117.3		480	141	0	0	1200	122	0	0	300	109	300	87
1069	1360.0	116.7		114.4		1500	129	0	0	1800	119	0	0	420	93	360	82
1070	1100.0	116.8		115.0		840	135	0	0	1620	118	0	0	540	101	300	88
1071	960.0	134.5		131.0		1080	157	0	0	1080	129	0	0	480	119	240	89
1072	880.0	129.5		126.8		780	152	0	0	1260	128	60	103	360	111	180	89
1073	1200.0	127.7		124.3		1740	145	0	0	1200	122	0	0	360	94	300	91
1074	940.0	128.3		124.8		900	154	0	0	1200	124	60	87	480	112	180	86
1075	1120.0	135.3		129.4		1260	169	0	0	1200	125	0	0	600	109	300	88
1076	860.0	138.2		135.6		960	158	0	0	1200	133	60	101	300	114	60	85
1077	1420.0	122.4		119.6		1740	142	0	0	1860	114	60	86	360	101	240	86
1078	900.0	133.4		128.5		900	165	0	0	1140	127	0	0	480	107	180	86
1079	1000.0	130.6		127.6		960	154	0	0	1440	127	0	0	420	108	180	88
1080	1100.0	120.5		116.5		1080	143	0	0	1200	124	60	91	300	105	660	87
1081	1120.0	117.0		114.8		1020	131	0	0	1560	120	0	0	360	102	420	85
1082	1140.0	117.9		115.3		960	132	0	0	1740	122	0	0	180	101	540	85
1083	980.0	125.1		120.3		1080	146	0	0	1260	126	120	83	60	102	420	84
1084	680.0	120.8		118.1		480	143	0	0	780	128	0	0	720	101	60	86
1085	1240.0	121.0		117.0		1200	145	60	104	1440	122	60	91	360	105	600	85
1086	840.0	130.6		126.4		840	156	0	0	1140	128	0	0	300	106	240	85
1087	1040.0	129.2		125.3		1260	149	0	0	1440	124	0	0	60	110	360	84
1088	1280.0	125.1		121.5		1500	145	0	0	1440	124	0	0	600	98	300	85
1089	880.0	126.8		123.0		900	149	0	0	1260	125	0	0	240	92	240	88
1090	840.0	117.9		113.6		900	142	0	0	900	118	0	0	480	89	240	85
1091	860.0	125.1		123.0		660	146	0	0	1080	125	0	0	720	113	120	83
1092	940.0	121.6		118.6		780	139	0	0	1440	125	0	0	180	102	420	86
1093	1140.0	123.7		122.0		1200	138	0	0	1680	122	0	0	360	101	180	90
1094	1020.0	124.1		121.4		1080	144	0	0	1260	121	0	0	480	106	240	87
1095	1000.0	133.2		130.1		1200	152	0	0	1260	129	0	0	360	108	180	87
1096	860.0	128.1		122.8		1020	154	0	0	1020	123	0	0	120	95	420	87
1097	1100.0	119.9		117.0		1140	137	0	0	1380	122	0	0	360	96	420	87
1098	980.0	128.0		126.0		600	147	0	0	1740	130	0	0	420	110	180	88
1099	1000.0	124.6		123.4		1080	137	0	0	1080	124	0	0	780	111	60	87
1100	1280.0	118.4		116.1		1680	132	0	0	1380	117	60	90	300	100	420	86
1101	920.0	123.4		120.9		1080	138	0	0	1140	123	0	0	300	104	240	84
1102	1080.0	128.8		125.2		1500	145	0	0	1140	126	0	0	300	103	300	84
1103	740.0	129.1		124.4		840	155	0	0	780	126	60	87	360	103	180	88
1104	860.0	138.3		135.7		720	164	0	0	1260	135	0	0	480	120	120	93
1105	960.0	134.3		131.3		1020	154	0	0	1320	132	0	0	420	107	120	87
1106	960.0	125.0		122.0		720	148	0	0	1620	125	0	0	180	109	360	87
1107	1080.0	119.9		116.3		660	146	0	0	1620	125	60	88	420	104	480	85
1108	1020.0	124.6		123.0		1080	139	0	0	1440	122	0	0	420	107	120	87
1109	1020.0	121.5		117.6		1080	138	0	0	1200	127	60	86	180	111	540	84
1110	1180.0	119.7		116.4		1320	139	0	0	1380	119	60	105	300	95	480	86
1111	880.0	120.5		116.1		900	144	0	0	1020	122	60	103	300	87	360	88
1112	920.0	126.4		122.1		720	157	0	0	1320	126	0	0	360	106	360	87
1113	860.0	123.3		121.6		720	140	0	0	1320	122	0	0	300	116	240	90
1114	860.0	115.4		113.3		600	137	0	0	1260	116	0	0	420	103	300	87
1115	1020.0	122.7		120.8		1140	137	0	0	1320	121	0	0	420	106	180	84
1116	1100.0	116.4		114.4		1200	129	0	0	1500	117	0	0	300	95	300	84
1117	1420.0	115.3		113.0		1560	132	0	0	1860	113	0	0	300	93	540	87
1118	1120.0	130.2		126.2		1620	147	0	0	1140	126	0	0	240	106	360	84
1119	980.0	128.8		124.4		1020	151	0	0	1200	130	0	0	360	107	360	84
1120	680.0	135.3		133.0		480	167	0	0	1020	130	0	0	540	117	0	0
1121	660.0	128.4		126.6		360	157	0	0	900	130	0	0	720	112	0	0
1122	1080.0	122.6		119.1		1320	138	0	0	1200	126	60	88	360	92	300	85
1123	840.0	125.5		124.2		480	139	0	0	1260	129	0	0	660	116	120	87
1124	880.0	121.8		118.8		840	140	0	0	1140	124	0	0	240	109	420	87
1125	1180.0	113.6		109.6		1320	133	0	0	1320	115	120	85	120	105	660	79
1126	960.0	129.0		124.1		780	157	0	0	1320	132	60	91	300	109	420	87
1127	1220.0	123.4		120.6		1620	136	0	0	1140	128	0	0	540	100	360	87
1128	940.0	132.4		128.4		1020	153	0	0	1320	130	0	0	180	114	300	84
1129	680.0	128.6		124.9		540	161	0	0	720	126	0	0	540	116	240	92
1130	880.0	132.2		129.3		720	160	0	0	1200	130	0	0	660	110	60	87
1131	880.0	130.3		124.2		960	158	0	0	1020	130	0	0	300	97	360	85
1132	1280.0	128.4		123.5		1620	152	0	0	1440	122	0	0	300	103	480	84
1133	800.0	134.6		128.4		840	161	0	0	900	136	0	0	360	114	300	81
1134	1020.0	130.3		124.8		1200	155	0	0	1260	127	60	90	120	101	420	84
1135	780.0	128.0		124.3		540	154	0	0	1380	129	0	0	180	97	240	87
1136	1080.0	134.5		131.1		1260	153	0	0	1320	134	0	0	540	103	120	87
1137	1160.0	131.6		126.8		1560	154	0	0	1140	127	0	0	420	93	360	94
1138	720.0	127.1		123.0		660	149	0	0	960	130	60	87	180	112	300	87
1139	1360.0	121.2		117.5		1620	140	0	0	1440	122	180	90	300	100	540	85
1140	780.0	138.4		134.8		660	158	0	0	1140	141	0	0	360	121	180	85
1141	680.0	125.2		118.2		540	164	0	0	840	129	60	91	120	94	480	87
1142	860.0	128.4		124.6		840	152	0	0	1020	126	0	0	300	124	420	90
1143	780.0	123.9		118.1		840	148	0	0	840	129	120	85	60	96	480	86
1144	840.0	132.2		128.0		480	156	0	0	1380	140	0	0	300	109	360	90
1145	880.0	130.1		125.3		900	155	0	0	1140	129	60	108	120	116	420	87
1146	780.0	121.1		118.2		480	143	0	0	1140	124	60	79	360	117	300	88
1147	760.0	137.1		128.6		780	174	0	0	900	136	0	0	180	100	420	87
1148	860.0	132.0		127.0		900	158	0	0	1140	130	0	0	300	98	240	86
1149	800.0	127.5		120.8		780	157	0	0	900	133	0	0	240	94	480	86
1150	620.0	140.9		135.7		540	167	0	0	840	145	0	0	300	115	180	87
1151	800.0	133.2		129.7		840	153	0	0	1140	132	0	0	180	107	240	89
1152	500.0	139.5		136.0		240	183	0	0	660	143	0	0	540	121	60	94
1153	540.0	136.6		133.4		240	177	0	0	780	139	0	0	540	121	60	84
1154	500.0	130.9		125.9		180	169	0	0	600	147	0	0	540	115	180	87
1155	760.0	129.9		122.3		600	168	0	0	960	135	0	0	240	104	480	85
1156	600.0	138.0		133.7		240	165	0	0	1020	148	0	0	420	113	120	86
1157	840.0	129.4		123.7		720	158	0	0	1080	134	0	0	240	110	480	86
1158	680.0	132.6		129.7		600	148	0	0	900	139	0	0	360	111	180	92
1159	800.0	140.3		136.1		840	166	0	0	1200	134	0	0	180	116	180	87
1160	820.0	124.6		120.6		840	152	0	0	1080	118	0	0	180	105	360	90
1161	1000.0	132.7		127.3		960	162	0	0	1200	133	0	0	540	107	300	84
1162	500.0	131.4		126.8		180	169	0	0	720	138	0	0	360	129	240	87
1163	780.0	140.1		137.3		840	163	0	0	1020	130	0	0	420	127	60	82
1164	460.0	135.4		130.0		120	173	0	0	840	148	0	0	300	104	120	88
1165	520.0	129.5		123.0		360	173	0	0	720	131	0	0	240	101	240	88
1166	720.0	139.2		135.8		660	162	0	0	900	141	0	0	480	117	120	89
1167	840.0	146.9		140.2		780	184	0	0	1140	145	0	0	480	105	120	92
1168	560.0	135.8		129.1		360	182	0	0	900	136	0	0	240	102	180	87
1169	720.0	132.2		127.3		420	171	0	0	1260	133	0	0	180	108	300	89
1170	880.0	132.2		128.9		780	156	0	0	1020	132	60	105	600	118	180	86
1171	900.0	126.0		121.7		720	153	0	0	1260	128	0	0	300	109	420	86
1172	700.0	138.1		131.7		660	174	0	0	900	132	0	0	300	121	240	84
1173	780.0	130.9		124.1		720	160	0	0	1080	134	0	0	60	84	480	86
1174	420.0	145.6		143.3		240	175	0	0	480	153	0	0	540	126	0	0
1175	720.0	131.7		127.4		660	151	0	0	1080	136	0	0	180	91	240	90
1176	700.0	127.6		123.3		360	162	0	0	1140	133	0	0	240	107	360	90
1177	520.0	135.2		132.6		240	165	0	0	720	140	0	0	540	121	60	85
1178	440.0	135.9		133.5		240	149	0	0	720	139	0	0	240	137	120	89
1179	660.0	126.4		121.5		480	154	0	0	1020	130	0	0	120	109	360	85
1180	580.0	142.2		136.1		600	170	0	0	780	141	0	0	180	112	180	85
1181	640.0	140.6		136.0		480	169	0	0	900	144	0	0	360	120	180	89
1182	900.0	124.8		120.6		720	147	0	0	1260	130	60	101	240	106	420	85
1183	920.0	133.8		127.5		1200	157	0	0	780	137	120	86	300	108	360	87
1184	740.0	121.6		118.0		540	147	0	0	1080	123	60	88	240	114	300	84
1185	600.0	132.6		128.0		540	152	0	0	780	141	0	0	240	105	240	89
1186	620.0	129.7		125.7		420	156	0	0	960	134	60	116	300	100	120	84
1187	620.0	135.5		130.5		480	169	0	0	900	134	0	0	360	114	120	78
1188	700.0	142.9		135.7		840	168	0	0	600	150	120	98	300	122	240	86
1189	800.0	135.6		130.9		720	161	0	0	1200	136	0	0	240	107	240	86
1190	660.0	116.7		111.2		540	147	0	0	780	122	60	84	120	97	480	83
1191	880.0	138.3		132.1		1260	161	0	0	960	131	60	93	0	0	360	86
1192	600.0	129.7		123.4		360	166	0	0	780	139	60	108	240	116	360	86
1193	580.0	140.7		136.3		420	176	0	0	900	137	0	0	300	124	120	86
1194	640.0	125.2		119.0		420	153	0	0	900	135	0	0	60	135	540	86
1195	640.0	135.7		126.8		720	174	0	0	600	131	0	0	240	107	360	86
1196	540.0	130.9		125.6		360	149	0	0	720	144	0	0	300	116	240	83
1197	600.0	128.3		122.9		240	185	0	0	840	134	60	90	480	110	180	88
1198	880.0	123.1		119.7		900	146	0	0	840	120	60	104	480	115	360	87
1199	580.0	143.6		138.6		600	169	0	0	780	141	60	101	180	123	120	85
1200	920.0	115.8		114.5		900	126	0	0	1020	119	60	86	540	107	240	91
1201	780.0	124.8		119.4		900	152	0	0	780	122	120	96	180	100	360	85
1202	460.0	129.0		121.8		300	174	0	0	600	133	60	98	180	111	240	84
1203	700.0	125.8		120.9		480	156	0	0	900	132	0	0	360	111	360	85
1204	500.0	137.7		131.5		420	169	0	0	720	140	0	0	180	107	180	86
1205	620.0	138.8		132.7		480	170	0	0	900	142	0	0	240	118	240	85
1206	700.0	134.3		128.9		480	176	0	0	1080	132	0	0	300	113	240	88
1207	640.0	139.0		133.6		660	166	0	0	720	140	0	0	360	114	180	86
1208	660.0	135.5		128.2		600	170	60	114	840	138	60	86	120	97	300	89
1209	580.0	132.7		125.1		360	175	0	0	720	144	0	0	240	110	420	90
1210	560.0	125.5		119.7		540	153	0	0	720	128	0	0	0	0	420	86
1211	680.0	137.6		131.0		660	170	0	0	780	140	0	0	240	111	360	91
1212	480.0	121.5		117.5		300	144	0	0	720	128	0	0	120	118	300	85
1213	540.0	122.6		117.8		480	145	0	0	660	129	0	0	60	121	420	87
1214	500.0	141.7		138.0		240	171	0	0	660	151	0	0	540	124	60	81
1215	700.0	129.4		124.7		660	159	0	0	900	126	0	0	300	110	240	85
1216	540.0	129.0		122.1		360	168	0	0	600	140	60	88	360	108	240	85
1217	800.0	132.2		127.6		780	162	0	0	1080	127	0	0	300	110	240	87
1218	560.0	127.7		123.0		360	160	0	0	780	132	0	0	240	115	300	88
1219	640.0	133.1		127.9		720	153	0	0	660	141	60	88	300	106	180	85
1220	560.0	127.0		119.9		420	162	0	0	720	134	0	0	120	109	420	85
1221	640.0	136.3		129.7		600	173	0	0	900	131	0	0	120	114	300	88
1222	720.0	124.5		118.5		600	157	0	0	1020	126	0	0	180	85	360	86
1223	240.0	124.4		114.3		60	228	0	0	180	158	0	0	300	106	180	87
1224	640.0	136.4		128.5		540	174	0	0	840	139	0	0	240	108	300	84
1225	640.0	132.2		124.9		660	166	0	0	600	131	60	83	300	117	300	85
1226	580.0	127.4		121.2		480	160	0	0	600	133	0	0	300	115	360	85
1227	620.0	112.8		106.3		300	147	0	0	660	135	120	86	0	0	780	85
1228	540.0	135.9		132.9		600	154	0	0	540	131	120	95	300	134	60	90
1229	360.0	135.4		130.9		240	167	0	0	480	142	0	0	240	112	120	93
1230	520.0	127.3		117.9		300	187	0	0	540	130	0	0	360	121	360	80
1231	500.0	137.9		135.1		180	175	0	0	840	143	0	0	420	118	60	94
1232	620.0	142.2		138.5		420	176	0	0	780	145	0	0	600	120	60	90
1233	720.0	125.3		121.7		480	152	0	0	1200	127	0	0	120	110	360	89
1234	520.0	139.0		134.5		360	173	0	0	660	144	0	0	480	113	60	87
1235	720.0	135.9		128.3		660	169	0	0	900	140	60	105	180	106	360	85
1236	420.0	142.1		132.3		300	184	0	0	600	149	0	0	120	119	240	84
1237	580.0	131.1		126.3		240	160	0	0	840	146	0	0	540	105	120	87
1238	440.0	114.2		108.3		180	154	0	0	540	129	120	85	60	124	420	85
1239	460.0	148.9		141.5		240	202	0	0	660	155	0	0	360	123	120	87
1240	440.0	133.5		128.5		120	176	0	0	720	143	0	0	300	122	180	86
1241	380.0	127.7		124.7		120	170	0	0	720	131	0	0	240	107	60	86
1242	560.0	124.4		121.1		240	161	0	0	720	131	0	0	480	113	240	91
1243	440.0	132.5		126.8		420	154	0	0	600	124	0	0	120	172	180	84
1244	400.0	133.8		127.5		120	173	0	0	660	148	0	0	240	112	180	85
1245	380.0	136.3		127.2		300	172	0	0	480	147	60	85	60	116	240	88
1246	640.0	138.4		128.1		720	179	0	0	720	131	0	0	60	113	420	85
1247	460.0	119.9		116.1		60	175	0	0	780	131	0	0	240	110	300	88
1248	380.0	135.0		130.0		180	150	0	0	660	148	0	0	60	119	240	92
1249	280.0	133.9		130.2		180	168	0	0	420	133	0	0	180	117	60	88
1250	580.0	125.4		116.2		480	174	0	0	660	126	0	0	0	0	600	86
1251	380.0	127.0		122.1		120	159	0	0	540	139	0	0	240	124	240	87
1252	380.0	135.5		131.1		120	182	0	0	540	143	0	0	360	125	120	87
1253	540.0	132.6		127.6		180	179	0	0	1020	136	0	0	240	122	180	81
1254	500.0	128.2		122.2		480	150	0	0	540	135	60	90	60	167	360	89
1255	540.0	126.5		120.1		240	140	0	0	840	146	0	0	120	105	420	86
1256	440.0	129.5		121.9		300	176	0	0	540	135	0	0	180	105	300	88
1257	440.0	128.3		123.8		360	149	0	0	480	139	0	0	240	116	240	88
1258	280.0	132.2		124.4		60	194	0	0	360	154	0	0	240	118	180	87
1259	360.0	142.0		131.1		120	225	0	0	540	157	0	0	240	105	180	91
1260	500.0	134.9		126.4		420	168	0	0	600	145	0	0	120	115	360	86
1261	400.0	145.4		134.5		360	184	0	0	540	151	0	0	60	106	240	85
1262	460.0	150.5		144.6		300	190	0	0	660	149	0	0	300	140	120	86
1263	640.0	120.3		115.5		300	151	0	0	1020	130	0	0	180	92	420	87
1264	340.0	124.6		119.3		120	152	0	0	480	142	0	0	240	105	180	86
1265	560.0	138.8		129.9		360	189	0	0	900	141	0	0	60	108	360	88
1266	460.0	136.3		127.2		420	176	0	0	540	139	0	0	120	114	300	85
1267	440.0	141.7		135.0		180	200	0	0	660	148	0	0	300	124	180	90
1268	520.0	129.9		119.8		360	168	0	0	540	149	60	87	120	131	480	85
1269	340.0	157.9		152.5		120	206	0	0	600	164	0	0	240	136	60	88
1270	260.0	115.8		110.1		180	142	0	0	300	131	0	0	0	0	300	85
1271	460.0	133.7		127.6		360	157	0	0	660	144	0	0	120	99	240	88
1272	420.0	121.4		114.5		120	190	0	0	600	132	0	0	180	113	360	85
1273	260.0	128.5		122.6		120	172	0	0	300	137	0	0	180	126	180	88
1274	440.0	151.2		143.4		180	194	0	0	720	161	0	0	240	138	180	87
1275	400.0	123.6		116.6		180	185	0	0	540	129	0	0	180	107	300	87
1276	300.0	131.6		129.5		0	0	0	0	540	138	0	0	300	130	60	82
1277	480.0	133.7		125.5		300	164	0	0	660	149	0	0	120	117	360	86
1278	400.0	140.3		135.0		240	165	0	0	480	154	0	0	360	124	120	85
1279	280.0	127.9		118.9		120	166	0	0	360	152	60	87	120	101	180	86
1280	440.0	126.0		119.4		360	159	0	0	540	131	0	0	60	124	360	86
1281	680.0	129.4		122.5		660	158	0	0	600	141	120	100	240	112	420	86
1282	460.0	135.0		129.5		180	179	0	0	900	140	0	0	120	104	180	87
1283	320.0	128.8		121.8		60	202	0	0	360	149	0	0	240	126	300	92
1284	600.0	143.6		137.3		540	179	0	0	900	140	0	0	180	111	180	88
1285	680.0	132.2		124.2		840	164	0	0	540	127	0	0	240	117	420	84
1286	520.0	138.1		130.3		240	200	0	0	660	147	0	0	480	114	180	87
1287	540.0	119.6		112.9		360	147	0	0	600	139	120	87	0	0	540	87
1288	520.0	137.7		133.0		240	175	0	0	720	149	0	0	540	112	60	85
1289	600.0	126.3		116.8		480	171	0	0	600	137	0	0	120	90	600	87
1290	420.0	125.1		118.2		120	173	0	0	660	137	0	0	120	132	360	85
1291	560.0	129.6		124.5		420	151	0	0	780	139	60	114	120	111	300	86
1292	440.0	127.3		118.2		240	187	0	0	360	144	0	0	360	111	360	87
1293	380.0	133.5		126.1		240	181	0	0	420	143	0	0	300	109	180	89
1294	480.0	146.3		138.0		480	181	0	0	600	147	0	0	180	112	180	86
1295	340.0	143.4		137.6		240	176	0	0	360	147	0	0	300	136	120	86
1296	400.0	125.2		119.4		300	163	0	0	420	130	60	87	180	111	240	90
1297	420.0	115.1		111.9		180	140	0	0	600	124	60	96	180	107	240	85
1298	520.0	114.5		109.8		240	146	0	0	660	128	0	0	60	116	600	87
1299	400.0	144.5		136.5		300	202	0	0	540	137	0	0	300	111	60	91
1300	420.0	122.7		118.2		180	170	0	0	480	129	0	0	420	111	180	86
1301	320.0	133.4		124.9		300	176	0	0	360	130	0	0	60	123	240	88
1302	340.0	110.1		105.8		60	163	0	0	480	125	0	0	60	99	420	87
1303	440.0	127.5		123.1		180	150	0	0	660	141	0	0	300	109	180	86
1304	200.0	157.9		152.4		60	208	0	0	180	191	0	0	360	133	0	0
1305	340.0	143.5		141.9		120	177	0	0	540	147	0	0	360	127	0	0
1306	560.0	128.2		121.0		420	165	0	0	600	138	120	88	240	112	300	86
1307	360.0	141.0		137.1		180	180	0	0	420	147	0	0	420	126	60	87
1308	240.0	133.3		122.7		180	186	0	0	300	138	0	0	60	91	180	87
1309	420.0	134.9		123.1		480	177	0	0	300	141	0	0	0	0	480	89
1310	600.0	144.2		139.6		540	175	0	0	660	147	0	0	540	116	60	91
1311	360.0	133.8		128.6		240	164	0	0	480	141	0	0	120	126	240	93
1312	500.0	120.1		114.0		240	152	0	0	660	136	0	0	60	116	540	87
1313	360.0	137.2		130.4		360	167	0	0	360	140	0	0	180	123	180	86
1314	440.0	132.2		125.0		180	185	0	0	720	140	0	0	180	111	240	85
1315	200.0	114.3		107.1		60	132	0	0	180	156	60	88	60	103	240	88
1316	480.0	120.2		115.4		180	152	0	0	780	132	0	0	60	90	420	89
1317	320.0	139.5		127.1		120	193	0	0	420	165	0	0	120	128	300	87
1318	340.0	123.5		116.7		120	182	0	0	480	136	0	0	180	97	240	89
1319	620.0	127.0		121.9		660	153	0	0	660	126	0	0	180	115	360	87
1320	380.0	126.5		120.6		180	164	0	0	420	144	0	0	240	112	300	91
1321	340.0	120.8		114.6		180	167	0	0	300	133	60	88	240	113	240	87
1322	480.0	140.1		134.3		480	164	0	0	660	141	0	0	60	144	240	89
1323	300.0	132.7		126.4		120	175	0	0	480	137	0	0	120	143	180	86
1324	480.0	139.7		132.0		480	175	0	0	540	139	0	0	180	118	240	87
1325	280.0	114.8		109.8		60	142	0	0	300	140	0	0	180	110	300	87
1326	460.0	133.2		123.1		420	182	0	0	480	132	0	0	120	106	360	87
1327	340.0	127.7		119.5		180	183	0	0	480	134	0	0	120	105	240	85
1328	260.0	159.5		158.6		180	174	0	0	480	160	0	0	120	136	0	0
1329	420.0	124.9		112.6		180	190	0	0	420	155	60	85	60	109	540	86
1330	460.0	125.2		116.6		300	174	0	0	600	132	0	0	60	88	420	86
1331	420.0	130.3		123.1		360	163	0	0	360	143	0	0	300	113	240	84
1332	580.0	131.8		125.3		480	163	0	0	780	135	0	0	120	123	360	86
1333	380.0	120.3		114.6		180	168	0	0	480	129	0	0	120	108	360	89
1334	320.0	131.1		126.2		240	151	0	0	300	145	60	88	240	126	120	88
1335	340.0	136.7		127.1		180	226	0	0	540	126	0	0	240	106	60	88
1336	380.0	138.9		131.8		360	171	0	0	480	139	0	0	120	123	180	85
1337	560.0	128.9		122.2		600	156	0	0	480	135	120	87	180	122	300	86
1338	360.0	132.8		123.9		60	205	0	0	600	151	0	0	120	120	300	87
1339	360.0	132.8		124.4		180	190	0	0	480	140	0	0	180	119	240	86
1340	560.0	105.9		101.8		540	127	60	88	540	112	120	71	60	99	360	81
1341	220.0	157.4		145.0		300	189	0	0	180	163	0	0	60	121	120	88
1342	460.0	139.0		129.8		360	175	0	0	660	146	0	0	60	115	300	85
1343	280.0	138.0		132.2		120	185	0	0	360	151	0	0	240	116	120	96
1344	340.0	140.6		133.4		240	191	0	0	540	135	0	0	120	119	120	87
1345	460.0	117.8		115.3		60	180	0	0	540	127	0	0	600	112	180	89
1346	340.0	123.4		118.8		120	167	0	0	540	131	0	0	180	109	180	86
1347	240.0	128.7		123.5		60	146	0	0	420	141	0	0	60	144	180	89
1348	160.0	134.0		125.9		60	218	0	0	120	149	0	0	240	117	60	88
1349	400.0	120.1		115.2		300	149	0	0	480	127	0	0	120	106	300	86
1350	320.0	132.1		125.1		240	155	0	0	540	139	0	0	60	74	120	84
1351	240.0	102.6		97.7		0	0	0	0	300	130	0	0	0	0	420	83
1352	320.0	137.5		134.9		240	168	0	0	480	134	0	0	240	114	0	0
1353	360.0	131.5		119.6		420	174	0	0	180	140	0	0	60	120	420	87
1354	360.0	120.2		114.7		300	157	0	0	300	125	0	0	300	98	180	88
1355	300.0	128.9		124.9		60	165	0	0	480	140	0	0	240	119	120	86
1356	240.0	124.0		115.2		60	171	0	0	360	147	0	0	0	0	300	87
1357	380.0	120.2		115.5		180	169	0	0	420	123	0	0	360	110	180	85
1358	440.0	112.6		104.5		120	159	0	0	480	143	0	0	60	91	660	84
1359	220.0	129.5		120.6		120	171	0	0	300	143	0	0	60	119	180	83
1360	180.0	115.7		110.9		0	0	0	0	300	133	0	0	60	121	180	85
1361	320.0	104.8		103.5		300	113	0	0	300	113	0	0	60	101	300	89
1362	300.0	128.6		125.2		180	161	0	0	540	128	0	0	120	104	60	86
1363	320.0	116.8		113.6		0	0	0	0	420	137	0	0	180	113	360	95
1364	280.0	126.7		121.7		60	184	0	0	420	135	0	0	180	127	180	88
1365	340.0	124.5		118.1		60	156	0	0	420	146	0	0	240	127	300	86
1366	300.0	128.0		120.9		180	162	0	0	360	144	0	0	180	105	180	85
1367	240.0	124.2		117.1		60	182	0	0	360	141	0	0	60	111	240	88
1368	280.0	126.9		117.4		180	186	0	0	360	130	0	0	120	89	180	87
1369	460.0	128.7		122.0		360	160	0	0	600	136	60	87	120	109	240	84
1370	280.0	135.3		126.8		240	174	0	0	300	145	0	0	120	100	180	91
1371	400.0	123.8		119.3		240	151	0	0	540	134	0	0	180	105	240	88
1372	400.0	116.6		112.8		0	0	0	0	720	133	0	0	240	96	240	88
1373	460.0	124.7		121.0		240	160	0	0	540	133	0	0	420	108	180	92
1374	200.0	139.8		121.7		180	215	0	0	180	135	0	0	0	0	240	87
1375	220.0	119.4		113.2		120	177	0	0	240	119	0	0	120	108	180	89
1376	440.0	124.1		116.5		480	163	0	0	420	113	0	0	60	113	360	87
1377	140.0	135.7		131.2		60	167	0	0	240	143	0	0	60	121	60	90
1378	240.0	136.3		124.5		120	197	0	0	360	149	0	0	0	0	240	87
1379	380.0	132.6		119.3		360	189	0	0	420	127	60	82	0	0	300	83
1380	420.0	119.0		111.9		240	166	0	0	420	128	60	95	180	115	360	83
1381	340.0	117.6		113.2		120	162	0	0	420	129	0	0	120	113	360	91
1382	400.0	127.6		118.6		180	169	0	0	540	148	0	0	60	104	420	87
1383	300.0	120.6		117.1		120	159	0	0	480	124	0	0	120	116	180	89
1384	440.0	128.6		123.3		240	165	0	0	720	132	0	0	120	123	240	85
1385	360.0	123.2		117.6		60	158	0	0	540	139	0	0	180	126	300	86
1386	400.0	129.7		127.8		300	150	0	0	480	132	0	0	300	117	120	101
1387	260.0	125.3		121.6		180	145	0	0	360	135	0	0	180	99	60	87
1388	260.0	117.3		109.9		60	145	0	0	360	144	0	0	0	0	360	86
1389	440.0	117.5		111.0		360	149	0	0	480	127	0	0	180	83	300	85
1390	260.0	111.4		105.8		180	147	0	0	180	128	60	88	60	105	300	86
1391	240.0	117.8		106.5		60	189	0	0	240	156	60	90	0	0	360	85
1392	220.0	134.6		130.2		180	168	0	0	240	131	0	0	180	122	60	87
1393	280.0	120.4		114.7		180	156	0	0	300	126	0	0	180	115	180	81
1394	120.0	118.3		112.4		60	163	0	0	180	125	0	0	0	0	120	86
1395	220.0	133.0		125.6		0	0	0	0	360	158	0	0	180	115	120	85
1396	320.0	131.9		123.8		60	197	0	0	600	146	0	0	60	109	240	86
1397	220.0	119.6		113.2		120	161	0	0	300	123	0	0	60	133	180	82
1398	360.0	119.2		109.6		180	173	0	0	360	142	0	0	0	0	540	86
1399	140.0	109.6		104.8		0	0	0	0	120	139	0	0	120	117	180	85
1400	220.0	131.9		123.5		120	197	0	0	300	133	0	0	120	109	120	87
1401	280.0	122.1		112.5		120	175	0	0	300	146	60	87	60	118	300	85
1402	120.0	124.0		120.1		0	0	0	0	120	154	0	0	180	114	60	94
1403	400.0	107.0		101.5		120	141	0	0	360	127	180	85	60	161	480	85
1404	260.0	124.9		114.6		120	193	0	0	300	139	60	88	60	115	240	85
1405	260.0	131.9		128.0		180	151	0	0	420	139	0	0	120	102	60	85
1406	440.0	113.0		109.4		300	142	0	0	540	118	0	0	60	91	420	89
1407	300.0	115.1		108.6		120	172	0	0	420	124	0	0	60	95	300	84
1408	300.0	121.8		119.4		180	148	0	0	360	124	0	0	180	118	180	95
1409	420.0	109.3		105.2		60	161	0	0	540	125	0	0	180	110	480	85
1410	240.0	133.9		124.6		60	240	0	0	420	139	0	0	60	130	180	88
1411	320.0	116.5		111.4		60	124	0	0	480	139	0	0	60	94	360	89
1412	300.0	113.7		107.6		60	169	0	0	360	135	60	87	120	107	300	85
1413	200.0	114.2		109.6		120	124	0	0	240	136	60	89	0	0	180	87
1414	240.0	111.2		104.5		120	172	0	0	240	117	0	0	60	82	300	88
1415	220.0	112.7		105.5		0	0	0	0	360	138	0	0	180	80	120	86
1416	280.0	129.7		127.6		360	134	0	0	360	134	0	0	60	126	60	82
1417	240.0	114.3		107.5		60	158	0	0	240	145	0	0	180	98	240	85
1418	160.0	116.2		115.1		60	129	0	0	300	121	0	0	60	102	60	94
1419	200.0	110.7		103.8		120	159	0	0	180	122	0	0	60	91	240	83
1420	440.0	111.8		107.6		240	136	0	0	420	129	120	86	180	108	360	86
1421	160.0	125.6		119.1		60	189	0	0	240	131	0	0	60	116	120	88
1422	360.0	125.1		119.1		120	173	0	0	480	137	0	0	180	123	300	88
1423	240.0	125.2		116.1		60	138	0	0	420	148	0	0	0	0	240	82
1424	360.0	117.6		109.3		120	173	0	0	420	141	0	0	0	0	540	87
1425	340.0	131.4		123.5		120	173	0	0	600	143	0	0	60	125	240	83
1426	180.0	113.9		108.0		60	175	0	0	120	138	0	0	240	101	120	85
1427	160.0	132.5		129.4		0	0	0	0	300	146	0	0	120	118	60	94
1428	240.0	138.2		132.2		240	171	0	0	240	136	0	0	120	123	120	92
1429	320.0	119.9		117.0		0	0	0	0	540	135	0	0	180	109	240	94
1430	180.0	140.0		129.0		180	141	0	0	180	184	60	85	60	114	60	86
1431	220.0	111.5		107.2		60	151	0	0	240	127	60	84	120	113	180	86
1432	260.0	139.5		129.9		180	173	0	0	360	154	0	0	120	103	120	82
1433	500.0	113.2		108.9		480	140	0	0	300	121	120	88	120	108	480	89
1434	260.0	119.3		116.3		0	0	0	0	420	135	0	0	180	110	180	92
1435	340.0	120.4		116.2		300	134	0	0	300	134	0	0	180	122	240	85
1436	400.0	111.2		105.1		240	149	0	0	360	129	0	0	60	81	540	86
1437	280.0	135.9		128.6		180	174	0	0	480	140	0	0	0	0	180	87
1438	400.0	98.4		96.1		60	113	0	0	240	130	180	91	60	94	660	88
1439	320.0	114.3		109.7		0	0	0	0	540	134	0	0	120	89	300	89
1440	280.0	130.3		120.0		240	180	0	0	240	138	0	0	180	97	180	87
1441	200.0	115.8		109.2		60	187	0	0	240	130	0	0	120	92	180	89
1442	220.0	109.1		105.1		0	0	0	0	300	130	0	0	60	115	300	87
1443	140.0	117.3		106.6		120	177	0	0	60	119	0	0	0	0	240	87
1444	260.0	124.7		117.2		180	159	0	0	300	138	0	0	60	114	240	85
1445	240.0	102.8		99.9		0	0	0	0	300	122	0	0	60	107	360	86
1446	260.0	128.8		121.8		60	197	0	0	420	138	0	0	120	128	180	85
1447	280.0	112.9		107.7		0	0	0	0	480	133	0	0	60	81	300	87
1448	280.0	112.4		108.2		60	150	0	0	360	128	0	0	120	113	300	86
1449	140.0	98.3		96.0		0	0	0	0	120	122	0	0	60	100	240	86
1450	240.0	119.4		114.9		60	182	0	0	360	127	0	0	120	111	180	89
1451	140.0	126.4		117.0		180	151	0	0	60	167	60	91	0	0	120	87
1452	160.0	104.5		102.3		0	0	0	0	240	118	0	0	60	106	180	86
1453	300.0	136.7		126.9		240	180	0	0	300	149	0	0	180	109	180	86
1454	300.0	125.1		114.0		60	211	0	0	420	151	60	86	60	83	300	88
1455	100.0	117.8		114.1		0	0	0	0	120	142	0	0	120	108	60	89
1456	240.0	135.7		120.5		180	207	0	0	180	152	0	0	60	86	300	93
1457	140.0	126.6		118.0		0	0	0	0	240	154	0	0	0	0	180	90
1458	240.0	118.2		111.2		180	145	0	0	180	145	0	0	60	119	300	86
1459	120.0	109.3		104.9		60	144	0	0	60	139	0	0	60	103	180	90
1460	160.0	135.1		117.2		60	232	0	0	180	167	0	0	0	0	240	87
1461	40.0	135.5		120.9		0	0	0	0	60	180	0	0	0	0	60	91
1462	200.0	127.5		125.2		240	134	0	0	240	134	0	0	60	117	60	86
1463	240.0	115.1		111.0		120	141	0	0	300	127	0	0	120	106	180	84
1464	300.0	127.4		112.6		240	199	0	0	240	130	0	0	0	0	420	85
1465	220.0	111.1		106.3		120	154	0	0	120	120	60	86	180	110	180	86
1466	260.0	124.2		115.2		60	173	0	0	240	154	0	0	120	146	360	89
1467	120.0	116.3		103.8		0	0	0	0	120	177	0	0	0	0	240	86
1468	200.0	121.4		115.0		60	165	0	0	240	139	0	0	120	119	180	85
1469	160.0	123.5		109.0		60	248	0	0	120	145	0	0	0	0	300	90
1470	220.0	110.5		105.3		0	0	0	0	240	129	0	0	120	137	300	85
1471	240.0	98.0		94.7		60	146	0	0	120	125	120	89	0	0	420	86
1472	240.0	115.4		107.0		180	166	0	0	120	133	60	85	60	96	300	88
1473	80.0	150.5		137.6		0	0	0	0	180	172	0	0	0	0	60	86
1474	180.0	115.3		110.4		180	131	0	0	180	131	0	0	0	0	180	84
1475	260.0	108.4		103.8		120	145	0	0	180	133	0	0	60	90	420	90
1476	220.0	124.0		115.9		60	187	0	0	300	142	0	0	60	119	240	87
1477	120.0	123.5		120.1		0	0	0	0	60	137	0	0	240	130	60	84
1478	240.0	120.7		111.0		60	180	0	0	240	147	0	0	60	158	360	87
1479	240.0	136.6		130.4		60	180	0	0	480	146	0	0	60	119	120	86
1480	200.0	100.8		96.1		0	0	0	0	120	152	0	0	0	0	480	88
1481	180.0	115.0		105.8		60	167	0	0	120	163	60	87	60	107	240	87
1482	300.0	109.9		104.4		0	0	0	0	360	132	0	0	60	160	480	87
1483	120.0	98.8		96.6		60	121	0	0	60	121	0	0	60	84	180	89
1484	180.0	106.9		105.1		60	128	0	0	60	128	0	0	240	109	180	90
1485	360.0	103.6		100.5		120	136	0	0	240	119	120	96	120	118	480	86
1486	220.0	110.8		104.9		0	0	0	0	240	142	0	0	60	129	360	87
1487	120.0	140.3		123.2		60	255	0	0	120	137	0	0	60	139	120	87
1488	240.0	109.8		104.1		120	159	0	0	180	126	60	92	60	95	300	87
1489	280.0	98.3		96.5		0	0	0	0	300	113	0	0	120	108	420	85
1490	220.0	115.2		110.7		180	129	0	0	180	129	0	0	60	145	240	87
1491	240.0	103.7		98.0		120	141	0	0	120	141	0	0	0	0	480	85
1492	180.0	116.9		112.7		180	135	0	0	60	137	0	0	120	123	180	88
1493	240.0	107.3		103.0		240	132	0	0	120	122	60	86	0	0	300	86
1494	200.0	114.3		106.8		0	0	0	0	240	152	60	90	0	0	300	89
1495	100.0	149.8		140.2		60	173	0	0	120	170	0	0	60	148	60	88
1496	240.0	118.6		113.4		120	160	0	0	180	133	0	0	180	116	240	89
1497	80.0	129.0		115.3		0	0	0	0	120	171	0	0	0	0	120	87
1498	260.0	116.1		107.0		180	172	0	0	240	122	60	85	0	0	300	84
1499	120.0	102.7		100.3		0	0	0	0	120	119	0	0	60	117	180	87
