#File created from auswertNew
# Temporary input file:
# tmp17.dat
# Created from repository file
# /home/vwitme/data/workdata/trafficData/Invent_A5/intermediatedata/A5frankfurt_06_01/daten/F17_1106.dat.gz
# Infrastructure description file:
# /home/vwitme/data/workdata/trafficData/Invent_A5/intermediatedata/A5frankfurt_06_01/daten/A5frankfurt_06_01.dsc
#
# Date: 11.06.2001
# Direction: Frankfurt
# Detector cross section 17
# Position (m)= 483.000000
# Number of main lanes=3
# Number of ramp lanes=0
# The lane indices are ordered from left to right
# NOTICE: The time has been increased by 1 hour 
# since summertime was not taken care of  in the original data!
# Velocity averages: Over veh types and lanes, weighted with flow
# vAvg=arithmetic average; vHarm=harmonic average
#===========================================
#t(min)	Qav(/h)	vAvg(km/h)	vHarm(km/h)	Q1car	v1car	Q1truck	v1truck	Q2car	v2car	Q2truck	v2truck	Q3car	v3car	Q3truck	v3truck
60	300.0	128.3		126.4		300	147	0	0	360	127	0	0	240	107	0	0
61	420.0	101.4		96.9		120	143	0	0	300	127	0	0	120	106	720	83
62	360.0	108.7		101.3		120	160	0	0	300	138	0	0	120	104	540	82
63	380.0	116.1		111.4		120	154	0	0	540	130	0	0	300	95	180	84
64	400.0	98.6		94.4		60	153	0	0	420	119	0	0	120	93	600	80
65	300.0	108.2		104.5		60	144	0	0	480	121	0	0	60	91	300	84
66	380.0	115.6		109.7		360	135	0	0	360	132	0	0	120	100	300	79
67	520.0	100.2		95.5		60	145	0	0	780	117	0	0	120	95	600	75
68	520.0	102.8		99.7		120	121	0	0	780	117	0	0	60	90	600	82
69	440.0	103.3		97.3		180	142	0	0	300	136	60	87	0	0	780	83
70	200.0	100.4		96.3		0	0	0	0	180	129	0	0	120	106	300	81
71	480.0	115.0		111.7		420	134	0	0	540	121	60	118	180	90	240	86
72	360.0	107.4		103.4		0	0	0	0	420	129	60	91	240	112	360	82
73	660.0	99.5		95.6		180	135	0	0	660	119	60	92	0	0	1080	82
74	520.0	98.0		94.3		240	123	0	0	420	113	0	0	180	110	720	78
75	540.0	114.1		108.6		420	139	0	0	600	127	0	0	120	91	480	82
76	220.0	100.6		95.3		60	165	0	0	120	131	0	0	0	0	480	85
77	360.0	104.4		99.7		0	0	0	0	480	130	0	0	0	0	600	84
78	360.0	94.7		91.9		60	144	0	0	300	113	0	0	0	0	720	83
79	420.0	99.8		95.0		60	144	0	0	480	121	0	0	60	115	660	79
80	280.0	104.9		101.4		120	130	0	0	360	117	60	96	60	82	240	82
81	320.0	108.4		103.6		60	132	0	0	360	132	60	102	60	120	420	84
82	160.0	91.2		90.1		0	0	0	0	120	110	0	0	0	0	360	85
83	200.0	126.5		117.3		60	187	0	0	240	151	0	0	120	108	180	86
84	240.0	115.7		106.1		120	186	0	0	240	127	0	0	60	83	300	85
85	360.0	95.8		91.4		60	156	0	0	300	119	180	84	60	66	480	82
86	440.0	102.0		99.3		120	122	0	0	480	120	60	92	120	87	540	86
87	260.0	102.5		99.6		60	151	0	0	300	113	0	0	120	93	300	86
88	260.0	101.7		98.6		0	0	0	0	360	121	60	92	0	0	360	84
89	500.0	104.1		99.6		180	136	0	0	600	121	0	0	0	0	720	82
90	540.0	108.6		102.1		360	141	0	0	420	132	60	87	60	91	720	82
91	260.0	115.8		108.7		120	157	0	0	300	135	0	0	0	0	360	86
92	320.0	96.2		94.4		120	117	0	0	300	109	60	89	0	0	480	84
93	480.0	107.7		103.5		300	132	0	0	540	121	120	86	0	0	480	83
94	360.0	95.8		92.9		0	0	0	0	360	121	0	0	180	81	540	84
95	300.0	91.0		90.0		60	110	0	0	300	101	120	88	0	0	420	82
96	400.0	101.2		97.2		300	132	0	0	180	117	60	88	0	0	660	84
97	200.0	96.4		92.5		0	0	0	0	240	121	0	0	0	0	360	80
98	360.0	107.6		101.1		120	162	0	0	420	125	0	0	0	0	540	82
99	220.0	105.7		103.3		0	0	0	0	300	123	0	0	240	94	120	86
100	440.0	108.5		102.6		180	154	0	0	480	125	0	0	0	0	660	84
101	420.0	99.0		95.6		120	137	0	0	300	122	120	89	60	94	660	84
102	260.0	100.6		95.2		60	177	0	0	180	124	60	87	0	0	480	84
103	520.0	101.1		95.8		300	144	0	0	180	130	60	90	0	0	1020	84
104	320.0	103.5		96.6		120	163	0	0	240	124	0	0	120	101	480	79
105	320.0	95.1		91.8		60	126	0	0	120	107	0	0	180	124	600	81
106	400.0	98.3		92.9		180	145	0	0	120	143	0	0	0	0	900	83
107	300.0	98.5		95.7		60	148	0	0	300	111	0	0	120	97	420	83
108	340.0	98.1		95.3		120	125	0	0	300	112	0	0	120	105	480	81
109	120.0	104.0		100.5		0	0	0	0	180	123	0	0	0	0	180	85
110	340.0	88.6		85.4		60	130	0	0	180	121	0	0	0	0	780	78
111	380.0	97.6		93.9		0	0	0	0	420	124	60	85	0	0	660	82
112	320.0	99.1		95.2		180	126	0	0	180	126	0	0	0	0	600	83
113	340.0	108.6		104.3		120	127	0	0	420	125	0	0	120	116	360	81
114	200.0	101.1		97.1		60	129	0	0	180	126	0	0	0	0	360	84
115	120.0	106.8		101.4		0	0	0	0	60	158	0	0	120	114	180	85
116	160.0	108.4		101.3		60	153	0	0	180	130	0	0	0	0	240	81
117	200.0	106.8		99.6		60	153	0	0	180	139	0	0	0	0	360	83
118	220.0	113.3		108.4		60	153	0	0	240	133	0	0	180	103	180	84
119	260.0	104.2		100.2		60	133	0	0	300	123	60	88	60	109	300	82
120	360.0	104.8		98.7		180	135	0	0	240	141	60	88	0	0	600	83
121	300.0	102.5		97.6		0	0	0	0	360	130	0	0	120	95	420	81
122	580.0	111.8		108.3		600	124	0	0	600	124	0	0	60	81	480	85
123	260.0	110.4		101.4		120	180	0	0	60	129	60	85	180	123	360	82
124	380.0	115.2		111.2		0	0	0	0	720	128	0	0	60	137	360	86
125	260.0	107.8		101.0		120	158	0	0	240	126	0	0	0	0	420	83
126	300.0	101.9		96.5		60	151	0	0	300	128	0	0	0	0	540	82
127	280.0	105.9		97.8		60	154	0	0	180	154	0	0	120	109	480	81
128	120.0	103.3		99.9		0	0	0	0	120	127	0	0	60	111	180	85
129	180.0	98.9		95.8		0	0	0	0	180	104	0	0	120	127	240	81
130	300.0	106.7		101.6		60	150	0	0	300	133	0	0	120	95	420	85
131	460.0	98.0		95.0		60	150	0	0	480	116	60	85	0	0	780	84
132	260.0	99.5		97.0		0	0	0	0	300	119	0	0	120	97	360	84
133	260.0	107.1		103.5		180	131	0	0	120	131	60	94	180	101	240	85
134	300.0	95.6		91.6		60	163	0	0	60	141	240	98	0	0	540	82
135	120.0	100.7		97.4		0	0	0	0	120	128	0	0	0	0	240	87
136	360.0	104.1		99.3		120	145	0	0	360	124	0	0	0	0	600	84
137	420.0	97.5		94.9		300	125	0	0	180	104	120	92	60	86	600	84
138	460.0	96.5		91.5		60	205	0	0	360	117	0	0	0	0	960	82
139	280.0	94.0		91.9		60	117	0	0	240	113	0	0	0	0	540	83
140	240.0	93.5		91.0		0	0	0	0	180	118	60	111	60	83	420	82
141	260.0	102.6		98.5		180	134	0	0	240	110	0	0	60	87	300	81
142	240.0	108.0		105.4		180	117	0	0	300	119	0	0	60	104	180	82
143	520.0	105.2		100.9		120	154	0	0	600	122	0	0	60	101	780	85
144	160.0	105.2		103.5		0	0	0	0	300	115	0	0	120	93	60	81
145	260.0	100.2		94.7		120	134	0	0	120	139	0	0	60	109	480	81
146	500.0	102.2		96.4		300	134	0	0	420	123	60	89	0	0	720	78
147	260.0	106.4		102.5		120	135	0	0	240	124	120	90	60	101	240	84
148	280.0	93.1		91.2		60	128	0	0	180	107	60	86	60	104	480	83
149	320.0	115.1		109.5		180	143	0	0	420	128	0	0	120	98	240	80
150	140.0	122.3		118.6		0	0	0	0	240	136	0	0	120	115	60	82
151	300.0	108.2		103.2		120	154	0	0	360	120	0	0	0	0	420	85
152	380.0	100.7		96.3		180	141	0	0	240	118	120	86	60	109	540	82
153	260.0	93.5		89.5		0	0	0	0	240	124	60	91	60	69	420	80
154	240.0	105.6		101.6		120	138	0	0	240	118	60	85	60	102	240	83
155	240.0	102.8		98.4		60	112	0	0	180	142	120	87	0	0	360	87
156	200.0	92.8		91.2		0	0	0	0	120	113	0	0	120	102	360	83
157	240.0	111.1		106.3		60	161	0	0	300	126	0	0	120	103	240	84
158	260.0	109.8		103.8		60	150	0	0	300	133	60	90	60	112	300	82
159	240.0	99.0		95.5		0	0	0	0	180	128	0	0	60	124	480	85
160	240.0	100.2		93.1		120	142	0	0	60	160	120	86	60	119	360	78
161	100.0	84.0		84.0		0	0	0	0	0	0	0	0	0	0	300	84
162	280.0	101.0		95.4		60	146	0	0	180	142	180	87	0	0	420	83
163	300.0	101.8		98.8		60	129	0	0	360	119	60	89	0	0	420	85
164	200.0	99.9		95.8		60	141	0	0	180	120	0	0	0	0	360	83
165	260.0	89.2		86.7		0	0	0	0	180	116	60	88	120	68	420	84
166	60.0	115.3		109.7		0	0	0	0	120	132	0	0	0	0	60	82
167	40.0	84.0		83.4		0	0	0	0	0	0	60	91	0	0	60	77
168	100.0	112.2		108.6		0	0	0	0	240	121	0	0	0	0	60	77
169	360.0	104.3		99.1		120	162	0	0	300	122	60	87	60	91	540	85
170	360.0	95.8		93.1		240	121	0	0	0	0	180	89	60	133	600	84
171	120.0	110.7		104.1		60	133	0	0	60	158	0	0	60	118	180	85
172	260.0	101.1		97.1		60	154	0	0	240	120	0	0	0	0	480	85
173	200.0	103.7		99.6		0	0	0	0	240	125	0	0	60	122	300	83
174	240.0	96.8		91.5		60	145	0	0	180	126	0	0	60	85	420	79
175	300.0	112.9		107.8		0	0	0	0	420	135	60	87	120	118	300	85
176	500.0	107.8		104.5		420	122	0	0	420	122	0	0	120	116	540	84
177	200.0	103.7		101.7		120	107	0	0	120	107	0	0	180	119	180	84
178	240.0	105.8		102.2		60	141	0	0	300	119	0	0	60	114	300	84
179	240.0	95.5		93.3		60	130	0	0	180	112	0	0	0	0	480	85
180	340.0	118.9		109.5		300	154	0	0	240	145	0	0	0	0	480	84
181	300.0	112.1		105.8		240	146	0	0	300	121	120	85	60	77	180	82
182	280.0	102.5		94.5		60	171	0	0	120	168	120	86	0	0	540	84
183	280.0	102.8		99.2		60	130	0	0	420	117	60	90	0	0	300	80
184	240.0	119.9		115.8		60	154	0	0	300	135	60	98	120	121	180	90
185	280.0	100.3		97.8		60	133	0	0	180	121	60	94	120	106	420	86
186	340.0	103.9		99.8		60	148	0	0	360	125	60	82	60	107	480	85
187	320.0	109.0		104.2		180	139	0	0	300	127	60	97	0	0	420	85
188	240.0	105.8		101.6		60	145	0	0	300	123	0	0	0	0	360	85
189	160.0	100.8		97.2		0	0	0	0	120	124	0	0	120	115	240	82
190	340.0	101.2		99.0		60	125	0	0	540	112	0	0	0	0	420	84
191	300.0	106.1		102.6		0	0	0	0	360	127	0	0	120	114	420	86
192	260.0	109.2		104.9		240	126	0	0	180	126	60	87	60	123	240	82
193	160.0	109.9		103.6		180	131	0	0	60	150	0	0	0	0	240	84
194	340.0	93.3		88.5		120	139	0	0	120	133	120	88	120	73	540	80
195	300.0	107.5		102.2		60	165	0	0	360	127	0	0	60	90	420	85
196	280.0	106.5		103.6		0	0	0	0	480	118	0	0	60	127	300	84
197	300.0	108.0		103.3		180	146	0	0	180	121	120	103	120	99	300	83
198	280.0	108.1		103.7		60	169	0	0	240	126	0	0	240	104	300	85
199	320.0	114.8		110.9		120	137	0	0	420	129	0	0	180	108	240	84
200	300.0	95.3		93.3		0	0	0	0	300	116	0	0	0	0	600	85
201	400.0	103.0		98.8		120	127	0	0	300	134	120	100	0	0	660	85
202	320.0	107.8		102.6		180	155	0	0	180	120	60	108	0	0	540	88
203	220.0	110.6		105.5		0	0	0	0	240	140	0	0	180	107	240	84
204	420.0	102.1		98.6		240	135	0	0	300	115	180	87	60	88	480	85
205	200.0	98.9		95.6		0	0	0	0	180	125	0	0	120	102	300	82
206	240.0	103.4		97.0		120	133	0	0	240	122	60	82	60	113	240	73
207	240.0	128.5		122.5		120	176	0	0	360	134	0	0	120	106	120	87
208	220.0	91.5		89.5		0	0	0	0	60	141	0	0	60	101	540	85
209	140.0	123.0		119.7		180	130	0	0	180	130	0	0	0	0	60	81
210	180.0	120.7		116.3		120	143	0	0	180	136	0	0	120	109	120	87
211	340.0	112.6		105.6		120	163	0	0	420	131	0	0	0	0	480	84
212	240.0	102.6		98.0		0	0	0	0	240	134	0	0	180	95	300	82
213	200.0	118.4		112.1		120	146	0	0	120	146	0	0	180	117	180	83
214	300.0	111.8		107.3		120	143	0	0	480	122	0	0	0	0	300	83
215	240.0	106.2		102.7		120	141	0	0	120	118	0	0	180	109	300	86
216	280.0	103.4		99.7		60	141	0	0	360	119	0	0	60	76	360	86
217	160.0	103.5		99.5		0	0	0	0	180	131	60	87	0	0	240	87
218	260.0	108.7		101.7		180	150	0	0	0	0	60	84	180	127	360	83
219	300.0	106.0		100.6		60	133	0	0	240	139	60	92	60	129	480	85
220	280.0	109.9		105.3		60	144	0	0	360	126	0	0	60	129	360	85
221	440.0	106.4		101.0		120	151	0	0	480	127	120	88	60	109	540	82
222	180.0	119.7		115.8		0	0	0	0	360	134	0	0	0	0	180	91
223	480.0	111.0		106.2		240	134	0	0	540	127	0	0	120	119	540	83
224	160.0	104.4		100.1		120	127	0	0	180	114	0	0	60	71	120	84
225	540.0	99.4		94.7		240	151	0	0	300	114	240	87	0	0	840	83
226	260.0	105.5		100.4		0	0	0	0	360	129	0	0	60	112	360	81
227	220.0	132.4		125.6		120	172	0	0	360	139	0	0	60	108	120	85
228	340.0	107.8		102.6		60	129	0	0	480	130	0	0	0	0	480	83
229	300.0	104.4		98.5		180	152	0	0	180	118	0	0	0	0	540	84
230	500.0	105.1		100.5		240	126	0	0	600	123	120	84	60	93	480	79
231	400.0	110.2		105.6		240	139	0	0	420	124	0	0	60	100	480	85
232	240.0	110.9		107.0		0	0	0	0	420	128	0	0	0	0	300	87
233	360.0	105.6		100.3		60	122	0	0	420	134	0	0	0	0	600	84
234	460.0	101.0		96.8		120	135	0	0	420	126	0	0	60	80	780	84
235	340.0	92.3		89.9		0	0	0	0	300	117	0	0	0	0	720	82
236	320.0	106.4		102.2		120	127	0	0	360	123	0	0	60	130	420	83
237	340.0	114.1		107.0		300	144	0	0	300	129	60	88	0	0	360	81
238	200.0	97.6		93.9		0	0	0	0	180	129	0	0	60	85	360	84
239	360.0	102.2		98.0		60	137	0	0	420	124	0	0	60	87	540	83
240	220.0	110.5		106.0		0	0	0	0	300	129	0	0	180	111	180	79
241	260.0	119.7		117.2		300	128	0	0	300	128	0	0	120	97	60	82
242	320.0	113.9		109.9		120	130	0	0	360	135	0	0	240	102	240	86
243	320.0	107.4		104.7		120	132	0	0	360	115	60	86	180	114	240	84
244	200.0	134.2		129.5		60	184	0	0	360	138	0	0	120	124	60	82
245	240.0	122.8		119.0		0	0	0	0	420	139	0	0	180	108	120	88
246	240.0	106.5		103.4		60	144	0	0	300	120	0	0	0	0	360	89
247	400.0	115.9		111.0		180	137	0	0	660	128	0	0	0	0	360	83
248	220.0	117.3		113.0		60	134	0	0	240	136	0	0	180	119	180	85
249	140.0	118.4		113.2		0	0	0	0	240	137	0	0	60	113	120	84
250	260.0	109.5		105.2		60	141	0	0	300	127	0	0	120	114	300	84
251	240.0	97.8		96.1		60	130	0	0	180	106	0	0	120	105	360	86
252	260.0	110.3		105.7		60	177	0	0	420	118	0	0	60	87	240	86
253	220.0	117.9		111.3		120	132	0	0	240	147	60	94	60	99	180	84
254	420.0	107.9		103.1		180	143	0	0	540	121	0	0	60	84	480	83
255	160.0	123.0		117.8		0	0	0	0	360	136	0	0	0	0	120	84
256	260.0	111.5		110.1		120	114	0	0	300	117	0	0	180	121	180	91
257	280.0	109.0		106.5		120	120	0	0	360	120	0	0	120	113	240	85
258	400.0	120.0		112.7		240	155	0	0	480	135	60	89	60	113	360	83
259	220.0	114.4		109.5		60	142	0	0	360	126	0	0	60	120	180	80
260	360.0	111.7		109.0		240	136	0	0	420	114	60	93	120	114	240	87
261	360.0	103.2		98.8		60	120	0	0	480	125	60	86	120	83	360	81
262	400.0	107.9		102.2		60	145	0	0	540	131	120	88	60	77	420	83
263	440.0	109.8		103.8		300	141	0	0	360	130	120	87	60	92	480	83
264	420.0	111.6		108.9		120	132	0	0	720	121	0	0	60	105	360	87
265	360.0	118.1		113.8		120	153	0	0	540	130	0	0	60	109	360	90
266	300.0	136.0		130.7		180	170	0	0	360	145	0	0	180	126	180	94
267	580.0	120.0		115.2		420	137	0	0	720	134	0	0	180	108	420	84
268	520.0	125.5		121.2		420	148	0	0	720	131	0	0	180	105	240	85
269	520.0	119.8		114.4		300	152	0	0	660	129	0	0	180	116	420	84
270	380.0	109.3		105.7		60	142	0	0	480	126	0	0	180	108	420	86
271	300.0	118.7		112.6		180	155	0	0	420	127	0	0	60	86	240	85
272	200.0	103.8		99.5		60	137	0	0	120	126	0	0	120	117	300	83
273	240.0	109.9		105.7		120	136	0	0	300	124	60	87	0	0	240	85
274	560.0	112.8		107.5		420	142	0	0	420	129	180	88	240	104	420	83
275	400.0	136.0		131.9		180	171	0	0	660	141	0	0	240	120	120	88
276	260.0	110.4		105.3		120	136	0	0	180	142	60	91	120	108	300	86
277	420.0	121.7		117.6		300	145	0	0	600	127	60	105	60	115	240	85
278	460.0	118.0		112.2		240	145	0	0	480	137	60	91	240	112	360	83
279	400.0	111.2		105.3		120	154	0	0	420	132	0	0	60	132	600	86
280	480.0	110.6		107.3		240	133	0	0	780	118	0	0	0	0	420	84
281	500.0	120.3		116.4		240	152	0	0	780	126	0	0	120	117	360	88
282	420.0	104.0		100.8		60	111	0	0	660	120	60	88	0	0	480	83
283	520.0	110.9		106.2		300	140	0	0	660	122	120	87	60	94	420	82
284	720.0	119.0		115.2		600	140	0	0	1020	123	0	0	60	114	480	85
285	460.0	126.1		121.4		120	144	0	0	900	137	0	0	60	127	300	86
286	400.0	128.1		127.4		180	149	0	0	720	128	0	0	300	116	0	0
287	480.0	128.0		124.7		180	162	0	0	660	135	0	0	480	117	120	83
288	360.0	123.4		120.2		180	151	0	0	420	133	0	0	360	111	120	86
289	640.0	103.7		96.8		420	139	0	0	420	126	120	92	60	50	900	82
290	560.0	118.6		110.6		120	184	0	0	900	135	0	0	60	107	600	82
291	280.0	126.0		124.5		0	0	0	0	540	134	0	0	240	117	60	90
292	560.0	105.5		101.4		240	136	0	0	660	119	0	0	180	97	600	81
293	580.0	110.3		102.0		420	152	0	0	480	127	0	0	60	79	780	80
294	520.0	111.8		107.5		120	129	0	0	840	126	60	100	120	112	420	80
295	400.0	125.6		122.4		180	144	0	0	660	134	0	0	240	110	120	83
296	660.0	107.2		102.4		420	127	0	0	540	123	0	0	300	119	720	79
297	400.0	118.1		111.0		240	163	0	0	420	127	0	0	180	110	360	82
298	700.0	116.7		111.9		240	141	0	0	1020	132	0	0	180	114	660	85
299	500.0	115.5		112.6		240	132	0	0	660	125	0	0	300	113	300	84
300	440.0	120.9		115.5		300	146	0	0	540	133	0	0	180	106	300	83
301	700.0	113.3		104.3		240	168	0	0	720	141	0	0	120	103	1020	82
302	660.0	125.2		119.1		480	159	0	0	900	128	0	0	180	119	420	83
303	460.0	120.5		117.2		0	0	0	0	780	134	0	0	300	118	300	88
304	460.0	122.3		117.9		120	164	0	0	660	129	0	0	360	123	240	82
305	860.0	113.1		111.3		480	130	0	0	1440	116	0	0	300	106	360	85
306	620.0	115.5		111.2		420	142	0	0	960	120	0	0	180	89	300	80
307	500.0	113.6		110.5		180	141	0	0	660	123	0	0	300	111	360	85
308	620.0	125.7		118.8		360	160	0	0	900	136	0	0	180	108	420	82
309	520.0	114.2		107.5		60	202	0	0	840	129	0	0	120	116	540	81
310	740.0	115.1		109.2		420	150	0	0	1020	125	0	0	60	87	720	83
311	700.0	123.6		119.8		660	147	0	0	720	128	0	0	540	102	180	85
312	660.0	121.5		116.8		600	147	0	0	720	124	0	0	240	116	420	84
313	540.0	116.3		110.5		300	146	0	0	540	133	60	92	240	114	480	83
314	980.0	123.4		119.6		1200	140	0	0	900	127	60	87	360	111	420	84
315	700.0	110.5		107.4		360	135	0	0	900	118	0	0	180	114	660	86
316	840.0	119.4		117.3		660	131	0	0	1260	124	0	0	300	109	300	85
317	520.0	119.3		113.4		360	153	0	0	600	126	60	88	180	115	360	82
318	500.0	118.4		112.7		180	164	0	0	720	131	0	0	240	95	360	86
319	600.0	119.0		116.0		300	135	0	0	1080	126	0	0	120	101	300	85
320	1000.0	110.3		108.2		1320	121	0	0	960	114	60	91	60	89	600	85
321	600.0	118.0		112.2		360	148	0	0	840	128	60	92	60	111	480	82
322	920.0	121.3		116.8		780	144	0	0	1260	126	0	0	120	112	600	84
323	860.0	121.9		117.2		780	141	0	0	1020	131	0	0	240	106	540	84
324	640.0	120.4		116.8		420	135	0	0	840	133	120	87	360	104	180	83
325	700.0	114.1		108.2		480	149	0	0	720	125	120	91	60	110	720	84
326	660.0	134.8		130.6		600	160	0	0	900	133	0	0	300	120	180	84
327	800.0	131.7		128.7		720	155	0	0	1140	129	0	0	420	113	120	83
328	1200.0	111.9		107.9		1260	132	0	0	1140	116	180	85	240	107	780	81
329	580.0	136.3		133.6		420	147	0	0	720	146	60	94	480	125	60	79
330	1340.0	116.2		110.1		1320	146	0	0	1620	116	0	0	0	0	1080	80
331	1140.0	120.9		116.3		1320	141	0	0	1320	122	0	0	120	95	660	83
332	1500.0	114.6		111.2		1740	132	0	0	1740	115	0	0	360	88	660	82
333	840.0	121.0		119.0		900	136	0	0	900	122	0	0	420	108	300	91
334	940.0	116.4		111.1		720	138	0	0	1140	128	0	0	240	106	720	80
335	1220.0	115.6		111.2		1440	136	0	0	1200	116	0	0	120	118	900	82
336	1240.0	122.0		117.2		1560	142	0	0	1320	121	0	0	180	106	660	81
337	1140.0	126.5		120.8		1380	146	0	0	1320	129	0	0	120	107	600	80
338	1400.0	112.2		107.6		1500	133	0	0	1380	116	60	88	480	98	780	76
339	1480.0	115.0		110.5		1800	135	0	0	1380	117	0	0	240	98	1020	81
340	780.0	128.0		124.0		540	155	0	0	1320	130	0	0	240	98	240	86
341	1100.0	113.9		109.6		1020	133	0	0	1260	121	0	0	240	105	780	80
342	1460.0	125.1		121.2		2040	138	0	0	1620	127	0	0	120	101	600	81
343	1320.0	114.2		109.8		1500	136	0	0	1260	116	0	0	60	102	1140	84
344	1220.0	110.7		106.7		1200	130	0	0	1380	116	0	0	120	101	960	80
345	1080.0	120.8		115.9		1200	145	0	0	1200	120	60	105	120	103	660	83
346	1240.0	119.2		115.4		1200	142	0	0	1740	118	0	0	120	101	660	84
347	1080.0	131.5		129.4		1260	147	0	0	1140	130	0	0	720	115	120	83
348	1240.0	114.0		110.2		1320	128	0	0	1380	116	0	0	480	116	540	73
349	1500.0	112.0		106.3		1920	132	0	0	1380	116	0	0	180	73	1020	76
350	1580.0	117.3		112.4		2040	137	0	0	1380	121	0	0	120	84	1200	83
351	1160.0	120.5		118.0		1500	135	0	0	1260	118	0	0	360	105	360	84
352	1500.0	108.5		104.5		1620	130	0	0	1620	109	60	96	60	88	1140	79
353	1520.0	118.6		115.5		2100	133	0	0	1680	116	0	0	120	105	660	82
354	940.0	122.2		117.6		540	153	0	0	1260	129	0	0	600	109	420	81
355	1220.0	124.1		121.8		1440	139	0	0	1620	120	0	0	300	115	300	84
356	1200.0	127.3		124.7		1320	144	0	0	1320	128	0	0	720	109	240	86
357	1400.0	124.6		121.2		1680	141	0	0	1620	124	60	105	360	111	480	82
358	1680.0	115.2		111.5		2040	133	0	0	1740	116	0	0	120	108	1140	83
359	1080.0	123.7		121.9		1200	137	0	0	1380	122	0	0	480	110	180	84
360	1500.0	115.8		112.6		1620	134	0	0	1740	117	0	0	720	92	420	81
361	1060.0	117.1		113.4		1080	141	0	0	1380	114	0	0	240	96	480	83
362	1500.0	117.8		115.6		1980	131	0	0	1800	115	0	0	300	95	420	84
363	1940.0	113.6		110.5		2820	128	0	0	1860	111	0	0	120	83	1020	82
364	1100.0	123.9		122.4		1140	134	0	0	1440	126	0	0	600	108	120	82
365	1380.0	114.5		111.6		1800	130	0	0	1440	112	0	0	180	105	720	83
366	1580.0	119.2		116.3		2160	130	0	0	1680	122	0	0	240	104	660	82
367	1780.0	116.8		114.7		2340	130	0	0	2160	114	0	0	420	90	420	85
368	1360.0	124.0		122.0		1500	134	0	0	1620	123	0	0	540	129	420	86
369	1080.0	128.6		126.1		780	151	0	0	1680	130	0	0	600	107	180	90
370	1160.0	123.5		119.6		1380	140	0	0	1200	126	0	0	420	111	480	81
371	1580.0	118.8		116.3		1980	134	0	0	1920	116	0	0	300	98	540	85
372	1520.0	121.7		119.0		2040	136	0	0	1560	119	0	0	600	106	360	79
373	1600.0	116.9		113.6		1920	135	0	0	1800	115	0	0	180	108	900	84
374	1400.0	117.0		113.8		1560	138	0	0	1560	114	60	102	540	95	480	85
375	1540.0	118.2		115.7		2040	133	0	0	1860	114	0	0	180	93	540	85
376	1220.0	124.4		121.0		1380	146	0	0	1380	121	0	0	480	105	420	87
377	1820.0	116.9		115.0		2520	129	0	0	2100	114	0	0	240	91	600	87
378	2140.0	101.4		100.9		2760	108	0	0	2520	98	0	0	660	99	480	84
379	1800.0	114.5		112.6		2520	125	0	0	1920	113	0	0	300	105	660	83
380	1560.0	117.1		114.8		1920	132	0	0	1980	114	0	0	420	91	360	85
381	1440.0	114.9		113.8		1560	124	0	0	1740	117	0	0	840	99	180	89
382	1400.0	119.7		117.4		1620	135	0	0	1740	117	0	0	480	105	360	83
383	2000.0	105.7		104.1		2700	116	0	0	2460	103	0	0	60	85	780	80
384	2040.0	100.8		99.6		3120	108	0	0	1800	101	60	106	60	86	1080	80
385	2060.0	106.9		105.6		3000	117	0	0	2100	102	60	104	300	95	720	84
386	1980.0	105.7		104.2		2340	118	0	0	2460	104	0	0	240	85	900	84
387	1620.0	110.0		108.3		2220	121	0	0	1800	108	0	0	300	84	540	86
388	2360.0	99.4		98.9		3060	106	0	0	2760	97	60	96	540	93	660	84
389	2100.0	107.9		107.2		3000	114	0	0	2220	106	0	0	480	106	600	86
390	1780.0	112.4		110.7		2400	124	0	0	1800	110	0	0	540	99	600	85
391	1760.0	108.5		106.6		2220	121	0	0	1980	106	0	0	300	104	780	81
392	1960.0	106.1		105.8		2640	110	0	0	2280	106	0	0	840	97	120	85
393	1700.0	107.5		106.0		2040	120	0	0	1920	105	0	0	840	94	300	77
394	2320.0	97.4		97.0		3000	101	0	0	2520	99	0	0	1080	89	360	81
395	2160.0	99.7		98.9		2880	106	0	0	2460	100	0	0	540	88	600	79
396	2220.0	97.6		97.0		2880	103	0	0	2700	97	0	0	480	90	600	80
397	1620.0	108.8		107.8		1980	118	0	0	1980	107	0	0	780	94	120	81
398	2060.0	110.6		110.0		2760	118	0	0	2280	109	0	0	900	98	240	89
399	1820.0	110.7		110.0		2520	119	0	0	1920	107	0	0	960	98	60	85
400	1960.0	108.1		107.3		2580	116	0	0	2220	107	0	0	780	94	300	85
401	1660.0	108.7		107.9		2460	116	0	0	1800	106	0	0	480	93	240	85
402	2060.0	104.0		103.5		2640	111	0	0	2460	102	0	0	780	94	300	85
403	1660.0	110.3		109.6		2100	118	0	0	1980	109	0	0	600	100	300	86
404	2020.0	106.2		105.3		2640	115	0	0	2400	104	0	0	660	91	360	84
405	1580.0	107.6		107.3		2280	112	0	0	1560	106	0	0	780	101	120	87
406	1580.0	109.1		107.5		2100	121	0	0	1620	106	60	96	420	97	540	83
407	2220.0	101.8		101.6		3000	106	0	0	2340	100	0	0	1200	96	120	89
408	1880.0	101.7		101.1		2460	108	0	0	2100	101	60	93	540	94	480	82
409	1720.0	115.8		114.5		2280	125	0	0	1980	114	0	0	600	104	300	81
410	2000.0	107.3		106.1		2520	117	0	0	2220	107	0	0	540	93	720	85
411	1680.0	113.3		111.8		2280	122	0	0	1920	113	0	0	420	101	420	80
412	1660.0	112.5		110.8		2040	124	0	0	1920	112	0	0	540	97	480	83
413	2060.0	108.2		106.9		3060	115	0	0	2220	109	0	0	300	88	600	81
414	2140.0	113.1		111.7		2700	123	0	0	2520	113	0	0	660	97	540	84
415	1640.0	109.2		108.0		2160	119	0	0	1860	107	0	0	360	100	540	84
416	1620.0	108.7		108.2		2160	115	0	0	1980	107	0	0	540	96	180	89
417	1800.0	110.9		109.8		2160	121	0	0	2460	108	0	0	360	100	420	85
418	1700.0	114.1		112.7		2340	122	0	0	1680	116	0	0	840	98	240	80
419	1640.0	114.3		113.5		2220	123	0	0	1860	112	0	0	780	97	60	90
420	1940.0	109.4		108.7		2700	116	60	119	1980	108	0	0	780	98	300	87
421	1860.0	108.3		107.2		2580	118	0	0	2220	104	0	0	480	93	300	81
422	1960.0	105.1		104.5		2220	114	0	0	2520	102	0	0	900	97	240	86
423	1880.0	112.3		111.0		2520	123	0	0	2220	109	0	0	660	93	240	84
424	2060.0	114.4		112.8		2820	127	0	0	2160	109	0	0	780	99	420	86
425	1900.0	106.5		105.5		2640	114	0	0	2280	104	0	0	300	102	480	80
426	1760.0	109.4		108.6		2340	119	0	0	1860	105	0	0	780	100	300	87
427	1900.0	113.7		113.1		2580	119	0	0	2100	112	60	106	660	112	300	85
428	2000.0	104.8		103.9		2640	114	0	0	2220	102	0	0	660	92	480	85
429	1600.0	112.7		111.6		1920	123	0	0	2040	110	0	0	480	101	360	88
430	1620.0	103.2		101.5		1920	115	0	0	1800	103	0	0	360	94	780	79
431	2160.0	94.3		94.0		2880	99	0	0	2400	93	0	0	780	86	420	85
432	2300.0	95.3		95.1		3060	97	60	112	2340	96	0	0	1080	92	360	83
433	2220.0	95.8		95.5		2880	100	0	0	2340	97	0	0	660	90	780	82
434	1940.0	101.3		100.4		2520	110	0	0	2460	98	0	0	600	88	240	76
435	2180.0	104.0		103.0		2940	113	0	0	2340	102	0	0	900	88	360	84
436	2020.0	100.2		99.8		2340	108	0	0	2520	97	0	0	1080	92	120	89
437	2200.0	98.1		97.9		2820	102	0	0	2460	98	0	0	840	93	480	85
438	2040.0	98.0		97.7		2760	102	0	0	2400	98	0	0	660	89	300	81
439	1800.0	104.8		103.6		2460	115	0	0	1920	101	0	0	600	90	420	83
440	2300.0	99.7		99.0		3000	106	0	0	2580	99	0	0	720	93	600	79
441	1800.0	103.2		102.7		2280	110	0	0	2400	100	0	0	540	95	180	83
442	2240.0	81.6		81.3		2760	87	0	0	2580	80	0	0	1020	74	360	74
443	1700.0	42.7		41.2		1680	33	60	42	1800	44	0	0	1320	50	240	60
444	1480.0	32.5		32.3		1680	35	0	0	1500	32	0	0	1140	30	120	27
445	1380.0	28.2		28.0		1620	26	0	0	1440	31	0	0	720	28	360	27
446	1560.0	48.1		48.1		1680	49	0	0	1800	48	0	0	840	47	360	47
447	1760.0	66.6		66.2		1860	73	0	0	1800	66	0	0	1320	61	300	56
448	1500.0	86.9		86.1		1500	97	0	0	1620	85	0	0	1260	79	120	68
449	1640.0	89.6		89.3		2040	94	0	0	1740	89	0	0	900	85	240	74
450	1860.0	89.3		89.0		2340	94	0	0	2040	88	0	0	1140	82	60	86
451	1520.0	100.9		100.5		2400	104	0	0	1560	101	0	0	300	93	300	83
452	1600.0	99.5		99.0		2340	104	0	0	1800	99	0	0	180	90	480	83
453	1860.0	92.0		91.7		2340	96	0	0	2100	93	60	88	840	82	240	80
454	1620.0	94.1		93.7		2040	99	0	0	1680	94	0	0	720	88	420	81
455	1960.0	90.2		90.0		2640	93	0	0	2100	90	0	0	900	85	240	80
456	1660.0	93.3		92.9		2460	98	0	0	1800	91	0	0	240	86	480	81
457	1720.0	97.2		96.6		2040	103	0	0	2220	98	0	0	420	85	480	80
458	2000.0	90.4		90.0		2520	96	0	0	2040	89	0	0	1020	84	420	79
459	1960.0	91.5		91.0		2280	98	0	0	2280	91	0	0	1020	82	300	78
460	1960.0	88.3		88.1		2460	93	0	0	2340	87	0	0	840	82	240	76
461	1840.0	88.0		87.8		2340	90	0	0	2100	89	0	0	900	82	180	79
462	1620.0	89.5		89.0		2160	94	0	0	1740	91	0	0	780	77	180	75
463	2020.0	87.9		87.6		2460	93	0	0	2400	87	0	0	720	78	480	81
464	1820.0	89.6		89.5		2100	92	0	0	2100	89	0	0	1020	87	240	84
465	1800.0	91.3		91.0		1980	97	0	0	2160	91	0	0	900	84	360	80
466	1700.0	85.4		85.1		2160	90	0	0	2040	84	0	0	720	79	180	72
467	1840.0	82.7		82.3		2580	87	0	0	1800	82	0	0	480	78	660	71
468	1980.0	82.0		81.9		2520	83	0	0	2160	83	0	0	900	79	360	76
469	2060.0	83.7		83.5		2520	88	0	0	2460	82	0	0	1020	78	180	78
470	1920.0	89.7		89.4		2580	95	0	0	2040	87	0	0	960	83	180	81
471	1600.0	94.5		94.1		2400	99	0	0	1560	92	0	0	420	91	420	81
472	1980.0	91.4		91.1		2460	96	0	0	2040	92	0	0	1080	83	360	82
473	2020.0	90.4		90.2		2820	93	0	0	1860	93	0	0	780	83	600	80
474	1940.0	88.7		88.4		2220	95	0	0	2100	86	60	91	1200	83	240	81
475	1700.0	94.5		94.2		2280	99	0	0	1980	94	0	0	600	84	240	82
476	1780.0	93.8		93.1		2400	102	0	0	1800	90	0	0	720	86	420	77
477	1840.0	91.0		89.8		2520	99	0	0	1980	90	0	0	600	76	420	69
478	1940.0	84.3		84.1		2340	88	0	0	2400	84	0	0	660	79	420	74
479	1780.0	96.8		96.4		2400	101	0	0	2220	96	0	0	300	89	420	82
480	1800.0	95.7		95.3		2100	102	0	0	2160	95	0	0	720	87	420	83
481	1820.0	93.4		92.9		2640	98	0	0	1860	93	0	0	480	86	480	77
482	1920.0	89.1		88.9		2460	93	0	0	2340	87	0	0	660	84	300	84
483	1720.0	89.6		89.1		2100	96	0	0	1860	88	0	0	840	81	360	80
484	1840.0	88.2		88.1		2460	91	0	0	1980	87	60	97	720	85	300	79
485	1560.0	96.6		96.2		2220	101	0	0	1800	96	60	89	420	84	180	80
486	1760.0	87.1		86.7		2220	92	0	0	1920	87	60	88	780	78	300	75
487	1820.0	87.3		87.2		2160	90	0	0	2040	87	0	0	1020	84	240	79
488	1620.0	91.8		91.6		2220	95	0	0	1800	91	0	0	540	88	300	79
489	1740.0	84.6		84.2		2280	88	0	0	2040	86	0	0	360	74	540	72
490	1620.0	90.0		89.5		2040	97	0	0	1800	87	0	0	780	83	240	75
491	1800.0	83.9		83.7		2460	89	0	0	1920	81	0	0	780	78	240	75
492	1940.0	86.2		85.7		2520	91	0	0	2100	86	60	89	600	77	540	74
493	1760.0	88.2		88.0		2340	92	0	0	1800	86	0	0	960	84	180	82
494	1680.0	78.6		78.5		2040	79	0	0	1800	81	0	0	960	75	240	71
495	1620.0	60.7		60.1		1860	53	0	0	1800	66	0	0	960	66	240	60
496	1480.0	40.2		38.2		1620	38	0	0	1560	31	0	0	1020	54	240	56
497	1480.0	38.9		38.4		1680	36	0	0	1620	36	0	0	660	47	480	48
498	1420.0	43.6		43.3		1500	40	0	0	1620	43	0	0	840	49	300	50
499	1640.0	50.7		50.5		1980	54	0	0	1740	49	0	0	780	48	420	47
500	1520.0	67.4		67.0		1740	72	0	0	1740	68	0	0	840	60	240	56
501	1640.0	64.1		63.6		1860	69	0	0	1860	65	0	0	840	56	360	53
502	1680.0	68.5		68.4		1980	70	0	0	1980	70	0	0	780	64	300	61
503	1660.0	70.1		70.0		2040	72	0	0	1680	71	60	73	840	66	360	64
504	1820.0	72.9		72.9		2040	75	0	0	2100	72	60	68	1080	72	180	67
505	1520.0	82.1		81.7		1800	88	0	0	1740	81	60	82	600	75	360	70
506	1740.0	73.6		73.4		2280	77	0	0	1740	74	0	0	840	67	360	66
507	1700.0	71.6		71.1		1980	78	0	0	1800	70	0	0	1140	65	180	59
508	1680.0	69.2		69.0		1800	74	0	0	2040	68	0	0	960	64	240	64
509	1820.0	67.6		67.5		2160	69	60	77	1920	67	60	71	840	66	420	64
510	1680.0	75.8		75.6		2100	77	0	0	1980	78	0	0	600	71	360	65
511	1780.0	80.1		79.9		1920	84	0	0	2160	80	0	0	720	77	540	71
512	1760.0	75.9		75.9		2040	76	0	0	1980	77	0	0	1020	75	240	70
513	1840.0	76.0		75.9		2160	78	0	0	2160	77	0	0	840	72	360	68
514	1660.0	85.3		85.0		1860	90	0	0	2220	84	0	0	600	81	300	74
515	1780.0	79.4		79.3		2340	83	0	0	2040	78	0	0	600	75	360	72
516	1680.0	71.2		71.2		2100	73	0	0	1860	71	60	78	600	68	420	67
517	1680.0	70.1		70.1		2160	69	0	0	1980	71	0	0	480	72	420	69
518	1640.0	53.7		52.6		1980	46	0	0	1980	54	0	0	600	69	360	69
519	1760.0	62.2		61.7		1860	64	0	0	2100	56	0	0	1020	69	300	71
520	1540.0	74.8		74.8		1980	75	0	0	1620	76	0	0	720	73	300	71
521	1820.0	75.5		75.3		2340	78	0	0	2040	77	0	0	360	68	720	67
522	1520.0	79.8		79.6		1800	82	0	0	1740	80	0	0	720	79	300	67
523	1600.0	81.7		81.1		2040	86	0	0	1800	82	120	88	420	73	420	66
524	1640.0	75.8		75.7		1980	77	0	0	1620	77	0	0	1020	73	300	71
525	1520.0	78.9		78.9		2040	81	0	0	1560	78	60	75	360	76	540	76
526	1720.0	77.8		77.7		2100	81	0	0	1860	76	0	0	780	75	420	75
527	1600.0	84.9		84.7		2160	88	0	0	1560	84	60	92	840	80	180	75
528	1580.0	82.0		81.9		1920	85	0	0	1920	82	0	0	600	77	300	73
529	1640.0	82.8		82.3		2160	88	0	0	1620	83	60	81	780	72	300	72
530	1660.0	84.8		84.5		2160	89	0	0	1740	85	60	81	660	75	360	77
531	1680.0	86.5		86.3		2160	90	0	0	1860	86	0	0	600	79	420	81
532	1740.0	81.3		81.0		2340	85	0	0	1920	81	0	0	420	74	540	72
533	1640.0	83.3		83.1		2040	87	0	0	1860	83	0	0	540	78	480	75
534	1860.0	78.1		78.0		2220	77	0	0	2280	80	0	0	660	79	420	72
535	1620.0	77.7		77.7		2040	79	0	0	1680	77	0	0	780	77	360	75
536	1740.0	81.7		81.5		2100	86	0	0	2040	80	0	0	840	76	240	78
537	1540.0	87.3		87.2		1860	89	0	0	1740	89	0	0	840	82	180	78
538	1560.0	83.7		83.3		2100	89	0	0	1620	83	0	0	480	76	480	71
539	1680.0	77.9		77.7		2100	81	0	0	1860	76	0	0	540	79	540	71
540	1680.0	79.0		78.8		2160	81	0	0	1680	80	0	0	720	75	480	72
541	1520.0	83.6		83.3		1980	89	0	0	1560	81	0	0	720	78	300	75
542	1500.0	80.8		80.5		1920	86	0	0	1740	78	0	0	420	72	420	77
543	1600.0	79.8		79.7		1800	84	0	0	1800	79	60	80	900	75	240	73
544	1800.0	78.4		78.4		2460	80	0	0	1920	78	0	0	720	76	300	74
545	1540.0	86.4		86.1		1800	91	0	0	1800	86	0	0	720	81	300	74
546	1620.0	84.0		83.9		2100	86	0	0	1920	84	0	0	420	78	420	80
547	1640.0	88.0		87.8		2340	92	0	0	1680	86	0	0	540	84	360	78
548	1520.0	83.6		83.5		1800	88	0	0	1740	82	120	86	360	79	540	77
549	1600.0	80.6		80.5		2040	82	0	0	1860	81	0	0	420	75	480	78
550	1580.0	82.8		82.4		2100	89	0	0	1680	80	0	0	540	77	420	71
551	1640.0	77.8		77.4		2040	83	0	0	1620	78	120	80	600	69	540	67
552	1560.0	76.7		76.5		1980	79	0	0	1680	77	0	0	480	71	540	72
553	1660.0	72.2		72.1		2040	72	0	0	1860	73	0	0	840	71	240	71
554	1600.0	74.2		74.0		1740	78	0	0	1740	74	0	0	900	71	420	66
555	1600.0	79.8		79.6		1860	84	0	0	1980	80	0	0	360	74	600	70
556	1440.0	74.7		74.4		1980	78	0	0	1500	74	0	0	480	73	360	62
557	1720.0	69.2		68.9		1920	74	0	0	1800	68	0	0	1020	65	420	62
558	1660.0	75.1		74.9		2160	79	0	0	1680	75	0	0	600	69	540	67
559	1640.0	81.0		80.9		2040	84	0	0	1860	81	0	0	540	78	480	72
560	1320.0	87.7		87.5		1800	91	0	0	1320	88	0	0	420	81	420	79
561	1500.0	87.6		87.4		1800	91	0	0	1560	88	0	0	840	83	300	78
562	1340.0	85.4		84.9		1860	92	0	0	1200	83	120	81	540	76	300	73
563	1200.0	86.1		85.8		1440	90	0	0	1260	88	0	0	720	77	180	78
564	1300.0	83.8		83.5		1380	89	0	0	1380	83	0	0	960	80	180	70
565	1480.0	77.8		77.4		1800	83	0	0	1680	77	60	79	600	71	300	65
566	1320.0	73.1		73.0		1440	75	0	0	1500	75	0	0	720	68	300	67
567	1420.0	69.1		69.0		1860	72	0	0	1200	67	0	0	1080	67	120	64
568	1300.0	67.4		67.4		1500	67	0	0	1680	67	0	0	180	69	540	69
569	1420.0	67.2		67.2		1740	67	0	0	1620	66	0	0	600	70	300	69
570	1500.0	73.0		72.9		1740	74	0	0	1740	75	0	0	420	71	600	66
571	1500.0	75.3		75.0		1740	80	0	0	1560	75	60	73	720	70	420	66
572	1640.0	75.4		75.2		2160	78	0	0	1740	76	0	0	780	68	240	72
573	1400.0	83.2		82.8		1620	88	0	0	1320	85	0	0	960	76	300	72
574	1700.0	78.1		77.9		1860	81	0	0	1920	79	0	0	1140	74	180	64
575	1520.0	82.4		82.1		1920	87	0	0	1440	83	0	0	900	75	300	73
576	1600.0	84.7		84.2		1980	91	0	0	1440	85	0	0	1200	75	180	78
577	1360.0	85.6		85.1		1620	93	0	0	1680	83	0	0	420	76	360	76
578	1460.0	86.0		84.9		1860	95	0	0	1680	84	0	0	420	71	420	69
579	1520.0	85.9		85.2		1800	94	0	0	1680	84	0	0	780	76	300	73
580	1580.0	83.6		83.2		2160	89	0	0	1860	80	0	0	360	79	360	74
581	1620.0	88.6		88.3		2160	91	0	0	1740	91	0	0	420	81	540	77
582	1600.0	90.6		90.4		1860	94	0	0	1860	91	0	0	780	85	300	81
583	1420.0	83.4		83.2		1860	87	0	0	1320	84	0	0	540	77	540	76
584	1320.0	87.9		87.7		1740	93	0	0	1440	86	0	0	180	81	600	80
585	1480.0	87.1		86.8		2040	92	0	0	1500	86	0	0	360	78	540	78
586	1860.0	90.0		89.1		2400	98	0	0	2100	89	0	0	600	76	480	72
587	1280.0	93.6		93.2		1620	100	0	0	1140	92	60	95	780	86	240	82
588	1460.0	87.6		87.1		1920	92	0	0	1500	89	60	87	420	77	480	75
589	1700.0	90.9		90.4		2100	98	0	0	1740	90	0	0	900	81	360	79
590	1640.0	89.2		88.9		2100	95	0	0	1740	87	0	0	720	84	360	77
591	1760.0	91.9		91.3		2160	98	60	92	1920	92	0	0	600	80	540	80
592	1740.0	90.0		89.8		2280	94	0	0	1860	90	0	0	480	84	600	80
593	1340.0	98.9		98.3		1260	107	0	0	1500	101	0	0	960	89	300	86
594	1520.0	98.0		97.1		1620	108	0	0	1620	98	60	97	1200	85	60	87
595	1020.0	103.3		102.5		1020	114	0	0	1380	102	0	0	420	92	240	85
596	1700.0	94.2		93.6		1860	101	0	0	1980	95	0	0	1080	83	180	82
597	1220.0	97.4		97.0		1320	103	0	0	1440	99	0	0	600	88	300	84
598	1600.0	99.9		99.5		2220	106	0	0	1860	96	0	0	660	93	60	72
599	1460.0	104.6		103.2		1860	116	0	0	1620	102	60	102	660	86	180	80
600	1320.0	101.6		100.7		1740	112	0	0	1380	96	0	0	540	90	300	88
601	1360.0	103.9		102.7		1380	115	0	0	1740	105	0	0	420	90	540	83
602	1320.0	101.7		100.5		1080	112	0	0	1740	105	120	105	420	86	600	84
603	1180.0	105.6		104.8		1140	116	0	0	1560	105	60	103	480	97	300	84
604	1400.0	98.3		97.2		1440	108	0	0	1740	100	0	0	480	84	540	80
605	1720.0	90.4		90.1		1800	95	0	0	2040	92	0	0	840	82	480	81
606	1200.0	98.6		97.4		1260	110	0	0	1560	98	0	0	240	82	540	81
607	1340.0	96.8		96.2		1620	103	0	0	1740	96	0	0	180	93	480	80
608	1380.0	94.2		93.8		1680	99	0	0	1620	95	0	0	540	83	300	83
609	1480.0	103.1		102.2		1740	111	0	0	1560	104	0	0	780	95	360	79
610	980.0	101.2		100.2		720	115	0	0	1320	103	0	0	540	88	360	87
611	1420.0	101.4		100.2		1380	113	0	0	1920	101	0	0	480	91	480	80
612	1480.0	106.5		105.5		1800	116	0	0	1680	105	0	0	600	95	360	85
613	1300.0	109.6		109.0		1620	117	0	0	1500	108	0	0	720	98	60	86
614	1240.0	106.0		103.8		1140	124	0	0	1440	107	120	101	480	85	540	85
615	1380.0	101.6		100.7		1680	107	0	0	1620	105	60	87	240	82	540	85
616	1360.0	101.9		100.6		1260	116	0	0	1680	101	120	99	420	85	600	87
617	1580.0	104.7		103.4		2040	115	0	0	1680	104	0	0	360	88	660	84
618	1620.0	103.5		102.3		2220	114	0	0	1800	99	60	98	300	89	480	82
619	1840.0	102.6		101.4		2460	113	0	0	1980	99	0	0	720	87	360	82
620	1300.0	109.3		107.6		1440	118	0	0	1380	115	60	99	420	98	600	84
621	1840.0	96.8		96.2		2340	102	0	0	2040	98	60	99	540	83	540	83
622	1680.0	98.8		97.6		1740	109	0	0	1980	101	0	0	600	86	720	79
623	1580.0	97.1		96.3		1860	105	0	0	1800	98	0	0	600	83	480	81
624	1420.0	98.8		98.1		1620	107	0	0	1800	98	60	100	480	84	300	83
625	1340.0	99.6		99.0		1260	109	0	0	1860	98	0	0	480	95	420	84
626	1220.0	101.5		99.8		1140	114	0	0	1620	104	0	0	240	87	660	79
627	1360.0	101.5		101.0		1260	111	0	0	1860	100	60	100	660	93	240	87
628	1380.0	92.8		92.3		1380	101	0	0	1800	91	0	0	600	85	360	83
629	1420.0	101.9		100.7		1620	113	0	0	1680	101	0	0	540	87	420	82
630	1680.0	95.2		94.4		2280	103	0	0	1800	93	60	95	300	80	600	80
631	1520.0	97.1		96.0		2040	105	0	0	1500	98	0	0	420	81	600	79
632	1560.0	96.1		95.1		1800	107	0	0	1800	93	0	0	240	86	840	82
633	1240.0	106.4		105.0		1500	117	0	0	1440	106	60	85	420	90	300	82
634	1280.0	100.1		98.1		1380	113	0	0	1380	103	0	0	480	81	600	79
635	1420.0	102.5		101.8		1740	111	0	0	1620	100	0	0	360	99	540	85
636	1620.0	102.9		101.6		2100	114	0	0	1620	100	180	100	480	86	480	82
637	1000.0	108.2		107.2		960	121	0	0	1380	106	0	0	660	94	0	0
638	1080.0	107.5		106.9		1260	113	0	0	1200	108	0	0	540	104	240	84
639	1540.0	105.2		103.6		1860	118	60	110	1800	102	0	0	300	93	600	81
640	1580.0	105.6		104.0		2040	116	0	0	1860	105	0	0	300	81	540	82
641	1100.0	106.8		105.3		1020	121	0	0	1560	106	0	0	180	98	540	85
642	1160.0	109.0		107.4		1320	121	0	0	1200	111	0	0	420	94	540	87
643	1340.0	107.0		105.7		1560	117	0	0	1680	107	0	0	240	94	540	84
644	1460.0	103.8		102.9		1800	112	0	0	1680	103	0	0	360	98	540	83
645	1740.0	94.7		94.2		2040	102	0	0	1920	93	60	109	600	86	600	83
646	1460.0	109.6		108.3		1800	121	0	0	1380	108	120	88	840	99	240	82
647	1200.0	104.4		103.1		1200	117	0	0	1500	104	0	0	360	93	540	85
648	1760.0	99.3		98.8		2280	105	0	0	2100	99	0	0	420	86	480	85
649	1900.0	105.4		104.8		2580	113	0	0	2280	101	0	0	720	96	120	80
650	1200.0	112.9		110.7		1440	128	0	0	1260	110	60	116	480	99	360	81
651	1460.0	95.7		94.4		1680	107	0	0	1560	96	0	0	60	75	1080	79
652	1580.0	95.0		94.0		1980	106	0	0	1560	90	120	92	480	82	600	83
653	1780.0	101.0		100.5		2100	109	0	0	1980	99	0	0	1140	91	120	89
654	1480.0	97.3		95.4		1500	113	0	0	1620	97	0	0	360	82	960	79
655	1420.0	98.5		97.5		1620	107	0	0	1560	100	0	0	360	89	720	81
656	1860.0	97.1		95.9		2400	106	0	0	1800	98	0	0	780	82	600	78
657	1400.0	97.8		96.5		1380	111	0	0	1560	98	0	0	720	84	540	82
658	1380.0	98.0		96.9		1500	110	0	0	1380	97	60	91	540	85	660	84
659	1220.0	98.8		97.5		1140	112	0	0	1440	100	0	0	720	85	360	80
660	1620.0	97.6		96.6		2040	107	0	0	1680	96	120	100	120	84	900	81
661	1660.0	96.2		95.6		2100	102	0	0	1740	97	0	0	600	87	540	81
662	1560.0	105.3		104.0		2100	117	60	110	1440	100	0	0	720	92	360	84
663	1320.0	102.3		100.8		1320	113	60	111	1740	104	0	0	180	79	660	82
664	1340.0	97.5		96.1		1560	108	0	0	1680	97	0	0	420	76	360	79
665	1820.0	92.2		90.1		2160	106	0	0	2100	90	0	0	420	73	780	70
666	1680.0	97.8		97.5		2280	103	0	0	1860	95	60	86	660	92	180	85
667	1560.0	99.0		97.0		1860	112	0	0	1620	99	0	0	300	84	900	77
668	1840.0	94.9		94.0		2280	104	0	0	2040	94	0	0	540	81	660	78
669	1600.0	102.6		100.0		1980	118	0	0	1680	101	60	97	240	82	840	76
670	1660.0	104.3		102.6		2040	118	0	0	1800	101	0	0	540	86	600	84
671	1180.0	104.7		103.0		1260	121	0	0	1320	101	60	105	360	89	540	86
672	1340.0	98.0		97.4		1500	106	0	0	1680	97	0	0	480	87	360	84
673	1600.0	99.5		98.4		1860	110	0	0	1740	99	60	97	660	86	480	80
674	1340.0	95.9		94.7		1380	107	0	0	1500	97	0	0	240	89	900	79
675	1520.0	97.6		96.9		1620	107	0	0	1860	96	0	0	600	90	480	82
676	1860.0	102.6		101.7		2580	112	0	0	2160	98	0	0	240	93	600	83
677	1640.0	102.3		101.1		1740	115	0	0	2040	100	0	0	540	89	600	85
678	1360.0	100.0		98.8		1620	113	0	0	1620	95	0	0	300	88	540	83
679	1640.0	102.1		100.6		1800	116	0	0	2040	99	60	106	180	86	840	83
680	1060.0	103.7		102.4		840	118	0	0	1320	106	0	0	660	91	360	85
681	1540.0	93.6		92.9		1920	97	0	0	1560	99	0	0	540	81	600	80
682	1740.0	98.3		97.1		2160	109	0	0	1800	97	0	0	420	84	840	81
683	1700.0	101.2		100.5		2220	109	0	0	1800	99	120	98	480	91	480	84
684	1220.0	101.8		100.3		1260	117	0	0	1560	99	0	0	540	85	300	83
685	1180.0	91.8		90.7		1200	103	0	0	1500	91	60	95	60	75	720	76
686	1580.0	80.0		78.9		1980	89	60	105	1620	76	60	82	540	70	480	64
687	1200.0	40.6		39.7		1620	45	0	0	1320	40	0	0	300	36	360	27
688	940.0	22.3		21.2		1500	25	0	0	1080	21	0	0	0	0	240	11
689	1260.0	36.5		35.2		1740	40	0	0	1440	38	0	0	180	23	420	23
690	1620.0	50.0		47.5		2040	58	0	0	1800	51	0	0	360	34	660	31
691	1140.0	63.8		63.0		1440	69	60	74	1320	64	0	0	0	0	600	50
692	1360.0	72.1		70.7		1800	79	60	86	1320	73	120	70	180	58	600	53
693	1400.0	73.5		71.2		1620	86	0	0	1560	73	0	0	240	52	780	55
694	1500.0	87.1		86.7		1980	91	0	0	1380	89	120	86	540	80	480	74
695	1600.0	87.0		86.6		2160	91	0	0	1680	88	60	87	180	77	720	75
696	1260.0	91.3		90.4		1680	100	0	0	1380	87	60	81	120	87	540	77
697	1340.0	91.7		90.8		1920	98	0	0	1200	92	60	100	180	80	660	75
698	1440.0	94.2		93.5		1920	102	60	104	1620	91	0	0	0	0	720	80
699	1460.0	86.6		85.9		1740	94	0	0	1740	86	0	0	360	76	540	72
700	1560.0	87.0		85.5		2100	95	0	0	1560	89	0	0	420	70	600	66
701	1260.0	94.7		93.4		1500	105	60	109	1560	92	0	0	300	83	360	71
702	1680.0	88.1		86.7		2280	97	0	0	1800	87	0	0	360	74	600	66
703	1220.0	74.1		71.0		1740	82	0	0	1140	79	60	68	0	0	720	48
704	1200.0	60.2		51.1		1680	71	0	0	1380	62	0	0	60	22	480	22
705	1500.0	54.9		51.6		1920	65	0	0	1560	55	60	65	240	33	720	34
706	1660.0	67.8		66.3		1980	77	0	0	1860	67	60	84	240	50	840	52
707	1740.0	80.9		80.3		2280	84	60	87	1440	85	240	81	540	73	660	67
708	1420.0	91.9		91.2		1860	97	0	0	1620	93	60	85	120	75	600	77
709	1420.0	88.3		87.6		1800	96	0	0	1620	86	0	0	180	73	660	77
710	1800.0	92.3		91.9		2280	98	0	0	1860	92	0	0	840	83	420	81
711	1200.0	105.2		103.6		1320	120	0	0	1620	101	0	0	300	93	360	80
712	1560.0	97.2		96.2		1320	109	0	0	2400	97	0	0	120	85	840	81
713	1320.0	97.2		96.4		1260	110	0	0	1740	94	0	0	600	89	360	82
714	1480.0	91.9		91.0		1440	103	0	0	1740	91	120	96	540	81	600	77
715	920.0	100.5		98.6		480	128	0	0	1380	101	0	0	120	92	780	84
716	940.0	102.1		100.0		300	139	0	0	1140	108	0	0	960	91	420	85
717	1220.0	104.9		103.7		1080	122	0	0	1920	100	0	0	480	94	180	84
718	1400.0	102.3		101.0		1500	115	0	0	1740	101	0	0	360	88	600	83
719	1200.0	101.8		100.2		1080	115	0	0	1620	104	0	0	240	85	660	81
720	1140.0	96.8		95.4		900	114	0	0	1500	96	0	0	480	85	540	81
721	1460.0	96.1		95.2		1560	107	0	0	1800	94	0	0	480	84	540	82
722	1040.0	101.3		98.2		720	128	0	0	1200	105	0	0	540	85	660	79
723	1000.0	102.3		100.7		780	122	0	0	1320	101	0	0	480	91	420	83
724	1020.0	104.7		101.8		900	123	0	0	1320	108	0	0	240	85	600	78
725	1300.0	102.8		101.0		1200	120	60	103	1620	102	0	0	600	86	420	81
726	1000.0	103.7		102.3		780	121	0	0	1260	104	0	0	720	91	240	84
727	1060.0	99.6		96.5		840	120	0	0	1140	106	0	0	540	83	660	76
728	1240.0	76.4		72.0		1260	94	0	0	1500	78	0	0	240	44	720	53
729	1120.0	70.6		69.3		1020	82	0	0	1620	69	60	86	360	56	300	55
730	1060.0	92.6		88.5		1020	118	0	0	1200	89	60	89	420	73	480	65
731	1400.0	85.5		83.8		1380	99	0	0	1800	85	0	0	480	66	540	70
732	900.0	65.2		61.9		660	86	0	0	1380	65	0	0	480	46	180	42
733	980.0	41.6		37.1		1080	59	60	75	1140	31	60	23	600	29	0	0
734	880.0	32.7		31.9		1500	37	0	0	1140	27	0	0	0	0	0	0
735	980.0	38.2		34.5		1440	40	0	0	1260	41	0	0	0	0	240	13
736	1020.0	65.5		55.4		1440	79	0	0	1140	64	60	67	0	0	420	23
737	1240.0	68.6		59.4		1800	81	0	0	1200	72	60	63	0	0	660	29
738	1160.0	65.1		57.6		1560	79	0	0	1380	63	0	0	60	16	480	32
739	1180.0	54.6		45.6		1740	63	0	0	1440	53	60	52	60	13	240	14
740	980.0	53.0		43.1		1380	61	120	77	1140	50	60	43	60	10	180	13
741	840.0	30.3		28.1		1020	33	0	0	1200	32	0	0	0	0	300	14
742	540.0	23.0		22.6		660	24	0	0	900	23	0	0	0	0	60	12
743	1000.0	29.5		25.4		1320	35	0	0	1260	30	0	0	120	11	300	11
744	880.0	31.2		27.9		1380	37	0	0	960	28	120	21	60	11	120	10
745	660.0	19.7		19.0		1080	23	0	0	840	16	0	0	0	0	60	12
746	540.0	13.5		13.4		660	14	0	0	660	14	60	12	0	0	240	11
747	1040.0	27.0		26.5		1500	30	0	0	1140	26	0	0	120	18	360	21
748	960.0	21.1		20.9		1320	21	0	0	960	23	60	17	60	20	480	18
749	760.0	18.7		18.3		1260	18	0	0	840	21	60	18	60	10	60	11
750	520.0	14.9		14.9		660	15	60	12	780	15	60	15	0	0	0	0
751	320.0	14.1		14.0		360	15	0	0	540	14	0	0	0	0	60	10
752	940.0	27.0		25.8		1380	31	0	0	480	25	600	26	0	0	360	16
753	920.0	31.4		31.3		1380	30	0	0	300	34	420	32	120	31	540	33
754	520.0	15.5		15.5		840	15	0	0	240	15	240	17	60	15	180	17
755	580.0	21.9		20.7		1020	26	0	0	660	16	60	16	0	0	0	0
756	1020.0	30.5		27.0		1560	40	0	0	960	23	60	19	180	17	300	16
757	1200.0	42.0		38.0		1740	52	0	0	1380	37	0	0	120	20	360	20
758	880.0	34.1		32.6		1380	39	60	55	1140	28	0	0	0	0	60	16
759	560.0	16.7		16.6		960	18	0	0	720	15	0	0	0	0	0	0
760	400.0	20.0		19.9		900	19	0	0	0	0	0	0	0	0	300	23
761	800.0	24.8		23.1		1260	30	0	0	1020	20	0	0	60	11	60	11
762	1120.0	33.7		29.9		1560	40	0	0	1260	34	0	0	240	16	300	14
763	1060.0	28.0		25.3		1620	36	0	0	1260	21	0	0	120	15	180	14
764	900.0	36.1		35.4		1620	40	60	28	960	31	60	22	0	0	0	0
765	1200.0	39.8		32.9		1620	45	0	0	1380	45	0	0	180	14	420	14
766	1340.0	38.2		34.3		1920	46	0	0	1440	37	0	0	240	18	420	18
767	1120.0	37.9		34.4		1680	43	0	0	1380	37	0	0	0	0	300	14
768	620.0	19.3		17.4		300	12	0	0	1200	23	60	24	120	11	180	11
769	860.0	19.5		18.3		1020	15	0	0	1260	24	60	24	60	12	180	14
770	580.0	15.5		15.0		480	17	0	0	780	17	0	0	240	11	240	12
771	1260.0	26.5		25.7		1560	31	0	0	1320	23	60	25	600	27	240	16
772	920.0	25.3		25.0		1320	28	0	0	1080	23	0	0	60	16	300	24
773	940.0	32.3		32.0		1500	35	60	33	1260	29	0	0	0	0	0	0
774	1020.0	34.5		31.1		1320	42	0	0	1320	33	0	0	180	14	240	17
775	1480.0	50.5		47.5		1860	60	0	0	1740	49	120	47	60	19	660	31
776	1400.0	48.4		47.2		1740	55	0	0	1620	48	0	0	360	35	480	36
777	480.0	17.8		17.7		780	19	0	0	480	17	0	0	0	0	180	15
778	100.0	11.0		11.0		300	11	0	0	0	0	0	0	0	0	0	0
779	620.0	17.9		17.8		1020	19	0	0	660	17	0	0	0	0	180	15
780	1260.0	40.0		39.3		1560	45	0	0	1680	38	60	46	180	29	300	31
781	1500.0	53.5		52.7		1980	57	0	0	1740	55	60	55	0	0	720	40
782	1280.0	52.7		49.1		1740	61	0	0	1320	54	60	56	300	27	420	32
783	880.0	25.2		23.7		1380	30	0	0	1080	21	60	16	0	0	120	12
784	520.0	13.4		13.4		600	14	0	0	960	13	0	0	0	0	0	0
785	220.0	11.1		11.1		360	11	0	0	120	11	0	0	60	12	120	11
786	1000.0	23.1		22.8		1260	24	0	0	1020	25	120	18	300	19	300	19
787	1260.0	35.4		34.8		1680	38	0	0	1380	36	60	31	240	24	420	30
788	920.0	23.9		22.2		1320	28	0	0	1200	22	0	0	60	13	180	10
789	620.0	16.7		16.1		1140	19	0	0	720	13	0	0	0	0	0	0
790	740.0	17.0		16.7		600	16	0	0	1080	19	0	0	360	13	180	16
791	1140.0	34.2		33.8		1620	37	0	0	1140	34	60	33	240	28	360	27
792	1080.0	40.7		40.0		1500	40	0	0	1140	46	0	0	120	33	480	32
793	560.0	22.4		21.9		540	18	0	0	1020	24	120	28	0	0	0	0
794	1100.0	37.1		35.3		1440	43	0	0	1140	37	180	34	60	30	480	22
795	1340.0	60.2		58.4		1740	66	0	0	1620	62	0	0	120	38	540	41
796	1620.0	66.7		65.5		2220	74	0	0	1680	66	0	0	360	53	600	50
797	1380.0	58.0		54.6		1980	67	60	66	1800	52	60	62	60	17	180	29
798	960.0	39.0		37.3		1620	46	0	0	1260	30	0	0	0	0	0	0
799	620.0	19.7		16.2		180	11	0	0	780	14	60	10	300	14	540	35
800	620.0	21.1		20.9		540	22	0	0	720	19	60	26	180	23	360	22
801	1300.0	43.3		43.1		1740	45	0	0	1500	44	0	0	180	36	480	38
802	1300.0	51.2		50.7		1740	57	0	0	1440	48	0	0	120	43	600	44
803	1080.0	48.5		45.0		1560	58	0	0	1260	44	60	45	120	22	240	25
804	1040.0	36.7		33.8		1560	45	0	0	1380	30	60	17	0	0	120	15
805	980.0	33.1		30.3		1200	37	0	0	1320	35	0	0	120	15	300	16
806	280.0	14.9		14.2		180	10	0	0	540	17	0	0	0	0	120	13
807	360.0	14.5		14.3		540	15	0	0	300	16	60	13	0	0	180	11
808	880.0	24.6		22.9		1200	30	0	0	1020	21	120	31	0	0	300	13
809	1240.0	37.8		37.2		1620	38	0	0	1260	42	240	38	60	32	540	28
810	980.0	32.8		31.9		1440	34	0	0	1260	34	0	0	0	0	240	19
811	1380.0	45.4		42.8		1800	48	0	0	1560	51	60	58	60	26	660	26
812	1360.0	50.6		43.6		1740	61	0	0	1440	54	120	48	180	21	600	22
813	580.0	30.2		30.0		960	28	0	0	780	33	0	0	0	0	0	0
814	780.0	21.8		21.0		1200	24	0	0	960	21	0	0	60	11	120	12
815	1100.0	38.4		36.2		1620	42	0	0	1200	39	180	37	60	21	240	17
816	1100.0	46.9		36.8		1620	58	0	0	1260	43	60	39	60	10	300	12
817	940.0	43.4		42.7		1980	45	0	0	540	41	240	42	0	0	60	19
818	1020.0	49.2		44.8		1860	52	0	0	780	54	120	51	0	0	300	19
819	720.0	32.5		29.4		780	37	0	0	540	38	420	33	60	21	360	16
820	1000.0	29.8		29.5		1260	30	0	0	960	33	300	26	60	25	420	25
821	1340.0	33.3		32.9		1800	30	0	0	1260	38	180	38	120	28	660	33
822	1160.0	29.6		29.3		1620	29	0	0	1200	33	60	24	180	25	420	25
823	220.0	13.5		13.4		480	14	0	0	180	12	0	0	0	0	0	0
824	500.0	21.7		18.3		1020	19	0	0	240	12	0	0	60	12	180	53
825	660.0	21.9		19.4		1020	29	0	0	840	14	60	17	0	0	60	17
826	1440.0	52.4		50.3		1920	62	0	0	1500	50	60	32	180	38	660	36
827	1320.0	75.4		73.7		1860	84	0	0	1260	74	120	71	120	48	600	58
828	1500.0	78.9		77.0		1680	89	60	79	1680	81	60	75	120	59	900	59
829	1620.0	81.9		81.0		1980	90	0	0	1860	81	60	83	60	68	900	67
830	1420.0	67.5		65.9		1980	73	0	0	1620	69	0	0	0	0	660	47
831	860.0	31.6		30.8		1200	35	0	0	1200	30	0	0	0	0	180	19
832	920.0	29.2		28.8		1500	31	0	0	1200	26	60	46	0	0	0	0
833	1480.0	37.4		37.4		1680	38	0	0	1380	37	0	0	1380	37	0	0
834	1480.0	48.3		44.8		2160	54	0	0	1500	50	120	55	60	32	600	24
835	1200.0	60.7		54.6		1560	70	0	0	1500	62	60	63	0	0	480	26
836	780.0	46.5		38.2		1020	61	0	0	1140	39	0	0	60	10	120	13
837	700.0	60.3		46.2		1080	70	0	0	660	64	60	65	60	11	240	18
838	1040.0	70.4		57.7		1380	86	0	0	1080	74	120	64	0	0	540	25
839	960.0	75.6		47.5		1440	96	0	0	720	80	180	74	120	15	420	16
840	920.0	69.2		68.4		1620	75	0	0	720	62	420	59	0	0	0	0
841	1060.0	61.7		52.2		1740	72	0	0	600	60	420	62	0	0	420	21
842	1640.0	58.2		54.2		2160	70	0	0	1260	59	480	53	180	37	840	34
843	1640.0	66.2		61.0		1680	81	0	0	1980	70	0	0	420	47	840	37
844	940.0	64.6		56.8		1080	88	0	0	1080	51	120	67	120	19	420	52
845	620.0	59.0		51.5		840	68	0	0	900	55	60	42	60	10	0	0
846	720.0	37.9		37.8		1260	40	0	0	900	35	0	0	0	0	0	0
847	980.0	36.7		34.8		1380	35	0	0	720	26	60	45	0	0	780	49
848	1120.0	36.3		35.1		1200	37	0	0	1020	29	60	38	240	29	840	46
849	980.0	35.7		34.8		1380	34	0	0	1320	40	0	0	0	0	240	22
850	960.0	80.9		70.1		1080	98	0	0	1260	86	0	0	0	0	540	35
851	820.0	73.7		69.2		660	87	0	0	1260	79	0	0	0	0	540	45
852	1160.0	84.4		78.8		1320	101	0	0	1140	90	120	85	120	52	780	53
853	1180.0	63.5		59.5		1560	71	0	0	960	68	300	72	60	26	660	39
854	1000.0	42.9		42.7		1560	40	0	0	1380	46	60	48	0	0	0	0
855	1200.0	36.9		35.4		1080	30	0	0	1260	33	0	0	180	33	1080	49
856	1220.0	37.5		35.7		1500	32	0	0	1080	32	0	0	120	32	960	53
857	1100.0	52.4		48.2		1500	56	0	0	1260	57	120	59	0	0	420	24
858	1180.0	78.8		67.9		1320	100	0	0	1080	89	120	81	120	43	900	40
859	1100.0	85.3		82.2		1260	99	0	0	960	90	180	84	120	65	780	61
860	1440.0	91.3		89.3		1680	100	0	0	1440	97	180	89	60	77	960	69
861	1420.0	95.9		94.5		1140	112	0	0	1860	96	0	0	180	82	1080	81
862	780.0	106.0		104.0		600	129	0	0	1080	104	0	0	420	91	240	84
863	920.0	99.6		98.2		300	127	0	0	1380	103	0	0	420	90	660	86
864	1280.0	103.2		102.3		1260	114	0	0	1860	102	120	100	300	87	300	83
865	1080.0	98.2		97.5		540	111	0	0	1680	101	0	0	660	88	360	85
866	1180.0	101.1		98.9		1140	118	0	0	1440	101	0	0	360	86	600	78
867	920.0	71.9		66.5		1020	90	0	0	1020	72	120	63	60	48	540	42
868	820.0	65.4		64.7		1440	70	60	81	840	58	120	54	0	0	0	0
869	1080.0	51.4		45.5		1380	61	60	117	1380	48	0	0	60	28	360	21
870	920.0	90.9		81.8		900	119	0	0	1200	91	60	84	180	54	420	47
871	1100.0	105.6		103.8		720	127	0	0	1500	107	0	0	540	95	540	84
872	1180.0	108.7		107.1		960	121	0	0	1740	111	0	0	300	100	540	84
873	1080.0	114.6		113.0		780	132	0	0	1860	114	0	0	240	106	360	86
874	920.0	122.5		119.9		360	156	0	0	1380	127	0	0	840	109	180	84
875	800.0	114.3		112.0		660	126	0	0	1020	122	60	101	240	102	420	86
876	1060.0	113.2		109.6		720	134	0	0	1440	121	60	85	360	99	600	81
877	1060.0	116.5		114.0		900	132	0	0	1560	120	60	92	240	97	420	85
878	1160.0	119.8		117.0		960	142	0	0	1560	121	0	0	720	99	240	85
879	1060.0	119.8		117.4		780	139	0	0	1620	122	0	0	480	102	300	86
880	860.0	121.0		117.8		540	146	0	0	1320	123	0	0	300	116	420	86
881	1060.0	119.7		116.5		720	142	0	0	1500	124	0	0	420	111	540	85
882	1120.0	121.5		118.0		1200	143	0	0	1560	118	0	0	180	91	420	86
883	1100.0	120.1		117.3		1020	139	0	0	1440	122	0	0	480	99	360	87
884	1040.0	119.7		117.9		780	133	0	0	1620	123	0	0	480	105	240	84
885	1080.0	121.1		119.3		1080	136	0	0	1380	120	60	88	540	110	180	85
886	1000.0	124.5		120.7		900	152	0	0	1260	123	120	98	540	101	180	85
887	1280.0	109.5		106.4		960	134	0	0	1560	112	60	90	540	99	720	81
888	980.0	110.1		108.0		1140	123	0	0	840	110	120	87	540	106	300	78
889	940.0	118.5		117.2		480	136	0	0	1500	122	0	0	780	104	60	81
890	1100.0	117.5		115.5		600	140	0	0	1740	121	0	0	780	99	180	89
891	900.0	120.1		118.2		360	143	0	0	1680	123	0	0	300	111	360	91
892	1080.0	117.5		114.0		900	140	0	0	1260	123	0	0	660	97	420	85
893	1000.0	114.4		111.1		1020	132	0	0	1080	119	60	105	60	109	780	86
894	1220.0	124.0		121.8		1200	141	0	0	1860	122	0	0	300	104	300	88
895	1040.0	119.8		117.0		780	141	0	0	1740	120	0	0	180	107	420	85
896	1180.0	122.0		117.6		1020	146	0	0	1560	126	0	0	240	102	720	86
897	980.0	119.3		116.7		720	139	0	0	1260	125	60	110	660	100	240	86
898	1100.0	120.4		117.2		780	144	0	0	1740	123	0	0	480	95	300	85
899	1240.0	117.9		115.9		900	139	0	0	1740	117	0	0	780	108	300	85
900	960.0	114.0		111.6		780	132	0	0	1260	118	0	0	300	97	540	88
901	960.0	120.4		117.6		900	140	0	0	1260	121	0	0	420	101	300	86
902	1040.0	121.6		119.1		900	141	0	0	1500	120	0	0	300	118	420	88
903	1080.0	118.8		116.4		1020	134	60	117	1440	122	120	89	360	94	240	88
904	900.0	117.8		114.8		540	142	0	0	1260	124	120	103	300	100	480	89
905	1260.0	117.3		113.5		1320	137	0	0	1440	120	60	109	240	91	720	85
906	980.0	120.9		118.8		840	137	0	0	1380	121	0	0	420	114	300	85
907	1120.0	115.1		111.5		900	134	0	0	1560	121	0	0	180	97	720	83
908	1020.0	119.5		117.8		780	125	0	0	1560	125	0	0	420	114	300	84
909	820.0	127.0		123.7		540	153	0	0	1440	128	0	0	300	102	180	83
910	1180.0	117.3		115.6		1140	127	0	0	1440	119	60	88	480	119	420	87
911	1020.0	116.8		113.2		600	141	0	0	1620	123	0	0	300	92	540	85
912	880.0	122.2		119.8		660	142	0	0	1380	123	0	0	300	109	300	88
913	1200.0	116.4		113.6		900	136	0	0	1680	119	180	105	240	114	600	84
914	900.0	126.7		124.8		600	148	0	0	1200	127	0	0	720	118	180	89
915	1180.0	118.2		115.5		1080	135	0	0	1500	122	0	0	420	103	540	86
916	1220.0	117.1		113.9		900	137	0	0	1800	121	60	100	300	108	600	82
917	1020.0	124.6		122.8		540	144	0	0	1680	129	0	0	780	105	60	84
918	1180.0	111.7		108.1		1020	138	0	0	1320	112	60	90	540	98	600	81
919	1240.0	112.1		108.8		660	131	0	0	1800	119	0	0	600	108	660	78
920	1220.0	116.2		112.3		1440	136	0	0	1320	116	0	0	360	91	540	81
921	1200.0	118.7		115.1		900	146	0	0	1680	120	0	0	480	101	540	85
922	1020.0	122.0		120.6		720	139	0	0	1560	121	0	0	600	115	180	86
923	1100.0	123.1		120.1		600	149	0	0	1860	127	0	0	540	101	300	87
924	620.0	118.5		116.1		120	140	0	0	840	130	60	100	600	113	240	86
925	880.0	116.3		114.5		660	134	0	0	1320	117	0	0	300	107	360	89
926	880.0	118.3		115.0		480	140	0	0	1440	124	0	0	180	115	540	85
927	1180.0	123.9		121.6		1140	141	0	0	1440	125	60	102	720	106	180	85
928	1200.0	116.7		114.8		1020	128	0	0	1620	121	0	0	540	108	420	84
929	920.0	127.0		123.5		780	150	0	0	1320	127	0	0	300	115	360	87
930	1000.0	122.4		121.5		360	135	0	0	1560	128	0	0	1020	111	60	94
931	820.0	121.2		118.3		540	143	0	0	1320	124	0	0	300	107	300	84
932	1040.0	117.0		113.4		780	139	0	0	1500	122	120	97	240	84	480	87
933	820.0	118.1		116.0		480	141	0	0	1260	121	0	0	480	100	240	93
934	1100.0	120.0		116.6		900	141	0	0	1440	125	0	0	540	99	420	85
935	1120.0	117.4		114.1		900	131	0	0	1620	125	0	0	420	96	420	80
936	940.0	116.6		114.8		540	134	0	0	1500	121	60	88	600	99	120	86
937	1060.0	115.4		113.2		1140	132	0	0	1020	116	120	101	540	102	360	86
938	1260.0	118.0		115.5		1140	140	0	0	1800	115	0	0	540	99	300	86
939	1120.0	120.4		116.6		1200	140	0	0	1500	120	0	0	240	94	420	81
940	1220.0	113.9		110.4		1080	134	0	0	1860	115	0	0	120	84	600	80
941	1120.0	117.2		114.4		1020	137	0	0	1620	117	0	0	420	94	300	83
942	1020.0	118.8		116.6		780	136	0	0	1380	121	0	0	540	111	360	85
943	1100.0	120.8		119.2		1020	137	0	0	1320	119	0	0	780	111	180	85
944	860.0	123.3		122.3		540	140	0	0	1260	125	0	0	780	109	0	0
945	1220.0	116.3		113.6		1260	134	0	0	1500	117	0	0	420	94	480	87
946	780.0	118.0		116.4		540	133	0	0	1200	118	0	0	360	117	240	86
947	1260.0	116.5		113.5		1320	135	0	0	1620	116	0	0	300	98	540	83
948	1000.0	120.8		118.7		960	135	0	0	1320	123	0	0	360	109	360	87
949	1080.0	119.6		118.4		1140	127	0	0	1380	123	0	0	600	105	120	83
950	1140.0	114.9		111.7		900	134	0	0	1620	119	60	88	180	108	660	83
951	960.0	121.1		119.0		660	140	0	0	1320	124	0	0	660	109	240	86
952	720.0	122.2		119.8		360	145	0	0	1200	125	0	0	360	115	240	85
953	1200.0	113.2		111.3		1140	126	0	0	1500	116	60	91	480	103	420	83
954	920.0	113.7		110.5		900	132	0	0	1140	116	60	95	120	101	540	83
955	1360.0	113.4		111.7		1560	124	0	0	1380	117	180	88	600	103	360	84
956	940.0	125.5		123.3		840	146	0	0	1200	124	0	0	660	109	120	87
957	1300.0	111.2		109.9		1680	123	0	0	1440	107	120	99	480	95	180	86
958	1000.0	116.6		115.4		780	130	0	0	1440	118	0	0	660	103	120	87
959	920.0	112.3		109.6		840	129	0	0	1080	116	60	111	300	99	480	83
960	1000.0	104.6		102.3		660	125	0	0	1440	107	60	88	240	100	600	80
961	1220.0	109.3		108.1		1380	120	0	0	1260	110	0	0	840	96	180	84
962	1220.0	103.6		101.8		840	122	0	0	1320	108	120	104	1080	90	300	81
963	1120.0	106.9		105.7		900	123	0	0	1560	106	0	0	780	93	120	87
964	1320.0	100.0		98.8		1080	113	0	0	1740	102	0	0	840	85	300	84
965	1300.0	98.7		97.4		1140	113	0	0	1860	98	0	0	600	83	300	80
966	1020.0	104.1		103.0		900	118	60	116	1260	103	0	0	540	93	300	85
967	1280.0	96.0		95.0		960	109	60	108	1620	97	0	0	780	85	420	81
968	1420.0	95.8		95.2		1320	105	0	0	1680	96	0	0	1020	86	240	85
969	1120.0	103.4		102.3		660	121	0	0	1500	105	60	102	900	93	240	85
970	1180.0	105.3		104.8		1260	112	0	0	1380	104	60	99	720	101	120	79
971	1200.0	99.1		98.0		1140	111	0	0	1380	100	0	0	480	87	600	84
972	1020.0	104.5		102.9		540	126	0	0	1740	106	0	0	540	87	240	85
973	1140.0	102.3		100.9		960	115	0	0	1500	105	0	0	480	89	480	82
974	920.0	108.3		107.0		600	122	0	0	1320	112	0	0	660	95	180	84
975	1220.0	108.7		106.7		1320	125	0	0	1260	108	0	0	780	91	300	86
976	1220.0	107.9		106.1		1380	124	0	0	1320	104	60	105	420	93	480	86
977	1560.0	97.4		94.2		1320	115	0	0	2160	101	0	0	660	71	540	72
978	1760.0	97.0		95.9		2280	106	0	0	1800	97	0	0	660	81	540	79
979	1260.0	103.3		102.4		1260	111	0	0	1560	105	0	0	660	95	300	80
980	1020.0	113.4		111.5		840	129	0	0	1380	112	60	102	360	117	420	85
981	980.0	110.4		108.0		960	126	0	0	1200	113	0	0	240	94	540	84
982	1140.0	106.3		105.0		1140	119	0	0	1500	106	0	0	360	92	420	85
983	900.0	109.2		108.3		600	125	0	0	1200	110	0	0	780	99	120	89
984	1060.0	106.1		104.4		900	121	0	0	1560	107	0	0	120	87	600	85
985	1220.0	108.4		106.6		1260	125	0	0	1560	106	0	0	420	90	420	86
986	1440.0	109.2		107.2		1620	124	0	0	1740	107	60	92	300	100	600	82
987	1300.0	109.9		108.6		1320	124	0	0	1500	108	60	99	720	98	300	88
988	1400.0	109.5		107.7		1560	122	0	0	1680	110	0	0	420	98	540	81
989	1460.0	110.9		109.0		1440	125	0	0	1800	112	0	0	600	100	540	82
990	1060.0	112.9		111.0		780	133	0	0	1620	113	0	0	480	96	300	87
991	1200.0	118.2		116.8		1200	132	0	0	1560	118	0	0	660	102	180	88
992	1040.0	116.0		113.9		900	132	0	0	1260	118	0	0	600	107	360	84
993	1560.0	106.8		105.3		1620	119	60	114	1980	107	0	0	480	92	540	82
994	1220.0	121.4		118.2		1020	144	0	0	1680	123	60	90	600	101	300	83
995	960.0	121.3		119.2		840	135	0	0	1440	124	0	0	360	102	240	86
996	720.0	113.3		110.2		240	136	0	0	1140	124	0	0	360	96	420	86
997	1160.0	115.1		111.6		1320	130	0	0	1200	121	120	91	120	108	720	83
998	1220.0	119.5		117.4		1080	137	0	0	1860	119	0	0	540	99	180	82
999	1360.0	119.4		117.2		1860	130	0	0	1380	119	60	105	300	115	480	84
1000	860.0	121.2		119.2		540	141	0	0	1140	127	0	0	720	104	180	94
1001	1340.0	115.8		114.1		1140	131	0	0	2100	115	60	102	360	106	360	84
1002	1220.0	108.4		106.5		1200	119	0	0	1380	114	60	85	300	103	720	84
1003	860.0	112.0		109.4		720	129	0	0	960	118	0	0	480	100	420	83
1004	1640.0	107.6		106.3		1800	118	0	0	2220	108	0	0	360	86	540	86
1005	1240.0	120.2		118.8		1320	134	0	0	1680	118	0	0	600	103	120	85
1006	1200.0	111.5		108.9		960	134	0	0	1800	111	0	0	180	94	660	85
1007	840.0	115.0		113.0		120	143	0	0	1620	122	0	0	360	107	420	87
1008	1140.0	115.7		113.6		960	134	0	0	1500	115	0	0	720	105	240	79
1009	1080.0	117.5		115.7		600	144	0	0	1740	118	0	0	900	99	0	0
1010	1000.0	117.5		115.5		780	130	0	0	1500	121	0	0	420	107	300	82
1011	1240.0	121.4		118.0		1320	142	0	0	1500	121	0	0	480	96	420	87
1012	1100.0	122.3		119.2		1020	143	0	0	1560	123	0	0	420	94	300	88
1013	1400.0	120.6		118.0		1500	137	0	0	1920	119	0	0	360	106	420	82
1014	1240.0	115.9		113.2		900	133	0	0	1860	121	60	103	600	92	300	83
1015	980.0	120.5		118.0		720	142	0	0	1560	121	0	0	180	111	480	90
1016	800.0	123.8		122.7		480	136	0	0	1140	128	0	0	720	112	60	87
1017	1400.0	118.3		115.9		1740	132	0	0	1500	118	120	89	420	105	420	84
1018	1240.0	115.1		112.3		1560	131	0	0	1380	112	60	108	240	97	480	82
1019	960.0	119.9		118.1		900	138	0	0	1380	117	0	0	420	105	180	87
1020	1420.0	107.2		103.9		1440	125	0	0	1860	107	60	81	300	99	600	72
1021	1060.0	114.0		112.5		480	132	0	0	1860	117	0	0	540	104	300	85
1022	1000.0	116.3		113.4		900	133	0	0	1320	120	0	0	300	103	480	83
1023	1180.0	119.3		117.5		960	135	0	0	1740	121	0	0	600	102	240	87
1024	1060.0	114.9		112.9		480	133	0	0	1860	120	0	0	360	100	480	88
1025	1260.0	120.0		117.1		1320	136	0	0	1740	121	0	0	180	98	540	85
1026	1120.0	120.1		117.8		1020	134	0	0	1560	122	0	0	420	111	360	83
1027	1220.0	119.8		117.7		1080	136	0	0	1500	123	0	0	780	104	300	87
1028	1000.0	125.3		123.3		780	138	0	0	1560	129	0	0	360	111	300	90
1029	1580.0	108.1		106.5		1800	121	0	0	1980	106	60	89	480	94	420	81
1030	1200.0	118.5		116.7		960	135	0	0	1740	118	0	0	660	109	240	82
1031	1320.0	121.0		120.3		1260	132	0	0	2100	119	0	0	480	107	120	96
1032	1400.0	115.7		113.6		1260	130	0	0	2100	118	0	0	360	91	480	87
1033	1080.0	117.7		116.0		900	133	0	0	1560	119	0	0	540	103	240	85
1034	980.0	120.0		117.8		840	138	0	0	1440	119	0	0	360	111	300	85
1035	1600.0	110.3		108.6		1560	127	0	0	1800	108	180	96	780	101	480	85
1036	1340.0	117.2		115.7		1200	134	0	0	1860	115	60	115	600	104	300	90
1037	1200.0	112.2		109.9		900	128	0	0	1740	117	0	0	360	93	600	86
1038	1080.0	122.6		119.4		960	143	0	0	1680	123	0	0	300	93	300	85
1039	1600.0	120.8		118.5		1920	133	0	0	2100	120	0	0	240	112	540	84
1040	1620.0	115.0		113.1		1680	129	0	0	2100	116	120	93	540	95	420	86
1041	1360.0	118.9		117.4		1500	131	0	0	1620	118	120	96	660	107	180	84
1042	1400.0	120.0		118.1		1560	135	0	0	1860	117	60	111	360	105	360	87
1043	1400.0	122.1		119.1		1320	144	0	0	1680	121	0	0	840	106	360	84
1044	1080.0	124.9		122.8		900	136	0	0	1260	132	180	90	720	117	180	87
1045	1500.0	123.7		122.0		1920	135	0	0	1800	123	0	0	540	103	240	86
1046	1420.0	120.9		119.0		1380	137	0	0	1920	121	0	0	600	101	360	92
1047	1060.0	125.6		122.9		900	146	0	0	1320	127	0	0	720	111	240	85
1048	1400.0	119.7		118.2		1560	132	0	0	1800	119	0	0	540	104	300	88
1049	840.0	123.3		122.0		420	137	0	0	1440	127	0	0	540	111	120	87
1050	1300.0	119.3		116.9		1320	135	0	0	1560	122	0	0	540	102	480	87
1051	1180.0	116.2		113.4		1140	136	0	0	1680	115	60	86	240	93	420	85
1052	1280.0	120.7		118.4		1200	139	0	0	1800	119	60	105	480	107	300	83
1053	1020.0	123.6		121.3		1080	141	0	0	1080	123	60	88	720	108	120	84
1054	1320.0	120.9		119.3		1320	133	0	0	1860	122	0	0	480	103	300	89
1055	1100.0	118.5		115.7		1020	135	60	112	1440	122	60	91	360	98	360	84
1056	1360.0	118.6		115.9		1380	137	0	0	1620	120	0	0	540	97	540	89
1057	1040.0	123.9		121.1		1080	142	0	0	1560	122	0	0	300	93	180	84
1058	1200.0	122.5		118.8		1260	143	0	0	1620	122	0	0	300	90	420	86
1059	1260.0	117.4		115.3		1020	134	0	0	1920	119	0	0	300	106	540	87
1060	1080.0	125.1		123.1		1080	142	0	0	1440	123	0	0	540	109	180	88
1061	1160.0	122.4		119.9		780	146	0	0	1920	123	0	0	480	103	300	88
1062	1480.0	117.9		116.1		1560	132	0	0	1860	118	60	96	600	101	360	88
1063	1320.0	120.2		117.9		1440	136	0	0	1920	118	0	0	240	96	360	85
1064	1240.0	123.6		120.7		1440	142	0	0	1560	121	0	0	420	96	300	88
1065	1460.0	112.5		110.7		1560	128	0	0	2100	109	0	0	300	96	420	84
1066	860.0	126.7		124.2		600	143	0	0	1200	131	0	0	480	120	300	88
1067	1380.0	116.7		114.7		1440	133	0	0	1800	115	60	105	540	96	300	88
1068	1320.0	115.9		113.6		1500	128	0	0	1440	120	60	90	480	101	480	84
1069	1480.0	116.0		114.9		1440	126	0	0	1920	118	60	88	720	104	300	90
1070	1160.0	116.2		114.1		1260	132	0	0	1380	115	0	0	540	99	300	86
1071	1300.0	119.9		117.9		1440	134	0	0	1560	120	0	0	600	102	300	87
1072	1000.0	116.7		115.0		720	128	0	0	1380	121	60	90	600	110	240	82
1073	1280.0	123.8		122.0		1260	141	0	0	1620	123	0	0	900	104	60	84
1074	1320.0	111.6		109.3		1380	128	0	0	1560	111	0	0	300	103	720	85
1075	1300.0	118.0		113.8		960	144	0	0	1920	122	0	0	300	88	720	85
1076	1260.0	119.1		117.0		1200	135	0	0	1860	119	0	0	360	100	360	86
1077	1520.0	116.4		113.8		1560	133	0	0	1920	118	60	103	420	93	600	86
1078	980.0	120.6		118.5		780	137	0	0	1320	124	0	0	720	103	120	81
1079	1140.0	117.1		113.8		960	139	0	0	1380	121	60	105	420	100	600	86
1080	780.0	121.2		118.7		420	147	0	0	1380	120	0	0	300	120	240	84
1081	1340.0	114.4		112.8		1560	123	0	0	1500	119	0	0	420	100	540	88
1082	980.0	117.5		115.5		900	136	0	0	1440	114	0	0	300	109	300	87
1083	1520.0	118.7		117.2		1560	127	0	0	1800	122	60	87	960	109	180	76
1084	1100.0	123.8		122.5		660	139	0	0	1680	127	0	0	840	111	120	86
1085	920.0	121.1		118.1		360	148	0	0	1680	127	0	0	480	99	240	84
1086	1020.0	128.0		124.2		960	148	0	0	1620	128	0	0	120	103	360	83
1087	840.0	117.5		115.8		360	133	0	0	1140	126	60	90	840	106	120	85
1088	1340.0	121.8		120.3		1620	134	0	0	1560	120	0	0	540	108	300	90
1089	1240.0	123.2		121.6		960	139	0	0	1800	124	0	0	780	111	180	84
1090	1000.0	124.2		120.2		840	145	0	0	1260	129	0	0	420	114	480	84
1091	1280.0	120.4		116.1		1680	137	0	0	1200	125	60	87	300	91	600	83
1092	1060.0	122.5		120.3		840	141	0	0	1560	124	0	0	540	104	240	89
1093	1340.0	125.2		123.2		1080	145	0	0	2040	124	0	0	720	109	180	85
1094	1120.0	121.9		119.7		960	137	0	0	1440	124	60	91	540	116	360	87
1095	1000.0	126.3		123.3		660	146	0	0	1560	132	0	0	540	103	240	87
1096	1160.0	125.1		122.7		1080	145	0	0	1680	123	0	0	480	107	240	87
1097	1340.0	117.8		115.6		1260	134	0	0	1860	119	0	0	540	97	360	86
1098	1040.0	121.7		119.2		840	144	0	0	1440	122	0	0	660	102	180	87
1099	1120.0	128.3		126.3		1020	143	0	0	1560	131	0	0	600	107	180	92
1100	1120.0	123.8		121.4		840	143	0	0	1320	128	60	89	960	111	180	83
1101	1220.0	119.6		116.6		1200	138	0	0	1440	121	0	0	480	108	540	85
1102	940.0	127.0		121.9		540	157	0	0	1500	134	0	0	420	102	360	82
1103	1120.0	123.5		121.2		960	140	0	0	1560	125	0	0	480	114	360	86
1104	1220.0	119.9		116.5		1380	137	0	0	1500	121	60	92	180	93	540	85
1105	1060.0	115.4		112.9		960	132	0	0	1380	119	120	93	300	94	420	87
1106	980.0	121.4		117.8		840	143	0	0	1380	124	120	109	180	97	420	84
1107	980.0	121.7		119.6		780	137	0	0	1380	126	0	0	540	102	240	91
1108	1120.0	119.9		116.9		1200	139	0	0	1380	118	0	0	420	103	360	83
1109	1080.0	121.5		119.9		960	136	0	0	1620	122	0	0	540	103	120	83
1110	1040.0	119.0		116.4		840	141	0	0	1320	120	0	0	660	105	300	84
1111	1680.0	114.7		112.4		2040	129	0	0	1980	114	0	0	420	91	600	85
1112	960.0	114.9		111.3		1140	132	0	0	900	120	120	93	180	86	540	85
1113	1400.0	126.2		123.3		1620	142	0	0	1860	125	0	0	360	103	360	84
1114	1100.0	126.4		124.5		1260	141	0	0	1320	125	0	0	660	105	60	84
1115	1120.0	125.4		123.4		960	143	0	0	1380	129	0	0	1020	104	0	0
1116	1000.0	119.2		117.1		900	137	0	0	1440	118	0	0	360	107	300	86
1117	940.0	122.9		121.2		900	139	0	0	1140	122	0	0	660	109	120	86
1118	1280.0	112.5		108.0		1260	135	0	0	1440	116	120	86	180	102	840	79
1119	1160.0	116.3		114.9		1080	129	0	0	1320	117	0	0	840	108	240	84
1120	1240.0	111.9		110.0		1020	129	60	116	1740	112	0	0	420	100	480	85
1121	1040.0	117.9		115.4		720	134	0	0	1620	123	0	0	300	101	480	87
1122	1600.0	113.5		112.1		2040	125	0	0	2040	110	0	0	300	101	420	84
1123	920.0	122.5		119.5		540	147	0	0	1620	124	0	0	300	111	300	82
1124	980.0	123.0		120.9		1080	136	0	0	1080	126	0	0	480	109	300	88
1125	1180.0	116.6		113.3		960	133	0	0	1500	123	0	0	420	111	660	82
1126	1260.0	127.0		123.2		1200	153	0	0	1860	123	0	0	300	104	420	87
1127	1040.0	122.4		119.1		780	144	0	0	1500	126	0	0	420	107	420	85
1128	1220.0	124.5		122.3		1200	140	0	0	1620	126	0	0	540	106	300	88
1129	1260.0	121.2		118.7		1020	140	0	0	1860	123	0	0	480	103	420	88
1130	940.0	128.6		126.7		840	142	0	0	1560	129	0	0	180	116	240	89
1131	1000.0	120.6		119.0		720	131	0	0	1680	124	0	0	300	110	300	87
1132	1240.0	119.1		117.2		1440	128	0	0	1500	122	120	85	180	125	480	90
1133	1160.0	123.3		119.8		1020	146	0	0	1620	123	0	0	360	113	480	84
1134	1180.0	122.8		119.8		1320	139	0	0	1260	125	120	95	420	110	420	86
1135	1480.0	113.1		110.8		1440	129	0	0	1620	117	60	102	780	96	540	85
1136	1020.0	129.7		126.4		900	147	0	0	1380	134	0	0	420	115	360	87
1137	1000.0	117.5		114.0		540	140	0	0	1500	126	60	112	300	101	600	85
1138	920.0	124.8		122.1		720	145	0	0	1260	127	60	96	420	115	300	87
1139	1040.0	122.9		119.9		960	141	0	0	1440	125	60	92	300	107	360	85
1140	1160.0	120.8		116.9		1260	138	0	0	1080	129	120	92	480	106	540	84
1141	1020.0	124.5		120.4		900	151	0	0	1320	124	60	104	420	108	360	83
1142	1160.0	120.9		118.0		960	140	0	0	1680	124	0	0	360	101	480	87
1143	1280.0	117.6		113.8		1200	141	0	0	1680	118	0	0	540	92	420	82
1144	880.0	120.5		118.4		480	138	0	0	1380	125	0	0	480	111	300	87
1145	960.0	129.8		127.0		720	152	0	0	1320	133	0	0	600	111	240	92
1146	860.0	123.3		121.5		600	145	0	0	1020	125	60	106	720	112	180	93
1147	1020.0	125.4		123.5		540	154	0	0	1380	127	0	0	1080	111	60	90
1148	760.0	125.4		123.0		360	147	0	0	840	133	0	0	900	118	180	84
1149	860.0	118.0		113.8		660	140	0	0	1080	127	60	102	240	93	540	86
1150	720.0	120.1		115.2		540	147	0	0	960	127	0	0	120	92	540	87
1151	1000.0	123.7		120.3		960	141	0	0	1200	127	120	91	360	117	360	84
1152	840.0	125.0		122.2		540	151	0	0	960	130	0	0	720	112	300	93
1153	1020.0	116.1		113.9		1200	132	0	0	1080	114	120	93	360	101	300	87
1154	980.0	122.4		118.3		660	154	0	0	1620	123	0	0	180	99	480	86
1155	900.0	121.6		117.8		600	147	0	0	1500	125	0	0	180	92	420	86
1156	980.0	122.2		119.7		600	138	0	0	1560	128	60	113	420	107	300	84
1157	600.0	136.7		135.1		300	164	0	0	540	144	0	0	960	124	0	0
1158	820.0	132.3		128.9		600	158	0	0	1200	135	0	0	540	108	120	86
1159	1060.0	128.7		125.8		840	143	0	0	1560	135	0	0	480	109	300	87
1160	700.0	119.2		116.8		420	135	0	0	1260	123	0	0	180	104	240	83
1161	580.0	126.4		125.4		180	147	0	0	1020	131	0	0	540	111	0	0
1162	900.0	122.9		119.5		720	146	0	0	1320	125	0	0	420	99	240	84
1163	980.0	124.7		121.0		720	149	0	0	1500	127	60	90	300	111	360	84
1164	960.0	124.4		121.5		720	149	0	0	1620	123	0	0	240	107	300	87
1165	1040.0	114.2		112.2		600	124	0	0	1740	120	60	102	180	118	540	85
1166	980.0	120.8		118.0		720	138	0	0	1500	124	0	0	420	109	300	80
1167	1060.0	117.8		114.0		840	141	0	0	1500	122	0	0	240	93	600	85
1168	860.0	134.8		132.3		540	155	0	0	1440	137	0	0	420	122	180	87
1169	760.0	132.3		130.6		360	151	0	0	1140	138	0	0	720	118	60	85
1170	1120.0	118.2		115.2		1260	135	0	0	1200	120	60	91	300	106	540	85
1171	820.0	131.7		130.1		600	156	0	0	1260	128	0	0	600	115	0	0
1172	740.0	129.7		127.9		240	153	0	0	1260	135	0	0	540	119	180	94
1173	800.0	124.7		120.1		480	158	0	0	1200	129	60	105	360	104	300	83
1174	900.0	122.6		120.9		660	140	0	0	1080	126	0	0	780	111	180	89
1175	580.0	123.0		119.1		360	144	0	0	720	134	0	0	360	111	300	86
1176	800.0	121.1		117.0		780	142	0	0	900	123	0	0	300	116	420	82
1177	1020.0	119.9		116.6		1080	137	0	0	1200	123	60	90	180	108	540	86
1178	920.0	118.6		113.5		660	146	0	0	1320	125	0	0	240	88	540	83
1179	900.0	122.7		120.6		600	139	0	0	1500	126	60	104	360	103	180	86
1180	700.0	125.5		122.4		240	158	0	0	1200	132	0	0	420	110	240	88
1181	840.0	123.6		120.2		540	150	0	0	1320	126	0	0	420	106	240	82
1182	740.0	113.6		111.0		240	138	0	0	1140	122	0	0	360	106	480	87
1183	700.0	122.8		119.2		240	155	0	0	1080	132	0	0	480	109	300	86
1184	1000.0	113.9		111.0		840	130	0	0	1380	119	0	0	300	96	480	82
1185	1100.0	119.1		116.0		840	137	0	0	1680	124	0	0	360	97	420	83
1186	900.0	121.0		116.8		600	146	0	0	1440	126	0	0	60	100	600	86
1187	1140.0	121.2		119.4		1140	134	0	0	1440	124	60	101	600	103	180	86
1188	800.0	127.2		123.5		780	144	0	0	1140	131	0	0	180	101	300	85
1189	760.0	110.7		107.3		540	134	0	0	960	117	0	0	60	109	720	85
1190	760.0	118.7		116.4		480	145	0	0	1080	120	0	0	600	102	120	86
1191	580.0	115.6		113.1		180	151	0	0	840	116	0	0	420	120	300	87
1192	760.0	124.2		118.9		600	154	0	0	900	131	60	89	300	105	420	86
1193	840.0	120.1		118.2		600	136	0	0	1200	122	60	92	420	115	240	87
1194	640.0	123.7		120.5		240	156	0	0	900	130	0	0	480	118	300	88
1195	1080.0	122.2		119.5		780	132	0	0	1620	129	0	0	360	120	480	85
1196	820.0	124.7		119.5		780	152	0	0	900	129	0	0	420	98	360	86
1197	700.0	126.5		124.6		600	141	0	0	960	127	0	0	360	121	180	87
1198	560.0	116.1		111.7		180	156	0	0	960	124	0	0	60	120	480	85
1199	860.0	124.1		120.8		600	149	0	0	1320	126	0	0	420	106	240	83
1200	580.0	133.3		129.4		420	155	0	0	780	140	0	0	360	117	180	86
1201	880.0	127.1		124.7		480	144	0	0	1560	131	0	0	360	116	240	85
1202	720.0	112.6		110.3		420	117	0	0	1020	124	60	90	300	105	360	85
1203	860.0	119.8		116.2		480	143	0	0	1380	126	0	0	240	107	480	85
1204	700.0	121.0		116.7		240	149	0	0	1140	132	0	0	300	107	420	85
1205	640.0	129.9		123.7		420	158	0	0	1020	138	60	103	0	0	420	86
1206	540.0	124.7		120.3		180	141	0	0	900	138	0	0	240	112	300	85
1207	660.0	118.3		114.3		480	136	0	0	840	130	120	90	180	102	360	85
1208	580.0	132.0		130.1		300	149	0	0	900	138	0	0	480	116	60	86
1209	360.0	123.6		119.6		0	0	0	0	480	142	0	0	420	119	180	85
1210	860.0	120.4		117.1		600	144	0	0	1080	127	60	91	480	105	360	87
1211	680.0	120.4		118.4		300	148	0	0	1200	121	0	0	360	112	180	87
1212	780.0	120.6		117.2		420	145	0	0	1200	128	0	0	420	99	300	87
1213	640.0	124.3		121.8		300	153	0	0	1080	127	0	0	420	108	120	85
1214	740.0	120.5		115.9		660	144	0	0	1020	124	0	0	0	0	540	85
1215	740.0	120.6		117.6		540	142	0	0	1140	122	0	0	240	113	300	83
1216	800.0	120.3		118.2		540	135	0	0	1080	122	60	92	420	125	300	87
1217	740.0	126.3		122.7		480	155	0	0	900	132	0	0	660	109	180	85
1218	780.0	126.7		122.8		660	144	0	0	1140	133	0	0	240	103	300	84
1219	600.0	119.3		111.6		420	167	0	0	720	123	0	0	0	0	660	85
1220	640.0	120.4		116.9		480	136	0	0	1020	126	0	0	60	118	360	84
1221	840.0	118.3		114.0		480	143	0	0	1320	126	0	0	120	106	600	84
1222	760.0	116.4		112.5		420	144	0	0	900	127	0	0	360	107	600	87
1223	480.0	126.8		123.7		60	158	0	0	780	141	0	0	420	109	180	96
1224	600.0	120.7		115.6		300	148	0	0	840	133	0	0	240	108	420	84
1225	560.0	127.9		124.5		120	170	0	0	780	139	0	0	600	117	180	88
1226	500.0	130.3		128.1		120	172	0	0	660	137	0	0	660	120	60	86
1227	640.0	121.5		116.8		420	153	0	0	780	128	0	0	360	107	360	85
1228	640.0	122.2		120.2		540	140	0	0	840	122	0	0	420	111	120	83
1229	700.0	119.1		115.7		420	139	0	0	900	127	0	0	360	116	420	85
1230	680.0	121.9		119.5		360	146	0	0	1140	124	0	0	300	113	240	87
1231	780.0	128.2		125.1		600	156	0	0	960	129	0	0	660	109	120	88
1232	680.0	118.8		114.0		420	143	0	0	1020	126	0	0	60	139	540	84
1233	660.0	125.7		123.3		360	149	0	0	780	128	60	88	660	121	120	85
1234	740.0	122.9		118.8		420	150	0	0	1200	128	60	105	180	109	360	84
1235	560.0	124.8		122.6		300	152	0	0	780	126	0	0	480	115	120	88
1236	880.0	117.0		115.0		360	136	0	0	1440	124	0	0	660	100	180	86
1237	600.0	116.0		111.1		300	158	0	0	780	122	0	0	240	106	480	85
1238	420.0	127.1		124.3		120	150	0	0	900	132	0	0	120	112	120	83
1239	800.0	125.5		120.8		720	153	0	0	1080	126	60	98	180	103	360	85
1240	700.0	115.6		111.8		480	135	0	0	1080	123	0	0	60	81	480	84
1241	500.0	122.4		118.1		120	153	0	0	720	130	60	90	300	135	300	86
1242	660.0	120.7		117.4		540	143	0	0	720	126	0	0	420	107	300	87
1243	560.0	130.4		127.0		480	156	0	0	780	131	0	0	240	104	180	95
1244	580.0	113.9		109.5		360	144	0	0	720	122	60	88	180	100	420	84
1245	560.0	115.4		112.3		120	139	0	0	960	125	0	0	180	117	420	86
1246	320.0	129.9		127.4		60	141	0	0	540	141	0	0	300	117	60	84
1247	700.0	124.3		120.2		240	157	0	0	1200	131	0	0	300	120	360	84
1248	500.0	123.2		119.3		240	155	0	0	660	131	0	0	240	118	360	91
1249	760.0	114.7		111.1		540	138	0	0	960	122	120	94	180	99	480	85
1250	640.0	123.4		119.8		540	148	0	0	720	122	60	92	360	120	240	85
1251	680.0	122.4		118.9		420	151	0	0	1020	126	0	0	360	103	240	86
1252	320.0	121.8		115.3		120	144	0	0	420	143	0	0	120	117	300	85
1253	720.0	128.0		124.6		540	159	0	0	1020	127	0	0	360	105	240	97
1254	580.0	130.0		125.4		480	150	0	0	780	137	0	0	240	113	240	84
1255	520.0	119.5		116.4		480	134	0	0	360	127	60	87	420	121	240	85
1256	620.0	126.0		123.4		240	145	0	0	1080	131	60	91	300	124	180	86
1257	800.0	128.8		123.0		720	157	0	0	1020	133	60	91	180	105	420	86
1258	560.0	133.3		127.8		300	165	0	0	900	140	0	0	180	124	300	87
1259	680.0	129.0		124.4		360	165	0	0	1140	133	0	0	300	105	240	86
1260	500.0	115.3		112.0		300	143	0	0	540	120	60	105	240	115	360	87
1261	640.0	113.8		111.2		540	133	0	0	720	119	60	88	300	98	300	88
1262	660.0	111.7		107.9		420	135	0	0	900	119	60	89	60	119	540	83
1263	680.0	120.1		118.4		480	138	0	0	1020	121	0	0	360	110	180	88
1264	500.0	122.8		119.6		180	146	0	0	540	138	0	0	480	117	300	91
1265	580.0	128.8		122.9		420	162	0	0	720	136	0	0	240	110	360	88
1266	600.0	118.1		112.2		360	155	0	0	900	124	0	0	60	89	480	83
1267	680.0	113.3		111.0		360	135	0	0	840	121	0	0	720	99	120	80
1268	460.0	132.4		127.7		420	154	0	0	360	145	60	93	360	123	180	89
1269	480.0	117.5		113.8		180	144	0	0	780	126	0	0	120	117	360	86
1270	380.0	125.7		122.1		120	138	0	0	600	140	0	0	300	109	120	84
1271	600.0	126.4		123.1		240	149	0	0	900	135	0	0	420	118	240	86
1272	600.0	117.7		114.8		240	147	0	0	900	124	0	0	360	109	300	86
1273	480.0	119.8		116.7		360	140	0	0	420	120	0	0	420	122	240	85
1274	520.0	123.7		118.5		300	158	0	0	660	130	0	0	240	120	360	86
1275	540.0	110.8		104.7		240	152	0	0	360	142	120	97	240	98	660	86
1276	440.0	114.2		111.6		180	138	0	0	780	120	0	0	120	97	240	86
1277	520.0	115.0		111.7		60	146	0	0	900	127	0	0	300	105	300	83
1278	580.0	123.6		120.0		360	141	0	0	780	134	60	106	300	111	240	84
1279	480.0	122.6		116.6		240	164	0	0	720	130	0	0	120	108	360	85
1280	700.0	119.9		117.6		300	136	0	0	1140	127	0	0	420	109	240	85
1281	720.0	120.5		114.4		480	155	0	0	900	129	0	0	180	108	600	84
1282	640.0	121.7		119.7		240	135	0	0	1140	128	0	0	300	113	240	89
1283	740.0	119.7		114.3		600	150	0	0	780	126	0	0	300	107	540	84
1284	800.0	118.0		114.3		480	141	0	0	1260	124	60	88	120	109	480	85
1285	580.0	115.6		113.0		420	131	0	0	540	119	60	92	420	121	300	85
1286	560.0	124.4		117.9		300	162	0	0	720	134	60	105	180	124	420	84
1287	540.0	122.9		121.2		180	148	0	0	660	129	0	0	660	116	120	89
1288	320.0	123.2		118.9		60	200	0	0	300	136	0	0	480	115	120	86
1289	500.0	130.2		126.3		300	162	0	0	720	134	0	0	360	111	120	85
1290	640.0	131.5		127.4		480	154	0	0	900	135	0	0	300	122	240	85
1291	680.0	113.3		110.7		960	126	0	0	660	113	0	0	60	82	360	85
1292	600.0	119.1		113.2		240	174	0	0	900	126	0	0	60	108	600	88
1293	540.0	117.4		113.9		240	156	0	0	780	122	0	0	300	104	300	88
1294	620.0	117.7		114.9		180	137	0	0	1020	129	0	0	420	99	240	88
1295	520.0	124.9		121.3		240	160	0	0	780	130	0	0	360	110	180	86
1296	520.0	119.5		114.2		240	153	0	0	840	129	0	0	0	0	480	86
1297	480.0	119.7		115.4		240	142	0	0	540	137	0	0	360	106	300	87
1298	340.0	126.5		123.4		180	141	0	0	360	136	0	0	420	120	60	71
1299	300.0	117.3		116.5		0	0	0	0	420	128	0	0	480	108	0	0
1300	500.0	119.5		115.2		60	167	0	0	780	132	0	0	300	119	360	85
1301	560.0	130.8		128.1		240	156	0	0	840	138	0	0	480	116	120	89
1302	500.0	119.7		116.2		180	142	0	0	840	129	0	0	240	107	240	83
1303	560.0	116.4		111.7		180	157	0	0	840	127	0	0	180	110	480	85
1304	360.0	128.7		124.0		120	196	0	0	420	134	0	0	420	114	120	94
1305	400.0	126.1		123.3		60	153	0	0	660	138	60	115	300	111	120	90
1306	920.0	120.0		115.5		720	144	0	0	1140	128	60	105	180	103	660	86
1307	500.0	127.2		121.1		420	156	0	0	480	140	120	91	180	114	300	89
1308	540.0	121.3		116.6		300	154	0	0	780	127	0	0	180	115	360	85
1309	380.0	123.2		116.7		60	158	0	0	720	138	0	0	60	117	300	82
1310	420.0	123.3		117.4		180	159	0	0	720	133	0	0	0	0	360	86
1311	480.0	124.8		120.9		240	149	0	0	840	131	0	0	120	113	240	85
1312	360.0	118.4		113.7		60	161	0	0	660	129	0	0	60	126	300	85
1313	420.0	111.7		109.3		120	120	0	0	600	122	60	90	240	115	240	84
1314	540.0	112.9		109.7		180	148	0	0	960	118	0	0	120	106	360	84
1315	600.0	126.9		122.8		600	145	0	0	780	131	120	96	60	121	240	85
1316	300.0	113.7		108.7		60	146	0	0	360	138	0	0	240	96	240	87
1317	380.0	124.3		121.5		120	157	0	0	660	128	0	0	240	118	120	84
1318	420.0	117.0		113.4		60	129	0	0	780	129	60	90	120	112	240	84
1319	400.0	122.6		118.0		60	138	0	0	720	134	0	0	120	138	300	86
1320	640.0	125.1		119.5		480	153	0	0	900	130	0	0	120	120	420	84
1321	540.0	114.7		111.4		420	131	0	0	720	122	60	86	60	121	360	85
1322	300.0	131.3		127.7		120	147	0	0	420	147	0	0	300	112	60	86
1323	540.0	115.5		112.1		60	144	0	0	840	125	0	0	360	121	360	83
1324	560.0	107.5		103.5		240	137	0	0	600	122	60	91	120	114	660	84
1325	560.0	125.8		121.5		300	148	0	0	960	133	0	0	120	114	300	85
1326	600.0	119.4		113.9		360	156	0	0	840	123	0	0	180	117	420	82
1327	460.0	114.8		109.5		180	154	0	0	600	128	0	0	120	109	480	85
1328	380.0	122.3		120.0		60	160	0	0	600	129	0	0	360	117	120	86
1329	420.0	124.6		121.3		300	148	0	0	360	136	60	103	420	112	120	87
1330	620.0	124.0		119.9		420	149	0	0	900	131	0	0	360	97	180	85
1331	500.0	120.5		115.2		180	155	0	0	720	132	0	0	180	123	420	85
1332	500.0	118.4		114.8		360	150	0	0	600	118	0	0	360	104	180	85
1333	620.0	123.7		119.1		480	145	0	0	840	131	0	0	180	112	360	84
1334	520.0	116.5		112.6		180	145	0	0	720	128	0	0	300	111	360	84
1335	580.0	119.4		115.1		300	146	0	0	960	127	0	0	120	99	360	84
1336	400.0	119.4		114.8		60	135	0	0	540	137	0	0	300	120	300	84
1337	380.0	121.4		117.5		120	177	0	0	420	131	0	0	480	107	120	90
1338	520.0	115.8		113.9		360	129	0	0	660	123	60	109	300	102	180	88
1339	480.0	116.2		111.5		180	155	0	0	480	135	0	0	480	101	300	87
1340	400.0	121.0		117.4		300	143	0	0	540	125	0	0	180	110	180	83
1341	420.0	121.7		118.9		60	184	0	0	480	133	0	0	600	113	120	89
1342	400.0	121.5		118.4		120	142	0	0	720	131	0	0	180	103	180	88
1343	400.0	117.1		112.2		240	148	0	0	480	124	60	90	120	124	300	84
1344	320.0	121.2		118.0		300	130	0	0	420	129	0	0	60	132	180	85
1345	420.0	113.2		110.2		180	136	0	0	480	125	0	0	300	108	300	86
1346	340.0	120.5		117.2		180	138	0	0	180	131	60	105	420	126	180	85
1347	480.0	119.3		115.8		180	154	0	0	780	125	0	0	240	109	240	85
1348	600.0	117.1		113.5		300	132	0	0	900	130	0	0	240	95	360	87
1349	340.0	121.1		116.1		120	165	0	0	420	131	0	0	300	113	180	82
1350	420.0	123.6		120.0		120	159	0	0	720	128	0	0	240	123	180	83
1351	420.0	112.1		107.8		120	124	0	0	600	130	60	90	60	121	420	85
1352	640.0	112.5		108.0		300	142	0	0	840	125	0	0	180	100	600	84
1353	400.0	121.0		116.3		120	137	0	0	660	136	0	0	120	113	300	85
1354	320.0	122.5		117.7		120	142	0	0	480	134	0	0	120	132	240	85
1355	560.0	121.4		117.6		300	149	0	0	780	130	60	107	240	104	300	88
1356	300.0	107.5		104.9		120	132	0	0	420	114	0	0	240	99	120	77
1357	440.0	117.5		115.3		240	139	0	0	600	123	0	0	360	105	120	85
1358	400.0	118.9		115.3		180	152	0	0	600	125	0	0	180	108	240	87
1359	400.0	120.4		116.2		120	148	0	0	720	131	0	0	120	100	240	85
1360	500.0	113.8		109.6		300	148	0	0	600	119	0	0	240	103	360	84
1361	540.0	114.6		111.7		300	132	0	0	480	133	0	0	660	101	180	86
1362	480.0	117.2		113.8		180	144	0	0	780	126	0	0	240	102	240	84
1363	460.0	113.2		109.2		120	136	0	0	720	126	0	0	180	109	360	82
1364	460.0	124.7		121.8		360	145	0	0	780	125	0	0	60	111	180	87
1365	600.0	121.6		117.0		180	171	0	0	1080	128	0	0	240	100	300	86
1366	400.0	123.8		120.0		180	153	0	0	600	133	0	0	240	105	180	89
1367	400.0	126.5		123.7		300	149	0	0	480	127	0	0	300	120	120	85
1368	700.0	112.7		110.8		480	128	0	0	1140	115	60	101	60	118	360	86
1369	420.0	118.2		113.9		120	154	0	0	660	127	0	0	180	119	300	84
1370	500.0	110.8		104.8		300	145	0	0	540	126	0	0	240	81	420	84
1371	340.0	140.8		139.4		300	154	0	0	480	144	0	0	240	118	0	0
1372	360.0	114.1		110.5		120	150	0	0	420	124	0	0	300	110	240	84
1373	280.0	112.6		106.1		180	156	0	0	300	121	0	0	0	0	360	84
1374	360.0	114.4		109.7		180	143	0	0	420	126	0	0	180	113	300	82
1375	560.0	115.0		113.0		360	132	0	0	780	120	0	0	240	106	300	89
1376	560.0	111.7		105.6		300	153	0	0	660	123	60	96	0	0	660	83
1377	360.0	128.7		123.0		120	178	0	0	600	136	0	0	120	124	240	88
1378	540.0	123.7		119.7		240	157	0	0	900	129	0	0	180	114	300	87
1379	460.0	114.9		111.8		120	139	0	0	780	125	0	0	180	105	300	85
1380	540.0	120.1		118.3		300	136	0	0	660	127	0	0	540	111	120	84
1381	480.0	118.7		116.3		60	153	0	0	900	128	0	0	300	98	180	95
1382	380.0	112.9		105.3		240	146	0	0	360	136	60	86	60	92	420	81
1383	380.0	117.8		114.4		240	142	0	0	540	122	0	0	180	109	180	82
1384	560.0	111.7		107.6		300	134	0	0	780	122	0	0	60	125	540	83
1385	420.0	116.3		111.6		120	156	0	0	780	125	0	0	60	80	300	85
1386	360.0	116.7		114.1		120	131	0	0	540	127	0	0	240	110	180	85
1387	300.0	107.6		103.8		60	127	0	0	300	123	0	0	300	112	240	78
1388	400.0	122.4		120.3		120	138	0	0	600	131	0	0	360	115	120	86
1389	360.0	119.8		113.7		180	170	0	0	480	124	0	0	120	115	300	85
1390	220.0	110.7		106.6		120	139	0	0	240	125	0	0	60	92	240	87
1391	520.0	116.4		113.1		240	147	0	0	900	121	0	0	240	92	180	85
1392	480.0	111.2		107.0		240	137	0	0	540	127	60	89	120	100	480	86
1393	360.0	120.4		115.3		120	127	0	0	480	142	60	84	240	111	180	83
1394	300.0	114.3		111.6		60	142	0	0	480	125	0	0	240	101	120	84
1395	320.0	110.9		105.5		60	122	0	0	480	133	0	0	0	0	420	84
1396	280.0	128.3		123.8		120	168	0	0	540	128	0	0	120	118	60	72
1397	440.0	112.2		107.6		120	137	0	0	660	128	0	0	60	114	480	84
1398	380.0	105.2		99.9		180	144	0	0	300	125	0	0	120	102	540	82
1399	420.0	118.1		116.7		180	139	0	0	600	121	0	0	420	110	60	83
1400	520.0	110.8		107.4		60	133	0	0	960	123	0	0	120	99	420	83
1401	380.0	113.7		109.1		300	134	0	0	240	135	0	0	300	108	300	82
1402	400.0	113.5		111.6		180	132	0	0	660	118	0	0	240	103	120	82
1403	500.0	110.8		104.9		180	142	0	0	600	128	60	118	180	107	480	78
1404	540.0	125.2		121.0		300	160	0	0	780	129	0	0	300	112	240	86
1405	260.0	113.5		109.9		60	141	0	0	360	125	0	0	120	120	240	86
1406	320.0	111.2		104.5		60	139	0	0	360	140	0	0	60	129	480	84
1407	460.0	113.7		110.3		180	141	0	0	720	123	0	0	240	95	240	84
1408	560.0	114.4		109.7		300	151	0	0	720	123	0	0	180	95	480	86
1409	220.0	119.1		116.0		0	0	0	0	360	132	0	0	180	116	120	85
1410	260.0	119.0		115.9		60	148	0	0	420	130	0	0	240	102	60	81
1411	300.0	114.7		110.4		120	163	0	0	300	123	0	0	300	105	180	85
1412	360.0	116.9		114.7		120	141	0	0	540	125	0	0	240	106	180	91
1413	300.0	114.7		111.2		120	135	0	0	540	123	0	0	60	97	180	82
1414	420.0	106.0		102.1		240	140	0	0	420	114	120	89	60	102	420	84
1415	340.0	118.8		116.7		240	135	0	0	540	122	0	0	120	104	120	87
1416	400.0	113.9		110.3		60	134	0	0	660	128	0	0	120	110	360	86
1417	240.0	113.4		109.7		0	0	0	0	480	126	0	0	60	107	180	82
1418	300.0	116.3		110.6		180	146	0	0	240	133	60	90	120	127	300	86
1419	420.0	110.7		106.8		60	135	0	0	540	131	60	105	300	97	300	84
1420	260.0	125.7		120.7		60	160	0	0	360	143	0	0	240	112	120	84
1421	260.0	126.5		123.8		0	0	0	0	600	135	0	0	60	112	120	91
1422	200.0	126.7		124.9		60	151	0	0	240	139	0	0	300	112	0	0
1423	300.0	119.3		116.4		60	133	0	0	540	130	0	0	120	111	180	88
1424	480.0	115.5		111.4		360	147	0	0	480	119	0	0	240	104	360	87
1425	400.0	112.8		109.3		180	135	0	0	600	123	0	0	180	96	240	83
1426	260.0	116.7		111.8		60	130	0	0	420	135	60	90	180	91	60	79
1427	380.0	105.3		101.9		60	124	0	0	480	125	0	0	60	102	540	86
1428	460.0	112.7		110.2		120	119	0	0	660	125	60	96	240	113	300	86
1429	400.0	112.2		108.8		180	137	0	0	540	122	0	0	180	105	300	84
1430	320.0	114.8		110.2		180	145	0	0	420	125	0	0	120	91	240	86
1431	300.0	109.5		105.5		0	0	0	0	420	130	0	0	120	108	360	86
1432	580.0	103.7		101.5		300	116	240	112	540	116	0	0	60	86	600	85
1433	440.0	110.7		107.2		180	131	0	0	360	133	300	93	240	110	240	85
1434	400.0	112.0		108.8		180	151	0	0	420	115	0	0	360	107	240	85
1435	180.0	123.0		120.5		60	146	0	0	180	138	0	0	240	114	60	91
1436	420.0	110.6		107.3		120	128	0	0	540	126	0	0	180	110	420	86
1437	300.0	110.1		103.8		180	139	0	0	360	126	0	0	60	74	300	81
1438	220.0	115.3		111.7		120	139	0	0	360	122	0	0	0	0	180	86
1439	400.0	115.6		110.3		240	161	0	0	600	115	0	0	120	89	240	85
1440	300.0	112.9		107.5		60	142	0	0	480	131	0	0	0	0	360	84
1441	320.0	122.8		118.2		120	144	0	0	600	132	0	0	60	110	180	82
1442	340.0	110.6		106.1		120	139	0	0	480	126	0	0	0	0	420	85
1443	380.0	118.2		115.0		120	146	0	0	660	126	0	0	120	110	240	87
1444	300.0	118.3		114.0		120	150	0	0	420	126	0	0	120	124	240	86
1445	260.0	104.3		101.5		60	130	0	0	360	111	60	85	180	109	120	74
1446	260.0	109.2		106.7		60	116	0	0	420	122	60	94	60	97	180	86
1447	140.0	123.7		117.7		60	177	0	0	120	137	0	0	180	111	60	82
1448	260.0	104.2		100.4		60	148	0	0	180	130	0	0	240	98	300	85
1449	300.0	112.7		108.0		60	142	0	0	420	132	60	87	120	99	240	85
1450	300.0	127.9		123.8		180	143	0	0	480	138	0	0	60	118	180	89
1451	320.0	113.6		109.0		60	163	0	0	300	129	0	0	180	129	420	89
1452	260.0	122.2		115.2		180	163	0	0	180	132	60	109	120	125	240	86
1453	380.0	115.7		112.4		180	151	0	0	480	120	0	0	300	106	180	85
1454	180.0	100.0		98.1		0	0	0	0	180	119	0	0	60	103	300	88
1455	160.0	126.2		119.7		120	167	0	0	180	127	0	0	60	121	120	87
1456	160.0	128.1		118.9		180	167	0	0	120	128	0	0	60	96	120	86
1457	200.0	108.8		103.5		60	173	0	0	180	124	0	0	180	97	180	84
1458	300.0	108.5		103.6		120	141	0	0	420	122	0	0	0	0	360	82
1459	360.0	108.1		104.0		60	115	0	0	600	125	0	0	0	0	420	83
1460	180.0	114.8		112.3		0	0	0	0	300	123	0	0	120	123	120	86
1461	380.0	114.2		107.6		180	153	0	0	360	134	120	90	60	132	420	85
1462	240.0	115.8		109.2		180	145	0	0	180	141	0	0	120	96	240	85
1463	160.0	136.2		127.4		60	175	0	0	300	149	0	0	0	0	120	85
1464	320.0	117.1		108.4		60	225	0	0	420	130	60	102	60	138	360	83
1465	260.0	99.0		95.6		0	0	0	0	180	134	0	0	180	99	420	84
1466	380.0	112.6		106.9		180	145	0	0	420	131	60	84	120	103	360	83
1467	200.0	117.7		113.7		0	0	0	0	240	130	0	0	180	132	180	87
1468	160.0	108.4		104.4		0	0	0	0	180	122	0	0	120	126	180	83
1469	260.0	105.4		101.9		60	122	0	0	300	126	0	0	120	99	300	84
1470	220.0	108.1		103.6		0	0	0	0	240	136	0	0	60	117	360	88
1471	200.0	121.0		117.3		180	134	0	0	180	134	0	0	120	118	120	85
1472	260.0	104.8		99.4		60	156	0	0	300	121	60	105	60	106	300	78
1473	260.0	126.1		119.9		0	0	0	0	420	145	0	0	180	125	180	83
1474	360.0	102.8		98.9		60	128	0	0	360	126	120	91	60	121	480	83
1475	220.0	113.9		110.3		0	0	0	0	240	137	0	0	180	115	240	90
1476	340.0	97.8		94.6		120	139	0	0	240	113	60	93	60	75	540	85
1477	80.0	104.0		97.1		0	0	0	0	60	158	0	0	0	0	180	86
1478	260.0	118.6		113.4		120	156	0	0	360	128	0	0	60	118	240	86
1479	260.0	106.5		101.7		0	0	0	0	300	134	60	86	120	107	300	83
1480	380.0	101.9		99.2		180	132	0	0	300	110	60	99	60	117	540	86
1481	140.0	119.1		116.2		60	135	0	0	180	130	60	111	60	115	60	83
1482	220.0	109.0		103.5		0	0	0	0	300	133	0	0	60	119	300	83
1483	320.0	107.1		100.0		180	138	0	0	180	151	120	91	0	0	480	83
1484	300.0	123.5		116.2		180	172	0	0	480	125	0	0	0	0	240	84
1485	240.0	105.8		100.8		0	0	0	0	300	131	0	0	60	116	360	83
1486	380.0	116.9		112.5		120	153	0	0	540	127	0	0	120	125	360	87
1487	180.0	103.0		97.1		0	0	0	0	180	141	0	0	0	0	360	84
1488	200.0	108.1		102.6		120	133	0	0	180	132	0	0	60	79	240	85
1489	240.0	118.7		113.4		120	141	0	0	360	133	0	0	0	0	240	86
1490	160.0	112.9		106.1		60	145	0	0	180	139	60	86	0	0	180	85
1491	160.0	102.6		99.8		0	0	0	0	60	145	0	0	180	108	240	88
1492	240.0	109.7		103.2		120	137	0	0	240	136	0	0	0	0	360	83
1493	160.0	105.0		100.6		0	0	0	0	120	140	0	0	120	110	240	85
1494	120.0	117.8		112.9		0	0	0	0	180	138	0	0	60	119	120	87
1495	140.0	104.7		100.1		60	144	0	0	120	123	0	0	60	91	180	84
1496	180.0	101.3		97.6		60	144	0	0	120	123	0	0	0	0	360	87
1497	260.0	108.2		103.1		120	147	0	0	240	126	0	0	60	99	360	85
1498	160.0	123.6		121.0		60	130	0	0	180	145	0	0	240	106	0	0
1499	300.0	100.6		95.4		120	141	0	0	60	169	120	89	60	115	540	85
