#File created from auswertNew
# Temporary input file:
# tmp05.dat
# Created from repository file
# /home/vwitme/data/workdata/trafficData/Invent_A5/intermediatedata/A5frankfurt_06_01/daten/F05_1106.dat.gz
# Infrastructure description file:
# /home/vwitme/data/workdata/trafficData/Invent_A5/intermediatedata/A5frankfurt_06_01/daten/A5frankfurt_06_01.dsc
#
# Date: 11.06.2001
# Direction: Frankfurt
# Detector cross section 5
# Position (m)= 470.690000
# Number of main lanes=3
# Number of ramp lanes=2
# The lane indices are ordered from left to right
# NOTICE: The time has been increased by 1 hour 
# since summertime was not taken care of  in the original data!
# Velocity averages: Over veh types and lanes, weighted with flow
# vAvg=arithmetic average; vHarm=harmonic average
#===========================================
#t(min)	Qav(/h)	vAvg(km/h)	vHarm(km/h)	Q1car	v1car	Q1truck	v1truck	Q2car	v2car	Q2truck	v2truck	Q3car	v3car	Q3truck	v3truck
60	340.0	99.7		89.4		120	171	0	0	240	135	0	0	120	78	540	73
61	400.0	123.9		114.0		180	168	0	0	480	148	0	0	360	93	180	77
62	380.0	119.1		107.6		180	163	0	0	480	143	0	0	120	90	360	75
63	380.0	122.4		105.7		180	204	0	0	420	145	0	0	120	90	420	74
64	660.0	103.8		90.4		300	187	0	0	480	131	0	0	60	75	1140	72
65	480.0	94.1		87.8		180	129	0	0	360	126	0	0	180	84	720	72
66	380.0	122.4		104.6		240	189	0	0	420	142	0	0	0	0	480	72
67	400.0	129.3		110.9		180	215	0	0	420	157	0	0	240	101	360	73
68	380.0	127.9		114.8		240	195	0	0	540	130	0	0	120	92	240	74
69	640.0	100.7		89.1		300	165	0	0	480	131	0	0	240	71	900	71
70	480.0	135.7		116.1		420	188	0	0	420	160	120	108	60	100	420	72
71	420.0	120.7		104.5		180	183	0	0	480	152	60	111	60	75	480	73
72	260.0	96.2		90.1		0	0	0	0	120	149	60	98	240	104	360	73
73	280.0	120.4		108.0		120	171	0	0	420	139	0	0	0	0	300	74
74	320.0	118.6		111.0		120	168	0	0	420	132	0	0	180	110	240	77
75	180.0	131.0		114.5		180	176	0	0	120	155	0	0	60	116	180	75
76	440.0	106.0		94.7		300	159	0	0	240	133	60	118	60	73	660	74
77	300.0	85.1		82.2		0	0	0	0	180	121	0	0	120	72	600	77
78	220.0	101.8		93.4		60	164	0	0	180	135	0	0	60	95	360	76
79	380.0	116.9		103.3		180	170	0	0	480	141	0	0	0	0	480	73
80	580.0	99.9		92.3		300	156	0	0	240	124	360	94	120	84	720	74
81	340.0	104.5		92.7		60	139	0	0	300	158	60	107	0	0	600	74
82	320.0	107.6		96.9		120	174	0	0	300	136	0	0	60	86	480	76
83	300.0	88.3		58.9		120	131	0	0	240	136	60	103	240	27	240	77
84	280.0	111.5		100.8		120	172	0	0	300	134	60	91	0	0	360	76
85	420.0	117.0		105.0		180	182	0	0	540	135	0	0	120	85	420	75
86	380.0	99.3		87.7		300	157	0	0	120	118	60	91	60	84	600	69
87	500.0	105.8		93.3		180	174	0	0	480	138	0	0	60	83	780	72
88	340.0	110.1		101.1		240	144	0	0	300	135	60	88	120	74	300	77
89	340.0	104.4		92.4		120	152	0	0	300	148	0	0	0	0	600	73
90	220.0	109.4		98.4		0	0	0	0	300	147	0	0	180	86	180	70
91	300.0	101.1		92.3		120	155	0	0	180	134	0	0	180	100	420	72
92	480.0	94.5		85.5		180	167	0	0	180	136	180	93	120	66	780	73
93	340.0	106.2		94.1		120	178	0	0	300	140	60	83	0	0	540	74
94	580.0	94.1		56.4		360	149	0	0	180	124	180	97	60	5	960	73
95	440.0	106.6		94.2		120	187	0	0	480	137	0	0	0	0	720	73
96	200.0	102.8		91.1		60	182	0	0	180	136	0	0	0	0	360	73
97	360.0	86.4		79.9		120	165	0	0	60	131	0	0	0	0	900	73
98	300.0	91.9		83.2		120	180	0	0	0	0	0	0	120	108	660	73
99	320.0	125.9		106.3		300	193	0	0	240	133	0	0	0	0	420	74
100	340.0	124.6		109.6		240	175	0	0	420	140	0	0	60	73	300	73
101	400.0	80.9		77.3		0	0	0	0	180	130	0	0	60	75	960	72
102	340.0	101.1		87.8		120	207	0	0	180	134	0	0	180	91	540	70
103	300.0	117.5		98.0		120	208	0	0	300	154	0	0	60	73	420	72
104	300.0	88.0		82.0		0	0	0	0	180	144	0	0	0	0	720	74
105	180.0	120.3		117.1		240	126	0	0	240	126	0	0	0	0	60	75
106	380.0	102.6		93.8		180	149	0	0	300	129	0	0	60	118	600	74
107	120.0	100.3		93.6		0	0	0	0	120	138	0	0	120	90	120	73
108	200.0	112.3		97.8		120	174	0	0	120	148	0	0	60	114	300	73
109	300.0	123.6		109.2		180	174	0	0	300	149	0	0	120	111	300	73
110	160.0	98.2		88.3		0	0	0	0	180	142	0	0	60	68	240	73
111	400.0	102.0		94.9		300	129	0	0	300	129	0	0	0	0	600	75
112	360.0	103.6		95.9		300	128	0	0	300	128	0	0	60	73	420	73
113	180.0	131.1		114.7		180	160	0	0	180	160	0	0	60	76	120	72
114	400.0	89.8		84.1		60	130	0	0	240	134	120	91	60	72	720	73
115	120.0	113.8		103.2		60	160	0	0	120	137	0	0	60	105	120	72
116	500.0	108.9		94.5		360	168	0	0	240	143	120	108	60	75	720	71
117	280.0	87.7		79.9		60	161	0	0	120	143	0	0	0	0	660	71
118	240.0	118.2		106.0		120	170	0	0	300	138	0	0	60	96	240	73
119	240.0	123.6		110.2		60	207	0	0	360	146	0	0	120	89	180	74
120	180.0	92.0		86.1		0	0	0	0	120	136	120	98	0	0	300	72
121	260.0	132.2		108.8		240	193	0	0	180	166	60	89	0	0	300	72
122	320.0	97.9		87.3		120	168	0	0	120	160	60	92	120	81	540	73
123	300.0	110.1		95.0		120	179	0	0	240	156	0	0	120	72	420	75
124	180.0	83.9		79.2		0	0	0	0	120	127	0	0	60	75	360	71
125	300.0	113.2		105.4		180	157	0	0	300	126	120	98	120	91	180	73
126	360.0	105.7		97.0		60	193	0	0	300	142	180	96	0	0	540	79
127	160.0	81.5		79.7		0	0	0	0	60	120	0	0	0	0	420	76
128	360.0	94.8		85.9		60	172	0	0	240	143	0	0	0	0	780	74
129	480.0	96.9		86.9		120	181	0	0	300	137	120	100	60	70	840	72
130	300.0	83.3		78.7		0	0	0	0	180	130	0	0	60	68	660	72
131	240.0	110.6		100.0		60	176	0	0	360	131	0	0	0	0	300	73
132	340.0	111.6		99.6		120	198	0	0	240	138	0	0	240	108	420	74
133	180.0	96.3		92.8		0	0	0	0	180	122	0	0	180	91	180	76
134	300.0	98.8		88.2		60	207	0	0	180	139	60	118	0	0	600	74
135	220.0	141.5		123.6		180	182	0	0	240	167	0	0	60	117	180	75
136	480.0	108.3		99.5		60	171	0	0	720	132	0	0	240	87	420	71
137	380.0	120.4		110.3		120	160	0	0	660	138	0	0	0	0	360	75
138	280.0	88.7		83.9		60	144	0	0	120	129	60	90	0	0	600	75
139	240.0	114.3		97.6		60	195	0	0	240	163	0	0	0	0	420	75
140	280.0	94.1		87.6		60	156	0	0	180	132	0	0	60	82	540	76
141	280.0	132.4		123.0		60	169	0	0	420	156	0	0	240	111	120	74
142	280.0	114.1		103.0		120	167	0	0	300	140	0	0	60	107	360	76
143	280.0	73.8		73.5		0	0	0	0	0	0	60	91	60	66	720	73
144	300.0	103.5		92.6		120	158	0	0	240	142	0	0	60	77	480	74
145	400.0	109.3		99.2		180	154	0	0	480	132	0	0	60	75	480	74
146	160.0	99.5		92.8		0	0	0	0	180	130	0	0	60	110	240	74
147	360.0	108.4		97.0		60	139	0	0	420	149	60	100	120	83	420	72
148	220.0	113.2		100.6		0	0	0	0	300	153	0	0	60	110	300	74
149	220.0	100.9		89.7		60	169	0	0	120	157	60	91	60	104	360	72
150	200.0	94.1		86.3		0	0	0	0	180	141	0	0	0	0	420	74
151	280.0	96.9		89.6		180	121	0	0	120	155	60	84	0	0	480	75
152	300.0	109.1		94.3		60	197	0	0	300	155	0	0	60	73	480	74
153	220.0	102.2		91.6		60	198	0	0	120	141	60	99	120	90	300	73
154	280.0	108.4		95.7		120	181	0	0	180	148	60	101	60	85	420	75
155	240.0	84.8		81.4		0	0	0	0	60	145	120	100	60	81	480	74
156	360.0	104.0		93.8		240	145	0	0	180	145	60	117	0	0	600	74
157	120.0	117.7		109.7		60	146	0	0	120	135	0	0	120	112	60	66
158	160.0	126.6		121.2		0	0	0	0	240	150	0	0	180	110	60	83
159	100.0	124.8		106.2		120	185	0	0	0	0	0	0	60	104	120	75
160	140.0	79.6		76.6		0	0	0	0	60	125	0	0	0	0	360	72
161	260.0	89.8		83.7		60	181	0	0	120	113	60	94	60	75	480	74
162	340.0	99.2		90.7		60	181	0	0	240	132	120	89	60	133	540	74
163	100.0	113.2		109.6		0	0	0	0	120	139	0	0	180	96	0	0
164	280.0	106.6		96.6		120	145	0	0	300	137	0	0	0	0	420	74
165	200.0	99.3		87.2		120	164	0	0	60	142	60	103	0	0	360	70
166	320.0	106.4		94.9		120	167	0	0	300	139	0	0	120	81	420	73
167	300.0	100.7		92.8		0	0	0	0	300	143	180	90	0	0	420	75
168	140.0	135.4		120.5		120	171	0	0	180	152	0	0	0	0	120	75
169	200.0	102.8		94.1		120	151	0	0	60	144	120	91	60	108	240	73
170	260.0	106.6		99.4		60	132	0	0	360	129	0	0	60	110	300	74
171	340.0	113.1		102.5		180	162	0	0	360	134	0	0	60	108	420	75
172	240.0	93.1		87.3		0	0	0	0	180	135	60	92	60	102	420	74
173	220.0	92.9		87.7		0	0	0	0	180	127	120	99	60	63	300	76
174	200.0	78.0		77.6		0	0	0	0	0	0	120	90	0	0	480	75
175	160.0	121.1		109.1		60	155	0	0	180	158	0	0	60	106	180	78
176	400.0	119.5		106.1		360	170	0	0	360	128	0	0	60	77	420	75
177	380.0	95.2		87.3		180	169	0	0	180	102	120	89	60	78	600	74
178	240.0	85.9		81.2		60	174	0	0	0	0	120	90	60	85	480	74
179	320.0	131.9		117.2		180	168	0	0	480	154	0	0	0	0	300	75
180	360.0	118.0		107.5		180	157	0	0	360	149	0	0	120	103	420	79
181	240.0	107.1		98.1		60	166	0	0	240	137	0	0	120	98	300	75
182	320.0	97.0		89.9		180	142	0	0	180	123	0	0	180	82	420	73
183	240.0	83.8		80.1		0	0	0	0	60	146	60	106	60	97	540	73
184	300.0	119.7		108.9		60	207	0	0	480	137	0	0	120	98	240	74
185	160.0	106.8		92.8		60	168	0	0	120	158	0	0	0	0	300	74
186	320.0	113.2		100.4		240	162	0	0	240	139	60	89	0	0	420	74
187	300.0	103.8		91.0		0	0	0	0	300	162	0	0	60	81	540	74
188	220.0	92.4		85.5		60	181	0	0	60	127	60	89	60	94	420	75
189	220.0	111.2		102.2		0	0	0	0	360	136	0	0	60	115	240	73
190	240.0	118.2		104.7		120	190	0	0	180	148	0	0	60	114	360	80
191	280.0	114.8		101.9		120	176	0	0	300	142	0	0	180	87	240	71
192	400.0	99.7		92.7		180	148	0	0	180	132	300	94	60	100	480	73
193	360.0	101.5		93.7		120	153	0	0	360	126	120	88	60	71	420	74
194	280.0	102.8		92.8		60	177	0	0	240	141	0	0	60	98	480	75
195	320.0	99.5		88.9		120	169	0	0	240	132	0	0	60	78	540	72
196	240.0	99.7		93.1		60	144	0	0	180	130	60	119	120	84	300	75
197	180.0	100.2		92.5		0	0	0	0	180	139	0	0	60	110	300	75
198	280.0	124.3		111.4		300	146	0	0	300	146	0	0	0	0	240	70
199	420.0	108.3		94.7		300	154	0	0	300	135	180	90	60	41	420	74
200	120.0	119.3		112.8		0	0	0	0	120	149	0	0	180	115	60	73
201	300.0	123.6		116.5		360	136	0	0	360	136	0	0	0	0	180	74
202	220.0	106.9		96.2		120	156	0	0	120	142	60	93	60	122	300	73
203	240.0	102.5		90.5		120	193	0	0	60	136	0	0	120	88	420	76
204	180.0	113.7		104.8		0	0	0	0	360	134	0	0	0	0	180	73
205	200.0	119.2		113.8		240	130	0	0	240	130	0	0	0	0	120	76
206	240.0	110.5		97.0		60	164	0	0	300	146	0	0	0	0	360	72
207	220.0	103.9		93.3		60	192	0	0	180	135	60	96	0	0	360	75
208	200.0	82.6		78.6		0	0	0	0	120	122	60	92	0	0	420	70
209	300.0	99.1		88.7		120	177	0	0	60	166	120	108	0	0	600	75
210	280.0	125.6		109.4		120	197	0	0	360	147	0	0	60	118	300	73
211	160.0	86.2		83.1		0	0	0	0	60	135	120	90	0	0	300	75
212	320.0	112.9		102.0		120	162	60	117	300	147	60	91	0	0	420	77
213	160.0	91.5		85.2		0	0	0	0	180	124	0	0	60	64	240	74
214	400.0	119.8		107.4		300	161	0	0	300	150	120	89	120	109	360	74
215	260.0	113.0		104.8		120	147	0	0	240	138	60	106	60	127	300	78
216	480.0	93.3		86.2		240	136	0	0	300	123	0	0	0	0	900	72
217	460.0	120.9		105.4		300	182	0	0	420	144	0	0	60	113	600	75
218	260.0	131.9		118.9		120	176	0	0	360	155	0	0	120	104	180	75
219	300.0	115.3		103.9		240	157	0	0	300	131	0	0	120	75	240	74
220	340.0	109.1		99.4		60	151	0	0	480	137	0	0	120	88	360	72
221	380.0	89.2		82.1		0	0	0	0	240	145	120	96	120	71	660	71
222	180.0	112.2		101.4		60	166	0	0	240	136	0	0	0	0	240	75
223	320.0	107.5		96.4		0	0	0	0	480	142	0	0	0	0	480	73
224	260.0	100.9		93.0		60	175	0	0	120	147	60	89	240	96	300	74
225	500.0	99.7		90.8		120	170	0	0	360	137	240	94	60	67	720	74
226	360.0	115.9		102.3		120	169	0	0	480	145	0	0	60	77	420	73
227	400.0	98.4		91.0		120	141	0	0	360	129	120	90	60	66	540	74
228	400.0	104.1		96.6		120	139	0	0	540	126	0	0	180	77	360	73
229	280.0	114.4		101.9		180	171	0	0	240	135	120	92	0	0	300	73
230	360.0	98.1		90.7		120	148	0	0	240	131	60	85	180	95	480	72
231	160.0	103.1		92.3		0	0	0	0	180	150	0	0	0	0	300	75
232	300.0	133.7		125.1		180	169	0	0	420	148	0	0	240	98	60	71
233	140.0	114.4		105.2		60	154	0	0	180	135	0	0	60	96	120	73
234	260.0	104.6		95.2		60	150	0	0	300	137	0	0	180	75	240	75
235	180.0	111.7		103.5		60	141	0	0	300	129	0	0	0	0	180	73
236	120.0	121.8		112.4		0	0	0	0	180	151	0	0	120	104	60	70
237	300.0	120.2		113.5		180	153	0	0	420	129	60	119	120	86	120	75
238	240.0	108.6		94.7		60	164	0	0	240	155	60	87	0	0	360	72
239	340.0	120.5		109.4		180	168	0	0	420	140	60	91	60	93	300	76
240	180.0	133.9		125.8		60	198	0	0	300	141	0	0	120	114	60	74
241	280.0	124.9		114.4		180	178	0	0	360	130	0	0	120	106	180	74
242	340.0	121.8		111.4		60	166	0	0	600	143	0	0	60	100	300	75
243	260.0	109.4		99.5		120	171	0	0	180	126	0	0	120	123	360	76
244	200.0	107.4		102.2		0	0	0	0	360	124	0	0	120	94	120	71
245	260.0	103.2		92.9		180	147	0	0	120	147	60	87	60	75	360	74
246	280.0	127.3		120.4		120	169	0	0	480	135	0	0	120	106	120	76
247	140.0	116.0		102.7		180	153	0	0	60	134	0	0	0	0	180	73
248	200.0	100.8		95.7		0	0	0	0	240	125	60	92	120	100	180	72
249	260.0	107.4		102.0		120	135	0	0	420	118	0	0	0	0	240	75
250	360.0	110.9		102.0		120	163	0	0	420	135	60	89	240	85	240	74
251	120.0	133.5		122.5		60	169	0	0	240	141	0	0	0	0	60	68
252	340.0	109.9		97.2		240	179	0	0	240	116	60	90	60	81	420	74
253	440.0	108.9		97.0		240	155	0	0	420	139	0	0	60	73	600	73
254	340.0	115.5		105.0		240	176	0	0	360	113	120	103	0	0	300	75
255	400.0	104.6		96.8		60	144	0	0	540	132	0	0	0	0	600	76
256	260.0	120.0		103.3		60	185	0	0	360	156	0	0	60	74	300	73
257	360.0	122.8		113.9		240	151	0	0	480	139	60	108	120	81	180	75
258	320.0	128.4		116.7		300	160	0	0	360	141	60	117	0	0	240	73
259	380.0	116.7		105.3		120	155	0	0	540	143	60	92	60	96	360	72
260	220.0	119.3		106.8		180	182	0	0	120	128	0	0	120	93	240	81
261	520.0	109.2		99.4		420	149	0	0	360	130	180	95	0	0	600	73
262	540.0	121.2		109.1		360	172	0	0	540	139	60	115	300	86	360	74
263	380.0	123.0		112.4		180	172	0	0	600	135	0	0	60	101	300	74
264	400.0	128.3		112.3		360	176	0	0	420	142	0	0	60	73	360	74
265	380.0	123.5		107.9		300	175	0	0	420	138	0	0	60	74	360	72
266	140.0	111.1		103.5		0	0	0	0	120	152	0	0	180	108	120	75
267	320.0	118.9		108.5		180	159	0	0	360	140	60	113	60	98	300	75
268	260.0	108.3		99.7		0	0	0	0	420	136	0	0	0	0	360	76
269	500.0	121.6		114.2		480	142	0	0	420	142	60	108	240	107	300	75
270	500.0	113.4		101.7		240	163	0	0	540	140	60	100	120	74	540	75
271	480.0	134.7		117.7		480	185	0	0	480	142	60	92	120	77	300	74
272	460.0	113.1		100.1		240	170	0	0	420	141	60	94	60	111	600	73
273	280.0	120.1		105.9		180	187	0	0	360	126	0	0	0	0	300	73
274	520.0	112.5		104.2		240	158	0	0	660	128	60	101	120	92	480	75
275	400.0	103.6		94.6		300	146	0	0	240	127	120	89	0	0	540	73
276	420.0	121.4		112.2		300	154	0	0	480	137	0	0	240	100	240	71
277	360.0	125.5		117.4		300	148	0	0	420	142	0	0	180	101	180	74
278	280.0	124.9		115.3		120	175	0	0	360	142	0	0	180	106	180	76
279	280.0	133.9		127.8		180	165	0	0	360	143	0	0	240	112	60	73
280	560.0	103.9		95.6		480	145	0	0	300	117	240	91	120	72	540	73
281	580.0	109.6		98.0		300	161	0	0	540	138	60	97	60	73	780	74
282	340.0	141.8		134.6		360	172	0	0	360	147	60	109	180	101	60	85
283	460.0	102.7		92.6		420	154	0	0	0	0	300	89	120	100	540	71
284	540.0	113.8		104.6		480	153	0	0	480	121	0	0	240	94	420	72
285	580.0	114.4		106.0		480	150	0	0	480	131	180	93	180	89	420	75
286	480.0	127.0		116.3		480	163	0	0	540	133	0	0	240	79	180	77
287	400.0	94.4		87.8		60	161	0	0	360	121	0	0	120	104	660	72
288	380.0	128.7		108.3		480	168	0	0	300	139	0	0	120	51	240	76
289	580.0	114.1		102.2		300	164	0	0	660	137	60	93	60	74	660	74
290	440.0	136.7		130.7		540	162	0	0	540	132	0	0	180	95	60	77
291	360.0	111.4		103.8		120	151	0	0	480	132	0	0	180	91	300	75
292	540.0	105.3		95.7		360	153	0	0	360	127	120	93	60	102	720	73
293	580.0	121.4		110.8		600	155	0	0	540	132	60	88	120	92	420	73
294	420.0	117.2		105.7		240	158	0	0	540	137	0	0	60	85	420	73
295	300.0	126.4		112.9		120	198	0	0	360	148	0	0	180	104	240	75
296	520.0	119.3		106.1		300	166	0	0	480	146	60	116	180	113	540	72
297	420.0	124.7		112.3		240	170	0	0	540	144	60	108	240	79	180	73
298	760.0	118.0		108.3		660	157	0	0	600	135	60	103	780	84	180	71
299	620.0	117.4		105.3		480	161	0	0	660	132	0	0	120	89	600	72
300	420.0	108.1		101.6		180	148	0	0	480	124	120	101	60	100	420	76
301	700.0	120.8		110.7		720	153	0	0	540	136	180	107	60	98	600	75
302	280.0	98.7		91.8		60	158	0	0	240	129	0	0	180	88	360	74
303	560.0	130.9		118.9		660	166	0	0	540	134	60	103	60	81	360	75
304	660.0	117.5		107.9		540	151	0	0	720	132	60	86	180	88	480	73
305	820.0	116.0		107.1		840	146	0	0	720	124	60	103	300	100	540	69
306	640.0	122.0		115.6		540	150	0	0	840	127	60	114	300	89	180	72
307	640.0	122.2		113.1		660	154	0	0	540	133	120	93	240	97	360	74
308	520.0	113.3		104.2		300	161	0	0	660	123	60	112	0	0	540	75
309	660.0	134.3		125.5		840	161	0	0	780	131	0	0	60	99	300	75
310	460.0	129.6		119.6		360	164	0	0	600	142	60	91	300	83	60	71
311	600.0	118.8		107.3		480	162	0	0	540	137	180	90	180	85	420	73
312	420.0	108.9		99.3		360	148	0	0	300	125	120	94	60	81	420	72
313	820.0	112.0		101.1		600	160	0	0	840	124	0	0	120	73	900	74
314	620.0	109.8		100.4		240	154	0	0	720	134	0	0	300	92	600	72
315	480.0	132.5		123.9		300	171	0	0	660	142	0	0	300	109	180	73
316	960.0	112.0		103.2		1140	143	0	0	780	113	120	96	300	72	540	71
317	560.0	131.1		120.8		540	167	0	0	600	140	0	0	420	89	120	72
318	560.0	138.9		132.0		600	173	0	0	780	131	0	0	240	95	60	77
319	780.0	112.8		96.2		660	157	0	0	720	131	120	104	120	44	720	67
320	740.0	132.9		119.9		660	166	0	0	840	148	0	0	420	99	300	65
321	660.0	105.4		94.3		420	149	0	0	720	122	0	0	180	85	660	65
322	980.0	118.7		102.5		960	159	0	0	960	134	0	0	300	74	720	63
323	700.0	123.4		112.6		720	159	0	0	780	127	60	104	180	77	360	71
324	920.0	121.8		115.6		1260	142	60	71	780	123	240	101	240	85	180	69
325	1440.0	106.9		99.8		1980	128	0	0	1020	111	120	109	180	71	1020	68
326	840.0	123.1		113.8		960	150	0	0	900	128	60	117	180	76	420	72
327	1100.0	110.1		100.6		1140	145	0	0	720	122	300	92	540	75	600	70
328	900.0	113.8		101.2		1140	148	0	0	600	118	120	103	120	66	720	66
329	940.0	111.6		100.7		960	145	0	0	780	125	60	111	420	71	600	69
330	960.0	121.6		112.7		1140	150	0	0	1020	122	120	99	60	68	540	72
331	760.0	127.5		122.7		900	145	0	0	960	128	0	0	180	107	240	75
332	1240.0	109.8		100.8		1380	140	0	0	1140	112	180	106	60	70	960	67
333	1060.0	126.1		122.1		1440	140	0	0	1380	123	60	119	60	81	240	73
334	920.0	106.8		97.8		840	140	0	0	720	117	240	111	120	63	840	70
335	940.0	115.7		107.9		1020	141	0	0	960	122	180	100	60	67	600	72
336	1180.0	113.2		106.6		1500	133	0	0	1020	119	180	107	180	76	660	71
337	1220.0	121.0		114.3		1680	141	0	0	1260	120	60	112	180	81	480	70
338	720.0	121.2		114.6		720	145	0	0	840	129	60	91	420	83	120	73
339	880.0	99.8		88.8		1020	135	0	0	360	112	120	103	180	70	960	63
340	1120.0	115.5		106.2		1320	141	0	0	1080	121	120	112	60	92	780	67
341	1160.0	114.3		105.7		1260	137	0	0	1260	125	0	0	120	81	840	69
342	660.0	105.8		100.0		600	125	0	0	780	117	0	0	300	73	300	71
343	1160.0	109.6		104.6		1740	125	0	0	840	114	60	105	180	76	660	73
344	1120.0	111.9		107.5		1380	128	0	0	900	117	300	108	240	92	540	73
345	1180.0	117.6		114.5		1380	132	0	0	1440	118	240	108	240	87	240	73
346	980.0	107.5		103.7		1080	122	60	116	1080	112	120	102	240	74	360	73
347	900.0	117.7		112.9		960	135	0	0	1200	121	60	103	120	88	360	73
348	1260.0	110.2		101.7		1620	135	0	0	1080	113	60	101	240	80	780	65
349	1060.0	115.0		111.6		1260	131	60	119	1320	112	60	116	120	100	360	74
350	1060.0	119.2		115.3		1320	135	0	0	1140	119	240	113	180	88	300	74
351	1440.0	112.4		107.8		2100	128	0	0	1200	112	180	108	360	81	480	70
352	860.0	110.1		105.7		780	130	0	0	1080	116	120	96	360	79	240	73
353	1120.0	111.2		106.7		1260	131	0	0	1140	112	180	112	480	82	300	71
354	1240.0	111.9		103.4		1560	136	0	0	1020	118	120	111	180	69	840	69
355	1020.0	121.3		117.0		1260	138	0	0	1200	122	60	112	360	86	180	73
356	1400.0	108.8		103.8		1800	126	0	0	1320	111	180	107	240	73	660	71
357	960.0	114.6		109.0		1020	133	0	0	1140	122	120	79	240	81	360	73
358	1120.0	112.3		104.5		1200	139	0	0	1140	118	60	111	360	76	600	70
359	1180.0	117.0		111.5		1620	139	0	0	1080	110	180	100	240	91	420	72
360	1220.0	121.6		117.1		1860	138	0	0	1020	119	60	112	600	87	120	68
361	1400.0	116.3		111.1		1800	133	0	0	1500	120	0	0	360	84	540	72
362	980.0	114.7		108.6		1200	132	0	0	1020	122	0	0	240	87	480	70
363	1140.0	114.6		109.6		1380	133	0	0	1020	120	240	100	360	88	420	72
364	1760.0	102.3		98.7		2100	115	180	109	1860	107	0	0	360	71	780	70
365	1060.0	113.2		108.1		1260	133	0	0	1200	114	60	105	360	79	300	70
366	1100.0	117.0		111.3		1680	132	0	0	960	118	120	111	0	0	540	70
367	1140.0	107.4		102.8		1380	124	60	110	1020	112	120	115	300	76	540	72
368	1220.0	105.7		101.8		1620	120	0	0	1080	109	180	101	180	78	600	71
369	1340.0	101.0		97.3		1920	113	60	114	840	106	300	101	360	71	540	69
370	1360.0	106.9		103.3		2100	119	0	0	1080	104	240	109	120	92	540	68
371	1640.0	99.7		98.5		2400	107	120	109	1620	97	240	96	180	77	360	74
372	1040.0	109.7		107.4		1320	122	120	101	1080	109	120	109	420	80	60	76
373	1240.0	103.9		100.1		1740	118	0	0	1140	103	180	99	240	78	420	65
374	1580.0	96.2		91.4		2040	110	120	109	1260	100	300	99	120	58	900	62
375	1360.0	95.6		91.3		1740	109	120	111	1200	98	180	95	60	64	780	62
376	1340.0	90.5		87.2		1620	102	60	112	1140	97	120	94	240	68	840	64
377	1360.0	97.5		95.0		1860	108	0	0	1200	100	120	102	120	76	780	71
378	1080.0	94.9		92.7		1800	104	0	0	780	92	120	98	180	68	360	68
379	1760.0	92.6		90.9		2280	100	60	100	1800	95	240	93	240	73	660	67
380	1680.0	85.0		84.2		2160	89	180	92	1500	87	420	87	120	71	660	67
381	1540.0	83.4		82.5		2100	88	120	86	1320	87	60	90	420	69	600	68
382	1500.0	83.5		82.0		2040	89	60	85	1320	87	300	85	60	65	720	62
383	1640.0	92.4		91.4		1980	99	180	95	1920	93	120	92	660	72	60	75
384	1540.0	89.3		88.6		2220	92	60	96	1620	92	120	87	480	73	120	66
385	1220.0	96.8		95.1		1620	106	0	0	1140	98	240	93	300	78	360	70
386	1400.0	96.7		95.2		2040	105	0	0	1500	95	120	93	240	71	300	71
387	1540.0	92.0		90.4		1980	99	60	107	1680	95	0	0	600	71	300	68
388	1240.0	93.7		91.8		1620	102	60	103	1200	95	300	92	180	64	360	67
389	1400.0	92.5		92.0		1920	97	60	103	1560	92	120	90	480	77	60	78
390	1580.0	93.8		93.2		1980	100	120	101	1920	91	240	97	420	76	60	77
391	1320.0	97.2		95.7		1860	105	120	106	1260	97	60	97	420	75	240	72
392	1480.0	98.8		97.6		2160	106	60	103	1500	97	180	96	360	78	180	70
393	1220.0	96.2		95.3		1680	103	120	97	1200	94	240	93	240	80	180	72
394	1400.0	58.7		58.5		1800	56	0	0	1500	59	120	57	660	64	120	67
395	1040.0	33.2		26.0		720	15	240	13	1200	37	180	34	540	51	240	48
396	1340.0	46.2		45.6		1680	41	0	0	1200	49	240	46	720	55	180	41
397	1280.0	57.3		57.2		1500	56	0	0	1380	60	60	64	720	54	180	58
398	1220.0	48.2		48.2		1320	48	120	43	1260	48	120	45	720	51	120	45
399	980.0	86.6		85.7		1320	94	120	78	840	85	180	86	60	72	420	71
400	1200.0	90.6		88.1		1500	99	0	0	1080	94	300	98	180	70	540	63
401	1400.0	88.0		86.2		1740	96	120	93	1320	90	240	91	480	65	300	65
402	1500.0	77.4		76.8		1860	83	180	80	1620	77	180	74	360	63	300	63
403	940.0	74.1		73.7		1200	78	0	0	960	74	120	79	120	62	420	65
404	1480.0	61.3		60.9		1800	60	120	63	1380	66	240	65	420	62	480	50
405	1120.0	31.8		30.2		1140	26	60	24	1260	41	120	34	420	26	360	25
406	1500.0	36.7		36.2		1800	39	0	0	1380	38	300	41	960	29	60	42
407	1180.0	59.8		59.5		1320	62	120	71	1020	61	300	59	420	53	360	53
408	1480.0	58.9		58.8		1680	59	60	63	1680	61	120	61	780	54	120	55
409	1000.0	34.2		32.8		1140	33	60	20	1020	36	120	17	540	41	120	23
410	900.0	19.6		18.7		720	26	180	23	1020	16	120	19	600	17	60	19
411	1160.0	26.2		25.3		1380	30	120	33	900	26	300	26	240	20	540	18
412	1100.0	27.8		26.7		840	36	240	35	1140	23	120	21	900	26	60	18
413	1420.0	31.5		30.8		1740	37	60	42	1080	26	360	27	900	29	120	29
414	1140.0	31.7		30.4		1260	39	60	38	1020	24	180	24	600	32	300	30
415	1060.0	24.7		22.4		1140	34	120	37	660	17	360	16	720	20	180	22
416	1300.0	26.5		25.3		1620	33	0	0	1140	22	360	26	480	21	300	18
417	1280.0	25.2		24.4		1500	28	0	0	1260	26	240	28	480	18	360	18
418	1280.0	32.3		29.9		1320	41	60	48	1380	32	120	32	660	20	300	20
419	1520.0	32.6		31.9		1680	37	60	34	1500	33	300	33	660	25	360	24
420	1020.0	19.3		19.0		1200	22	0	0	960	18	240	17	360	19	300	15
421	960.0	18.4		17.6		1080	23	180	19	660	17	300	14	360	14	300	14
422	820.0	18.4		17.4		780	22	180	22	840	19	120	17	240	11	300	12
423	1320.0	27.2		25.7		1740	32	0	0	1140	27	240	29	480	18	360	16
424	1320.0	37.4		36.6		1560	42	0	0	1080	38	300	40	660	29	360	29
425	1140.0	25.8		24.7		1260	31	180	38	840	22	480	22	600	20	60	21
426	740.0	13.5		13.1		600	17	180	15	540	11	300	13	360	11	240	14
427	1120.0	22.2		20.6		1260	29	60	28	900	21	240	18	720	14	180	18
428	1160.0	31.3		28.8		1380	42	60	41	900	22	240	22	720	26	180	26
429	1360.0	37.9		36.3		1560	46	60	41	1440	36	120	38	360	26	540	27
430	1040.0	26.3		25.1		1260	31	120	30	660	24	420	28	420	17	240	19
431	900.0	18.9		16.9		1140	24	120	28	660	11	180	13	420	18	180	17
432	1180.0	29.5		28.2		1380	36	0	0	1140	28	180	30	480	20	360	22
433	1260.0	28.8		27.8		1260	35	120	37	1320	26	180	34	660	22	240	23
434	1300.0	29.5		28.6		1380	36	180	33	1080	25	300	23	840	26	120	31
435	1320.0	29.4		29.4		1440	29	180	34	1260	29	120	28	420	30	540	30
436	1000.0	33.3		30.3		1260	44	0	0	900	29	240	23	540	20	60	34
437	1160.0	26.2		24.4		1380	34	120	30	1020	22	240	22	180	20	540	17
438	1120.0	27.0		25.4		1260	35	60	25	1200	24	180	25	480	17	180	21
439	920.0	24.7		18.1		1320	33	60	36	660	19	300	23	300	6	120	9
440	1140.0	33.4		29.9		1440	42	60	38	960	31	300	35	360	17	300	17
441	1280.0	31.1		29.7		1500	37	0	0	1320	31	180	30	540	22	300	19
442	1500.0	39.1		38.1		1680	47	0	0	1080	37	600	35	720	32	420	31
443	1020.0	39.0		36.9		900	49	120	47	960	38	240	43	660	26	180	31
444	1040.0	21.7		15.6		1260	27	60	30	960	23	300	22	420	5	120	10
445	1340.0	33.3		31.9		1500	39	120	40	1200	34	180	34	780	23	240	24
446	1300.0	30.3		29.0		1320	38	120	37	1560	28	0	0	540	23	360	21
447	1100.0	23.3		21.3		1260	31	0	0	1140	21	120	21	660	15	120	12
448	1260.0	20.9		19.8		1080	27	180	27	1020	20	300	20	1080	15	120	19
449	1280.0	23.7		23.6		1440	22	120	21	1320	24	180	23	480	27	300	27
450	1060.0	24.7		23.7		1260	31	0	0	900	19	240	21	480	22	300	23
451	1320.0	25.2		24.3		1380	32	60	28	1080	22	180	18	960	22	300	20
452	1040.0	21.5		19.8		1260	28	60	26	660	14	360	16	540	18	240	23
453	820.0	13.8		12.5		900	16	180	19	720	13	180	14	300	6	180	14
454	1020.0	21.3		19.0		1200	25	60	26	540	21	600	25	360	10	300	12
455	1020.0	28.7		21.2		1200	35	120	37	1020	30	240	30	420	7	60	12
456	1080.0	27.3		20.3		1440	34	0	0	1200	27	120	31	480	7	0	0
457	1080.0	25.7		21.6		1440	33	0	0	840	25	300	25	300	9	360	13
458	900.0	24.7		17.7		1320	31	60	31	540	23	420	22	300	5	60	11
459	960.0	19.7		15.1		1380	25	0	0	960	18	180	17	360	5	0	0
460	440.0	12.4		10.3		360	17	240	15	420	11	60	14	240	5	0	0
461	940.0	24.7		23.9		1080	30	0	0	1020	22	180	24	300	18	240	21
462	1040.0	26.2		24.8		1140	31	0	0	1020	28	180	25	720	17	60	20
463	960.0	24.6		21.7		1080	30	60	31	840	27	180	26	360	11	360	15
464	1000.0	23.1		22.2		1020	29	120	32	1080	20	240	18	360	18	180	20
465	920.0	20.5		20.2		840	22	180	24	720	21	420	21	180	17	420	16
466	980.0	21.5		20.0		960	28	60	32	780	21	300	20	780	14	60	19
467	1280.0	29.7		28.6		1260	36	60	32	1080	30	360	29	900	22	180	22
468	580.0	19.2		17.1		780	24	120	23	540	15	120	16	120	7	60	18
469	1000.0	18.1		16.9		1140	23	60	16	900	18	120	14	720	12	60	11
470	960.0	23.8		22.0		1260	29	0	0	720	25	300	16	540	15	60	16
471	660.0	16.2		14.3		1020	21	0	0	300	12	180	13	300	8	180	13
472	960.0	26.9		23.2		1080	35	0	0	960	26	180	34	420	12	240	15
473	1200.0	40.9		36.2		1320	51	120	50	1440	40	60	44	180	14	480	23
474	1180.0	35.6		33.0		1260	41	60	47	1380	38	120	39	480	20	240	20
475	1080.0	27.9		18.9		1320	33	60	36	1200	28	240	23	120	2	300	18
476	1100.0	23.8		22.3		1320	28	0	0	1080	24	180	27	360	13	360	17
477	1060.0	21.1		20.5		960	23	240	22	1140	23	180	20	420	15	240	15
478	940.0	20.8		20.7		900	21	180	21	1020	22	120	20	300	17	300	20
479	1280.0	30.9		30.8		1440	32	60	37	1140	29	300	30	600	31	300	32
480	1100.0	30.8		30.4		1440	35	0	0	1080	28	360	27	360	26	60	34
481	820.0	16.5		14.0		840	22	120	23	780	12	240	19	240	6	240	17
482	1020.0	24.4		20.9		1320	32	60	32	600	21	540	22	300	9	240	14
483	1140.0	30.6		27.4		1260	38	120	33	1140	31	180	33	420	15	300	17
484	960.0	25.2		19.6		1200	32	120	33	660	25	360	25	300	7	240	11
485	1000.0	23.9		20.1		1320	27	180	27	960	23	360	23	180	5	0	0
486	960.0	26.3		17.9		1080	34	180	35	780	26	480	22	360	5	0	0
487	1180.0	26.3		23.3		1500	29	60	29	780	31	540	29	420	13	240	11
488	1260.0	25.6		18.9		1500	33	120	38	1260	25	240	25	420	6	240	11
489	1140.0	32.0		19.0		1320	44	60	49	1320	31	120	29	420	5	180	10
490	1160.0	28.6		22.5		1500	37	120	39	900	27	300	28	420	9	240	12
491	1060.0	30.3		22.8		1320	39	120	41	900	29	300	30	420	8	120	13
492	1360.0	34.4		27.9		1440	46	180	42	1380	35	180	32	540	13	360	15
493	1160.0	26.6		20.5		1200	36	180	35	840	27	480	26	660	9	120	15
494	1020.0	18.4		17.1		1260	22	60	29	900	18	300	17	300	10	240	11
495	1060.0	23.7		16.6		1260	32	120	29	1140	23	60	23	540	6	60	10
496	920.0	23.9		20.6		1080	33	0	0	1020	22	0	0	600	12	60	12
497	1260.0	29.7		26.8		1320	39	120	38	1560	27	180	28	240	15	360	15
498	1000.0	22.7		18.4		960	28	180	34	840	25	240	27	480	9	300	11
499	1060.0	26.1		21.0		1320	29	120	32	1140	29	120	32	300	7	180	11
500	920.0	22.9		17.8		840	26	300	25	840	25	420	25	240	5	120	10
501	1080.0	29.7		25.1		1140	39	300	37	1260	26	120	29	240	10	180	12
502	1360.0	33.4		28.0		1560	42	180	41	1380	34	180	32	360	12	420	15
503	1180.0	32.8		30.1		1320	41	0	0	1260	33	120	38	420	19	420	19
504	1080.0	30.3		27.6		1320	37	0	0	900	31	480	27	240	14	300	17
505	1200.0	28.3		23.2		1440	31	120	29	1380	31	120	31	180	5	360	18
506	1100.0	25.6		20.8		1200	32	180	29	840	29	360	26	660	10	60	10
507	1080.0	23.4		18.3		1200	32	180	30	780	23	420	20	540	8	120	11
508	1000.0	19.0		16.5		1260	25	0	0	780	18	300	16	420	8	240	14
509	940.0	33.1		32.3		900	38	60	45	900	33	180	35	600	26	180	27
510	1340.0	43.8		42.8		1380	50	180	48	1320	44	180	42	600	34	360	34
511	1280.0	32.7		29.9		1260	42	240	43	1380	30	240	31	240	16	480	20
512	880.0	19.1		15.1		1080	23	180	27	540	18	480	18	300	5	60	14
513	1120.0	27.2		20.5		1380	35	0	0	1140	27	240	29	420	7	180	13
514	1280.0	38.3		34.9		1260	45	300	45	1320	41	180	39	360	22	420	19
515	1220.0	44.4		41.7		1500	52	0	0	1560	44	60	45	240	25	300	24
516	1100.0	27.6		24.0		1320	35	120	39	900	26	300	27	480	13	180	13
517	700.0	17.9		16.0		840	22	120	19	660	18	0	0	300	8	180	14
518	1220.0	43.5		42.2		1320	51	120	41	1200	44	180	37	540	32	300	34
519	1360.0	49.4		48.2		1560	56	120	55	1140	50	300	50	720	37	240	38
520	1020.0	61.3		60.5		1080	69	120	62	840	61	300	59	420	53	300	48
521	1560.0	56.0		55.1		1680	60	180	57	1440	60	300	58	900	43	180	48
522	1380.0	37.1		36.8		1260	38	240	45	1140	39	480	30	660	36	360	34
523	940.0	19.6		19.4		960	21	60	16	1080	20	180	18	0	0	540	17
524	1220.0	25.3		23.4		1140	33	180	26	1200	26	240	20	600	15	300	18
525	1300.0	35.5		33.4		1440	44	0	0	1320	35	180	32	480	21	480	27
526	1520.0	46.8		46.1		1560	51	120	57	1500	47	420	50	540	35	420	40
527	1220.0	51.0		50.8		1140	54	180	50	1080	51	360	53	480	47	420	46
528	1280.0	54.0		53.9		1740	54	0	0	1080	55	360	50	480	53	180	58
529	840.0	19.0		18.8		780	19	60	16	780	18	180	19	420	17	300	25
530	840.0	36.1		35.9		720	38	60	42	720	37	180	31	540	33	300	37
531	840.0	53.6		52.9		720	59	60	68	720	57	120	48	600	45	300	49
532	1400.0	67.8		67.2		1440	70	60	69	1560	71	240	70	480	63	420	52
533	1300.0	70.5		68.4		1380	79	0	0	1080	74	540	73	540	47	360	59
534	1500.0	64.6		63.8		1620	68	60	65	1560	68	300	68	600	53	360	51
535	1120.0	49.2		48.7		1260	53	180	50	1020	48	240	55	300	38	360	44
536	920.0	29.6		29.0		780	35	60	22	780	26	420	28	300	24	420	33
537	420.0	13.5		12.6		600	17	60	13	600	10	0	0	0	0	0	0
538	180.0	8.4		7.2		180	10	120	13	120	5	0	0	120	5	0	0
539	280.0	7.3		6.2		300	5	0	0	240	11	60	13	240	5	0	0
540	340.0	6.2		5.7		540	6	60	16	300	5	0	0	120	5	0	0
541	640.0	13.1		11.8		540	8	120	13	600	12	60	15	420	19	180	18
542	1140.0	30.5		29.8		1200	36	120	41	780	27	540	27	480	26	300	27
543	1100.0	33.3		33.0		1380	37	120	32	780	30	420	32	240	31	360	30
544	640.0	17.3		17.1		900	18	60	17	540	16	60	26	360	16	0	0
545	700.0	11.5		11.0		540	9	120	12	660	14	60	12	480	9	240	15
546	1000.0	30.2		29.6		900	30	60	27	1140	32	180	42	660	25	60	22
547	1160.0	51.6		50.5		1380	58	60	53	1140	53	60	49	360	40	480	39
548	1420.0	59.9		59.5		1680	62	120	69	1380	61	240	65	360	51	480	51
549	1220.0	66.9		65.4		1380	75	60	70	1380	67	240	65	240	50	360	47
550	1320.0	68.0		67.0		1680	76	60	71	1020	66	360	66	420	56	420	54
551	740.0	67.8		66.7		720	74	0	0	780	71	180	70	360	55	180	52
552	1200.0	72.1		71.5		1260	76	60	78	1560	74	120	69	300	61	300	57
553	960.0	53.2		52.1		1080	62	0	0	1140	50	60	51	300	41	300	46
554	660.0	28.0		26.0		1020	30	60	13	180	14	240	31	420	31	60	17
555	260.0	5.7		5.5		60	5	0	0	360	5	60	9	300	6	0	0
556	580.0	12.7		11.9		300	8	240	10	600	15	0	0	420	12	180	18
557	1200.0	40.8		40.0		1260	43	120	46	1140	44	300	41	420	34	360	29
558	1060.0	53.2		52.4		1080	57	120	59	1140	55	240	55	300	43	300	39
559	1360.0	62.6		61.9		1620	65	120	69	1320	66	300	62	360	52	360	48
560	1340.0	60.4		59.4		1560	67	180	67	1080	60	480	59	300	48	420	45
561	1020.0	53.6		52.6		1260	54	0	0	960	60	240	56	300	44	300	39
562	540.0	24.9		22.9		300	16	120	26	540	34	120	28	60	18	480	20
563	940.0	17.4		16.6		1020	21	0	0	720	12	240	20	480	17	360	17
564	1140.0	37.9		37.5		1320	42	180	41	780	36	300	37	540	34	300	31
565	1280.0	39.7		39.4		1260	36	0	0	1020	40	480	40	660	42	420	46
566	1420.0	35.3		35.0		1500	33	120	22	960	37	540	37	780	37	360	39
567	1100.0	34.1		33.8		1140	36	120	26	1020	35	300	28	360	34	360	33
568	440.0	8.5		8.0		540	8	60	21	480	8	60	12	180	6	0	0
569	540.0	16.0		13.9		900	20	60	17	420	10	60	16	60	5	120	12
570	260.0	9.2		8.6		240	11	0	0	300	7	60	14	120	7	60	13
571	480.0	16.0		15.2		480	17	60	11	420	12	120	14	120	20	240	21
572	1080.0	24.2		23.8		1200	28	0	0	840	23	300	24	600	20	300	21
573	940.0	29.2		28.9		960	29	120	29	720	33	300	31	360	25	360	25
574	800.0	28.9		28.0		960	31	0	0	660	33	120	18	360	24	300	23
575	620.0	11.1		9.5		720	16	0	0	540	9	60	13	480	6	60	10
576	360.0	8.1		7.9		540	8	0	0	60	5	60	9	360	8	60	11
577	860.0	26.8		24.9		960	34	60	13	720	24	300	30	360	18	180	17
578	1080.0	45.3		44.2		1140	50	0	0	960	48	240	51	600	36	300	33
579	1280.0	49.9		49.4		1260	52	300	50	1440	53	60	50	540	41	240	40
580	1080.0	50.8		49.5		1260	57	60	48	1200	52	60	48	480	38	180	35
581	1060.0	36.9		36.5		840	41	360	39	1020	38	240	31	300	32	420	31
582	1120.0	37.1		37.0		1080	38	240	38	960	38	180	38	480	35	420	34
583	1040.0	39.9		39.0		1140	45	60	46	840	40	480	40	120	31	480	29
584	1060.0	42.8		42.3		1320	47	120	49	1020	39	360	39	240	43	120	33
585	1060.0	41.0		40.4		1080	46	60	45	1140	41	120	43	420	33	360	34
586	1180.0	34.9		34.8		1380	33	60	26	960	35	360	39	300	39	480	36
587	540.0	16.0		14.8		480	12	120	10	240	15	120	28	420	20	240	15
588	300.0	12.0		10.1		480	14	60	18	180	5	60	11	60	13	60	11
589	100.0	5.6		5.6		180	6	0	0	60	5	0	0	60	5	0	0
590	420.0	5.3		5.3		420	6	0	0	480	5	0	0	360	5	0	0
591	560.0	5.6		5.5		720	6	0	0	420	5	0	0	480	5	60	10
592	720.0	23.1		22.3		960	27	0	0	840	21	60	10	60	21	240	19
593	920.0	44.2		42.5		1020	51	0	0	900	44	180	52	360	29	300	35
594	1060.0	50.7		49.4		1140	57	60	53	960	53	180	54	540	39	300	38
595	980.0	47.3		47.2		1260	47	120	55	600	49	420	48	300	44	240	44
596	1100.0	51.4		50.8		1260	57	60	51	1020	50	300	52	300	42	360	43
597	1240.0	59.3		58.0		1260	68	120	64	1020	58	420	63	360	45	540	47
598	820.0	41.5		41.5		780	40	120	43	1020	42	0	0	240	42	300	43
599	960.0	30.5		28.9		1020	22	0	0	660	32	480	34	300	37	420	40
600	800.0	48.8		48.7		780	48	60	46	840	51	120	50	240	46	360	47
601	820.0	34.2		32.6		900	39	120	30	480	36	360	39	420	25	180	20
602	220.0	11.5		11.2		240	11	0	0	240	10	180	14	0	0	0	0
603	40.0	5.0		5.0		60	5	0	0	60	5	0	0	0	0	0	0
604	360.0	5.5		5.5		540	6	0	0	480	5	0	0	60	5	0	0
605	440.0	6.4		5.2		480	4	0	0	360	5	120	17	180	5	180	10
606	660.0	12.3		9.9		780	19	0	0	720	7	60	17	240	7	180	10
607	780.0	32.2		31.8		1020	35	0	0	900	31	60	38	120	29	240	25
608	1140.0	53.2		52.2		1440	57	60	57	1140	55	240	55	120	36	420	39
609	1240.0	61.7		60.2		1500	69	0	0	1140	63	300	63	180	46	600	45
610	880.0	69.4		67.2		1080	77	0	0	720	74	180	76	240	49	420	51
611	1140.0	52.1		51.7		1320	52	0	0	1200	56	120	57	540	45	240	46
612	1240.0	56.4		56.4		1320	56	180	60	1080	57	240	60	600	56	300	52
613	1100.0	70.7		69.7		1200	80	120	82	1140	67	240	67	180	57	420	59
614	1180.0	77.5		76.6		1560	81	0	0	1200	82	60	74	360	65	360	60
615	980.0	83.1		80.9		1080	92	180	95	840	86	180	87	300	59	360	62
616	1160.0	84.4		82.9		1440	93	60	99	1020	85	180	84	360	66	420	67
617	1080.0	85.8		84.4		1260	94	180	96	1020	86	120	85	240	73	420	64
618	1220.0	68.4		67.4		1620	75	60	37	1140	65	420	64	60	48	360	63
619	880.0	38.2		37.9		840	33	60	39	780	40	300	39	360	42	300	43
620	1140.0	79.6		79.1		1500	83	0	0	1140	81	240	84	120	64	420	66
621	1060.0	102.6		100.8		1380	111	120	104	1020	104	180	103	240	77	240	73
622	820.0	94.8		92.4		1140	107	60	101	720	92	60	93	180	74	300	67
623	1200.0	98.0		96.6		1440	107	60	97	1380	99	120	94	360	76	240	74
624	780.0	101.4		98.3		960	114	120	109	600	104	180	102	120	71	360	71
625	920.0	92.5		89.4		1080	104	0	0	780	96	240	97	420	75	240	56
626	1080.0	61.9		59.8		1380	65	0	0	1200	68	60	70	240	46	360	39
627	780.0	46.5		34.7		1080	55	120	57	600	49	120	53	240	10	180	25
628	460.0	17.9		13.4		420	9	60	26	540	26	120	25	60	5	180	11
629	200.0	9.1		6.4		420	5	0	0	120	19	60	18	0	0	0	0
630	240.0	5.0		5.0		240	5	0	0	300	5	0	0	180	5	0	0
631	780.0	21.3		19.0		1020	24	60	23	720	22	120	27	240	8	180	17
632	1100.0	43.7		41.3		1440	54	60	48	960	38	180	43	300	31	360	28
633	1140.0	59.6		59.1		1320	64	120	64	840	60	480	60	180	50	480	49
634	1200.0	65.9		65.4		1440	66	60	74	1440	69	60	77	240	59	360	54
635	1340.0	71.3		69.3		1560	79	60	84	1500	71	240	80	300	47	360	51
636	1020.0	76.3		73.7		1320	87	0	0	720	75	300	84	420	55	300	54
637	1100.0	53.8		52.8		1200	58	120	51	1080	55	300	61	240	42	360	39
638	960.0	30.0		29.0		1020	23	0	0	900	33	360	32	180	37	420	36
639	720.0	39.7		39.2		720	35	0	0	600	38	120	48	420	44	300	45
640	1160.0	49.9		49.7		1200	53	240	51	1140	50	180	46	420	46	300	44
641	1620.0	64.6		63.7		1980	70	60	56	1500	67	360	57	480	58	480	48
642	1060.0	84.0		82.7		1200	91	60	77	1080	87	240	83	300	67	300	64
643	860.0	99.3		96.3		960	113	60	109	780	103	180	96	240	73	360	72
644	1000.0	103.8		100.6		1320	118	0	0	1080	103	60	97	180	73	360	71
645	1040.0	102.7		99.3		1260	116	60	117	1020	104	240	98	120	71	420	69
646	1220.0	95.1		93.4		1500	105	0	0	1200	95	300	98	180	73	480	71
647	1260.0	100.4		97.9		1680	111	0	0	1200	103	120	100	300	78	480	71
648	1360.0	97.1		95.6		1860	104	0	0	1140	99	360	102	420	74	300	74
649	1540.0	98.0		95.5		2220	106	0	0	1440	100	240	101	180	57	540	72
650	1060.0	102.2		99.3		1260	115	60	117	780	107	360	98	300	80	420	72
651	1400.0	91.0		89.6		1740	100	120	109	1440	88	240	92	300	73	360	68
652	1160.0	94.7		91.2		1620	106	0	0	840	98	360	94	660	63	0	0
653	1080.0	96.9		94.5		1320	108	60	109	960	101	120	93	300	76	480	71
654	1600.0	94.5		93.1		2340	101	0	0	1380	96	240	101	300	74	540	71
655	1420.0	97.6		91.9		1920	110	0	0	1320	101	300	99	420	50	300	68
656	1240.0	99.5		96.9		1800	112	60	101	960	96	180	101	480	72	240	73
657	1400.0	94.1		92.4		1800	103	60	103	1500	95	60	99	360	72	420	70
658	1060.0	95.4		93.6		1500	103	0	0	840	96	360	97	120	76	360	67
659	1200.0	106.4		102.7		1200	123	0	0	1680	108	60	103	360	74	300	70
660	900.0	102.5		98.3		1260	119	60	117	420	97	480	97	60	73	420	67
661	1340.0	99.5		96.1		1620	113	0	0	1440	103	60	102	360	72	540	68
662	1320.0	98.8		96.1		1800	111	0	0	1260	97	180	106	540	70	180	69
663	1100.0	98.2		95.1		1380	113	0	0	900	101	180	91	540	72	300	73
664	1200.0	96.0		93.5		1680	108	60	109	960	95	180	86	360	70	360	71
665	1360.0	97.2		95.0		1620	108	180	110	960	97	540	98	180	74	600	71
666	1060.0	100.6		97.5		1080	117	120	109	1320	100	120	92	240	70	300	69
667	1280.0	98.8		96.5		1680	108	0	0	1200	100	360	100	240	72	360	68
668	1160.0	96.6		92.6		1440	114	0	0	1140	96	60	96	300	65	540	69
669	1300.0	99.4		96.4		1920	109	60	108	1020	102	180	105	360	69	360	67
670	1300.0	94.6		92.6		1680	103	0	0	1080	98	360	98	120	66	660	71
671	1380.0	100.7		98.2		2040	110	0	0	1200	101	300	101	120	67	480	69
672	1240.0	100.2		98.2		1620	109	0	0	1260	104	60	103	420	77	360	74
673	1320.0	101.3		98.6		1440	115	0	0	1560	104	60	102	300	78	600	73
674	1020.0	92.5		90.3		1200	103	0	0	960	97	180	87	540	69	180	74
675	1200.0	103.6		101.5		1740	114	0	0	1080	102	240	99	360	77	180	72
676	1460.0	99.2		96.4		1740	111	120	113	1440	101	300	95	240	67	540	70
677	1200.0	94.4		91.4		1440	108	0	0	1140	97	180	92	240	68	600	68
678	1400.0	89.0		87.5		2100	95	0	0	1080	92	180	91	240	81	600	65
679	1480.0	95.1		93.8		1980	103	60	85	1440	96	300	92	300	72	360	72
680	920.0	101.1		96.3		960	121	0	0	900	106	120	103	240	77	540	68
681	1080.0	97.1		93.4		1080	114	120	109	960	101	240	98	420	69	420	69
682	1480.0	95.3		92.8		1620	107	60	113	1260	100	420	96	540	72	540	70
683	1160.0	101.5		99.8		1500	112	60	116	1200	100	120	97	360	77	240	79
684	1580.0	98.9		94.5		2040	115	0	0	1260	100	360	100	300	59	780	70
685	1200.0	96.9		93.3		1440	108	0	0	1140	105	180	94	480	64	360	72
686	1020.0	91.9		90.5		1320	101	0	0	960	93	120	88	180	78	480	71
687	1460.0	92.4		89.2		1500	107	180	104	1560	95	60	83	480	62	600	71
688	1260.0	97.3		94.6		1680	107	0	0	1260	102	60	97	540	69	240	69
689	1260.0	94.8		92.3		1320	109	120	108	1320	95	180	93	300	74	540	69
690	1000.0	91.9		89.2		1080	105	60	116	960	92	300	92	180	67	420	65
691	1100.0	104.1		99.4		1380	121	0	0	960	109	180	96	120	71	660	70
692	1360.0	95.5		88.5		1560	113	60	113	1200	101	300	96	360	46	600	67
693	1240.0	103.0		99.7		1500	117	0	0	1200	106	240	100	420	72	360	73
694	1180.0	109.2		102.5		1320	130	0	0	1200	116	120	110	540	70	360	69
695	1300.0	103.0		98.3		1440	125	120	114	1260	100	180	102	240	76	660	69
696	1080.0	95.2		91.7		1080	112	0	0	960	101	180	102	720	72	300	68
697	1040.0	106.1		102.9		960	125	0	0	1260	107	300	103	240	81	360	72
698	920.0	103.3		99.5		900	119	60	105	840	109	300	108	120	70	540	73
699	900.0	115.5		111.2		780	137	0	0	1200	119	180	103	360	86	180	70
700	640.0	113.9		110.4		360	138	0	0	1140	118	0	0	420	82	0	0
701	880.0	112.8		108.4		840	132	0	0	1200	114	120	113	240	85	240	67
702	760.0	105.8		100.5		420	134	0	0	900	117	240	107	360	78	360	72
703	1060.0	107.5		103.5		1080	126	0	0	1320	110	60	109	360	77	360	73
704	880.0	108.5		102.9		960	130	0	0	1080	109	60	109	240	68	300	70
705	920.0	107.6		101.9		660	135	0	0	1200	115	120	98	420	79	360	69
706	1260.0	121.1		114.6		1320	143	0	0	1620	125	60	117	240	83	540	73
707	960.0	136.6		126.9		1440	163	0	0	720	136	0	0	420	88	300	79
708	840.0	136.6		129.5		1140	159	0	0	840	137	60	116	360	89	120	75
709	520.0	128.9		122.2		540	154	0	0	720	129	60	111	180	78	60	72
710	740.0	115.7		104.6		540	163	0	0	780	128	60	101	120	80	720	74
711	920.0	120.2		110.4		1080	148	0	0	1020	123	0	0	300	68	360	72
712	720.0	136.7		125.9		660	176	0	0	900	141	60	115	300	92	240	74
713	1180.0	122.4		116.1		1740	141	0	0	1260	118	60	90	180	68	300	72
714	820.0	125.8		117.5		720	161	0	0	1020	129	120	116	240	88	360	75
715	1000.0	126.2		117.0		1320	152	0	0	840	130	60	114	360	89	420	71
716	1000.0	138.5		133.3		1080	162	0	0	1260	140	60	108	540	98	60	77
717	840.0	121.2		113.7		780	143	0	0	1140	130	60	92	240	77	300	72
718	680.0	112.6		106.0		540	134	0	0	840	126	0	0	180	91	480	73
719	1100.0	113.6		105.3		1320	135	0	0	960	126	60	113	540	73	420	70
720	700.0	120.2		112.0		540	154	0	0	780	133	60	106	540	86	180	71
721	580.0	122.0		115.3		420	151	0	0	840	130	0	0	240	89	240	76
722	840.0	128.6		124.6		720	152	0	0	1320	129	60	116	360	91	60	77
723	900.0	116.8		110.9		780	150	0	0	960	120	180	97	600	87	180	75
724	700.0	128.0		124.8		420	153	0	0	1080	134	0	0	540	100	60	97
725	920.0	105.2		96.4		780	139	0	0	1020	114	0	0	240	69	720	68
726	1100.0	115.9		110.1		1380	134	0	0	960	122	240	110	300	79	420	72
727	560.0	107.9		100.0		360	143	0	0	600	123	120	102	300	76	300	70
728	700.0	109.8		103.4		660	137	0	0	660	116	180	106	120	83	480	72
729	840.0	117.9		110.9		780	144	0	0	1080	124	0	0	300	82	360	73
730	720.0	120.4		114.2		660	147	0	0	900	126	0	0	420	85	180	77
731	1240.0	111.7		106.1		1380	131	0	0	1080	123	120	94	540	88	600	72
732	1280.0	107.9		99.8		1440	127	120	116	1200	116	240	107	180	72	660	60
733	1140.0	124.2		117.3		1080	149	0	0	1620	128	0	0	240	87	480	74
734	620.0	126.0		115.9		660	153	0	0	720	133	0	0	300	89	180	61
735	1100.0	123.2		116.9		1140	147	0	0	1320	128	0	0	420	92	420	75
736	980.0	121.2		109.5		1140	156	0	0	900	124	60	112	240	66	600	74
737	1140.0	120.3		111.3		1440	148	0	0	960	125	240	81	360	81	420	71
738	440.0	115.4		106.4		240	165	0	0	480	132	0	0	360	85	240	78
739	980.0	130.4		116.3		960	173	0	0	1140	136	0	0	360	77	480	72
740	600.0	126.0		116.2		540	163	0	0	660	135	0	0	360	88	240	75
741	640.0	124.5		117.0		480	167	0	0	660	131	180	112	480	89	120	80
742	580.0	119.1		107.7		420	160	0	0	540	141	0	0	300	96	480	73
743	720.0	120.6		112.0		780	148	0	0	780	127	0	0	120	87	480	74
744	700.0	126.6		115.3		540	168	0	0	840	138	60	88	240	97	420	73
745	920.0	132.3		124.6		840	162	0	0	1200	139	0	0	480	90	240	80
746	740.0	131.0		122.6		600	165	0	0	1080	136	0	0	360	88	180	74
747	700.0	129.6		115.8		780	171	0	0	600	135	120	107	240	78	360	73
748	800.0	148.4		143.0		720	179	0	0	1080	151	0	0	600	107	0	0
749	980.0	122.5		113.2		1080	153	0	0	960	128	120	96	300	88	480	71
750	860.0	139.0		130.0		1080	166	0	0	1020	137	60	110	180	82	240	76
751	960.0	123.9		117.0		960	150	0	0	1200	127	60	118	360	88	300	72
752	880.0	126.0		118.1		1020	151	0	0	1020	129	60	93	180	74	360	78
753	720.0	136.5		127.0		600	163	0	0	1080	146	0	0	240	91	240	73
754	1080.0	124.2		116.4		1140	151	0	0	1080	131	120	111	540	94	360	69
755	880.0	138.7		132.8		1380	155	0	0	780	139	60	89	300	100	120	71
756	1100.0	132.1		123.2		1560	155	0	0	1080	132	60	106	240	79	360	73
757	840.0	120.8		113.3		720	144	0	0	1140	130	60	117	120	87	480	73
758	840.0	128.8		118.0		780	169	0	0	900	136	60	101	360	90	420	76
759	860.0	119.8		110.8		1020	149	0	0	600	127	180	108	240	94	540	72
760	960.0	131.2		120.2		1080	165	0	0	1140	131	60	99	240	74	360	74
761	800.0	127.4		117.6		900	161	0	0	840	128	60	105	420	81	180	72
762	680.0	150.1		140.3		780	186	0	0	720	150	0	0	480	101	60	76
763	840.0	123.5		112.2		900	158	0	0	840	129	60	119	300	82	420	69
764	840.0	145.5		142.1		1140	165	0	0	1020	138	0	0	360	105	0	0
765	840.0	116.5		102.3		840	164	0	0	420	135	240	107	180	72	840	72
766	720.0	128.8		117.7		720	164	0	0	840	135	0	0	300	84	300	72
767	960.0	125.1		115.7		960	157	0	0	1140	130	60	107	300	78	420	75
768	1120.0	129.6		120.5		1740	154	0	0	780	127	180	97	240	85	420	73
769	840.0	124.3		115.2		660	160	0	0	1020	135	0	0	660	87	180	69
770	620.0	114.1		101.0		600	157	0	0	540	125	0	0	180	77	540	68
771	980.0	119.6		108.5		1140	155	0	0	840	122	60	109	60	76	840	73
772	960.0	134.5		127.2		1020	165	0	0	1200	134	60	111	420	88	180	82
773	1000.0	128.1		117.5		1260	155	0	0	960	133	120	112	180	71	480	73
774	760.0	125.4		117.8		720	152	0	0	780	137	120	99	420	97	240	71
775	840.0	122.2		109.0		780	162	0	0	780	138	60	116	300	79	600	72
776	1000.0	125.9		114.8		1320	153	0	0	780	136	60	107	300	83	540	71
777	1060.0	130.5		119.6		1080	165	0	0	1440	131	0	0	60	72	600	73
778	740.0	133.4		122.3		720	174	0	0	960	132	60	110	240	84	240	72
779	860.0	130.8		124.1		660	166	0	0	1080	136	0	0	720	101	120	69
780	700.0	120.1		112.5		360	163	0	0	900	130	120	100	360	106	360	73
781	900.0	133.4		124.0		1020	168	0	0	1080	129	0	0	360	89	240	73
782	880.0	120.0		111.4		660	149	0	0	1260	130	60	100	180	75	480	73
783	600.0	135.9		126.4		600	177	0	0	720	131	60	109	240	100	180	75
784	780.0	134.4		126.1		960	159	0	0	900	136	120	91	180	84	180	74
785	880.0	132.0		123.4		900	167	0	0	900	134	0	0	600	100	240	73
786	660.0	132.9		122.7		720	164	0	0	660	142	120	102	240	87	240	76
787	680.0	144.4		135.5		600	188	0	0	900	144	0	0	480	99	60	78
788	720.0	120.6		110.0		660	160	0	0	660	130	180	98	120	100	540	73
789	640.0	129.5		120.8		540	164	0	0	900	134	0	0	300	87	180	74
790	840.0	127.5		121.6		780	159	0	0	1080	126	60	119	420	96	180	76
791	780.0	125.2		117.4		660	157	60	110	960	133	60	87	480	86	120	71
792	660.0	148.7		142.4		720	179	0	0	900	144	0	0	300	103	60	83
793	920.0	121.7		112.4		900	157	0	0	1020	126	0	0	240	88	600	75
794	740.0	118.4		108.0		660	160	0	0	660	129	60	95	420	84	420	74
795	1000.0	128.6		121.3		1080	156	0	0	1140	132	0	0	600	90	180	72
796	560.0	128.5		117.5		300	184	0	0	840	138	0	0	300	91	240	73
797	400.0	118.0		113.0		120	156	0	0	600	131	60	112	300	95	120	76
798	720.0	135.1		124.1		660	170	0	0	960	142	0	0	420	82	120	73
799	700.0	131.9		122.6		780	162	0	0	840	133	60	105	180	81	240	75
800	760.0	127.2		116.6		1080	152	0	0	540	135	180	103	300	74	180	68
801	540.0	134.3		120.2		480	188	0	0	660	135	0	0	180	86	300	76
802	980.0	135.8		125.9		900	167	0	0	1320	143	0	0	300	96	420	75
803	600.0	139.3		126.0		480	185	0	0	840	146	60	109	240	82	180	73
804	780.0	128.9		123.1		600	154	0	0	1020	138	60	106	360	107	300	79
805	580.0	131.0		119.0		540	169	0	0	660	140	60	91	120	101	360	74
806	560.0	137.6		129.1		480	174	0	0	600	145	0	0	420	112	180	76
807	1020.0	133.5		122.5		1200	169	0	0	1020	134	60	100	480	84	300	76
808	680.0	120.3		109.0		600	170	0	0	600	125	60	100	360	86	420	75
809	860.0	137.0		125.8		1080	173	0	0	840	132	60	107	360	87	240	75
810	680.0	128.7		121.9		420	157	0	0	1140	137	0	0	300	89	180	76
811	560.0	134.2		124.2		540	159	0	0	660	148	120	106	180	93	180	69
812	720.0	120.5		109.4		420	164	0	0	900	137	180	106	120	85	540	72
813	900.0	146.3		137.0		1140	177	0	0	1080	140	0	0	300	95	180	75
814	620.0	143.0		133.8		480	179	0	0	900	151	0	0	420	95	60	72
815	780.0	141.3		129.2		900	176	0	0	840	144	180	104	180	84	240	73
816	740.0	129.6		119.0		780	166	0	0	840	130	60	108	180	93	360	72
817	500.0	144.0		135.5		240	180	0	0	900	155	60	111	240	91	60	80
818	520.0	128.1		121.9		240	166	0	0	840	137	0	0	300	103	180	78
819	920.0	123.2		113.1		1020	157	0	0	780	131	180	95	240	84	540	75
820	820.0	135.2		123.9		900	169	0	0	960	138	60	102	300	81	240	73
821	860.0	124.4		116.2		720	159	0	0	1020	132	120	111	480	84	240	76
822	640.0	137.9		128.5		660	173	0	0	780	139	0	0	360	92	120	75
823	760.0	126.5		114.7		720	172	0	0	840	127	60	94	240	92	420	72
824	620.0	128.3		117.7		480	170	0	0	780	137	0	0	300	93	300	74
825	500.0	121.4		111.3		300	165	0	0	600	138	0	0	420	88	180	71
826	380.0	142.9		136.5		180	189	0	0	720	147	0	0	180	97	60	93
827	840.0	116.0		99.4		600	181	0	0	600	141	60	115	300	80	960	71
828	840.0	137.7		124.3		840	176	0	0	1080	142	0	0	180	87	420	72
829	480.0	136.8		125.4		240	185	0	0	840	147	0	0	240	83	120	76
830	580.0	114.3		101.8		300	175	0	0	660	133	0	0	480	79	300	69
831	540.0	135.7		123.2		600	169	0	0	600	142	0	0	120	95	300	73
832	900.0	125.9		116.1		1020	152	0	0	1020	129	180	102	60	42	420	77
833	660.0	128.5		121.4		480	174	0	0	840	130	0	0	600	95	60	78
834	900.0	125.6		117.1		840	157	0	0	1200	129	60	116	0	0	600	76
835	920.0	117.9		107.9		660	156	0	0	1140	130	60	117	300	78	600	73
836	520.0	128.9		115.4		360	186	0	0	540	143	0	0	480	93	180	68
837	860.0	116.3		107.5		840	145	0	0	780	131	120	91	240	92	600	72
838	620.0	112.0		100.8		420	155	0	0	600	133	60	102	180	78	600	72
839	680.0	140.4		128.1		780	180	0	0	780	136	0	0	240	92	240	74
840	820.0	124.3		116.4		600	158	0	0	1140	133	0	0	240	89	480	79
841	660.0	126.2		115.5		480	162	0	0	960	137	0	0	180	74	360	76
842	1020.0	143.2		135.9		1200	172	0	0	1260	140	0	0	540	95	60	70
843	880.0	127.3		118.3		1020	155	0	0	900	131	120	114	120	90	480	74
844	660.0	127.5		118.7		420	172	0	0	960	135	0	0	540	85	60	77
845	700.0	122.2		111.0		480	165	0	0	780	139	60	102	180	99	600	75
846	540.0	126.6		114.9		480	169	0	0	600	134	60	109	120	77	360	77
847	560.0	130.1		119.9		660	168	0	0	420	132	0	0	600	87	0	0
848	740.0	133.5		120.7		660	175	0	0	960	139	60	117	120	75	420	75
849	860.0	135.9		128.2		780	168	0	0	1320	136	0	0	240	90	240	77
850	920.0	132.9		122.0		780	170	0	0	1260	140	60	98	240	85	420	75
851	620.0	125.0		114.2		600	164	0	0	480	137	120	100	300	100	360	73
852	780.0	125.0		119.4		900	141	0	0	960	131	60	98	60	110	360	76
853	420.0	127.3		119.1		360	170	0	0	420	131	0	0	420	95	60	72
854	700.0	146.9		137.8		780	182	0	0	780	146	60	118	360	99	120	82
855	940.0	126.2		114.5		840	169	0	0	1140	131	0	0	360	82	480	73
856	580.0	144.9		136.9		480	175	0	0	900	150	0	0	240	99	120	78
857	740.0	123.0		109.6		720	168	0	0	600	134	60	101	300	91	540	71
858	820.0	127.5		113.8		900	168	0	0	780	131	0	0	120	106	660	72
859	880.0	129.2		119.7		1140	153	0	0	900	134	60	98	240	77	300	72
860	700.0	135.5		127.8		600	170	0	0	1140	134	0	0	240	88	120	72
861	540.0	116.8		107.3		240	157	0	0	660	139	60	117	300	87	360	74
862	800.0	124.3		115.3		660	159	0	0	1080	130	60	114	180	81	420	75
863	1000.0	127.4		119.8		1200	150	0	0	1080	131	120	115	180	90	420	73
864	900.0	121.4		112.9		900	147	0	0	1020	131	120	105	180	82	480	72
865	640.0	143.2		137.5		720	175	0	0	780	136	0	0	420	102	0	0
866	740.0	134.5		123.7		840	164	0	0	900	138	0	0	180	82	300	73
867	720.0	123.4		111.4		660	167	0	0	780	130	0	0	120	78	600	76
868	800.0	122.3		113.5		660	165	0	0	840	125	180	117	420	86	300	75
869	640.0	130.0		118.9		780	160	0	0	600	134	120	115	0	0	420	73
870	720.0	118.2		110.3		480	159	0	0	900	127	120	97	420	84	240	74
871	600.0	127.6		118.0		600	163	0	0	720	129	60	85	180	92	240	72
872	520.0	155.8		146.2		720	180	0	0	600	154	0	0	120	99	120	77
873	1040.0	127.0		117.4		1260	156	0	0	1020	131	60	91	300	84	480	74
874	720.0	140.0		128.6		660	175	0	0	840	150	0	0	420	105	240	70
875	740.0	123.3		115.4		780	154	0	0	840	124	0	0	240	95	360	74
876	640.0	131.8		122.0		600	171	0	0	960	128	0	0	60	83	300	75
877	800.0	132.3		123.3		840	163	0	0	900	138	60	89	420	91	180	72
878	1040.0	120.7		110.0		1260	148	0	0	960	129	180	90	240	61	480	74
879	740.0	128.1		116.3		660	174	0	0	840	132	60	114	300	78	360	79
880	540.0	135.5		128.1		360	177	0	0	720	143	0	0	420	103	120	80
881	500.0	129.1		119.6		240	172	0	0	720	146	0	0	420	91	120	75
882	580.0	128.2		117.9		420	170	0	0	780	137	0	0	180	97	360	76
883	920.0	124.4		115.5		840	151	0	0	1320	131	0	0	180	72	420	73
884	1020.0	121.3		113.6		1020	152	0	0	1260	123	0	0	420	82	360	74
885	520.0	125.6		117.8		420	162	0	0	720	129	0	0	240	88	180	77
886	760.0	141.7		128.4		540	181	0	0	1020	159	0	0	300	101	420	78
887	680.0	133.2		119.6		600	175	0	0	780	143	0	0	240	106	420	71
888	820.0	119.7		108.6		840	156	0	0	720	129	120	107	120	79	660	73
889	680.0	133.6		125.5		600	164	0	0	840	143	60	94	360	96	180	77
890	940.0	131.6		123.8		960	166	0	0	1140	128	120	114	360	97	240	72
891	700.0	130.1		119.4		840	166	0	0	600	130	60	92	180	100	420	77
892	800.0	118.8		110.9		420	149	0	0	1140	136	0	0	660	82	180	75
893	780.0	124.1		115.2		660	154	0	0	960	135	0	0	300	95	420	73
894	520.0	129.4		118.0		240	168	0	0	900	144	0	0	120	84	300	73
895	720.0	134.1		120.1		720	177	0	0	720	142	60	87	300	97	360	71
896	700.0	118.5		110.8		540	149	0	0	780	133	120	96	240	85	420	78
897	860.0	133.2		123.2		1080	161	0	0	960	133	60	99	60	91	420	73
898	560.0	119.8		106.8		480	163	0	0	420	145	60	105	180	85	540	75
899	620.0	134.9		123.5		480	177	0	0	900	141	0	0	180	94	300	74
900	680.0	135.7		126.7		660	161	0	0	1020	140	60	84	120	86	180	69
901	860.0	134.7		127.6		720	164	0	0	1200	141	0	0	480	97	180	76
902	560.0	132.0		119.2		360	175	0	0	780	145	0	0	120	122	420	74
903	800.0	123.4		111.1		780	163	0	0	960	127	0	0	180	78	480	69
904	620.0	126.1		117.1		540	157	0	0	720	137	60	114	300	89	240	73
905	540.0	127.8		118.5		420	169	0	0	780	131	0	0	180	87	240	76
906	720.0	130.5		121.5		660	168	0	0	840	135	0	0	540	91	120	71
907	820.0	118.4		105.3		840	165	0	0	540	126	120	108	180	82	780	73
908	580.0	129.7		118.5		360	185	0	0	900	134	0	0	180	89	300	75
909	840.0	124.8		111.4		840	171	0	0	720	131	120	107	180	83	660	74
910	880.0	121.1		110.5		840	156	0	0	1020	128	60	96	60	68	660	73
911	820.0	129.4		119.5		1020	160	0	0	720	131	60	118	300	90	360	74
912	680.0	122.1		112.2		360	158	0	0	900	143	60	94	360	85	360	76
913	700.0	146.5		138.7		780	178	0	0	780	145	0	0	420	111	120	75
914	460.0	129.4		121.2		360	171	0	0	480	137	0	0	420	101	120	74
915	960.0	131.8		122.5		780	170	0	0	1260	139	0	0	600	89	240	77
916	640.0	129.2		121.6		780	158	0	0	540	130	120	102	300	96	180	75
917	820.0	131.0		118.0		780	169	0	0	840	144	180	109	240	80	420	73
918	740.0	130.8		122.4		660	163	0	0	780	143	60	117	600	92	120	75
919	600.0	119.5		111.4		240	155	0	0	840	139	0	0	480	91	240	73
920	560.0	137.4		129.6		360	177	0	0	960	141	0	0	300	92	60	70
921	660.0	148.8		134.6		600	195	0	0	840	153	60	114	240	103	240	73
922	600.0	134.6		123.9		420	181	0	0	720	146	0	0	420	102	240	76
923	580.0	132.9		120.9		300	186	0	0	780	151	60	85	360	94	240	78
924	760.0	127.4		120.3		600	160	0	0	900	138	0	0	600	93	180	81
925	620.0	143.5		132.2		660	185	0	0	720	141	60	111	240	93	180	79
926	720.0	122.3		111.7		540	161	0	0	780	137	180	111	300	79	360	74
927	500.0	138.9		130.3		300	181	0	0	660	153	0	0	480	101	60	76
928	540.0	134.7		125.4		360	182	0	0	720	141	0	0	360	104	180	76
929	860.0	135.3		123.3		960	168	0	0	960	141	120	95	300	82	240	69
930	660.0	134.7		125.6		780	165	0	0	900	128	0	0	60	95	240	71
931	580.0	121.2		106.2		360	177	0	0	720	138	0	0	240	68	420	75
932	620.0	124.8		114.6		300	178	0	0	900	138	0	0	420	87	240	75
933	520.0	130.6		117.3		480	175	0	0	660	134	0	0	240	75	180	74
934	840.0	142.5		131.4		1020	171	0	0	1020	144	0	0	240	83	240	74
935	660.0	138.7		128.7		540	176	0	0	900	147	0	0	480	89	60	75
936	760.0	139.2		126.1		780	172	0	0	840	153	120	95	360	86	180	69
937	740.0	135.5		124.8		900	169	0	0	780	134	60	91	240	85	240	76
938	640.0	126.6		114.5		540	174	0	0	600	138	120	88	300	97	360	74
939	520.0	135.3		121.4		360	191	0	0	660	147	0	0	420	87	120	73
940	760.0	128.4		114.8		600	184	0	0	780	137	60	118	420	89	420	74
941	580.0	142.3		136.4		480	172	0	0	900	144	0	0	300	104	60	72
942	680.0	117.8		108.5		600	154	0	0	720	124	120	116	240	75	360	74
943	500.0	127.8		121.4		420	162	0	0	660	129	0	0	300	99	120	74
944	680.0	136.5		130.9		660	160	0	0	1020	137	0	0	240	102	120	72
945	540.0	117.4		83.4		600	158	0	0	480	127	180	90	180	24	180	77
946	700.0	123.4		116.1		600	153	0	0	900	131	60	82	300	86	240	78
947	560.0	114.1		105.5		360	151	0	0	660	129	60	104	180	80	420	75
948	480.0	124.1		116.9		420	157	0	0	660	126	0	0	240	87	120	73
949	560.0	122.2		116.1		540	142	0	0	780	129	0	0	360	78	0	0
950	840.0	108.5		104.5		840	128	0	0	1020	111	120	93	240	84	300	71
951	520.0	108.3		103.7		540	125	0	0	660	114	0	0	0	0	360	73
952	680.0	104.8		99.8		420	135	0	0	900	112	60	99	240	84	420	72
953	680.0	109.8		104.0		300	132	0	0	1080	121	240	102	300	67	120	76
954	580.0	108.6		104.9		180	134	0	0	780	122	180	108	420	86	180	78
955	680.0	108.4		105.2		240	131	0	0	1080	115	180	116	300	90	240	73
956	560.0	114.5		109.1		420	143	0	0	780	120	0	0	360	83	120	74
957	700.0	121.2		116.2		540	150	0	0	960	125	60	114	480	88	60	74
958	760.0	123.3		118.2		660	147	0	0	1200	125	0	0	180	90	240	75
959	920.0	118.4		110.7		900	144	0	0	1080	127	60	91	300	78	420	74
960	560.0	130.9		124.2		480	159	0	0	780	136	0	0	300	96	120	73
961	940.0	124.3		119.2		900	151	0	0	1320	124	0	0	420	86	180	83
962	880.0	114.8		104.0		900	150	0	0	600	133	180	96	480	77	480	71
963	620.0	120.0		109.3		360	167	0	0	720	137	0	0	240	100	540	75
964	700.0	120.9		110.5		480	161	0	0	840	137	0	0	600	80	180	75
965	660.0	121.9		114.0		660	152	0	0	720	127	0	0	240	94	360	75
966	520.0	125.7		117.4		420	156	0	0	720	134	0	0	120	94	300	76
967	800.0	132.4		123.8		900	162	0	0	900	135	0	0	480	86	120	76
968	880.0	122.8		112.4		960	149	0	0	960	133	60	103	360	68	300	76
969	780.0	125.1		116.5		780	153	0	0	960	130	120	110	60	71	420	74
970	1040.0	123.5		115.5		1440	147	0	0	900	122	180	110	360	74	240	72
971	720.0	131.8		126.0		720	154	0	0	1020	135	0	0	300	91	120	74
972	720.0	138.1		124.3		780	182	0	0	900	133	0	0	120	86	360	73
973	580.0	124.4		110.4		540	174	0	0	540	133	0	0	180	79	480	76
974	760.0	143.1		136.4		900	173	0	0	720	144	60	116	600	100	0	0
975	960.0	126.6		116.7		1200	156	0	0	900	128	120	108	120	83	540	73
976	480.0	131.0		117.8		360	175	0	0	600	144	0	0	180	98	300	72
977	700.0	111.1		100.8		540	150	0	0	600	129	120	115	240	75	600	72
978	500.0	129.3		122.3		420	149	0	0	780	138	0	0	300	79	0	0
979	860.0	114.1		105.3		840	146	0	0	720	127	240	92	120	84	660	73
980	760.0	132.0		120.2		720	175	0	0	900	134	60	89	180	97	420	75
981	640.0	131.2		122.3		660	161	0	0	720	138	60	116	420	83	60	74
982	660.0	124.8		115.4		480	160	0	0	960	134	0	0	360	80	180	72
983	660.0	130.3		122.9		600	154	0	0	1020	135	0	0	180	81	180	74
984	660.0	122.7		110.5		660	163	0	0	540	136	60	99	180	86	540	75
985	640.0	119.2		107.8		420	172	0	0	780	128	60	107	120	91	540	73
986	620.0	146.7		141.8		480	179	0	0	1020	147	0	0	360	103	0	0
987	820.0	128.9		120.6		960	156	0	0	960	130	0	0	300	81	240	76
988	640.0	127.8		114.5		600	164	0	0	720	140	60	118	120	78	420	71
989	640.0	132.1		119.5		600	176	0	0	720	137	60	114	240	85	300	74
990	520.0	127.4		117.0		480	163	0	0	480	143	0	0	360	94	240	75
991	640.0	138.7		130.7		840	165	0	0	780	132	0	0	180	89	120	72
992	840.0	129.8		118.6		960	168	0	0	780	128	180	109	240	82	360	74
993	660.0	125.4		117.5		660	152	0	0	900	129	0	0	180	77	240	75
994	860.0	131.3		118.0		960	173	0	0	780	134	120	107	540	77	180	76
995	900.0	126.8		118.6		1020	156	0	0	1020	127	60	110	240	84	360	75
996	420.0	141.3		132.6		480	168	0	0	540	143	60	90	120	87	60	73
997	1040.0	123.0		115.7		1080	148	0	0	1020	133	180	108	420	90	420	74
998	740.0	122.9		111.4		660	161	0	0	720	135	240	107	180	68	420	75
999	480.0	137.7		129.6		240	178	0	0	960	142	0	0	180	82	60	74
1000	600.0	134.3		125.1		720	157	0	0	780	137	0	0	0	0	300	73
1001	660.0	117.7		111.3		240	161	0	0	960	130	120	113	420	91	240	74
1002	740.0	135.3		128.4		600	165	0	0	1200	137	0	0	180	104	240	76
1003	480.0	117.0		107.7		360	158	0	0	480	131	0	0	360	86	240	74
1004	540.0	118.8		108.1		300	175	0	0	600	133	60	90	360	93	300	71
1005	580.0	139.9		128.9		600	181	0	0	600	141	0	0	360	102	180	75
1006	660.0	132.3		124.9		540	169	0	0	1080	130	0	0	120	101	240	76
1007	640.0	119.6		109.1		540	151	0	0	660	135	60	104	360	93	300	64
1008	720.0	132.8		123.6		900	163	0	0	780	129	60	106	180	86	240	74
1009	740.0	124.5		109.0		840	161	0	0	660	134	60	105	60	42	600	73
1010	760.0	134.0		124.5		600	178	0	0	1080	136	60	92	360	91	180	75
1011	800.0	123.0		112.7		720	163	0	0	900	127	60	111	300	90	420	71
1012	680.0	132.3		123.6		780	157	0	0	780	138	0	0	180	98	300	74
1013	480.0	129.7		119.6		180	176	0	0	780	145	0	0	240	102	240	73
1014	720.0	130.5		118.6		540	176	0	0	780	146	0	0	540	94	300	74
1015	700.0	138.5		130.4		600	178	0	0	900	141	60	106	360	99	180	84
1016	540.0	130.6		121.2		300	172	0	0	780	143	120	103	180	102	240	74
1017	680.0	113.9		105.2		420	150	0	0	900	127	60	102	240	74	420	74
1018	800.0	135.3		128.7		780	158	0	0	1200	138	0	0	180	99	240	75
1019	720.0	134.0		124.0		780	166	0	0	900	135	0	0	180	90	300	74
1020	740.0	123.6		114.7		1140	149	0	0	480	119	120	90	180	83	300	72
1021	460.0	131.2		123.2		300	167	0	0	720	138	0	0	240	96	120	71
1022	680.0	130.8		123.3		600	159	0	0	900	138	0	0	420	92	120	71
1023	1040.0	135.0		125.2		1320	163	0	0	960	139	60	114	360	95	420	75
1024	700.0	134.8		125.8		600	172	0	0	960	139	0	0	300	91	240	80
1025	640.0	125.3		113.6		480	180	0	0	660	133	0	0	420	94	360	75
1026	780.0	126.6		116.9		900	156	0	0	720	135	120	89	240	87	360	75
1027	540.0	125.5		115.8		360	165	0	0	660	139	0	0	300	100	300	74
1028	680.0	133.0		120.4		600	178	0	0	600	147	180	100	360	102	300	72
1029	700.0	134.9		126.0		600	168	0	0	900	144	60	98	360	91	180	79
1030	660.0	133.4		121.7		660	175	0	0	600	140	120	106	300	99	300	74
1031	780.0	124.8		113.8		780	164	0	0	720	132	60	112	360	87	420	74
1032	540.0	128.3		118.7		480	172	0	0	660	128	60	90	240	91	180	75
1033	940.0	123.5		114.7		600	168	0	0	1260	132	0	0	540	91	420	76
1034	860.0	136.4		119.9		1200	165	0	0	780	141	60	34	300	79	240	76
1035	500.0	140.4		129.0		420	179	0	0	540	155	0	0	360	106	180	75
1036	820.0	127.5		118.2		960	156	0	0	960	128	60	87	180	66	300	80
1037	700.0	129.0		119.9		600	170	0	0	780	132	60	118	360	101	300	75
1038	560.0	135.1		121.8		600	183	0	0	540	133	0	0	360	88	180	76
1039	820.0	132.0		122.2		660	171	0	0	960	142	120	116	480	91	240	75
1040	660.0	136.4		128.5		600	168	0	0	960	139	0	0	300	88	120	79
1041	720.0	129.9		119.4		780	160	0	0	780	139	0	0	120	83	480	78
1042	920.0	125.6		118.7		1260	144	0	0	780	134	120	95	240	94	360	74
1043	520.0	121.7		109.3		300	172	0	0	540	146	60	114	420	81	240	77
1044	720.0	142.8		129.6		840	180	0	0	900	139	0	0	180	82	240	72
1045	640.0	128.7		119.4		420	164	0	0	780	146	180	86	300	101	240	77
1046	460.0	126.7		113.4		180	178	0	0	660	150	0	0	180	95	360	74
1047	880.0	130.9		117.6		960	171	0	0	720	142	60	113	600	83	300	75
1048	700.0	147.7		138.7		780	170	0	0	1020	150	0	0	60	109	240	75
1049	760.0	150.6		137.4		780	188	0	0	1080	151	0	0	240	85	180	73
1050	460.0	127.0		111.5		300	190	0	0	600	137	0	0	60	91	420	73
1051	660.0	138.2		121.1		720	177	0	0	720	146	120	104	120	59	300	72
1052	580.0	134.9		125.4		540	176	0	0	540	142	0	0	540	100	120	75
1053	840.0	143.8		136.3		840	175	0	0	1080	145	0	0	480	104	120	74
1054	880.0	134.2		122.7		900	173	0	0	900	141	0	0	420	94	420	77
1055	460.0	129.7		114.5		300	175	0	0	600	149	0	0	60	107	420	73
1056	700.0	130.3		117.9		660	168	0	0	840	139	0	0	120	83	480	75
1057	660.0	136.8		126.1		900	169	0	0	600	132	0	0	300	85	180	78
1058	1140.0	123.6		111.9		1680	146	0	0	1020	127	120	87	240	64	360	61
1059	620.0	128.7		116.1		600	167	0	0	600	143	120	97	240	74	300	80
1060	820.0	118.1		112.5		1260	141	0	0	600	104	180	91	180	87	240	77
1061	720.0	126.6		111.1		660	179	0	0	720	134	0	0	420	79	360	71
1062	500.0	128.8		113.9		420	179	0	0	420	150	0	0	360	92	300	73
1063	880.0	129.0		119.0		840	163	0	0	1020	137	0	0	480	86	300	75
1064	780.0	140.9		134.7		1020	166	0	0	840	136	60	119	360	96	60	75
1065	880.0	130.0		118.9		1020	165	0	0	720	138	0	0	540	89	360	76
1066	1160.0	116.5		83.1		1560	132	0	0	1140	122	180	97	60	5	540	79
1067	880.0	129.2		122.4		1080	157	0	0	900	125	60	90	360	98	240	76
1068	560.0	112.0		104.0		540	145	0	0	600	116	60	88	60	73	420	73
1069	820.0	130.9		118.0		960	173	0	0	720	128	0	0	360	92	420	73
1070	740.0	134.7		127.9		540	159	0	0	1080	145	0	0	360	106	240	77
1071	880.0	121.6		99.7		780	180	0	0	900	133	0	0	600	57	360	74
1072	940.0	127.6		110.8		1020	162	0	0	1020	139	60	101	60	44	660	67
1073	660.0	134.1		125.2		780	160	0	0	720	139	0	0	180	99	300	76
1074	700.0	131.5		117.6		660	174	0	0	780	141	0	0	480	81	180	69
1075	700.0	147.2		133.8		840	184	0	0	780	147	0	0	240	90	240	76
1076	680.0	135.4		127.9		600	167	0	0	780	141	0	0	480	110	180	73
1077	840.0	134.7		126.4		840	169	0	0	1140	133	0	0	420	88	120	74
1078	880.0	136.2		128.7		960	166	0	0	1080	135	60	117	360	95	180	74
1079	540.0	120.8		112.7		480	150	0	0	480	138	60	109	240	95	360	78
1080	540.0	139.4		123.0		540	183	0	0	540	154	0	0	180	94	360	75
1081	500.0	132.7		123.5		540	162	0	0	480	142	60	90	240	103	180	74
1082	820.0	123.0		110.6		780	160	0	0	720	142	60	89	240	89	660	74
1083	580.0	127.2		119.0		300	170	0	0	780	142	60	105	480	92	120	76
1084	1000.0	140.6		131.2		1140	171	0	0	1380	137	0	0	120	91	360	75
1085	640.0	123.8		115.6		240	176	0	0	840	140	0	0	600	100	240	74
1086	760.0	136.4		125.5		720	173	0	0	1020	140	0	0	180	88	360	77
1087	780.0	136.3		125.7		840	175	0	0	1020	129	60	109	60	120	360	74
1088	780.0	135.1		128.4		900	161	0	0	900	136	0	0	420	95	120	75
1089	580.0	133.2		121.5		360	185	0	0	960	137	60	115	120	73	240	75
1090	580.0	142.7		134.9		660	178	0	0	660	137	0	0	420	96	0	0
1091	480.0	131.0		119.1		480	166	0	0	540	140	0	0	120	93	300	74
1092	760.0	146.4		131.1		780	187	0	0	780	158	0	0	300	109	420	76
1093	720.0	117.6		106.1		540	163	0	0	540	143	120	92	480	89	480	73
1094	760.0	135.6		127.3		720	168	0	0	1020	139	0	0	480	87	60	78
1095	680.0	123.8		111.9		600	163	0	0	660	139	180	99	180	81	420	73
1096	560.0	143.5		130.1		600	180	0	0	480	157	60	82	300	116	240	75
1097	780.0	121.7		110.6		600	165	0	0	900	133	60	108	240	80	540	75
1098	620.0	129.0		118.6		660	160	0	0	600	139	60	104	240	96	300	72
1099	620.0	130.4		119.3		720	160	0	0	660	136	60	108	60	73	360	74
1100	520.0	129.8		119.8		360	164	0	0	780	141	0	0	360	82	60	66
1101	640.0	124.1		110.3		480	170	0	0	600	146	120	111	240	88	480	72
1102	700.0	117.4		112.1		660	142	0	0	840	122	0	0	360	90	240	75
1103	800.0	115.6		106.4		840	144	0	0	600	136	60	88	240	76	660	78
1104	780.0	132.1		119.4		780	169	0	0	900	140	180	90	360	74	120	71
1105	780.0	128.4		120.9		780	157	0	0	900	134	0	0	420	94	240	75
1106	740.0	134.4		128.3		480	170	0	0	1260	137	0	0	420	95	60	70
1107	700.0	130.8		125.2		660	159	0	0	900	132	0	0	420	100	120	75
1108	1160.0	109.2		96.0		1500	139	0	0	900	114	120	93	120	41	840	63
1109	920.0	129.0		119.6		840	166	0	0	1080	135	0	0	540	89	300	76
1110	420.0	135.4		125.9		300	190	0	0	480	139	60	117	360	98	60	76
1111	780.0	118.9		110.3		420	152	0	0	960	138	0	0	420	100	540	74
1112	480.0	133.2		128.0		360	170	0	0	600	137	0	0	480	101	0	0
1113	720.0	127.8		115.4		780	163	0	0	720	136	60	109	60	76	540	74
1114	680.0	138.6		124.4		720	183	0	0	780	139	0	0	300	83	240	74
1115	640.0	126.9		116.5		420	160	0	0	900	142	0	0	240	93	360	73
1116	760.0	119.1		107.9		600	154	0	0	900	133	60	119	60	91	660	71
1117	760.0	125.5		107.5		780	162	0	0	900	134	60	111	360	54	180	73
1118	520.0	137.8		129.4		540	166	0	0	720	140	0	0	0	0	300	82
1119	720.0	130.7		117.8		600	167	0	0	780	150	120	105	120	100	540	75
1120	520.0	130.8		117.5		480	178	0	0	480	140	0	0	240	102	360	75
1121	340.0	121.5		112.2		180	177	0	0	360	136	0	0	300	98	180	76
1122	680.0	132.8		123.4		660	170	0	0	840	134	0	0	300	93	240	76
1123	700.0	131.7		121.2		720	164	0	0	840	138	0	0	120	86	420	77
1124	700.0	121.3		108.9		540	166	0	0	720	136	120	112	120	83	600	73
1125	600.0	129.1		116.9		540	172	0	0	600	139	120	115	120	83	420	77
1126	820.0	137.8		125.0		960	176	0	0	900	136	0	0	300	87	300	72
1127	820.0	134.6		122.1		1080	164	0	0	660	144	120	111	0	0	600	76
1128	960.0	128.9		116.8		960	169	0	0	1080	132	0	0	180	102	660	73
1129	800.0	136.8		124.7		720	179	0	0	960	142	60	118	240	102	420	75
1130	840.0	125.1		113.3		840	164	0	0	840	132	60	112	180	90	600	73
1131	720.0	130.6		118.0		660	165	0	0	900	141	60	116	0	0	540	73
1132	600.0	132.7		128.3		420	164	0	0	840	136	0	0	480	107	60	74
1133	720.0	123.7		80.9		660	181	0	0	720	140	0	0	240	22	540	77
1134	480.0	140.0		128.6		300	183	0	0	780	150	0	0	240	85	120	78
1135	940.0	126.9		114.0		840	167	0	0	1140	136	60	92	300	75	480	72
1136	720.0	145.2		135.5		600	191	0	0	960	147	0	0	540	99	60	74
1137	600.0	142.0		128.6		540	190	0	0	720	147	0	0	360	94	180	74
1138	460.0	144.4		135.3		420	181	0	0	540	153	0	0	360	98	60	89
1139	840.0	139.3		128.4		900	178	0	0	900	140	0	0	480	98	240	74
1140	640.0	120.9		109.9		420	158	0	0	840	137	60	105	300	75	300	73
1141	600.0	133.6		115.7		660	179	0	0	480	150	0	0	240	80	420	74
1142	620.0	132.9		118.1		660	176	0	0	540	145	0	0	240	83	420	78
1143	460.0	121.8		106.5		240	180	0	0	540	146	60	108	120	71	420	74
1144	360.0	126.8		111.9		120	199	0	0	480	153	0	0	180	97	300	74
1145	460.0	127.6		115.7		420	171	0	0	480	135	0	0	180	94	300	75
1146	760.0	126.3		115.5		840	165	0	0	720	126	180	91	180	89	360	73
1147	600.0	125.5		114.2		480	168	0	0	540	142	180	108	180	98	420	75
1148	420.0	127.8		115.6		240	188	0	0	540	140	0	0	300	90	180	74
1149	580.0	136.9		130.0		480	178	0	0	660	138	0	0	540	106	60	74
1150	660.0	140.2		133.4		480	178	0	0	960	144	0	0	420	106	120	79
1151	600.0	134.3		121.5		480	186	0	0	780	138	0	0	300	90	240	74
1152	720.0	153.4		142.2		720	194	0	0	840	157	0	0	480	106	120	75
1153	640.0	127.5		118.7		360	167	0	0	840	143	0	0	480	97	240	75
1154	420.0	130.4		112.8		360	193	0	0	300	148	120	103	180	90	300	73
1155	680.0	137.7		128.5		540	181	0	0	840	142	0	0	480	105	180	75
1156	540.0	125.3		114.1		480	167	0	0	540	136	60	100	240	87	300	75
1157	600.0	134.9		121.2		600	171	0	0	660	145	0	0	120	115	420	73
1158	1000.0	127.9		120.4		1200	156	0	0	1080	125	60	91	300	98	360	74
1159	680.0	131.9		120.1		480	190	0	0	900	135	60	101	360	90	240	75
1160	660.0	144.6		135.7		660	184	0	0	780	145	0	0	540	96	0	0
1161	500.0	146.3		136.1		300	183	0	0	780	157	0	0	240	119	180	75
1162	740.0	141.7		128.6		900	171	0	0	600	160	180	93	300	104	240	70
1163	600.0	144.2		135.6		480	191	0	0	840	143	0	0	420	103	60	74
1164	560.0	127.8		120.6		180	176	0	0	780	144	0	0	540	106	180	75
1165	600.0	137.3		123.1		480	173	0	0	720	158	0	0	240	99	360	74
1166	640.0	139.8		129.5		540	178	0	0	840	148	0	0	360	93	180	80
1167	520.0	132.3		118.3		540	177	0	0	540	133	60	92	60	121	360	73
1168	480.0	129.6		120.4		240	181	0	0	540	149	0	0	540	99	120	77
1169	580.0	119.1		103.7		360	174	0	0	540	148	60	103	60	98	720	73
1170	640.0	137.8		125.1		720	174	0	0	720	141	0	0	360	80	120	75
1171	340.0	126.5		114.0		180	181	0	0	420	146	60	102	120	90	240	76
1172	520.0	142.0		129.3		840	172	0	0	360	129	60	108	60	110	240	73
1173	860.0	133.4		121.9		660	178	0	0	1200	140	0	0	420	87	300	74
1174	480.0	143.8		134.6		420	181	0	0	660	147	0	0	240	103	120	77
1175	620.0	123.6		106.4		540	172	0	0	540	147	60	106	120	73	600	71
1176	540.0	137.7		126.3		540	185	0	0	660	129	0	0	180	110	240	76
1177	380.0	129.3		113.1		240	192	0	0	420	147	60	119	60	90	360	75
1178	580.0	129.6		112.5		540	182	0	0	540	143	0	0	240	75	420	76
1179	340.0	130.2		121.5		180	162	0	0	540	143	0	0	120	108	180	75
1180	700.0	121.4		67.9		780	175	0	0	360	136	180	92	60	5	720	73
1181	740.0	142.4		131.0		660	183	0	0	960	147	0	0	360	101	240	74
1182	500.0	133.9		121.8		300	185	0	0	660	148	0	0	300	99	240	75
1183	480.0	144.9		134.8		480	175	0	0	660	149	0	0	120	105	180	76
1184	560.0	123.4		111.5		300	179	0	0	840	134	0	0	120	72	420	77
1185	280.0	131.9		119.2		300	177	0	0	240	122	0	0	120	126	180	74
1186	640.0	132.0		118.4		780	174	0	0	540	129	60	100	240	83	300	74
1187	580.0	137.7		125.5		540	184	0	0	660	141	0	0	240	98	300	79
1188	600.0	136.2		123.5		600	171	0	0	720	145	60	106	240	75	180	77
1189	700.0	123.2		108.7		480	172	0	0	900	134	0	0	180	111	540	66
1190	500.0	133.5		119.9		480	169	0	0	600	145	60	92	60	73	300	74
1191	340.0	150.4		131.9		360	201	0	0	360	155	0	0	120	96	180	76
1192	480.0	133.2		121.5		300	184	0	0	540	151	0	0	420	99	180	75
1193	440.0	138.6		126.5		360	180	0	0	600	147	0	0	120	94	240	78
1194	660.0	123.8		106.4		600	185	0	0	480	136	120	93	120	74	660	74
1195	560.0	141.6		128.1		480	191	0	0	720	146	0	0	240	94	240	77
1196	620.0	134.3		122.7		540	171	0	0	720	147	60	99	60	122	480	80
1197	760.0	143.1		123.9		660	201	0	0	900	150	0	0	120	119	600	74
1198	560.0	138.2		123.4		540	171	0	0	660	154	120	100	240	70	120	78
1199	480.0	132.9		117.6		480	184	0	0	420	138	60	97	120	102	360	75
1200	460.0	149.7		138.0		180	194	0	0	720	170	0	0	360	112	120	74
1201	540.0	148.6		137.7		480	197	0	0	780	144	0	0	240	103	120	76
1202	680.0	125.6		113.3		480	170	0	0	900	138	0	0	120	88	540	74
1203	380.0	130.2		120.7		240	178	0	0	420	144	60	104	300	100	120	75
1204	320.0	132.2		115.5		180	193	0	0	420	153	0	0	120	79	240	77
1205	600.0	121.5		109.6		360	177	0	0	660	138	0	0	360	90	420	75
1206	380.0	146.1		130.9		240	207	0	0	660	149	0	0	0	0	240	77
1207	560.0	144.0		129.3		480	180	0	0	780	157	0	0	240	84	180	72
1208	480.0	136.9		118.9		420	188	0	0	360	160	60	92	180	131	420	75
1209	420.0	130.0		121.3		60	193	0	0	660	151	0	0	360	108	180	76
1210	540.0	126.8		113.4		420	168	0	0	480	155	60	111	300	88	360	76
1211	940.0	127.6		114.0		900	167	0	0	900	142	60	119	300	90	660	72
1212	560.0	128.6		110.5		420	190	0	0	600	145	0	0	60	70	600	75
1213	560.0	97.9		89.0		360	155	0	0	240	114	120	93	120	81	840	72
1214	460.0	142.6		131.4		300	192	0	0	720	149	0	0	240	95	120	76
1215	360.0	125.0		105.4		240	196	0	0	360	143	0	0	60	118	420	70
1216	600.0	131.2		119.5		300	179	0	0	720	155	60	101	420	100	300	76
1217	440.0	151.5		139.2		360	190	0	0	660	159	0	0	180	99	120	74
1218	280.0	140.3		128.7		120	227	0	0	420	146	0	0	240	103	60	76
1219	540.0	118.8		105.9		300	183	0	0	660	132	0	0	180	83	480	74
1220	380.0	138.8		120.8		360	203	0	0	300	144	0	0	240	99	240	76
1221	520.0	143.5		130.7		540	187	0	0	720	138	0	0	120	82	180	76
1222	340.0	135.5		126.4		120	206	0	0	480	148	0	0	360	106	60	71
1223	440.0	142.8		132.4		480	172	0	0	600	145	0	0	120	76	120	82
1224	640.0	127.0		110.2		600	178	0	0	480	147	60	113	120	90	660	74
1225	380.0	127.7		119.3		120	162	0	0	600	143	0	0	240	115	180	71
1226	540.0	146.0		129.2		540	201	0	0	600	144	0	0	240	100	240	73
1227	520.0	149.5		138.4		540	185	0	0	660	153	60	110	240	88	60	78
1228	480.0	142.1		131.3		540	173	0	0	600	143	60	87	60	114	180	74
1229	620.0	129.0		117.9		720	169	0	0	600	122	60	92	180	98	300	73
1230	360.0	134.4		125.7		120	178	0	0	480	159	0	0	420	102	60	77
1231	640.0	126.3		113.4		720	165	0	0	480	138	120	89	180	87	420	74
1232	340.0	119.8		105.0		180	185	0	0	240	159	120	101	180	93	300	73
1233	360.0	117.4		109.1		180	156	0	0	420	137	60	96	180	97	240	75
1234	400.0	131.6		118.2		420	171	0	0	420	139	0	0	180	79	180	75
1235	400.0	127.2		112.6		60	183	0	0	660	157	0	0	120	95	360	74
1236	480.0	117.3		103.8		120	214	0	0	600	143	0	0	180	94	540	75
1237	380.0	144.6		125.8		300	202	0	0	420	164	0	0	120	95	300	80
1238	380.0	149.5		135.6		360	198	0	0	420	152	0	0	240	111	120	72
1239	400.0	127.7		114.6		300	177	0	0	540	135	0	0	60	83	300	74
1240	360.0	111.5		97.6		180	169	0	0	300	150	0	0	0	0	600	75
1241	640.0	125.3		114.6		480	167	0	0	720	137	180	96	120	112	420	74
1242	540.0	127.3		115.5		420	167	0	0	660	139	0	0	120	110	420	74
1243	400.0	128.7		116.9		120	199	0	0	600	148	0	0	240	98	240	76
1244	360.0	134.9		123.5		300	177	0	0	480	141	0	0	180	89	120	74
1245	420.0	140.6		126.7		420	185	0	0	360	154	0	0	300	101	180	76
1246	620.0	121.4		107.5		720	159	0	0	300	149	180	99	180	76	480	73
1247	380.0	130.0		119.1		120	198	0	0	540	148	0	0	300	104	180	74
1248	200.0	126.9		106.5		120	203	0	0	180	159	60	90	0	0	240	74
1249	500.0	139.0		118.0		360	185	0	0	600	169	0	0	240	76	300	74
1250	500.0	142.5		124.9		540	188	0	0	420	159	60	85	120	102	360	78
1251	380.0	132.9		119.7		180	202	0	0	420	150	60	89	300	113	180	72
1252	320.0	140.2		127.0		240	196	0	0	480	140	0	0	60	111	180	76
1253	740.0	141.2		124.7		840	189	0	0	720	141	60	99	120	90	480	76
1254	440.0	124.2		109.9		300	167	0	0	540	145	0	0	0	0	480	74
1255	400.0	131.2		117.6		120	193	0	0	540	159	0	0	300	102	240	74
1256	320.0	152.0		136.2		120	224	0	0	600	164	0	0	60	110	180	78
1257	520.0	124.6		105.8		420	203	60	113	240	142	180	90	240	89	420	73
1258	320.0	128.9		116.1		120	173	0	0	480	153	0	0	120	94	240	76
1259	300.0	151.8		135.0		180	214	0	0	420	169	0	0	240	94	60	76
1260	260.0	139.4		119.0		120	220	0	0	300	172	0	0	120	98	240	79
1261	500.0	135.6		119.6		540	182	0	0	480	139	60	114	0	0	420	75
1262	440.0	152.8		141.0		420	206	0	0	420	153	0	0	420	110	60	79
1263	380.0	123.1		107.2		180	190	0	0	480	146	0	0	0	0	480	75
1264	300.0	145.3		136.2		240	186	0	0	420	149	0	0	180	106	60	75
1265	340.0	124.0		109.1		240	186	0	0	360	136	0	0	60	98	360	75
1266	700.0	111.9		97.4		360	178	0	0	600	144	0	0	60	77	1080	74
1267	240.0	134.8		119.6		120	194	0	0	300	161	0	0	240	87	60	77
1268	520.0	112.3		101.3		240	161	0	0	600	137	0	0	360	75	360	76
1269	280.0	127.5		112.9		120	183	0	0	420	148	0	0	120	85	180	71
1270	380.0	120.4		108.2		120	181	0	0	540	143	0	0	60	106	420	76
1271	340.0	113.4		102.9		60	158	0	0	480	143	0	0	180	87	300	73
1272	440.0	108.9		99.4		240	157	0	0	360	136	0	0	240	86	480	76
1273	280.0	144.2		120.4		300	196	0	0	240	166	0	0	0	0	300	75
1274	500.0	142.4		125.2		360	185	0	0	660	164	0	0	60	108	420	77
1275	540.0	123.7		108.0		420	190	0	0	420	137	60	97	180	90	540	76
1276	640.0	137.0		125.6		540	182	0	0	780	142	0	0	300	104	300	76
1277	640.0	142.6		130.7		780	172	0	0	780	144	0	0	0	0	360	76
1278	540.0	123.2		114.0		300	165	0	0	660	140	0	0	300	100	360	77
1279	540.0	135.3		122.6		360	194	0	0	720	139	120	115	120	111	300	74
1280	400.0	144.5		136.9		120	218	0	0	600	159	0	0	480	108	0	0
1281	280.0	140.3		128.4		120	194	0	0	480	154	0	0	120	92	120	80
1282	460.0	117.7		105.8		420	157	0	0	360	137	120	86	60	102	420	73
1283	440.0	121.7		112.4		420	162	0	0	360	126	120	94	120	107	300	77
1284	640.0	132.2		117.2		540	181	0	0	720	145	0	0	180	85	480	76
1285	380.0	137.6		124.2		420	176	0	0	480	136	0	0	120	74	120	73
1286	500.0	141.8		124.5		480	201	0	0	480	145	0	0	240	98	300	77
1287	340.0	140.0		117.0		300	215	0	0	360	141	0	0	60	99	300	72
1288	500.0	123.1		111.7		420	166	0	0	540	133	120	90	60	94	360	74
1289	300.0	128.7		114.5		180	192	0	0	300	149	0	0	240	97	180	74
1290	280.0	133.4		127.6		0	0	0	0	360	158	0	0	420	121	60	72
1291	240.0	124.3		112.3		120	187	0	0	300	139	0	0	120	99	180	75
1292	380.0	134.4		121.3		180	184	0	0	540	154	0	0	180	105	240	75
1293	240.0	141.8		126.4		120	221	0	0	300	156	0	0	180	109	120	76
1294	420.0	128.0		112.3		180	204	0	0	420	156	0	0	300	108	360	74
1295	340.0	110.5		96.8		120	174	0	0	240	165	120	89	180	85	360	73
1296	280.0	139.5		130.4		120	187	0	0	420	157	0	0	300	96	0	0
1297	360.0	116.9		104.4		180	171	0	0	360	145	0	0	240	89	300	73
1298	400.0	110.4		99.0		180	176	0	0	360	136	120	91	60	82	480	75
1299	520.0	128.7		117.6		420	166	0	0	600	143	180	92	120	93	240	73
1300	300.0	126.4		110.3		240	182	0	0	240	148	0	0	120	103	300	74
1301	460.0	147.2		133.3		240	196	0	0	840	157	0	0	120	94	180	72
1302	280.0	126.6		114.8		180	192	0	0	240	132	0	0	240	111	180	75
1303	400.0	135.8		120.4		360	172	0	0	420	156	0	0	60	136	360	76
1304	240.0	135.6		120.7		60	226	0	0	300	165	60	118	180	104	120	73
1305	360.0	113.6		99.6		240	180	0	0	300	130	0	0	0	0	540	75
1306	500.0	132.9		118.1		300	180	0	0	720	150	60	100	120	76	300	74
1307	440.0	122.6		109.8		300	172	0	0	480	140	60	99	60	93	420	75
1308	320.0	113.4		104.8		60	185	0	0	420	136	60	116	180	82	240	79
1309	220.0	128.1		107.3		60	213	0	0	240	174	0	0	120	108	240	71
1310	320.0	117.0		106.4		60	157	0	0	480	145	0	0	120	90	300	75
1311	480.0	123.7		109.7		540	168	0	0	300	131	60	117	60	84	480	75
1312	500.0	124.7		111.6		360	181	0	0	540	135	60	93	120	99	420	75
1313	420.0	146.6		134.7		420	187	0	0	480	151	0	0	240	103	120	75
1314	320.0	135.0		123.3		120	216	0	0	420	150	60	106	240	105	120	76
1315	580.0	104.9		95.4		300	145	0	0	480	137	60	100	60	84	840	74
1316	500.0	127.1		110.8		300	188	0	0	660	143	0	0	60	80	480	73
1317	260.0	113.9		103.8		180	169	0	0	120	134	60	90	180	104	240	76
1318	300.0	119.9		104.6		120	188	0	0	360	148	0	0	60	90	360	74
1319	280.0	136.5		117.4		180	194	0	0	360	158	0	0	60	85	240	74
1320	320.0	137.2		123.6		120	213	0	0	480	153	0	0	180	106	180	76
1321	340.0	133.5		121.0		180	179	0	0	420	158	0	0	180	102	240	80
1322	380.0	133.0		121.3		240	184	0	0	540	142	0	0	180	97	180	74
1323	360.0	122.7		109.8		180	175	0	0	420	147	0	0	180	95	300	74
1324	440.0	123.5		114.7		360	155	0	0	600	132	60	93	0	0	300	75
1325	440.0	122.2		106.3		300	187	0	0	420	136	0	0	180	104	420	70
1326	540.0	132.4		119.2		540	178	0	0	540	133	60	115	120	108	360	74
1327	280.0	103.7		94.7		60	135	0	0	300	139	120	95	0	0	360	72
1328	400.0	135.9		129.4		180	175	0	0	780	141	0	0	120	102	120	78
1329	360.0	140.6		129.7		240	177	0	0	480	158	0	0	240	101	120	77
1330	360.0	127.4		113.5		120	191	0	0	600	146	0	0	120	78	240	74
1331	280.0	136.9		118.2		120	196	0	0	360	170	0	0	120	102	240	75
1332	420.0	141.8		129.5		240	188	0	0	780	148	0	0	60	77	180	75
1333	320.0	126.6		112.6		180	187	0	0	420	141	0	0	60	103	300	75
1334	420.0	128.8		114.4		300	168	0	0	360	163	120	109	180	103	300	72
1335	420.0	123.8		110.6		180	185	0	0	600	142	0	0	120	90	360	74
1336	300.0	102.1		88.6		180	181	0	0	60	150	60	92	120	89	480	71
1337	220.0	132.1		115.5		120	199	0	0	240	155	60	119	60	91	180	75
1338	280.0	124.2		112.8		120	183	0	0	360	142	60	104	120	99	180	73
1339	300.0	123.1		108.5		120	206	0	0	360	144	0	0	120	95	300	76
1340	300.0	134.1		120.3		120	216	0	0	480	145	0	0	120	96	180	76
1341	140.0	88.9		83.6		0	0	0	0	60	150	0	0	120	90	240	73
1342	220.0	109.5		98.3		180	156	0	0	120	134	120	90	0	0	240	72
1343	400.0	113.4		99.2		300	173	0	0	300	132	60	87	0	0	540	73
1344	280.0	119.2		105.8		180	188	0	0	240	130	60	89	120	102	240	73
1345	420.0	119.2		107.4		480	152	0	0	300	136	60	90	120	81	300	71
1346	300.0	136.5		124.3		180	180	0	0	420	153	0	0	180	96	120	74
1347	200.0	103.2		96.1		0	0	0	0	120	150	0	0	240	109	240	74
1348	240.0	121.2		112.9		240	142	0	0	180	142	60	114	60	121	180	75
1349	280.0	137.9		125.5		240	176	0	0	420	143	0	0	60	80	120	73
1350	380.0	128.8		114.7		420	171	0	0	240	140	60	112	120	107	300	73
1351	260.0	90.5		84.4		0	0	0	0	180	139	60	93	0	0	540	74
1352	220.0	130.9		120.8		180	167	0	0	240	143	60	114	60	103	120	75
1353	240.0	115.9		103.5		120	168	0	0	300	137	0	0	0	0	300	74
1354	400.0	128.1		117.4		240	166	0	0	600	142	0	0	120	89	240	75
1355	160.0	115.0		106.9		60	163	0	0	120	143	0	0	180	107	120	75
1356	280.0	122.6		106.6		120	210	0	0	300	147	0	0	180	87	240	75
1357	400.0	134.0		121.0		300	178	0	0	480	148	0	0	180	103	240	74
1358	360.0	129.1		112.9		120	205	0	0	600	147	0	0	60	63	300	76
1359	500.0	126.4		114.5		480	164	0	0	540	136	0	0	180	86	300	73
1360	260.0	137.9		121.7		120	212	0	0	360	155	0	0	120	107	180	75
1361	400.0	123.2		115.5		180	147	0	0	720	136	0	0	60	95	240	74
1362	420.0	137.0		123.0		360	190	0	0	540	138	0	0	120	97	240	75
1363	300.0	142.4		125.9		300	196	0	0	360	140	0	0	120	83	120	75
1364	380.0	104.6		94.8		240	158	0	0	240	122	120	105	0	0	540	73
1365	320.0	118.2		106.6		240	169	0	0	360	126	0	0	60	89	300	74
1366	260.0	107.5		98.5		60	175	0	0	180	148	120	91	180	100	240	74
1367	440.0	109.1		96.0		240	175	0	0	360	134	60	93	0	0	660	73
1368	200.0	123.9		108.6		60	190	0	0	240	161	0	0	120	87	180	77
1369	260.0	110.1		101.0		60	159	0	0	360	135	0	0	0	0	360	77
1370	360.0	121.6		110.4		480	154	0	0	240	125	60	87	0	0	300	74
1371	280.0	133.4		119.9		240	176	0	0	360	142	0	0	60	89	180	74
1372	200.0	140.3		131.3		60	177	0	0	300	166	0	0	240	99	0	0
1373	500.0	120.5		105.9		420	175	0	0	420	134	180	86	120	86	360	70
1374	380.0	134.5		121.2		420	181	0	0	240	141	60	115	240	93	180	79
1375	480.0	135.6		120.0		600	170	0	0	420	147	60	88	0	0	360	73
1376	340.0	108.5		95.6		180	172	0	0	240	142	60	94	0	0	540	74
1377	320.0	108.2		96.9		180	142	0	0	300	143	60	87	60	77	360	71
1378	80.0	91.2		83.8		0	0	0	0	60	141	0	0	60	86	120	69
1379	300.0	130.6		115.7		180	174	0	0	360	158	60	88	120	91	180	73
1380	300.0	137.3		129.9		120	180	0	0	480	150	0	0	240	106	60	75
1381	260.0	124.5		116.5		120	173	0	0	420	132	0	0	120	100	120	74
1382	320.0	109.8		98.8		180	158	0	0	240	144	60	90	120	83	360	75
1383	160.0	126.8		120.5		0	0	0	0	300	144	0	0	120	110	60	74
1384	380.0	113.5		97.0		300	176	0	0	120	175	180	86	120	72	420	75
1385	80.0	134.0		116.7		60	201	0	0	60	150	0	0	60	112	60	73
1386	340.0	128.5		111.1		240	166	0	0	360	165	60	87	0	0	360	74
1387	240.0	129.6		117.3		180	177	0	0	240	146	60	90	120	101	120	74
1388	420.0	108.3		96.0		180	157	0	0	360	147	60	94	60	107	600	72
1389	320.0	115.8		94.7		180	224	0	0	180	147	0	0	0	0	600	74
1390	120.0	108.7		97.7		60	165	0	0	60	161	0	0	120	85	120	78
1391	300.0	116.3		104.7		240	159	0	0	240	138	60	101	60	80	300	75
1392	240.0	126.2		110.3		120	216	0	0	300	136	0	0	60	99	240	76
1393	420.0	123.9		108.1		300	175	0	0	360	154	0	0	180	97	420	73
1394	280.0	114.7		101.2		240	172	0	0	180	127	0	0	60	87	360	75
1395	220.0	116.5		106.8		60	159	0	0	360	136	0	0	60	87	180	73
1396	220.0	122.5		113.6		180	163	0	0	240	127	60	93	60	109	120	74
1397	300.0	96.1		89.2		120	140	0	0	240	124	0	0	0	0	540	74
1398	280.0	101.2		94.2		60	160	0	0	240	134	60	85	180	82	300	78
1399	260.0	116.4		101.1		0	0	0	0	360	163	0	0	60	85	360	75
1400	300.0	121.7		108.1		180	190	0	0	240	144	0	0	240	94	240	76
1401	180.0	117.6		105.9		60	160	0	0	300	137	0	0	0	0	180	71
1402	340.0	126.1		116.7		240	161	0	0	300	148	60	110	240	107	180	74
1403	280.0	118.6		104.2		120	206	0	0	300	137	0	0	120	97	300	74
1404	160.0	114.8		101.3		0	0	0	0	180	169	0	0	120	90	180	77
1405	240.0	109.2		98.6		60	193	0	0	240	138	0	0	60	104	360	77
1406	380.0	97.9		89.8		120	171	0	0	240	126	60	93	180	88	540	73
1407	320.0	103.5		93.2		120	173	0	0	300	125	60	107	60	74	420	72
1408	260.0	118.8		106.7		60	124	0	0	360	156	0	0	120	94	240	74
1409	300.0	96.9		88.4		60	160	0	0	300	121	120	104	120	58	300	73
1410	240.0	109.6		98.2		60	154	0	0	240	150	60	111	0	0	360	75
1411	360.0	124.2		110.8		300	176	0	0	360	133	60	101	60	81	300	75
1412	220.0	142.0		132.0		120	209	0	0	300	144	0	0	180	116	60	76
1413	240.0	128.7		114.6		60	208	0	0	360	154	0	0	120	89	180	78
1414	260.0	143.6		132.7		180	191	0	0	240	162	0	0	300	115	60	71
1415	400.0	119.0		108.9		240	161	0	0	420	141	120	90	180	91	240	74
1416	260.0	99.5		88.6		180	169	0	0	120	81	120	94	60	61	300	75
1417	240.0	102.8		93.9		60	172	0	0	180	137	60	113	240	79	180	74
1418	340.0	119.0		109.0		240	160	0	0	360	136	60	91	120	86	240	76
1419	380.0	107.6		98.3		240	146	0	0	300	137	60	91	180	78	360	75
1420	260.0	104.2		94.8		60	152	0	0	300	136	0	0	120	79	300	73
1421	220.0	94.5		88.7		60	147	0	0	120	125	60	110	0	0	420	76
1422	220.0	100.1		90.7		0	0	0	0	180	155	120	96	0	0	360	74
1423	380.0	114.9		101.3		240	171	0	0	360	137	0	0	60	93	480	73
1424	280.0	112.6		102.1		180	161	0	0	180	143	0	0	240	92	240	74
1425	300.0	110.0		99.5		60	185	0	0	360	139	0	0	60	99	420	76
1426	160.0	126.5		112.4		60	181	0	0	240	150	0	0	0	0	180	77
1427	220.0	108.9		100.4		60	121	0	0	240	147	0	0	180	88	180	75
1428	280.0	97.4		90.8		60	150	0	0	240	127	120	95	60	72	360	74
1429	300.0	129.8		117.9		300	172	0	0	240	141	60	107	180	88	120	76
1430	220.0	110.0		99.8		0	0	0	0	300	145	0	0	60	110	300	75
1431	260.0	95.8		88.2		60	144	0	0	120	152	60	114	60	75	480	76
1432	220.0	139.5		120.1		180	207	0	0	300	139	0	0	0	0	180	73
1433	380.0	123.3		108.9		360	162	0	0	300	151	60	91	0	0	420	75
1434	300.0	106.3		96.6		0	0	0	0	300	148	120	89	120	119	360	73
1435	280.0	112.5		97.5		180	169	0	0	180	154	60	94	180	72	240	74
1436	200.0	137.2		121.0		240	183	0	0	120	150	60	96	120	85	60	74
1437	340.0	136.3		119.7		300	192	0	0	420	138	0	0	60	103	240	72
1438	240.0	118.8		107.3		60	205	0	0	300	139	0	0	120	113	240	75
1439	260.0	123.8		99.6		240	177	0	0	240	144	0	0	60	42	240	71
1440	360.0	96.9		89.2		60	144	0	0	300	138	60	90	60	71	600	75
1441	180.0	105.1		98.8		0	0	0	0	240	134	0	0	180	86	120	76
1442	220.0	106.7		92.4		120	169	0	0	120	159	0	0	0	0	420	74
1443	120.0	116.7		102.0		0	0	0	0	120	183	0	0	120	85	120	82
1444	160.0	124.8		112.2		60	172	0	0	240	148	0	0	0	0	180	78
1445	240.0	144.2		131.1		180	189	0	0	360	150	60	116	0	0	120	74
1446	260.0	104.7		92.8		120	175	0	0	120	153	120	90	0	0	420	75
1447	100.0	115.8		109.4		0	0	0	0	180	137	0	0	120	84	0	0
1448	160.0	132.0		115.5		120	174	0	0	120	174	0	0	120	108	120	72
1449	200.0	119.0		100.0		120	190	0	0	180	150	0	0	0	0	300	72
1450	300.0	115.9		94.3		180	215	0	0	60	109	60	87	60	223	540	75
1451	80.0	99.2		92.6		0	0	0	0	60	141	0	0	60	106	120	75
1452	320.0	112.8		97.7		180	193	0	0	240	129	60	87	60	118	420	72
1453	240.0	95.9		89.6		60	156	0	0	120	135	120	96	60	77	360	76
1454	240.0	124.3		114.1		60	138	0	0	300	158	0	0	180	112	180	76
1455	200.0	93.3		86.7		0	0	0	0	60	171	0	0	120	115	420	76
1456	180.0	105.7		93.2		60	198	0	0	120	140	60	103	0	0	300	74
1457	280.0	137.1		120.8		360	181	0	0	180	143	0	0	0	0	300	81
1458	280.0	122.6		102.2		240	199	0	0	180	134	0	0	60	69	360	75
1459	140.0	108.1		94.6		60	174	0	0	60	183	0	0	60	92	240	77
1460	180.0	131.9		109.2		60	219	0	0	240	168	0	0	0	0	240	74
1461	100.0	99.0		92.4		0	0	0	0	120	132	0	0	0	0	180	77
1462	260.0	115.8		100.4		120	178	0	0	240	154	0	0	120	84	300	73
1463	220.0	110.4		94.6		60	230	0	0	180	148	120	88	120	68	180	76
1464	200.0	96.7		89.1		60	151	0	0	60	144	120	114	0	0	360	74
1465	160.0	118.1		108.6		60	170	0	0	120	153	0	0	120	113	180	81
1466	240.0	97.6		90.5		60	130	0	0	180	139	120	90	0	0	360	74
1467	280.0	76.8		75.4		0	0	0	0	60	122	0	0	60	77	720	73
1468	140.0	97.0		91.4		60	137	0	0	60	137	0	0	120	87	180	77
1469	220.0	114.9		106.0		180	142	0	0	180	142	0	0	60	104	240	77
1470	120.0	123.7		111.7		120	153	0	0	120	143	0	0	0	0	120	75
1471	260.0	88.5		80.9		60	183	0	0	60	154	0	0	0	0	660	74
1472	240.0	108.2		94.9		120	193	0	0	120	137	60	106	0	0	420	76
1473	160.0	114.5		98.9		60	174	0	0	120	174	0	0	180	82	120	74
1474	280.0	88.5		83.6		60	159	0	0	180	102	60	117	0	0	540	73
1475	160.0	97.9		87.2		60	198	0	0	60	129	0	0	0	0	360	76
1476	280.0	109.8		98.7		180	166	0	0	180	131	0	0	120	101	360	74
1477	240.0	86.5		82.3		0	0	0	0	180	116	60	114	0	0	480	72
1478	180.0	127.4		118.0		120	157	0	0	300	137	0	0	0	0	120	74
1479	160.0	83.1		80.1		0	0	0	0	60	122	60	97	60	61	300	77
1480	300.0	131.7		116.1		300	160	0	0	300	160	0	0	0	0	300	75
1481	140.0	141.7		122.2		60	244	0	0	240	149	0	0	0	0	120	76
1482	140.0	97.0		90.1		0	0	0	0	120	135	0	0	60	113	240	74
1483	300.0	96.4		86.8		60	149	0	0	120	179	180	92	60	79	480	73
1484	200.0	131.1		123.5		0	0	0	0	420	149	0	0	120	96	60	76
1485	60.0	91.0		85.6		0	0	0	0	0	0	0	0	60	125	120	74
1486	200.0	109.4		101.4		180	139	0	0	120	139	60	83	0	0	240	79
1487	120.0	124.3		117.8		180	138	0	0	60	152	0	0	60	102	60	78
1488	320.0	104.3		94.9		120	135	0	0	240	150	180	95	60	82	360	72
1489	140.0	90.9		86.0		60	128	0	0	60	128	0	0	0	0	300	76
1490	240.0	117.3		108.5		240	138	0	0	240	138	0	0	120	78	120	74
1491	280.0	89.3		82.5		60	157	0	0	60	175	120	89	0	0	600	74
1492	140.0	141.9		135.5		0	0	0	0	300	159	0	0	120	99	0	0
1493	180.0	92.3		86.6		0	0	0	0	120	141	60	91	120	81	240	74
1494	100.0	106.0		92.6		60	182	0	0	60	126	0	0	0	0	180	74
1495	220.0	138.6		119.8		180	180	0	0	300	155	0	0	0	0	180	70
1496	200.0	90.6		81.8		60	184	0	0	60	138	0	0	0	0	480	73
1497	260.0	91.8		87.1		60	115	0	0	120	133	0	0	120	106	480	75
1498	240.0	110.5		99.3		180	164	0	0	120	137	120	90	0	0	300	76
1499	240.0	110.2		96.4		120	179	0	0	180	144	60	88	0	0	360	74
